2456026.627966  15.646880 1.000000 
2456026.648400  15.646170 1.000000 
2456026.668835  15.645806 1.000000 
2456026.689269  15.646096 1.000000 
2456026.709703  15.644837 1.000000 
2456026.730138  15.645834 1.000000 
2456026.750572  15.646750 1.000000 
2456026.771007  15.645524 1.000000 
2456026.791441  15.646086 1.000000 
2456026.811875  15.645298 1.000000 
2456026.832310  15.645454 1.000000 
2456026.852744  15.644857 1.000000 
2456026.873179  15.645298 1.000000 
2456026.893613  15.645612 1.000000 
2456026.934482  15.645689 1.000000 
2456026.954916  15.644627 1.000000 
2456026.975350  15.644356 1.000000 
2456027.016219  15.645631 1.000000 
2456027.036654  15.644952 1.000000 
2456027.057088  15.645008 1.000000 
2456027.077522  15.644328 1.000000 
2456027.097957  15.644994 1.000000 
2456027.118391  15.644024 1.000000 
2456027.138825  15.643645 1.000000 
2456027.159260  15.645541 1.000000 
2456027.179694  15.644331 1.000000 
2456027.200128  15.645438 1.000000 
2456027.220563  15.644463 1.000000 
2456027.240997  15.643389 1.000000 
2456027.261432  15.644275 1.000000 
2456027.281866  15.644978 1.000000 
2456027.302300  15.644657 1.000000 
2456027.322735  15.644474 1.000000 
2456027.343169  15.649263 1.000000 
2456027.363604  15.663189 1.000000 
2456027.384038  15.664496 1.000000 
2456027.404472  15.665940 1.000000 
2456027.424907  15.665083 1.000000 
2456027.445341  15.660089 1.000000 
2456027.465775  15.645429 1.000000 
2456027.486210  15.644263 1.000000 
2456027.506644  15.643379 1.000000 
2456027.527079  15.644916 1.000000 
2456027.547513  15.644181 1.000000 
2456027.567947  15.644547 1.000000 
2456027.588382  15.643761 1.000000 
2456027.608816  15.643965 1.000000 
2456027.629250  15.643288 1.000000 
2456027.649685  15.645464 1.000000 
2456027.670119  15.644555 1.000000 
2456027.690554  15.644200 1.000000 
2456027.710988  15.643061 1.000000 
2456027.731422  15.645221 1.000000 
2456027.751857  15.645457 1.000000 
2456027.772291  15.644740 1.000000 
2456027.792726  15.643483 1.000000 
2456027.813160  15.644688 1.000000 
2456027.833594  15.643692 1.000000 
2456027.854029  15.643484 1.000000 
2456027.874463  15.644086 1.000000 
2456027.894898  15.644758 1.000000 
2456027.915332  15.643802 1.000000 
2456027.935766  15.643829 1.000000 
2456027.956201  15.645554 1.000000 
2456027.976635  15.644881 1.000000 
2456027.997069  15.645045 1.000000 
2456028.017504  15.644980 1.000000 
2456028.037938  15.644494 1.000000 
2456028.058373  15.645356 1.000000 
2456028.078807  15.644902 1.000000 
2456028.099241  15.645410 1.000000 
2456028.119676  15.645410 1.000000 
2456028.140110  15.645372 1.000000 
2456028.160545  15.645412 1.000000 
