2456057.341005  15.649338 1.000000 
2456057.361440  15.648457 1.000000 
2456057.381874  15.649660 1.000000 
2456057.402309  15.649103 1.000000 
2456057.422744  15.649726 1.000000 
2456057.443178  15.649990 1.000000 
2456057.463613  15.649554 1.000000 
2456057.484047  15.650145 1.000000 
2456057.504482  15.649617 1.000000 
2456057.524916  15.649642 1.000000 
2456057.545351  15.649152 1.000000 
2456057.565786  15.649246 1.000000 
2456057.586220  15.648793 1.000000 
2456057.606655  15.648126 1.000000 
2456057.627089  15.649229 1.000000 
2456057.647524  15.650128 1.000000 
2456057.667958  15.648941 1.000000 
2456057.688393  15.647353 1.000000 
2456057.708828  15.649420 1.000000 
2456057.729262  15.649221 1.000000 
2456057.749697  15.649571 1.000000 
2456057.770131  15.648565 1.000000 
2456057.790566  15.647757 1.000000 
2456057.811000  15.649103 1.000000 
2456057.831435  15.648249 1.000000 
2456057.851870  15.648604 1.000000 
2456057.872304  15.648984 1.000000 
2456057.892739  15.648792 1.000000 
2456057.913173  15.649140 1.000000 
2456057.933608  15.648570 1.000000 
2456057.954042  15.648336 1.000000 
2456057.974477  15.647455 1.000000 
2456057.994912  15.649325 1.000000 
2456058.015346  15.647989 1.000000 
2456058.035781  15.651324 1.000000 
2456058.056215  15.665205 1.000000 
2456058.076650  15.669729 1.000000 
2456058.097084  15.668175 1.000000 
2456058.117519  15.668793 1.000000 
2456058.137954  15.663872 1.000000 
2456058.158388  15.649814 1.000000 
2456058.178823  15.647710 1.000000 
2456058.199257  15.646509 1.000000 
2456058.219692  15.646936 1.000000 
2456058.240126  15.647219 1.000000 
2456058.260561  15.647494 1.000000 
2456058.280996  15.646590 1.000000 
2456058.301430  15.647179 1.000000 
2456058.321865  15.646472 1.000000 
2456058.342299  15.646422 1.000000 
2456058.362734  15.646569 1.000000 
2456058.383168  15.646206 1.000000 
2456058.403603  15.646369 1.000000 
2456058.424038  15.646425 1.000000 
2456058.444472  15.646276 1.000000 
2456058.464907  15.647487 1.000000 
2456058.485341  15.646664 1.000000 
2456058.505776  15.647335 1.000000 
2456058.526210  15.646721 1.000000 
2456058.546645  15.645833 1.000000 
2456058.567080  15.646151 1.000000 
2456058.587514  15.645286 1.000000 
2456058.607949  15.646227 1.000000 
2456058.628383  15.646242 1.000000 
2456058.648818  15.645171 1.000000 
2456058.669252  15.646345 1.000000 
2456058.689687  15.646430 1.000000 
2456058.710121  15.646317 1.000000 
2456058.730556  15.645477 1.000000 
2456058.750991  15.645445 1.000000 
2456058.771425  15.644656 1.000000 
2456058.791860  15.644956 1.000000 
2456058.812294  15.643960 1.000000 
2456058.832729  15.646086 1.000000 
2456058.853164  15.645487 1.000000 
