2455627.620328  15.665281 1.000000 
2455627.640762  15.666123 1.000000 
2455627.661196  15.665236 1.000000 
2455627.681630  15.666510 1.000000 
2455627.702064  15.665704 1.000000 
2455627.722498  15.665216 1.000000 
2455627.742932  15.665133 1.000000 
2455627.763366  15.666454 1.000000 
2455627.783800  15.665533 1.000000 
2455627.804234  15.665424 1.000000 
2455627.824668  15.664814 1.000000 
2455627.845102  15.665504 1.000000 
2455627.865536  15.666473 1.000000 
2455627.885970  15.665015 1.000000 
2455627.906404  15.666869 1.000000 
2455627.926838  15.667161 1.000000 
2455627.947272  15.665438 1.000000 
2455627.967706  15.666796 1.000000 
2455627.988140  15.667059 1.000000 
2455628.008574  15.665984 1.000000 
2455628.029008  15.667617 1.000000 
2455628.049442  15.667392 1.000000 
2455628.069876  15.667221 1.000000 
2455628.090310  15.667385 1.000000 
2455628.110744  15.667484 1.000000 
2455628.131179  15.668417 1.000000 
2455628.151612  15.666372 1.000000 
2455628.172046  15.667370 1.000000 
2455628.192481  15.667768 1.000000 
2455628.212914  15.667025 1.000000 
2455628.233349  15.669050 1.000000 
2455628.253783  15.668122 1.000000 
2455628.274217  15.667988 1.000000 
2455628.294651  15.668353 1.000000 
2455628.315085  15.668424 1.000000 
2455628.335519  15.686151 1.000000 
2455628.355953  15.691740 1.000000 
2455628.376387  15.692852 1.000000 
2455628.396821  15.692589 1.000000 
2455628.417255  15.689409 1.000000 
2455628.437689  15.675707 1.000000 
2455628.458123  15.668826 1.000000 
2455628.478557  15.670928 1.000000 
2455628.498991  15.670243 1.000000 
2455628.519425  15.670699 1.000000 
2455628.539859  15.672379 1.000000 
2455628.560293  15.670456 1.000000 
2455628.580727  15.669435 1.000000 
2455628.601161  15.670444 1.000000 
2455628.621595  15.671059 1.000000 
2455628.642029  15.671684 1.000000 
2455628.662463  15.670659 1.000000 
2455628.682897  15.671166 1.000000 
2455628.703331  15.671571 1.000000 
2455628.723765  15.671687 1.000000 
2455628.764634  15.672778 1.000000 
2455628.785068  15.671998 1.000000 
2455628.805502  15.671693 1.000000 
2455628.825936  15.672564 1.000000 
2455628.846370  15.671851 1.000000 
2455628.866804  15.672461 1.000000 
2455628.887238  15.674025 1.000000 
2455628.907672  15.673322 1.000000 
2455628.928106  15.672514 1.000000 
2455628.948540  15.673700 1.000000 
2455628.968974  15.673311 1.000000 
2455628.989408  15.673036 1.000000 
2455629.009842  15.673621 1.000000 
2455629.030276  15.673016 1.000000 
2455629.050710  15.673759 1.000000 
2455629.071144  15.673196 1.000000 
2455629.091578  15.674201 1.000000 
2455629.112012  15.673068 1.000000 
2455629.132446  15.674242 1.000000 
2455629.152880  15.673832 1.000000 
