2455197.901959  15.699018 1.000000 
2455197.922392  15.699119 1.000000 
2455197.942825  15.698099 1.000000 
2455197.963258  15.699736 1.000000 
2455197.983691  15.699850 1.000000 
2455198.004124  15.699696 1.000000 
2455198.024558  15.700792 1.000000 
2455198.044990  15.700200 1.000000 
2455198.065423  15.699268 1.000000 
2455198.085857  15.699699 1.000000 
2455198.106290  15.700143 1.000000 
2455198.126723  15.699963 1.000000 
2455198.147156  15.701588 1.000000 
2455198.167589  15.699718 1.000000 
2455198.188022  15.700922 1.000000 
2455198.208455  15.701427 1.000000 
2455198.228888  15.701576 1.000000 
2455198.249321  15.700532 1.000000 
2455198.269754  15.700923 1.000000 
2455198.290187  15.700274 1.000000 
2455198.310620  15.698812 1.000000 
2455198.331053  15.700172 1.000000 
2455198.351486  15.701972 1.000000 
2455198.371919  15.700527 1.000000 
2455198.392352  15.700314 1.000000 
2455198.412785  15.701163 1.000000 
2455198.433218  15.701208 1.000000 
2455198.453651  15.700931 1.000000 
2455198.474084  15.701450 1.000000 
2455198.494517  15.701656 1.000000 
2455198.514950  15.700931 1.000000 
2455198.535383  15.701273 1.000000 
2455198.555816  15.701636 1.000000 
2455198.576249  15.700831 1.000000 
2455198.596682  15.702456 1.000000 
2455198.617115  15.715109 1.000000 
2455198.637549  15.722573 1.000000 
2455198.657982  15.725977 1.000000 
2455198.678414  15.725050 1.000000 
2455198.698848  15.722415 1.000000 
2455198.719281  15.710287 1.000000 
2455198.739714  15.703673 1.000000 
2455198.760147  15.702484 1.000000 
2455198.780580  15.702715 1.000000 
2455198.801013  15.702374 1.000000 
2455198.821446  15.702868 1.000000 
2455198.841879  15.701507 1.000000 
2455198.862312  15.703367 1.000000 
2455198.882745  15.702277 1.000000 
2455198.903178  15.702549 1.000000 
2455198.923611  15.702547 1.000000 
2455198.944044  15.702356 1.000000 
2455198.964477  15.703105 1.000000 
2455198.984910  15.702999 1.000000 
2455199.005343  15.701746 1.000000 
2455199.025776  15.703147 1.000000 
2455199.046209  15.700842 1.000000 
2455199.066642  15.702966 1.000000 
2455199.087075  15.701466 1.000000 
2455199.107509  15.702251 1.000000 
2455199.127941  15.702566 1.000000 
2455199.148375  15.702001 1.000000 
2455199.168808  15.701529 1.000000 
2455199.189241  15.702508 1.000000 
2455199.209674  15.702325 1.000000 
2455199.230107  15.701205 1.000000 
2455199.250540  15.702527 1.000000 
2455199.270973  15.703289 1.000000 
2455199.291406  15.700426 1.000000 
2455199.311839  15.702340 1.000000 
2455199.332272  15.701645 1.000000 
2455199.352705  15.702158 1.000000 
2455199.373138  15.702031 1.000000 
2455199.393571  15.702007 1.000000 
2455199.414004  15.703094 1.000000 
2455199.434437  15.700967 1.000000 
