2455842.463714  15.661032 1.000000 
2455842.484147  15.662411 1.000000 
2455842.504579  15.661913 1.000000 
2455842.525012  15.661943 1.000000 
2455842.545445  15.663828 1.000000 
2455842.565878  15.662592 1.000000 
2455842.586311  15.663436 1.000000 
2455842.606744  15.663366 1.000000 
2455842.627176  15.663742 1.000000 
2455842.647610  15.664016 1.000000 
2455842.668042  15.663929 1.000000 
2455842.688475  15.663829 1.000000 
2455842.708908  15.665444 1.000000 
2455842.729341  15.665364 1.000000 
2455842.749774  15.665228 1.000000 
2455842.770207  15.665727 1.000000 
2455842.790640  15.666903 1.000000 
2455842.811072  15.665323 1.000000 
2455842.831505  15.665888 1.000000 
2455842.851938  15.666208 1.000000 
2455842.872371  15.667787 1.000000 
2455842.892804  15.668334 1.000000 
2455842.913237  15.668338 1.000000 
2455842.933670  15.667497 1.000000 
2455842.954102  15.667415 1.000000 
2455843.015401  15.668478 1.000000 
2455843.035834  15.668883 1.000000 
2455843.056267  15.668882 1.000000 
2455843.076699  15.670661 1.000000 
2455843.097132  15.669307 1.000000 
2455843.117565  15.669941 1.000000 
2455843.137998  15.669743 1.000000 
2455843.178864  15.674089 1.000000 
2455843.199297  15.688813 1.000000 
2455843.219729  15.691628 1.000000 
2455843.240162  15.693422 1.000000 
2455843.260595  15.691842 1.000000 
2455843.281028  15.688817 1.000000 
2455843.301461  15.673107 1.000000 
2455843.321894  15.672875 1.000000 
2455843.342326  15.672875 1.000000 
2455843.362759  15.673004 1.000000 
2455843.383192  15.673460 1.000000 
2455843.403625  15.672212 1.000000 
2455843.424058  15.672482 1.000000 
2455843.444491  15.672731 1.000000 
2455843.464924  15.672896 1.000000 
2455843.485356  15.671920 1.000000 
2455843.505789  15.672873 1.000000 
2455843.526222  15.673076 1.000000 
2455843.546655  15.673121 1.000000 
2455843.567088  15.674329 1.000000 
2455843.587521  15.673327 1.000000 
2455843.607954  15.673536 1.000000 
2455843.628386  15.673999 1.000000 
2455843.648819  15.674595 1.000000 
2455843.669252  15.673985 1.000000 
2455843.689685  15.674676 1.000000 
2455843.710118  15.673824 1.000000 
2455843.730551  15.673545 1.000000 
2455843.750984  15.673604 1.000000 
2455843.771416  15.673271 1.000000 
2455843.791849  15.673883 1.000000 
2455843.812282  15.673549 1.000000 
2455843.832715  15.674333 1.000000 
2455843.853148  15.674151 1.000000 
2455843.873581  15.673054 1.000000 
2455843.894014  15.673841 1.000000 
2455843.914446  15.674232 1.000000 
2455843.934879  15.674288 1.000000 
2455843.955312  15.672937 1.000000 
2455843.975745  15.672843 1.000000 
2455843.996178  15.673468 1.000000 
