2455934.553837  15.653153 1.000000 
2455934.574270  15.653732 1.000000 
2455934.594703  15.655110 1.000000 
2455934.615136  15.654853 1.000000 
2455934.635569  15.654685 1.000000 
2455934.656001  15.654012 1.000000 
2455934.676434  15.654139 1.000000 
2455934.696867  15.654974 1.000000 
2455934.717300  15.654651 1.000000 
2455934.737733  15.656079 1.000000 
2455934.758166  15.655637 1.000000 
2455934.778599  15.655546 1.000000 
2455934.799032  15.655508 1.000000 
2455934.819465  15.655599 1.000000 
2455934.839898  15.655168 1.000000 
2455934.860331  15.655196 1.000000 
2455934.880764  15.655794 1.000000 
2455934.901197  15.656637 1.000000 
2455934.921630  15.656610 1.000000 
2455934.942063  15.656463 1.000000 
2455934.962495  15.655438 1.000000 
2455934.982928  15.655749 1.000000 
2455935.003361  15.656233 1.000000 
2455935.023794  15.656664 1.000000 
2455935.044227  15.656904 1.000000 
2455935.064660  15.656717 1.000000 
2455935.085093  15.656534 1.000000 
2455935.105526  15.656662 1.000000 
2455935.125959  15.657249 1.000000 
2455935.146392  15.657759 1.000000 
2455935.166825  15.657758 1.000000 
2455935.187258  15.657485 1.000000 
2455935.207691  15.657954 1.000000 
2455935.228124  15.657584 1.000000 
2455935.248557  15.657342 1.000000 
2455935.268990  15.667742 1.000000 
2455935.289422  15.679978 1.000000 
2455935.309855  15.681521 1.000000 
2455935.330289  15.682819 1.000000 
2455935.350721  15.680569 1.000000 
2455935.371154  15.669611 1.000000 
2455935.391587  15.659366 1.000000 
2455935.412020  15.659811 1.000000 
2455935.432453  15.660564 1.000000 
2455935.452886  15.658839 1.000000 
2455935.575484  15.659983 1.000000 
2455935.595917  15.661111 1.000000 
2455935.616350  15.660779 1.000000 
2455935.636783  15.660174 1.000000 
2455935.657216  15.662101 1.000000 
2455935.677649  15.661509 1.000000 
2455935.698081  15.662359 1.000000 
2455935.718515  15.661097 1.000000 
2455935.738947  15.662272 1.000000 
2455935.759380  15.662555 1.000000 
2455935.779813  15.662980 1.000000 
2455935.800246  15.663927 1.000000 
2455935.820679  15.664612 1.000000 
2455935.841112  15.663379 1.000000 
2455935.861545  15.663566 1.000000 
2455935.881978  15.664457 1.000000 
2455935.902411  15.664060 1.000000 
2455935.922844  15.664788 1.000000 
2455935.943277  15.664542 1.000000 
2455935.984143  15.665025 1.000000 
2455936.004576  15.663859 1.000000 
2455936.025009  15.665458 1.000000 
2455936.045442  15.665963 1.000000 
2455936.065875  15.664985 1.000000 
2455936.086308  15.664914 1.000000 
