2455965.244460  15.655465 1.000000 
2455965.264894  15.654779 1.000000 
2455965.285327  15.655540 1.000000 
2455965.305761  15.655995 1.000000 
2455965.326194  15.654954 1.000000 
2455965.346627  15.654698 1.000000 
2455965.367061  15.655133 1.000000 
2455965.387494  15.654746 1.000000 
2455965.407928  15.654347 1.000000 
2455965.428361  15.654521 1.000000 
2455965.448795  15.654949 1.000000 
2455965.469228  15.654006 1.000000 
2455965.489662  15.654463 1.000000 
2455965.510095  15.655436 1.000000 
2455965.530528  15.654543 1.000000 
2455965.550962  15.654499 1.000000 
2455965.571395  15.654008 1.000000 
2455965.591829  15.653665 1.000000 
2455965.612262  15.654649 1.000000 
2455965.632696  15.653821 1.000000 
2455965.653129  15.654758 1.000000 
2455965.673562  15.654146 1.000000 
2455965.693996  15.653909 1.000000 
2455965.714429  15.654671 1.000000 
2455965.734863  15.653839 1.000000 
2455965.755296  15.654181 1.000000 
2455965.775730  15.654186 1.000000 
2455965.796163  15.654291 1.000000 
2455965.816597  15.653036 1.000000 
2455965.837030  15.653703 1.000000 
2455965.857463  15.653099 1.000000 
2455965.877897  15.652850 1.000000 
2455965.898330  15.653689 1.000000 
2455965.918764  15.653337 1.000000 
2455965.939197  15.653460 1.000000 
2455965.959631  15.660734 1.000000 
2455965.980064  15.675724 1.000000 
2455966.000497  15.676124 1.000000 
2455966.020931  15.677463 1.000000 
2455966.041364  15.674017 1.000000 
2455966.061798  15.668748 1.000000 
2455966.082231  15.654112 1.000000 
2455966.102665  15.652309 1.000000 
2455966.123098  15.652299 1.000000 
2455966.143532  15.652917 1.000000 
2455966.163965  15.652494 1.000000 
2455966.184398  15.654223 1.000000 
2455966.204832  15.654292 1.000000 
2455966.225265  15.654927 1.000000 
2455966.245699  15.654757 1.000000 
2455966.266132  15.653877 1.000000 
2455966.286566  15.653794 1.000000 
2455966.306999  15.652571 1.000000 
2455966.327433  15.653103 1.000000 
2455966.347866  15.652689 1.000000 
2455966.368299  15.654158 1.000000 
2455966.388733  15.653956 1.000000 
2455966.409166  15.654733 1.000000 
2455966.429600  15.653942 1.000000 
2455966.450033  15.653856 1.000000 
2455966.470467  15.653991 1.000000 
2455966.490900  15.652249 1.000000 
2455966.511334  15.652256 1.000000 
2455966.531767  15.653079 1.000000 
2455966.552201  15.652060 1.000000 
2455966.572634  15.652833 1.000000 
2455966.593067  15.652543 1.000000 
2455966.613501  15.652744 1.000000 
2455966.633934  15.653141 1.000000 
2455966.654368  15.652945 1.000000 
2455966.674801  15.652034 1.000000 
2455966.695235  15.653512 1.000000 
2455966.715668  15.651720 1.000000 
2455966.736102  15.653188 1.000000 
2455966.756535  15.653248 1.000000 
2455966.776969  15.651198 1.000000 
