2455689.005148  15.663741 1.000000 
2455689.025583  15.663290 1.000000 
2455689.046017  15.662151 1.000000 
2455689.066452  15.663207 1.000000 
2455689.086887  15.662821 1.000000 
2455689.107321  15.663119 1.000000 
2455689.127756  15.662331 1.000000 
2455689.148190  15.661575 1.000000 
2455689.168625  15.663242 1.000000 
2455689.189059  15.662040 1.000000 
2455689.209494  15.662644 1.000000 
2455689.229929  15.662619 1.000000 
2455689.250363  15.661716 1.000000 
2455689.270798  15.662566 1.000000 
2455689.291232  15.661637 1.000000 
2455689.311667  15.661967 1.000000 
2455689.332101  15.660717 1.000000 
2455689.352536  15.662071 1.000000 
2455689.372971  15.661854 1.000000 
2455689.393405  15.661748 1.000000 
2455689.413840  15.661446 1.000000 
2455689.434274  15.661635 1.000000 
2455689.454709  15.660973 1.000000 
2455689.475144  15.660958 1.000000 
2455689.495578  15.661408 1.000000 
2455689.516013  15.661080 1.000000 
2455689.536447  15.661382 1.000000 
2455689.556882  15.661819 1.000000 
2455689.577316  15.661079 1.000000 
2455689.597751  15.661397 1.000000 
2455689.618186  15.660800 1.000000 
2455689.638620  15.659144 1.000000 
2455689.659055  15.661651 1.000000 
2455689.679489  15.661393 1.000000 
2455689.699924  15.661765 1.000000 
2455689.720358  15.674371 1.000000 
2455689.740793  15.682670 1.000000 
2455689.761228  15.682960 1.000000 
2455689.781662  15.682848 1.000000 
2455689.802097  15.680422 1.000000 
2455689.822531  15.669767 1.000000 
2455689.842966  15.662223 1.000000 
2455689.863400  15.663210 1.000000 
2455689.904270  15.661735 1.000000 
2455689.924704  15.662173 1.000000 
2455689.945139  15.663646 1.000000 
2455689.965573  15.663848 1.000000 
2455689.986008  15.663102 1.000000 
2455690.006442  15.662431 1.000000 
2455690.026877  15.662660 1.000000 
2455690.047312  15.662647 1.000000 
2455690.067746  15.662922 1.000000 
2455690.088181  15.664150 1.000000 
2455690.108615  15.664223 1.000000 
2455690.129050  15.662844 1.000000 
2455690.149484  15.663390 1.000000 
2455690.169919  15.664083 1.000000 
2455690.190354  15.664284 1.000000 
2455690.210788  15.663047 1.000000 
2455690.231223  15.664188 1.000000 
2455690.251657  15.664623 1.000000 
2455690.272092  15.663892 1.000000 
2455690.292526  15.665383 1.000000 
2455690.312961  15.663020 1.000000 
2455690.333396  15.664767 1.000000 
2455690.353830  15.665205 1.000000 
2455690.374265  15.665200 1.000000 
2455690.394699  15.664369 1.000000 
2455690.415134  15.665221 1.000000 
2455690.435568  15.665741 1.000000 
2455690.456003  15.664764 1.000000 
2455690.476438  15.666494 1.000000 
2455690.496872  15.664380 1.000000 
2455690.517307  15.665024 1.000000 
2455690.537741  15.665232 1.000000 
