2455658.312509  15.663153 1.000000 
2455658.332944  15.662439 1.000000 
2455658.353378  15.662385 1.000000 
2455658.373812  15.661711 1.000000 
2455658.394247  15.662230 1.000000 
2455658.414681  15.662252 1.000000 
2455658.435116  15.662658 1.000000 
2455658.455550  15.662542 1.000000 
2455658.475985  15.662788 1.000000 
2455658.496419  15.662405 1.000000 
2455658.516853  15.662708 1.000000 
2455658.537288  15.660752 1.000000 
2455658.578157  15.662474 1.000000 
2455658.598591  15.662717 1.000000 
2455658.619026  15.663631 1.000000 
2455658.639460  15.662816 1.000000 
2455658.659894  15.662549 1.000000 
2455658.680329  15.662193 1.000000 
2455658.700763  15.663438 1.000000 
2455658.721198  15.663091 1.000000 
2455658.741632  15.662001 1.000000 
2455658.762066  15.663235 1.000000 
2455658.782501  15.662650 1.000000 
2455658.802935  15.662640 1.000000 
2455658.823370  15.662731 1.000000 
2455658.843804  15.662272 1.000000 
2455658.864238  15.662726 1.000000 
2455658.884673  15.662793 1.000000 
2455658.905107  15.661916 1.000000 
2455658.925542  15.663284 1.000000 
2455658.945976  15.662874 1.000000 
2455658.966410  15.662882 1.000000 
2455658.986845  15.662745 1.000000 
2455659.007279  15.663054 1.000000 
2455659.027714  15.677644 1.000000 
2455659.048148  15.683571 1.000000 
2455659.068583  15.685601 1.000000 
2455659.089017  15.685540 1.000000 
2455659.109451  15.682074 1.000000 
2455659.129886  15.669461 1.000000 
2455659.150320  15.663451 1.000000 
2455659.170755  15.663817 1.000000 
2455659.191189  15.663023 1.000000 
2455659.211624  15.664574 1.000000 
2455659.232058  15.662924 1.000000 
2455659.252492  15.663604 1.000000 
2455659.272927  15.663079 1.000000 
2455659.293361  15.664368 1.000000 
2455659.313796  15.662652 1.000000 
2455659.334230  15.664023 1.000000 
2455659.354664  15.663213 1.000000 
2455659.375099  15.663816 1.000000 
2455659.395533  15.662599 1.000000 
2455659.415968  15.663661 1.000000 
2455659.436402  15.664380 1.000000 
2455659.456837  15.663229 1.000000 
2455659.477271  15.665293 1.000000 
2455659.497706  15.664386 1.000000 
2455659.518140  15.664821 1.000000 
2455659.538574  15.665005 1.000000 
2455659.559009  15.664751 1.000000 
2455659.579443  15.664357 1.000000 
2455659.599877  15.664224 1.000000 
2455659.620312  15.665295 1.000000 
2455659.640746  15.664122 1.000000 
2455659.661181  15.664991 1.000000 
2455659.681615  15.664241 1.000000 
2455659.702050  15.665776 1.000000 
2455659.722484  15.664267 1.000000 
2455659.742919  15.664695 1.000000 
2455659.763353  15.666107 1.000000 
2455659.783787  15.666304 1.000000 
2455659.804222  15.664565 1.000000 
2455659.824656  15.665896 1.000000 
2455659.845091  15.665802 1.000000 
