2455504.837855  15.680048 1.000000 
2455504.858288  15.679658 1.000000 
2455504.878720  15.678391 1.000000 
2455504.899153  15.678650 1.000000 
2455504.919585  15.679751 1.000000 
2455504.940018  15.679360 1.000000 
2455504.960451  15.680453 1.000000 
2455504.980883  15.680792 1.000000 
2455505.001316  15.678424 1.000000 
2455505.021748  15.679923 1.000000 
2455505.042181  15.679777 1.000000 
2455505.062613  15.677792 1.000000 
2455505.083046  15.679391 1.000000 
2455505.103479  15.679404 1.000000 
2455505.123911  15.679287 1.000000 
2455505.144344  15.679450 1.000000 
2455505.185209  15.680382 1.000000 
2455505.205642  15.679159 1.000000 
2455505.226074  15.679195 1.000000 
2455505.246507  15.679318 1.000000 
2455505.266940  15.678901 1.000000 
2455505.287372  15.680583 1.000000 
2455505.307805  15.679009 1.000000 
2455505.328237  15.679221 1.000000 
2455505.348670  15.678371 1.000000 
2455505.369102  15.679007 1.000000 
2455505.389535  15.678864 1.000000 
2455505.409968  15.679381 1.000000 
2455505.430400  15.679601 1.000000 
2455505.450833  15.679163 1.000000 
2455505.471265  15.678952 1.000000 
2455505.491698  15.679092 1.000000 
2455505.512131  15.679560 1.000000 
2455505.532563  15.678792 1.000000 
2455505.552996  15.689441 1.000000 
2455505.573428  15.698630 1.000000 
2455505.593861  15.700013 1.000000 
2455505.614294  15.700449 1.000000 
2455505.634726  15.698612 1.000000 
2455505.655159  15.689422 1.000000 
2455505.675592  15.677943 1.000000 
2455505.696024  15.679476 1.000000 
2455505.716457  15.678199 1.000000 
2455505.736889  15.677907 1.000000 
2455505.757322  15.678267 1.000000 
2455505.777755  15.678138 1.000000 
2455505.798187  15.678364 1.000000 
2455505.818620  15.677824 1.000000 
2455505.839052  15.678004 1.000000 
2455505.859485  15.678544 1.000000 
2455505.879918  15.678737 1.000000 
2455505.900350  15.677640 1.000000 
2455505.920783  15.678204 1.000000 
2455505.941215  15.676816 1.000000 
2455505.961648  15.675177 1.000000 
2455505.982080  15.677842 1.000000 
2455506.002513  15.676148 1.000000 
2455506.022946  15.678046 1.000000 
2455506.043378  15.677765 1.000000 
2455506.063811  15.675578 1.000000 
2455506.084243  15.677287 1.000000 
2455506.104676  15.677431 1.000000 
2455506.125109  15.677415 1.000000 
2455506.145541  15.677121 1.000000 
2455506.165974  15.677650 1.000000 
2455506.186406  15.676813 1.000000 
2455506.206839  15.676528 1.000000 
2455506.227272  15.676702 1.000000 
2455506.247704  15.676704 1.000000 
2455506.268137  15.676692 1.000000 
2455506.288569  15.676604 1.000000 
2455506.309002  15.676161 1.000000 
2455506.329435  15.676504 1.000000 
2455506.349867  15.676569 1.000000 
2455506.370300  15.676931 1.000000 
