2456088.033719  15.647192 1.000000 
2456088.054154  15.646416 1.000000 
2456088.074588  15.646779 1.000000 
2456088.095023  15.646633 1.000000 
2456088.115457  15.645959 1.000000 
2456088.135892  15.646906 1.000000 
2456088.156326  15.646166 1.000000 
2456088.176761  15.645691 1.000000 
2456088.197195  15.646548 1.000000 
2456088.217630  15.646321 1.000000 
2456088.238065  15.647177 1.000000 
2456088.258499  15.645948 1.000000 
2456088.278933  15.645566 1.000000 
2456088.299368  15.646259 1.000000 
2456088.319802  15.646184 1.000000 
2456088.340237  15.646472 1.000000 
2456088.360672  15.646371 1.000000 
2456088.381106  15.645909 1.000000 
2456088.401541  15.646146 1.000000 
2456088.421975  15.646571 1.000000 
2456088.442410  15.646823 1.000000 
2456088.462844  15.645828 1.000000 
2456088.483279  15.646487 1.000000 
2456088.503713  15.646680 1.000000 
2456088.524148  15.647222 1.000000 
2456088.544582  15.646898 1.000000 
2456088.565017  15.647059 1.000000 
2456088.585451  15.647027 1.000000 
2456088.605886  15.646768 1.000000 
2456088.626320  15.645799 1.000000 
2456088.646755  15.647274 1.000000 
2456088.667189  15.646125 1.000000 
2456088.687624  15.646224 1.000000 
2456088.708058  15.646293 1.000000 
2456088.728493  15.649586 1.000000 
2456088.748927  15.664199 1.000000 
2456088.769362  15.668070 1.000000 
2456088.789796  15.667710 1.000000 
2456088.810231  15.666398 1.000000 
2456088.830665  15.663794 1.000000 
2456088.851100  15.647974 1.000000 
2456088.871534  15.646881 1.000000 
2456088.891969  15.646360 1.000000 
2456088.912403  15.645672 1.000000 
2456088.932838  15.645794 1.000000 
2456088.953273  15.645799 1.000000 
2456088.973707  15.645821 1.000000 
2456088.994141  15.645231 1.000000 
2456089.014576  15.645417 1.000000 
2456089.035011  15.645333 1.000000 
2456089.055445  15.646261 1.000000 
2456089.075880  15.645650 1.000000 
2456089.096314  15.645127 1.000000 
2456089.116749  15.646339 1.000000 
2456089.137183  15.645135 1.000000 
2456089.157618  15.643759 1.000000 
2456089.178052  15.645500 1.000000 
2456089.198487  15.645504 1.000000 
2456089.218921  15.645495 1.000000 
2456089.239356  15.645320 1.000000 
2456089.259790  15.644439 1.000000 
2456089.280225  15.644487 1.000000 
2456089.300659  15.645190 1.000000 
2456089.321094  15.645816 1.000000 
2456089.341528  15.644882 1.000000 
2456089.361963  15.644396 1.000000 
2456089.382397  15.644839 1.000000 
2456089.402832  15.644826 1.000000 
2456089.423266  15.644890 1.000000 
2456089.443701  15.645026 1.000000 
2456089.464135  15.644897 1.000000 
2456089.484570  15.644210 1.000000 
2456089.505004  15.643484 1.000000 
2456089.525439  15.643936 1.000000 
2456089.545873  15.643478 1.000000 
