2455873.174090  15.663804 1.000000 
2455873.194523  15.664304 1.000000 
2455873.214955  15.664867 1.000000 
2455873.235388  15.664560 1.000000 
2455873.255820  15.663601 1.000000 
2455873.276253  15.666158 1.000000 
2455873.296686  15.665587 1.000000 
2455873.317118  15.667712 1.000000 
2455873.337551  15.666524 1.000000 
2455873.357983  15.666892 1.000000 
2455873.378416  15.667938 1.000000 
2455873.398849  15.667444 1.000000 
2455873.419281  15.668236 1.000000 
2455873.439714  15.668372 1.000000 
2455873.460146  15.668177 1.000000 
2455873.480579  15.668707 1.000000 
2455873.501012  15.669565 1.000000 
2455873.521444  15.668991 1.000000 
2455873.541877  15.668627 1.000000 
2455873.562309  15.670000 1.000000 
2455873.582742  15.669675 1.000000 
2455873.603175  15.670823 1.000000 
2455873.623607  15.668725 1.000000 
2455873.644040  15.670163 1.000000 
2455873.664472  15.670490 1.000000 
2455873.684905  15.671220 1.000000 
2455873.705338  15.671016 1.000000 
2455873.725770  15.670739 1.000000 
2455873.746203  15.671919 1.000000 
2455873.766636  15.672661 1.000000 
2455873.787068  15.671049 1.000000 
2455873.807501  15.672565 1.000000 
2455873.827934  15.672544 1.000000 
2455873.848366  15.673376 1.000000 
2455873.868799  15.673107 1.000000 
2455873.889231  15.689990 1.000000 
2455873.909664  15.693168 1.000000 
2455873.930097  15.694929 1.000000 
2455873.950529  15.693946 1.000000 
2455873.970962  15.693270 1.000000 
2455873.991394  15.678825 1.000000 
2455874.011827  15.674842 1.000000 
2455874.032260  15.675061 1.000000 
2455874.052692  15.674127 1.000000 
2455874.073125  15.674509 1.000000 
2455874.093557  15.675170 1.000000 
2455874.113990  15.674914 1.000000 
2455874.134423  15.675682 1.000000 
2455874.154855  15.676164 1.000000 
2455874.175288  15.674017 1.000000 
2455874.195720  15.675890 1.000000 
2455874.216153  15.676021 1.000000 
2455874.236586  15.674883 1.000000 
2455874.297883  15.675477 1.000000 
2455874.318316  15.675089 1.000000 
2455874.338749  15.674918 1.000000 
2455874.359181  15.674787 1.000000 
2455874.379614  15.676230 1.000000 
2455874.400046  15.674966 1.000000 
2455874.420479  15.675934 1.000000 
2455874.440912  15.675227 1.000000 
2455874.461344  15.675134 1.000000 
2455874.481777  15.674757 1.000000 
2455874.502209  15.674534 1.000000 
2455874.522642  15.674664 1.000000 
2455874.543075  15.674594 1.000000 
2455874.563507  15.674820 1.000000 
2455874.583940  15.674462 1.000000 
2455874.604373  15.674734 1.000000 
2455874.624805  15.676008 1.000000 
2455874.645238  15.676304 1.000000 
2455874.665671  15.675290 1.000000 
2455874.686103  15.674860 1.000000 
