2455719.697849  15.672063 1.000000 
2455719.718284  15.673185 1.000000 
2455719.738718  15.672457 1.000000 
2455719.759153  15.672240 1.000000 
2455719.779587  15.671692 1.000000 
2455719.800022  15.671825 1.000000 
2455719.820457  15.674905 1.000000 
2455719.861325  15.672471 1.000000 
2455719.881760  15.669986 1.000000 
2455719.902194  15.671136 1.000000 
2455719.922629  15.672552 1.000000 
2455719.943063  15.670266 1.000000 
2455719.963498  15.672441 1.000000 
2455719.983932  15.668351 1.000000 
2455720.004367  15.672440 1.000000 
2455720.024801  15.665578 1.000000 
2455720.045236  15.666346 1.000000 
2455720.065670  15.671035 1.000000 
2455720.086105  15.670251 1.000000 
2455720.106539  15.668928 1.000000 
2455720.126974  15.666507 1.000000 
2455720.167843  15.669502 1.000000 
2455720.188277  15.669610 1.000000 
2455720.208712  15.668694 1.000000 
2455720.229146  15.669705 1.000000 
2455720.249581  15.668091 1.000000 
2455720.270015  15.669371 1.000000 
2455720.290450  15.669768 1.000000 
2455720.310884  15.666351 1.000000 
2455720.331319  15.670511 1.000000 
2455720.351753  15.669469 1.000000 
2455720.372188  15.668954 1.000000 
2455720.392622  15.668005 1.000000 
2455720.413057  15.681056 1.000000 
2455720.433491  15.690536 1.000000 
2455720.453926  15.690574 1.000000 
2455720.474360  15.689394 1.000000 
2455720.494795  15.688891 1.000000 
2455720.515229  15.678233 1.000000 
2455720.535664  15.668635 1.000000 
2455720.556098  15.668452 1.000000 
2455720.576533  15.666820 1.000000 
2455720.596967  15.668935 1.000000 
2455720.617402  15.669034 1.000000 
2455720.637836  15.668158 1.000000 
2455720.658271  15.668251 1.000000 
2455720.678705  15.669119 1.000000 
2455720.699140  15.668607 1.000000 
2455720.719574  15.666685 1.000000 
2455720.740009  15.667845 1.000000 
2455720.760443  15.666960 1.000000 
2455720.780878  15.667232 1.000000 
2455720.801312  15.668051 1.000000 
2455720.821746  15.667745 1.000000 
2455720.842181  15.667802 1.000000 
2455720.862616  15.667484 1.000000 
2455720.883050  15.667707 1.000000 
2455720.903485  15.667440 1.000000 
2455720.923919  15.667834 1.000000 
2455720.944353  15.667171 1.000000 
2455720.964788  15.666725 1.000000 
2455720.985222  15.667389 1.000000 
2455721.005657  15.667123 1.000000 
2455721.026091  15.665481 1.000000 
2455721.046526  15.666458 1.000000 
2455721.066960  15.663535 1.000000 
2455721.087395  15.665918 1.000000 
2455721.107829  15.666201 1.000000 
2455721.128264  15.665433 1.000000 
2455721.148698  15.665864 1.000000 
2455721.169133  15.666449 1.000000 
2455721.189567  15.665997 1.000000 
2455721.210002  15.665687 1.000000 
