2455535.527624  15.681053 1.000000 
2455535.548057  15.680422 1.000000 
2455535.568489  15.679991 1.000000 
2455535.588922  15.680741 1.000000 
2455535.609355  15.680718 1.000000 
2455535.629787  15.680911 1.000000 
2455535.650220  15.681124 1.000000 
2455535.670652  15.679820 1.000000 
2455535.691085  15.680201 1.000000 
2455535.711518  15.680871 1.000000 
2455535.731951  15.681127 1.000000 
2455535.752383  15.681007 1.000000 
2455535.772816  15.680242 1.000000 
2455535.793248  15.680180 1.000000 
2455535.813681  15.680735 1.000000 
2455535.834114  15.681376 1.000000 
2455535.854546  15.681525 1.000000 
2455535.874979  15.679999 1.000000 
2455535.895412  15.681101 1.000000 
2455535.915844  15.680847 1.000000 
2455535.936277  15.681067 1.000000 
2455535.956710  15.681629 1.000000 
2455535.977142  15.680876 1.000000 
2455535.997575  15.680748 1.000000 
2455536.018008  15.680818 1.000000 
2455536.038440  15.681679 1.000000 
2455536.058873  15.681656 1.000000 
2455536.079306  15.681601 1.000000 
2455536.099738  15.681932 1.000000 
2455536.120171  15.680365 1.000000 
2455536.140604  15.680694 1.000000 
2455536.161036  15.681643 1.000000 
2455536.181469  15.681403 1.000000 
2455536.201902  15.679620 1.000000 
2455536.222334  15.681428 1.000000 
2455536.242767  15.688345 1.000000 
2455536.263199  15.700232 1.000000 
2455536.283632  15.702815 1.000000 
2455536.304065  15.702773 1.000000 
2455536.324497  15.703097 1.000000 
2455536.344930  15.696101 1.000000 
2455536.365363  15.681631 1.000000 
2455536.385796  15.680204 1.000000 
2455536.406228  15.680360 1.000000 
2455536.447093  15.681069 1.000000 
2455536.467526  15.681164 1.000000 
2455536.487959  15.680445 1.000000 
2455536.508391  15.679240 1.000000 
2455536.528824  15.680529 1.000000 
2455536.549257  15.679611 1.000000 
2455536.569689  15.679991 1.000000 
2455536.590122  15.681284 1.000000 
2455536.610555  15.681122 1.000000 
2455536.630987  15.681111 1.000000 
2455536.651420  15.680899 1.000000 
2455536.671853  15.680474 1.000000 
2455536.692285  15.680186 1.000000 
2455536.712718  15.680719 1.000000 
2455536.733151  15.680182 1.000000 
2455536.753584  15.680149 1.000000 
2455536.774016  15.680514 1.000000 
2455536.794449  15.680046 1.000000 
2455536.814881  15.680514 1.000000 
2455536.835314  15.679204 1.000000 
2455536.855747  15.680243 1.000000 
2455536.876179  15.679587 1.000000 
2455536.896612  15.679748 1.000000 
2455536.917045  15.679506 1.000000 
2455536.937477  15.680006 1.000000 
2455536.957910  15.678244 1.000000 
2455536.978343  15.679521 1.000000 
2455536.998775  15.679295 1.000000 
2455537.019208  15.678234 1.000000 
2455537.039641  15.679907 1.000000 
2455537.060073  15.679286 1.000000 
