1005.748094   0.004896
1005.768528   0.008722
1005.788963   0.011522
1005.809397   0.014071
1005.829831   0.015507
1005.850265   0.016001
1005.870699   0.015946
1005.891133   0.014285
1005.911568   0.012675
1005.932002   0.010189
1005.952436   0.006266
1005.972870   0.003172
1005.993304  -0.000164
1006.013739  -0.000836
1006.034173  -0.002368
1006.054607  -0.000982
1006.075041  -0.001151
1006.095475  -0.001157
1006.115910  -0.001340
1006.136344  -0.001478
1006.177212  -0.001244
1006.197646  -0.001712
1006.218080  -0.001360
1006.238515  -0.001412
1006.258949  -0.001413
1006.279383  -0.001368
1006.299817  -0.001740
1006.320251  -0.001320
1006.340686  -0.001648
1006.361120  -0.000731
1006.381554  -0.002128
1006.401988  -0.003009
1006.422422  -0.002124
1006.442856  -0.001900
1006.463291  -0.001185
1006.483725  -0.001965
1006.504159  -0.000621
1006.524593  -0.001036
1006.545027  -0.001611
1006.565462  -0.001673
1006.585896  -0.001377
1006.606330  -0.001409
1006.626764  -0.001448
1006.647198  -0.001200
1006.667632  -0.001155
1006.688067  -0.001869
1006.708501  -0.001852
1006.728935  -0.001631
1006.749369  -0.001345
1006.769803  -0.001228
1006.790237  -0.001266
1006.810672  -0.001625
1006.831106  -0.001728
1006.851540  -0.001433
1006.871974  -0.001108
1006.892408  -0.001570
1006.912843  -0.000594
1006.933277  -0.001764
1006.953711  -0.001591
1006.974145  -0.001676
1006.994579  -0.001238
1007.015013  -0.001700
1007.035447  -0.001421
1007.055882  -0.001419
1007.076316  -0.001020
1007.096750  -0.001233
1007.117184  -0.000444
1007.137618  -0.000526
1007.158053  -0.002204
1007.178487  -0.002089
1007.198921  -0.000927
1007.219355  -0.001634
1007.239789  -0.001769
1007.260223  -0.001917
1007.280658  -0.000838
1007.301092  -0.002051
1007.321526  -0.002102
1007.341960  -0.002087
1007.362394  -0.001252
1007.382828  -0.001345
1007.403263  -0.000947
1007.423697  -0.001465
1007.444131  -0.001293
1007.464565  -0.000969
1007.484999  -0.001456
1007.505434  -0.000989
1007.525868  -0.001921
1007.546302  -0.001403
1007.566736  -0.000996
1007.587170  -0.000890
1007.607604  -0.003350
1007.628039  -0.001504
1007.648473  -0.001365
1007.668907  -0.001394
1007.689341  -0.001735
1007.709775  -0.001371
1007.730209  -0.001471
1007.750644  -0.001088
1007.771078  -0.001380
1007.791512  -0.001452
1007.811946  -0.001135
1007.832380  -0.001936
1007.852814  -0.002199
1007.873249  -0.000780
