2077.059623  -0.000188
2077.080058  -0.000448
2077.100492   0.000269
2077.120927  -0.000003
2077.141361   0.000052
2077.161796  -0.000086
2077.182230   0.000109
2077.202665   0.000663
2077.223099   0.000164
2077.243534   0.000066
2077.263968   0.000119
2077.284403  -0.000155
2077.304837  -0.000009
2077.325272  -0.000726
2077.345706   0.000191
2077.366141  -0.000634
2077.386575   0.000259
2077.407010   0.000460
2077.427444  -0.000478
2077.447879   0.000199
2077.468313   0.000262
2077.488748  -0.000190
2077.509182  -0.000166
2077.529617  -0.000178
2077.550051   0.000215
2077.570486  -0.000164
2077.590920   0.000413
2077.611355  -0.000045
2077.631789   0.000700
2077.672659  -0.000489
2077.693093  -0.000240
2077.713527   0.000275
2077.733962   0.000063
2077.754397  -0.000263
2077.774831   0.000404
2077.795266   0.000442
2077.815700  -0.000348
2077.836135  -0.000102
2077.856569  -0.000148
2077.877003   0.000286
2077.897438  -0.000360
2077.917873  -0.000155
2079.491330  -0.000275
2079.511764  -0.000336
2079.532199   0.000187
2079.552633   0.000202
2079.573068  -0.000448
2079.593502  -0.000357
2079.613937   0.000460
2079.634371  -0.000626
2079.654806   0.000414
2079.675240  -0.000556
2079.695675   0.000162
2079.716109  -0.000190
2079.736544   0.000617
2079.756978   0.000441
2079.777413   0.000089
2079.797847  -0.000247
2079.818282  -0.000135
2079.838716  -0.000270
2079.859151  -0.000113
2079.879585   0.000183
2079.900020   0.000027
2079.920454   0.000007
2079.940889   0.000257
2079.961323  -0.000526
2079.981758  -0.000060
2080.002192   0.000913
2080.022627   0.000353
2080.043061   0.000104
2080.063496   0.000249
2080.083930   0.000272
2080.104365  -0.000033
2080.124799  -0.000013
2080.145234  -0.000709
2080.165668   0.000666
2080.186103  -0.000361
2080.206537  -0.000267
2080.226972   0.000264
2080.247406   0.000168
2080.267841  -0.000188
2080.288275  -0.000516
2080.308710  -0.000032
2080.329144   0.000235
2080.349579  -0.000495
2080.370013   0.000416
2080.390448   0.000202
2080.410882  -0.000192
2080.431317   0.000360
2080.451751  -0.000308
2080.472186  -0.000111
2080.492620   0.000262
2080.513055  -0.000352
2080.533489   0.000339
2080.553924  -0.000399
2080.574358   0.000043
2080.594793  -0.000032
2080.635662   0.000521
2080.656096   0.000983
2080.676531  -0.000032
2080.696965  -0.000009
2080.717400  -0.000249
2080.737834   0.000069
2080.758269   0.000045
2080.778703  -0.000461
2080.799138  -0.000437
2080.819572   0.000343
2080.840007  -0.000338
2080.860441   0.000027
2080.880876  -0.000330
2080.901310  -0.000110
2080.921745  -0.000906
2080.942179   0.000218
2080.962614   0.000480
2080.983048   0.000110
2081.003483   0.000305
2081.023917   0.000140
2081.044352   0.000259
2081.064786  -0.000026
2081.085221  -0.000381
