2196.312769  -0.001082
2196.333202   0.000195
2196.353635  -0.000871
2196.374068  -0.000785
2196.394501  -0.001103
2196.414934  -0.000806
2196.435367  -0.000061
2196.455800  -0.000961
2196.476234  -0.001137
2196.496667  -0.000607
2196.517100  -0.000313
2196.537533  -0.000976
2196.557966  -0.000333
2196.578399  -0.001471
2196.598832  -0.000979
2196.619265  -0.001652
2196.639698  -0.001625
2196.660132  -0.000166
2196.680565  -0.000672
2196.700998  -0.000706
2196.721431  -0.000574
2196.741864   0.000031
2196.762297  -0.000603
2196.782730  -0.000675
2196.803163  -0.001120
2196.823597  -0.000961
2196.844030  -0.001043
2196.864463  -0.001072
2196.884896  -0.000112
2196.905329  -0.001204
2196.925762  -0.000740
2196.946195  -0.001675
2196.966628  -0.000926
2196.987061  -0.000591
2197.007495  -0.001219
2197.027928  -0.000774
2197.048361  -0.000779
2197.068794  -0.000143
2197.089227  -0.000833
2197.109660  -0.001232
2197.130093  -0.000837
2197.150526  -0.000604
2197.170959  -0.001384
2197.191393  -0.000683
2197.211826  -0.000997
2197.232259  -0.000435
2197.252692  -0.001099
2197.273125  -0.000772
2197.293558  -0.000010
2197.313991  -0.000602
2197.334424  -0.000944
2197.354858  -0.000832
2197.375291  -0.001284
2197.395724  -0.000639
2197.416157  -0.001511
2197.436590  -0.000649
2197.457023  -0.000399
2197.477456  -0.000435
2197.497889  -0.000692
2197.518322  -0.000748
2197.538755  -0.000340
2197.559189  -0.000957
2197.579622  -0.000569
2197.600055  -0.000439
2197.620488  -0.001676
2197.640921  -0.000813
2197.661354  -0.001281
2197.681787  -0.000361
2197.702220  -0.000939
2197.722653  -0.000067
2197.743086  -0.000532
2197.763520  -0.001011
2197.783953  -0.001104
2197.804386  -0.000761
2197.824819  -0.001139
2197.845252  -0.000811
2197.865685  -0.000281
2197.886118  -0.001520
2197.906551   0.000147
2197.926984  -0.000643
2197.947418  -0.000892
2197.967851  -0.001109
2197.988284  -0.000529
2198.008717  -0.001193
2198.029150  -0.000099
2198.049583  -0.000810
2198.070016  -0.000843
2198.090449  -0.000806
2198.110882  -0.000230
2198.131315  -0.000680
2198.151749  -0.001113
2198.172182  -0.001350
2198.192615   0.002108
2198.213048   0.004900
2198.233481   0.008886
2198.253914   0.012607
2198.274347   0.014313
2198.294780   0.015842
2198.315213   0.016472
2198.335646   0.016759
2198.356080   0.015633
2198.376513   0.014164
2198.396946   0.011119
2198.417379   0.007481
2198.437812   0.004007
2198.458245   0.001027
2198.478678  -0.000808
2198.499111  -0.001315
2198.519544  -0.000566
2198.539977  -0.000765
2198.560410  -0.000574
2198.580844  -0.000911
2198.601277  -0.001158
2198.621710  -0.001238
2198.642143  -0.000347
2198.662576  -0.000775
2198.683009  -0.000426
2198.703442  -0.000407
2198.723875  -0.000869
2198.744308  -0.001129
2198.764741  -0.000315
2198.785174  -0.000325
2198.805608  -0.001522
2198.826041  -0.001523
2198.846474  -0.000501
2198.866907  -0.000762
2198.887340  -0.000872
2198.907773  -0.001585
2198.928206  -0.000521
2198.948639  -0.000554
2198.969072  -0.001352
2198.989505  -0.000839
2199.009938  -0.000266
2199.030372  -0.001211
2199.050805  -0.000607
2199.071238  -0.001621
2199.091671  -0.000948
2199.112104  -0.000444
2199.132537  -0.000905
2199.152970  -0.000544
2199.193836  -0.000311
2199.214269  -0.000943
2199.234702  -0.001338
2199.255135  -0.000460
2199.275569  -0.000705
2199.296002  -0.000596
2199.316435  -0.000110
2199.336868  -0.000556
2199.357301  -0.000936
2199.377734  -0.000751
2199.398167   0.000027
2199.418600  -0.000473
2199.439033  -0.000259
2199.459466  -0.001218
2199.479899  -0.000849
2199.500332  -0.001219
2199.520765  -0.000983
2199.541199  -0.001220
2199.561632  -0.001122
2199.582065  -0.001286
2199.602498  -0.000861
2199.622931  -0.000520
2199.643364  -0.001060
2199.663797  -0.000771
2199.684230  -0.000675
2199.704663  -0.000756
2199.725096  -0.000853
2199.745529  -0.000927
2199.765962  -0.000637
2199.786396  -0.000577
2199.806829  -0.001155
2199.827262  -0.000052
2199.847695  -0.001111
2199.868128  -0.000611
2199.888561  -0.001054
2199.908994  -0.001045
2199.929427  -0.001258
2199.949860  -0.000488
2199.970293  -0.000846
2199.990726  -0.000563
2200.011159  -0.000823
2200.031593  -0.000813
2200.052025  -0.000205
2200.072459  -0.000997
2200.092892  -0.000717
2200.113325  -0.000700
2200.133758  -0.001230
2200.154191  -0.000195
2200.174624  -0.000421
2200.195057  -0.000746
2200.215490  -0.001186
2200.235923  -0.000985
2200.256356  -0.000077
2200.276789  -0.000864
2200.297222  -0.001074
2200.317655  -0.000838
2200.338089  -0.001147
