2455798.940175  15.604436 1.000000 
2455798.960609  15.604749 1.000000 
2455798.981042  15.604199 1.000000 
2455799.001476  15.604953 1.000000 
2455799.021909  15.605460 1.000000 
2455799.042343  15.604403 1.000000 
2455799.062776  15.603410 1.000000 
2455799.083210  15.604841 1.000000 
2455799.103643  15.605317 1.000000 
2455799.124077  15.604886 1.000000 
2455799.144510  15.604480 1.000000 
2455799.164944  15.603997 1.000000 
2455799.185377  15.605242 1.000000 
2455799.226244  15.604360 1.000000 
2455799.246678  15.604518 1.000000 
2455799.267111  15.604829 1.000000 
2455799.287545  15.605295 1.000000 
2455799.307978  15.604689 1.000000 
2455799.328412  15.604442 1.000000 
2455799.348845  15.604756 1.000000 
2455799.369279  15.604424 1.000000 
2455799.389712  15.603893 1.000000 
2455799.410145  15.604834 1.000000 
2455799.430579  15.603892 1.000000 
2455799.451013  15.604594 1.000000 
2455799.471446  15.604710 1.000000 
2455799.491879  15.604480 1.000000 
2455799.512313  15.604952 1.000000 
2455799.532746  15.604851 1.000000 
2455799.553180  15.604928 1.000000 
2455799.573613  15.605227 1.000000 
2455799.594047  15.604685 1.000000 
2455799.614480  15.604537 1.000000 
2455799.634914  15.605661 1.000000 
2455799.655347  15.604488 1.000000 
2455799.675781  15.604272 1.000000 
2455799.737081  15.604799 1.000000 
2455799.757515  15.604866 1.000000 
2455799.777948  15.604650 1.000000 
2455799.798382  15.605394 1.000000 
2455799.839249  15.604049 1.000000 
2455799.859682  15.604871 1.000000 
2455799.880115  15.605159 1.000000 
2455799.900549  15.605171 1.000000 
2455799.920983  15.605113 1.000000 
2455799.941416  15.604685 1.000000 
2455799.961849  15.604583 1.000000 
2455799.982283  15.604680 1.000000 
2455800.002716  15.604624 1.000000 
2455800.023150  15.604385 1.000000 
2455800.043583  15.605405 1.000000 
2455800.064017  15.604720 1.000000 
2455800.084450  15.605386 1.000000 
2455800.104884  15.604942 1.000000 
2455800.125317  15.604611 1.000000 
2455800.145751  15.604694 1.000000 
2455800.166184  15.604949 1.000000 
2455800.186618  15.604732 1.000000 
2455800.207051  15.605129 1.000000 
2455800.227485  15.604641 1.000000 
2455800.247918  15.604901 1.000000 
2455800.268351  15.604127 1.000000 
2455800.288785  15.604504 1.000000 
2455800.309218  15.605462 1.000000 
2455800.329652  15.604388 1.000000 
2455800.350085  15.605330 1.000000 
2455800.370519  15.605318 1.000000 
2455800.390952  15.605377 1.000000 
2455800.411386  15.604533 1.000000 
2455800.431819  15.604737 1.000000 
2455800.452253  15.604547 1.000000 
2455800.472686  15.603802 1.000000 
2455800.493120  15.605248 1.000000 
2455800.513553  15.605641 1.000000 
2455800.533987  15.605370 1.000000 
2455800.554420  15.605085 1.000000 
2455800.574854  15.606179 1.000000 
2455800.595287  15.604881 1.000000 
2455800.615720  15.605346 1.000000 
2455800.636154  15.604947 1.000000 
2455800.656587  15.605071 1.000000 
2455800.677021  15.604966 1.000000 
2455800.697454  15.607288 1.000000 
2455800.717888  15.609907 1.000000 
2455800.738321  15.613114 1.000000 
2455800.758755  15.617228 1.000000 
2455800.779188  15.620679 1.000000 
2455800.799622  15.622013 1.000000 
2455800.820055  15.622504 1.000000 
2455800.840488  15.622676 1.000000 
2455800.860922  15.621987 1.000000 
2455800.881355  15.620105 1.000000 
2455800.901789  15.617925 1.000000 
2455800.922222  15.615182 1.000000 
2455800.942656  15.610155 1.000000 
2455800.963089  15.606084 1.000000 
2455800.983523  15.605393 1.000000 
2455801.003956  15.604880 1.000000 
2455801.024389  15.605471 1.000000 
2455801.044823  15.604220 1.000000 
2455801.065257  15.604675 1.000000 
2455801.085690  15.604984 1.000000 
2455801.106123  15.605845 1.000000 
2455801.126557  15.604977 1.000000 
2455801.146990  15.605124 1.000000 
2455801.167424  15.605237 1.000000 
2455801.187857  15.604914 1.000000 
2455801.208291  15.605235 1.000000 
2455801.228724  15.605034 1.000000 
2455801.249158  15.604971 1.000000 
2455801.269591  15.605548 1.000000 
2455801.290024  15.605155 1.000000 
2455801.310458  15.605689 1.000000 
2455801.330892  15.604774 1.000000 
2455801.351325  15.604819 1.000000 
2455801.371758  15.604799 1.000000 
2455801.392192  15.605786 1.000000 
2455801.412625  15.605016 1.000000 
2455801.433059  15.604583 1.000000 
2455801.453492  15.605525 1.000000 
2455801.473926  15.605372 1.000000 
2455801.494359  15.604927 1.000000 
2455801.514793  15.605095 1.000000 
2455801.535226  15.604545 1.000000 
2455801.555659  15.604917 1.000000 
2455801.576093  15.605115 1.000000 
2455801.596526  15.604956 1.000000 
2455801.616960  15.605286 1.000000 
2455801.637393  15.605479 1.000000 
2455801.657827  15.604961 1.000000 
2455801.678260  15.603373 1.000000 
2455801.698693  15.605210 1.000000 
2455801.719127  15.605095 1.000000 
