1918.063813  -0.000490
1918.084245  -0.000727
1918.104678  -0.001782
1918.125111  -0.001064
1918.145544  -0.000597
1918.165977  -0.001010
1918.186409   0.000211
1918.206842  -0.000280
1918.227275  -0.000382
1918.247708  -0.000898
1918.268140  -0.000341
1918.288573  -0.000749
1918.309006  -0.000844
1918.329439  -0.000738
1918.349872  -0.000579
1918.370304  -0.001583
1918.390737  -0.000228
1918.411170  -0.000782
1918.431603  -0.000044
1918.452036  -0.001725
1918.472468  -0.000192
1918.492901  -0.000611
1918.513334  -0.000983
1918.533767  -0.001488
1918.554200  -0.000921
1918.574632  -0.001049
1918.595065  -0.000008
1918.615498  -0.000660
1918.635931  -0.000128
1918.656364  -0.001250
1918.676796  -0.001017
1918.697229  -0.000467
1918.717662  -0.000622
1918.738095  -0.001776
1918.758528   0.000082
1918.778960  -0.001006
1918.799393  -0.001573
1918.819826  -0.000882
1918.840259  -0.000955
1918.860692  -0.001029
1918.881124  -0.000447
1918.901557  -0.001848
1918.921990  -0.001057
1918.942423  -0.001153
1918.962856  -0.001617
1918.983288  -0.000827
1919.003721  -0.000059
1919.024154  -0.000119
1919.044587  -0.000897
1919.065020  -0.000417
1919.085452  -0.000950
1919.105885  -0.001398
1919.126318  -0.001136
1919.146751  -0.001225
1919.167184  -0.000618
1919.187616  -0.000777
1919.208049  -0.000206
1919.228482  -0.000231
1919.248915  -0.001152
1919.269347  -0.001576
1919.289780  -0.000761
1919.310213  -0.000551
1919.330646  -0.000636
1919.351079  -0.000820
1919.371511  -0.001266
1919.391944  -0.001564
1919.412377  -0.000851
1919.432810  -0.001131
1919.453243  -0.001770
1919.473676  -0.000455
1919.494108  -0.000505
1919.514541  -0.000934
1919.534974  -0.001024
1919.555407  -0.001163
1919.575840  -0.000810
1919.596272  -0.000698
1919.616705  -0.000288
1919.637138  -0.000925
1919.657571  -0.000680
1919.678004  -0.000514
1919.698436  -0.000147
1919.718869  -0.000669
1919.739302  -0.000747
1919.759735  -0.000439
1919.780168  -0.001107
1919.800600  -0.000049
1919.821033  -0.001030
1919.841466  -0.000709
1919.861899  -0.000875
1919.882332  -0.000530
1919.902764  -0.000734
1919.923197  -0.000692
1919.943630   0.000896
1919.964063   0.003499
1919.984496   0.007845
1920.004928   0.011801
1920.025361   0.014069
1920.045794   0.016261
1920.066227   0.016975
1920.086660   0.016505
1920.107092   0.016173
1920.127525   0.015002
1920.147958   0.012293
1920.168391   0.008252
1920.188824   0.005127
1920.209256   0.001632
1920.229689  -0.000685
1920.250122  -0.000764
1920.270555  -0.000890
1920.290988  -0.000886
1920.311421  -0.000387
1920.331853  -0.000805
1920.352286  -0.000513
1920.372719  -0.000705
1920.393152  -0.001068
1920.413585  -0.001046
1920.434017  -0.001574
1920.454450  -0.001019
1920.474883  -0.001236
1920.495316  -0.000602
1920.515749  -0.001553
1920.536182  -0.000927
1920.556614  -0.000734
1920.577047  -0.000050
1920.597480  -0.000251
1920.617913  -0.000558
1920.658778  -0.000375
1920.679211  -0.000301
1920.699644  -0.000753
1920.720077  -0.001183
1920.740510  -0.002248
1920.760942  -0.000893
1920.781375  -0.000546
1920.801808  -0.000721
1920.822241   0.000009
1920.842674  -0.000843
1920.863107  -0.000948
1920.883539  -0.000899
1920.903972  -0.000692
1920.924405  -0.000686
1920.944838  -0.000056
1920.965271  -0.000522
1920.985703  -0.000415
1921.006136  -0.001021
1921.026569  -0.000411
1921.047002  -0.000525
1921.067435  -0.001099
1921.087868  -0.001069
1921.108300  -0.000741
1921.128733  -0.000630
1921.149166  -0.001345
1921.169599  -0.000345
1921.190032  -0.001564
1921.210464  -0.001756
1921.230897  -0.000481
1921.251330  -0.000822
1921.271763  -0.000488
1921.292196  -0.000107
1921.312629  -0.000339
1921.333061  -0.000432
1921.353494  -0.000815
1921.373927  -0.000583
1921.394360  -0.000603
1921.414793  -0.000266
1921.435225  -0.001267
1921.455658  -0.000952
1921.476091  -0.000917
1921.496524  -0.000765
1921.516957  -0.001119
1921.537390  -0.000841
1921.557822  -0.000790
1921.578255  -0.000302
1921.598688  -0.001359
1921.619121  -0.000464
1921.639554  -0.001147
1921.659987  -0.000758
1921.680419  -0.000751
1921.700852  -0.000555
1921.721285  -0.000369
1921.741718  -0.000666
1921.762151  -0.001279
1921.782583  -0.000844
1921.803016  -0.002974
1921.823449  -0.000368
1921.843882  -0.000728
1921.864315  -0.000799
1921.884748  -0.001431
1921.905181  -0.000689
1921.925613  -0.000344
1921.946046  -0.000579
1921.966479  -0.000080
1921.986912  -0.001330
1922.007345  -0.000707
1922.027777  -0.001205
1922.048210  -0.000347
1922.068643  -0.001058
1922.089076  -0.000826
