1838.560117  -0.000462
1838.580550  -0.000827
1838.600983  -0.001280
1838.621416  -0.001190
1838.641849  -0.000655
1838.662282  -0.000954
1838.682715  -0.000359
1838.703148  -0.000895
1838.723581  -0.002622
1838.744014  -0.000925
1838.764447  -0.000444
1838.784880  -0.000722
1838.805313  -0.000668
1838.825746  -0.001838
1838.846179  -0.000382
1838.866612  -0.000607
1838.887044  -0.000392
1838.907477  -0.000551
1838.927910  -0.000654
1838.948343  -0.000383
1838.968776  -0.000788
1838.989209  -0.001463
1839.009642  -0.000696
1839.030075  -0.000683
1839.050508  -0.001569
1839.070941  -0.000773
1839.091374  -0.000600
1839.111807  -0.002045
1839.132240  -0.001277
1839.152673  -0.001017
1839.173106  -0.000608
1839.193539  -0.001333
1839.213971  -0.000413
1839.234404  -0.000675
1839.275270  -0.000484
1839.295703  -0.001816
1839.316136  -0.000890
1839.336569  -0.000292
1839.357002  -0.000439
1839.377435  -0.000575
1839.397868  -0.000609
1839.418301  -0.001090
1839.438734  -0.000274
1839.459167  -0.000701
1839.479600  -0.001035
1839.500032  -0.001527
1839.520465  -0.000186
1839.540898  -0.000662
1839.561331  -0.000314
1839.581764  -0.000504
1839.602197  -0.000490
1839.622630  -0.001011
1839.643063  -0.000899
1839.663496  -0.000860
1839.683929  -0.000324
1839.704362  -0.000922
1839.724795  -0.000647
1839.745228  -0.001086
1839.765661  -0.000730
1839.786093  -0.001331
1839.806526  -0.000883
1839.826959  -0.000984
1839.847392  -0.001629
1839.867825  -0.001535
1839.888258  -0.001413
1839.908691  -0.001001
1839.929124  -0.000912
1839.949557  -0.000943
1839.969990  -0.000690
1839.990423  -0.000898
1840.010856  -0.001199
1840.031289  -0.000300
1840.051721  -0.001047
1840.072154  -0.000656
1840.092587  -0.001829
1840.113020  -0.001012
1840.133453  -0.000562
1840.153886  -0.001512
1840.174319  -0.001258
1840.194752  -0.000923
1840.215185  -0.000287
1840.235618  -0.000881
1840.256051  -0.000895
1840.276484  -0.001085
1840.296917  -0.000407
1840.317349  -0.000744
1840.337782  -0.000485
1840.358215  -0.000719
1840.378648  -0.000344
1840.399081  -0.000838
1840.419514  -0.000911
1840.439947   0.000066
1840.460380   0.003456
1840.480813   0.006355
1840.501246   0.011081
1840.521679   0.013984
1840.542112   0.015434
1840.562544   0.016469
1840.582977   0.017726
1840.603410   0.017834
1840.623843   0.015457
1840.644276   0.011417
1840.664709   0.011006
1840.685142   0.006419
1840.705575   0.002360
1840.726008  -0.000317
1840.746441  -0.000836
1840.766874  -0.000827
1840.787307  -0.000762
1840.991636  -0.000956
1841.012069  -0.000349
1841.032501  -0.000354
1841.052934  -0.001573
1841.073367  -0.000773
1841.093800  -0.000944
1841.114233  -0.000912
1841.134666  -0.000536
1841.155099  -0.001173
1841.175532  -0.001222
1841.195965  -0.000691
1841.216398  -0.001370
1841.236831  -0.001088
1841.257264  -0.000485
1841.277696  -0.001342
1841.318562  -0.000700
1841.338995  -0.001577
1841.359428  -0.000613
1841.379861  -0.001068
1841.400294  -0.000959
1841.420727  -0.001326
1841.441160  -0.000358
1841.461593  -0.001074
1841.502458  -0.000689
1841.522891  -0.001763
1841.543324  -0.001628
1841.563757  -0.000813
1841.584190  -0.001190
1841.604623  -0.000855
1841.625056  -0.000612
1841.645489  -0.001176
1841.665922  -0.000711
1841.686355  -0.001465
1841.706787   0.000415
1841.727220  -0.001141
1841.747653  -0.000977
1841.768086  -0.001095
1841.788519  -0.000686
1841.808952  -0.000741
1841.829385  -0.001081
1841.849818  -0.000479
1841.870251  -0.000038
1841.890684  -0.000026
1841.911117  -0.000776
1841.931549  -0.001150
1841.951982  -0.001112
1841.972415  -0.000645
1841.992848  -0.000394
1842.013281  -0.000701
1842.033714  -0.001147
1842.054147  -0.000156
1842.074580  -0.000660
1842.095013  -0.000814
1842.115445  -0.001077
1842.135878  -0.001251
1842.156311  -0.001011
1842.176744  -0.000774
1842.197177  -0.000446
1842.217610  -0.000058
1842.258476  -0.001534
1842.278909  -0.001302
1842.299342  -0.000982
1842.319774  -0.001216
1842.340207  -0.000718
1842.360640  -0.001068
1842.381073  -0.000335
1842.421939  -0.000748
1842.442372  -0.001091
1842.462805  -0.001216
1842.483238  -0.001700
1842.503670  -0.001090
1842.524103  -0.000288
1842.544536  -0.000690
1842.564969  -0.000335
1842.585402  -0.001346
1842.605835  -0.001069
