1600.074947  -0.001549
1600.095381  -0.000689
1600.115814  -0.000984
1600.136248  -0.000688
1600.156681  -0.001493
1600.177115  -0.000479
1600.197548  -0.001225
1600.217982  -0.000637
1600.238416  -0.000421
1600.258849  -0.001059
1600.279283  -0.000912
1600.299716  -0.001231
1600.320150  -0.000265
1600.340583  -0.001167
1600.361017  -0.000711
1600.381451  -0.000792
1600.401884  -0.001460
1600.422318  -0.000080
1600.442751  -0.000469
1600.463185  -0.000563
1600.483618  -0.001785
1600.504052  -0.000527
1600.524486  -0.000901
1600.544919  -0.000592
1600.565353  -0.000823
1600.585786  -0.001266
1600.606220  -0.000724
1600.626653  -0.000207
1600.647087  -0.000809
1600.667520  -0.001255
1600.687954  -0.000407
1600.708388  -0.000560
1600.728821  -0.000483
1600.749255  -0.000754
1600.769688  -0.000344
1600.790122  -0.001174
1600.810556  -0.001112
1600.830989  -0.000867
1600.851423  -0.000310
1600.871856  -0.000169
1600.892290   0.000367
1600.912723  -0.000092
1600.933157  -0.000870
1600.953591  -0.001237
1600.974024  -0.000963
1600.994458  -0.000920
1601.014891  -0.000441
1601.035325  -0.000464
1601.055758  -0.000525
1601.076192  -0.000334
1601.096626  -0.001759
1601.117059  -0.000822
1601.137493   0.000202
1601.157926  -0.000760
1601.178360  -0.001039
1601.198794  -0.001355
1601.219227  -0.000900
1601.239661  -0.000409
1601.260094  -0.000607
1601.280528  -0.000838
1601.300962  -0.000552
1601.321395  -0.000249
1601.341829  -0.000139
1601.362262  -0.001679
1601.382696  -0.000702
1601.403130  -0.000794
1601.423563  -0.001597
1601.443997  -0.001407
1601.464430  -0.001271
1601.484864  -0.001432
1601.505297  -0.001437
1601.525731  -0.001390
1601.546164   0.000125
1601.566598  -0.000884
1601.587032  -0.000300
1601.607465  -0.000705
1601.627899  -0.001058
1601.648333  -0.001298
1601.668766  -0.000738
1601.689200  -0.000940
1601.709633  -0.000674
1601.730067  -0.001596
1601.750500  -0.000738
1601.770934  -0.000416
1601.791368  -0.000559
1601.811801  -0.000122
1601.832235  -0.000162
1601.852668  -0.001768
1601.873102  -0.001172
1601.893536  -0.001701
1601.934403  -0.000073
1601.954836   0.001540
1601.975270   0.004380
1601.995704   0.007603
1602.016137   0.011384
1602.036571   0.014510
1602.057005   0.015558
1602.077438   0.017054
1602.097872   0.017748
1602.118305   0.015973
1602.138739   0.014663
1602.159172   0.011394
1602.179606   0.008753
1602.200040   0.004048
1602.220473   0.001134
1602.240907  -0.000045
1602.261340  -0.000997
1602.281774  -0.000707
1602.302208  -0.000139
1602.322641  -0.001097
1602.343075  -0.000638
1602.363508  -0.000937
1602.383942  -0.000898
1602.404376  -0.000285
1602.424809  -0.000741
1602.445243  -0.000517
1602.465676  -0.002155
1602.486110  -0.001853
1602.526977  -0.000905
1602.547411  -0.000302
1602.567845  -0.000506
1602.588278  -0.001328
1602.608712  -0.001076
1602.629145  -0.000977
1602.649579  -0.000295
1602.670013  -0.000794
1602.690446  -0.000730
1602.710880  -0.000420
1602.731313  -0.000562
1602.751747  -0.000594
1602.772181  -0.001441
1602.792614  -0.000684
1602.813048  -0.000950
1602.833481  -0.000875
1602.853915  -0.000725
1602.874349  -0.000903
1602.894782  -0.000836
1602.915216  -0.000905
1602.935649  -0.000907
1602.956083  -0.001812
1602.976517  -0.000578
1602.996950  -0.000386
1603.017384   0.000265
1603.037817  -0.000759
1603.058251  -0.000459
1603.078685  -0.000831
1603.099118  -0.001358
1603.119552  -0.000303
1603.139986  -0.000768
1603.160419  -0.000992
1603.180853  -0.000510
1603.201286  -0.000999
1603.221720  -0.000329
1603.242154  -0.001724
1603.262587  -0.000306
1603.283021  -0.000883
1603.303455  -0.001196
1603.323888  -0.000422
1603.344322  -0.000031
1603.364755  -0.000368
1603.385189  -0.000656
1603.405623  -0.001117
1603.426056  -0.000682
1603.446490  -0.000535
1603.466924   0.000006
1603.487357  -0.000107
1603.507791  -0.001033
1603.528224  -0.002195
1603.548658  -0.000797
1603.569092  -0.000701
1603.589525  -0.001138
1603.609959  -0.001207
1603.630392  -0.000920
1603.650826  -0.002694
1603.671260  -0.001771
1603.691693  -0.000358
1603.712127  -0.000679
1603.732561  -0.000505
1603.752994  -0.001070
1603.773428  -0.000413
1603.793862  -0.001187
1603.814295  -0.000420
1603.834729  -0.000441
1603.855162  -0.000865
1603.875596  -0.000306
1603.896030  -0.001288
1603.916463  -0.000652
1603.936897  -0.001097
1603.957331  -0.000618
1603.977764  -0.001536
1603.998198  -0.000468
1604.018631  -0.000764
1604.039065  -0.000676
1604.059499  -0.000682
1604.079932  -0.000188
1604.100366  -0.000374
