1998.775573  -0.001993
1998.796007  -0.001572
1998.816441  -0.001061
1998.836875  -0.001404
1998.857309  -0.001214
1998.877743  -0.001437
1998.898177  -0.000693
1998.918611  -0.000861
1998.939045  -0.000513
1998.979913  -0.000941
1999.000347  -0.000794
1999.020781  -0.001066
1999.041215  -0.000566
1999.061649  -0.001542
1999.082083  -0.000984
1999.102517  -0.001011
1999.143385  -0.000813
1999.163819  -0.001068
1999.204687  -0.000553
1999.225121  -0.002199
1999.245555  -0.001536
1999.265989  -0.000917
1999.286423  -0.000812
1999.306857  -0.001007
1999.327291  -0.001387
1999.347725  -0.000953
1999.368159  -0.001389
1999.388593  -0.001241
1999.409027  -0.000701
1999.429461  -0.000824
1999.449895   0.001435
1999.470329   0.005861
1999.490763   0.008866
1999.511197   0.012772
1999.531631   0.014752
1999.552065   0.016396
1999.572499   0.017177
1999.592933   0.016192
1999.613367   0.015919
1999.633801   0.013573
1999.654235   0.010315
1999.674669   0.006916
1999.695103   0.002771
1999.715537   0.000555
1999.735971  -0.000858
1999.756405  -0.000984
1999.776839  -0.001620
1999.797273  -0.001630
1999.817707  -0.001835
1999.838141  -0.001804
1999.858575  -0.002503
1999.879009  -0.002402
1999.899443  -0.000801
1999.919877  -0.000699
1999.940311  -0.001710
1999.960745  -0.001466
1999.981179  -0.002106
2000.001613  -0.001584
2000.022047  -0.001164
2000.042481  -0.001122
2000.062915  -0.001297
2000.083349  -0.000470
2000.103783  -0.000714
2000.124217  -0.000958
2000.144651  -0.001161
2000.165085  -0.000423
2000.185519  -0.001636
2000.205953  -0.001616
2000.226387  -0.001441
2000.246821  -0.000943
2000.267255  -0.000597
2000.287689  -0.001146
2000.308123  -0.001064
2000.328557  -0.001254
2000.348991  -0.000848
2000.369425  -0.001691
2000.389859  -0.002558
2000.410293  -0.001245
2000.430727  -0.001190
2000.451161  -0.000241
2000.471595  -0.001620
2000.492029  -0.001542
2000.512463  -0.001777
2000.532897  -0.001446
2000.553331  -0.001117
2000.573765  -0.001315
2000.594199  -0.000609
2000.614633  -0.000604
2000.635067  -0.000842
2000.655501  -0.001077
2000.675935  -0.000460
2000.696369  -0.000377
2000.716803  -0.001317
2000.737238  -0.000734
2000.757672  -0.001249
2000.778106  -0.000859
2000.798540  -0.000974
2000.818974  -0.000185
2000.839408  -0.001136
2000.859842  -0.001618
2000.880276  -0.001189
2000.900710  -0.000929
2000.921144  -0.000615
2000.941578  -0.000710
2000.962012  -0.001137
2000.982446  -0.000897
2001.002880  -0.001295
2001.023314  -0.001515
2001.043748  -0.001203
2001.064182  -0.001344
2001.084616  -0.001054
2001.105050  -0.001421
2001.125484  -0.000993
2001.145918  -0.001588
2001.166352  -0.001251
2001.186786  -0.000800
2001.207220  -0.000973
2001.227654  -0.000623
2001.248088  -0.000328
2001.268522  -0.000820
2001.288956  -0.001513
2001.309390  -0.001109
2001.329824  -0.001647
2001.350258  -0.001606
2001.370692  -0.001669
2001.391126  -0.000764
2001.411560  -0.001242
2001.431994  -0.001762
2001.452428  -0.001103
2001.472863  -0.001909
2001.493297  -0.001661
2001.513731  -0.001098
2001.534165  -0.001966
2001.554599  -0.001341
2001.575033  -0.001177
2001.595467  -0.000556
