2455641.514883  15.604677 1.000000 
2455641.535317  15.605031 1.000000 
2455641.555751  15.604737 1.000000 
2455641.576185  15.603747 1.000000 
2455641.596619  15.604939 1.000000 
2455641.617054  15.605101 1.000000 
2455641.637488  15.604245 1.000000 
2455641.657922  15.604462 1.000000 
2455641.678356  15.605712 1.000000 
2455641.698790  15.606154 1.000000 
2455641.719225  15.609610 1.000000 
2455641.739659  15.613166 1.000000 
2455641.760093  15.615854 1.000000 
2455641.780527  15.619201 1.000000 
2455641.800961  15.621308 1.000000 
2455641.821396  15.622043 1.000000 
2455641.841830  15.621000 1.000000 
2455641.862264  15.622220 1.000000 
2455641.882698  15.620631 1.000000 
2455641.903132  15.617602 1.000000 
2455641.923567  15.615449 1.000000 
2455641.944001  15.610961 1.000000 
2455641.964435  15.608016 1.000000 
2455641.984869  15.605082 1.000000 
2455642.005304  15.604645 1.000000 
2455642.025738  15.605660 1.000000 
2455642.046172  15.603944 1.000000 
2455642.066606  15.604514 1.000000 
2455642.087040  15.605275 1.000000 
2455642.107474  15.604556 1.000000 
2455642.127909  15.604014 1.000000 
2455642.148343  15.604540 1.000000 
2455642.168777  15.605822 1.000000 
2455642.189211  15.604722 1.000000 
2455642.209645  15.604908 1.000000 
2455642.230080  15.605050 1.000000 
2455642.250514  15.604868 1.000000 
2455642.270948  15.604895 1.000000 
2455642.291382  15.604283 1.000000 
2455642.311817  15.604819 1.000000 
2455642.332251  15.605473 1.000000 
2455642.352685  15.604740 1.000000 
2455642.373119  15.605790 1.000000 
2455642.393553  15.605149 1.000000 
2455642.413988  15.604949 1.000000 
2455642.434422  15.604564 1.000000 
2455642.454856  15.604437 1.000000 
2455642.475290  15.605269 1.000000 
2455642.495724  15.604798 1.000000 
2455642.516159  15.605764 1.000000 
2455642.536593  15.604962 1.000000 
2455642.557027  15.605372 1.000000 
2455642.577461  15.604588 1.000000 
2455642.597895  15.604981 1.000000 
2455642.618330  15.604997 1.000000 
2455642.638764  15.604462 1.000000 
2455642.659198  15.605656 1.000000 
2455642.679632  15.604403 1.000000 
2455642.700066  15.604489 1.000000 
2455642.720501  15.605077 1.000000 
2455642.740935  15.604764 1.000000 
2455642.761369  15.606481 1.000000 
2455642.781803  15.605728 1.000000 
2455642.802237  15.605105 1.000000 
2455642.822672  15.605546 1.000000 
2455642.843106  15.605137 1.000000 
2455642.863540  15.605128 1.000000 
2455642.883974  15.605519 1.000000 
2455642.904409  15.604996 1.000000 
2455642.924843  15.604443 1.000000 
2455642.945277  15.604639 1.000000 
2455642.965711  15.604673 1.000000 
2455642.986145  15.604934 1.000000 
2455643.006580  15.604085 1.000000 
2455643.027014  15.605605 1.000000 
2455643.047448  15.605182 1.000000 
2455643.067882  15.604654 1.000000 
2455643.088317  15.605464 1.000000 
2455643.108751  15.604087 1.000000 
2455643.129185  15.603963 1.000000 
2455643.149619  15.605492 1.000000 
2455643.170053  15.605299 1.000000 
2455643.190488  15.605480 1.000000 
2455643.210922  15.605488 1.000000 
2455643.231356  15.604873 1.000000 
2455643.251790  15.605448 1.000000 
2455643.272224  15.605526 1.000000 
2455643.292659  15.605699 1.000000 
2455643.313093  15.605259 1.000000 
2455643.333527  15.605113 1.000000 
2455643.353961  15.605774 1.000000 
2455643.374396  15.604874 1.000000 
2455643.394830  15.606294 1.000000 
2455643.415264  15.605649 1.000000 
2455643.435698  15.605155 1.000000 
2455643.456132  15.605025 1.000000 
2455643.476567  15.605951 1.000000 
2455643.497001  15.605236 1.000000 
2455643.517435  15.604746 1.000000 
2455643.537869  15.605151 1.000000 
2455643.558304  15.605258 1.000000 
2455643.578738  15.605799 1.000000 
2455643.599172  15.604673 1.000000 
2455643.640041  15.605359 1.000000 
2455643.660475  15.605640 1.000000 
2455643.680909  15.605985 1.000000 
2455643.701343  15.605143 1.000000 
2455643.721777  15.605356 1.000000 
