2455679.686302  15.604343 1.000000 
2455679.706736  15.605343 1.000000 
2455679.727171  15.604573 1.000000 
2455679.747605  15.603723 1.000000 
2455679.768040  15.605479 1.000000 
2455679.788474  15.604304 1.000000 
2455679.808909  15.605107 1.000000 
2455679.829343  15.604617 1.000000 
2455679.849778  15.604704 1.000000 
2455679.870212  15.604399 1.000000 
2455679.890647  15.604421 1.000000 
2455679.911081  15.604430 1.000000 
2455679.931516  15.604628 1.000000 
2455679.951950  15.604253 1.000000 
2455679.972385  15.604473 1.000000 
2455679.992819  15.604736 1.000000 
2455680.013254  15.605416 1.000000 
2455680.033688  15.605064 1.000000 
2455680.054123  15.603720 1.000000 
2455680.074557  15.604546 1.000000 
2455680.094992  15.604573 1.000000 
2455680.115426  15.604357 1.000000 
2455680.135861  15.604926 1.000000 
2455680.156295  15.604763 1.000000 
2455680.176730  15.604648 1.000000 
2455680.197165  15.605393 1.000000 
2455680.217599  15.605078 1.000000 
2455680.238034  15.604687 1.000000 
2455680.258468  15.603691 1.000000 
2455680.278902  15.605200 1.000000 
2455680.299337  15.604085 1.000000 
2455680.319771  15.603490 1.000000 
2455680.340206  15.604750 1.000000 
2455680.360641  15.604064 1.000000 
2455680.381075  15.604500 1.000000 
2455680.401510  15.604593 1.000000 
2455680.421944  15.605118 1.000000 
2455680.442379  15.604714 1.000000 
2455680.462813  15.604953 1.000000 
2455680.483247  15.604390 1.000000 
2455680.503682  15.604308 1.000000 
2455680.524117  15.605712 1.000000 
2455680.544551  15.604978 1.000000 
2455680.564986  15.604911 1.000000 
2455680.585420  15.605560 1.000000 
2455680.605855  15.605814 1.000000 
2455680.626289  15.604662 1.000000 
2455680.646724  15.604311 1.000000 
2455680.667158  15.604829 1.000000 
2455680.687593  15.604844 1.000000 
2455680.708027  15.605500 1.000000 
2455680.728462  15.605020 1.000000 
2455680.748896  15.604597 1.000000 
2455680.769331  15.605237 1.000000 
2455680.789765  15.605189 1.000000 
2455680.810200  15.604880 1.000000 
2455680.830634  15.605068 1.000000 
2455680.851069  15.604783 1.000000 
2455680.871503  15.605589 1.000000 
2455680.891938  15.604606 1.000000 
2455680.912372  15.605903 1.000000 
2455680.953241  15.604908 1.000000 
2455680.973676  15.605052 1.000000 
2455680.994110  15.605421 1.000000 
2455681.014545  15.605288 1.000000 
2455681.034979  15.606423 1.000000 
2455681.055414  15.605528 1.000000 
2455681.075848  15.605568 1.000000 
2455681.096283  15.605029 1.000000 
2455681.116717  15.604594 1.000000 
2455681.137152  15.605925 1.000000 
2455681.157586  15.604867 1.000000 
2455681.178021  15.604619 1.000000 
2455681.198455  15.605412 1.000000 
2455681.218890  15.605221 1.000000 
2455681.239324  15.604635 1.000000 
2455681.259759  15.605414 1.000000 
2455681.280193  15.605023 1.000000 
2455681.300628  15.605505 1.000000 
2455681.321063  15.605475 1.000000 
2455681.341497  15.605715 1.000000 
2455681.361932  15.604388 1.000000 
2455681.382366  15.604940 1.000000 
2455681.402800  15.604867 1.000000 
2455681.423235  15.605219 1.000000 
2455681.443669  15.606128 1.000000 
2455681.464104  15.608754 1.000000 
2455681.484539  15.612238 1.000000 
2455681.504973  15.616757 1.000000 
2455681.525408  15.619252 1.000000 
2455681.545842  15.621000 1.000000 
2455681.566277  15.622048 1.000000 
2455681.586711  15.623240 1.000000 
2455681.607145  15.622635 1.000000 
2455681.627580  15.620871 1.000000 
2455681.648014  15.619582 1.000000 
2455681.668449  15.615126 1.000000 
2455681.688884  15.612971 1.000000 
2455681.709318  15.609324 1.000000 
2455681.729753  15.605631 1.000000 
2455681.750187  15.605616 1.000000 
2455681.770622  15.604609 1.000000 
2455681.791056  15.605120 1.000000 
2455681.811491  15.606104 1.000000 
2455681.831925  15.604854 1.000000 
2455681.852360  15.605126 1.000000 
2455681.872794  15.604583 1.000000 
2455681.893229  15.604400 1.000000 
2455681.913663  15.605766 1.000000 
2455681.934098  15.604491 1.000000 
2455681.954532  15.605401 1.000000 
2455681.974967  15.605159 1.000000 
2455681.995401  15.605134 1.000000 
2455682.015836  15.605347 1.000000 
2455682.036270  15.605073 1.000000 
2455682.056705  15.605786 1.000000 
2455682.077139  15.605465 1.000000 
2455682.097574  15.605401 1.000000 
2455682.118008  15.604968 1.000000 
2455682.138443  15.605752 1.000000 
2455682.158877  15.605297 1.000000 
2455682.179312  15.605742 1.000000 
2455682.199746  15.605088 1.000000 
2455682.220181  15.604454 1.000000 
2455682.240615  15.604939 1.000000 
2455682.261050  15.605561 1.000000 
2455682.281484  15.605439 1.000000 
2455682.301919  15.606066 1.000000 
2455682.322353  15.604683 1.000000 
2455682.342788  15.605188 1.000000 
2455682.363222  15.604626 1.000000 
2455682.383657  15.605255 1.000000 
2455682.404092  15.606212 1.000000 
2455682.424526  15.605311 1.000000 
2455682.444961  15.605054 1.000000 
2455682.465395  15.604899 1.000000 
2455682.485830  15.604631 1.000000 
2455682.506264  15.605286 1.000000 
2455682.526699  15.605332 1.000000 
2455682.547133  15.605831 1.000000 
2455682.567568  15.604793 1.000000 
2455682.588002  15.605246 1.000000 
2455682.608437  15.605917 1.000000 
2455682.628871  15.605130 1.000000 
2455682.649306  15.605182 1.000000 
2455682.669740  15.604922 1.000000 
2455682.690175  15.605087 1.000000 
2455682.710609  15.605538 1.000000 
2455682.731044  15.605355 1.000000 
2455682.751478  15.605651 1.000000 
2455682.771913  15.605429 1.000000 
2455682.792347  15.606537 1.000000 
2455682.812782  15.605004 1.000000 
2455682.833216  15.604558 1.000000 
2455682.853651  15.604906 1.000000 
2455682.874085  15.605909 1.000000 
2455682.894520  15.605336 1.000000 
2455682.914954  15.605446 1.000000 
2455682.935389  15.605041 1.000000 
2455682.955823  15.605284 1.000000 
2455682.976258  15.606905 1.000000 
2455682.996692  15.605865 1.000000 
2455683.017127  15.604879 1.000000 
2455683.037561  15.604699 1.000000 
2455683.057996  15.605599 1.000000 
2455683.078430  15.605474 1.000000 
2455683.098865  15.605989 1.000000 
2455683.119299  15.605216 1.000000 
2455683.139734  15.605528 1.000000 
2455683.160169  15.605452 1.000000 
2455683.180603  15.605132 1.000000 
2455683.201038  15.606194 1.000000 
2455683.221472  15.605487 1.000000 
2455683.241907  15.606003 1.000000 
2455683.262341  15.605407 1.000000 
2455683.282775  15.605159 1.000000 
2455683.303210  15.606103 1.000000 
2455683.323645  15.605000 1.000000 
2455683.344079  15.604998 1.000000 
2455683.384948  15.605484 1.000000 
2455683.405383  15.605745 1.000000 
2455683.425817  15.605587 1.000000 
2455683.446252  15.605039 1.000000 
2455683.466686  15.605298 1.000000 
