2156.549348  -0.000524
2156.569782  -0.001112
2156.590216  -0.001204
2156.610649  -0.000977
2156.631083  -0.001346
2156.651517  -0.001028
2156.671950  -0.000908
2156.692384  -0.000696
2156.712818  -0.000786
2156.733251  -0.000383
2156.753685  -0.000668
2156.774119  -0.001059
2156.794552  -0.001266
2156.814986  -0.000277
2156.835420  -0.000524
2156.855854  -0.000388
2156.876287  -0.000024
2156.896721  -0.000724
2156.917155  -0.000945
2156.937588  -0.001035
2156.958022  -0.000580
2156.978456  -0.000331
2156.998890  -0.001146
2157.019323  -0.000814
2157.039757  -0.000831
2157.060191  -0.000452
2157.080624  -0.001090
2157.101058  -0.001218
2157.121492  -0.000777
2157.141925  -0.000734
2157.162359  -0.000630
2157.182793  -0.001115
2157.203227  -0.000562
2157.223660  -0.000794
2157.244094  -0.000934
2157.264528  -0.001142
2157.284961  -0.000462
2157.305395  -0.001060
2157.325829  -0.000554
2157.346263  -0.000489
2157.366696  -0.000490
2157.387130  -0.000631
2157.407564  -0.001020
2157.427997  -0.000950
2157.448431  -0.000861
2157.468865  -0.001226
2157.489298  -0.000415
2157.509732  -0.001006
2157.530166  -0.000839
2157.550599   0.000015
2157.571033  -0.000870
2157.591467  -0.000593
2157.611901  -0.001214
2157.632334  -0.000683
2157.652768  -0.000491
2157.673202  -0.001069
2157.693635  -0.001311
2157.714069  -0.001939
2157.734503  -0.001174
2157.754936  -0.000628
2157.775370  -0.000440
2157.795804  -0.001468
2157.816237  -0.000677
2157.836671  -0.000757
2157.857105  -0.001154
2157.877538  -0.000827
2157.897972  -0.001693
2157.918406  -0.000243
2157.938840  -0.000775
2157.959273  -0.000398
2157.979707  -0.000944
2158.000141  -0.000800
2158.020574  -0.000429
2158.041008  -0.000058
2158.061442  -0.000646
2158.081875  -0.001458
2158.102309  -0.000620
2158.122743  -0.000930
2158.143177  -0.000486
2158.163610  -0.000825
2158.184044  -0.000562
2158.204478  -0.000321
2158.224911  -0.001131
2158.245345  -0.000601
2158.265779  -0.001810
2158.286212  -0.001210
2158.306646  -0.000751
2158.327080  -0.000507
2158.347513  -0.001015
2158.367947  -0.001258
2158.388381  -0.001003
2158.408814  -0.000695
2158.429248   0.000418
2158.449682   0.003501
2158.470115   0.006229
2158.490549   0.010685
2158.510983   0.012828
2158.531416   0.015417
2158.551850   0.016784
2158.572284   0.016366
2158.592717   0.016734
2158.613151   0.015244
2158.633585   0.013512
2158.654019   0.009980
2158.674452   0.007359
2158.694886   0.003036
2158.715320   0.000015
2158.735753  -0.000225
2158.756187  -0.000443
2158.776621  -0.000767
2158.797054  -0.000924
2158.817488  -0.001046
2158.837922  -0.000910
2158.858355  -0.000363
2158.878789  -0.000736
2158.899223  -0.000912
2158.940090  -0.000487
2158.960524  -0.001665
2158.980957  -0.000481
2159.001391  -0.000713
2159.021825  -0.001357
2159.042258  -0.000512
2159.062692  -0.000117
2159.083126  -0.001708
2159.103559  -0.000334
2159.123993  -0.001316
2159.144427  -0.000701
2159.164860   0.000109
2159.185294  -0.000867
2159.205728  -0.000545
2159.226161   0.000118
2159.246595  -0.001408
2159.267029  -0.000558
2159.287462  -0.001349
2159.307896  -0.000979
2159.328330  -0.001347
2159.348763  -0.000868
2159.369197  -0.000644
2159.389631   0.000049
2159.410064  -0.001478
2159.430498  -0.000260
2159.450932  -0.000347
2159.471365  -0.000776
2159.491799  -0.000808
2159.512233  -0.001361
2159.532666  -0.000766
2159.553100  -0.000911
2159.573534  -0.001154
2159.593967  -0.000778
2159.614401   0.000319
2159.634835  -0.000908
2159.655268  -0.000397
2159.675702  -0.000917
2159.696136  -0.001144
2159.716569  -0.000631
2159.737003  -0.000968
2159.757437  -0.001280
2159.777870  -0.000781
2159.798304  -0.000829
2159.818738  -0.001043
2159.839171  -0.000703
2159.859605  -0.000599
2159.880039  -0.001277
2159.900472  -0.001231
2159.920906  -0.001346
2159.941340  -0.000898
2159.961773  -0.000478
2159.982207  -0.000986
2160.002641  -0.000943
2160.023074  -0.000389
2160.043508  -0.000745
2160.063942  -0.001129
2160.084375  -0.001419
2160.104809  -0.000966
2160.125243  -0.000831
2160.145676  -0.001111
2160.166110  -0.001099
2160.186544  -0.000032
2160.206977  -0.001338
2160.227411  -0.000085
2160.247845  -0.001109
2160.268278  -0.000555
2160.288712  -0.001281
2160.309145  -0.000226
2160.329579  -0.000771
2160.350013  -0.000234
2160.370446  -0.001006
2160.390880  -0.000715
2160.411314  -0.000596
2160.431747  -0.000000
2160.452181  -0.001073
2160.472615  -0.000956
2160.493048  -0.000246
2160.513482  -0.001475
2160.533916  -0.001309
2160.554349  -0.000421
2160.574783  -0.000646
2160.595217  -0.001181
