2455401.915246  15.609338 1.000000 
2455401.935680  15.608941 1.000000 
2455401.956114  15.608337 1.000000 
2455401.976548  15.607987 1.000000 
2455401.996982  15.608177 1.000000 
2455402.017415  15.608314 1.000000 
2455402.037849  15.608288 1.000000 
2455402.058283  15.608632 1.000000 
2455402.078717  15.608243 1.000000 
2455402.099151  15.608183 1.000000 
2455402.119585  15.608346 1.000000 
2455402.140019  15.608669 1.000000 
2455402.160452  15.608843 1.000000 
2455402.180886  15.608943 1.000000 
2455402.201320  15.608269 1.000000 
2455402.221754  15.608404 1.000000 
2455402.242188  15.609309 1.000000 
2455402.262622  15.609224 1.000000 
2455402.283056  15.607671 1.000000 
2455402.303489  15.609318 1.000000 
2455402.323923  15.608315 1.000000 
2455402.344357  15.608384 1.000000 
2455402.364791  15.608191 1.000000 
2455402.385225  15.608987 1.000000 
2455402.405659  15.608079 1.000000 
2455402.426092  15.609251 1.000000 
2455402.446526  15.608559 1.000000 
2455402.487394  15.608920 1.000000 
2455402.507828  15.608759 1.000000 
2455402.528262  15.609168 1.000000 
2455402.548696  15.609374 1.000000 
2455402.569130  15.608425 1.000000 
2455402.589563  15.609107 1.000000 
2455402.609997  15.609099 1.000000 
2455402.630431  15.608649 1.000000 
2455402.650865  15.608641 1.000000 
2455402.671299  15.608603 1.000000 
2455402.691733  15.609159 1.000000 
2455402.712166  15.609353 1.000000 
2455402.732600  15.608819 1.000000 
2455402.753034  15.608879 1.000000 
2455402.773468  15.609262 1.000000 
2455402.793902  15.608519 1.000000 
2455402.814336  15.609055 1.000000 
2455402.834770  15.608546 1.000000 
2455402.855204  15.609002 1.000000 
2455402.875637  15.608638 1.000000 
2455402.896071  15.609808 1.000000 
2455402.916505  15.608741 1.000000 
2455402.936939  15.609214 1.000000 
2455402.957373  15.609066 1.000000 
2455402.977807  15.608883 1.000000 
2455402.998240  15.608795 1.000000 
2455403.018674  15.608494 1.000000 
2455403.039108  15.609574 1.000000 
2455403.059542  15.608773 1.000000 
2455403.079976  15.608646 1.000000 
2455403.100410  15.609056 1.000000 
2455403.120843  15.608549 1.000000 
2455403.141277  15.609040 1.000000 
2455403.161711  15.608234 1.000000 
2455403.182145  15.608597 1.000000 
2455403.202579  15.609942 1.000000 
2455403.223013  15.612628 1.000000 
2455403.243446  15.616149 1.000000 
2455403.263880  15.619438 1.000000 
2455403.284314  15.622739 1.000000 
2455403.304748  15.625088 1.000000 
2455403.325182  15.626345 1.000000 
2455403.345616  15.625923 1.000000 
2455403.366050  15.626707 1.000000 
2455403.386483  15.624772 1.000000 
2455403.406917  15.623377 1.000000 
2455403.427351  15.619065 1.000000 
2455403.447785  15.615350 1.000000 
2455403.468219  15.612129 1.000000 
2455403.488653  15.609672 1.000000 
2455403.509086  15.608532 1.000000 
2455403.529520  15.609141 1.000000 
2455403.549954  15.609359 1.000000 
2455403.570388  15.608490 1.000000 
2455403.590822  15.608775 1.000000 
2455403.611256  15.609093 1.000000 
2455403.631690  15.608954 1.000000 
2455403.652123  15.609172 1.000000 
2455403.672557  15.609732 1.000000 
2455403.692991  15.609010 1.000000 
2455403.713425  15.608891 1.000000 
2455403.733859  15.608273 1.000000 
2455403.754293  15.608992 1.000000 
2455403.774726  15.608555 1.000000 
2455403.795160  15.608525 1.000000 
2455403.815594  15.609150 1.000000 
2455403.836028  15.608186 1.000000 
2455403.856462  15.609657 1.000000 
2455403.876895  15.608175 1.000000 
2455403.897329  15.608907 1.000000 
2455403.917763  15.608057 1.000000 
2455403.938197  15.609419 1.000000 
2455403.958631  15.608442 1.000000 
2455403.979065  15.608921 1.000000 
2455403.999498  15.608401 1.000000 
2455404.019932  15.608984 1.000000 
2455404.040366  15.608695 1.000000 
2455404.060800  15.608921 1.000000 
2455404.081234  15.609662 1.000000 
2455404.101668  15.609222 1.000000 
2455404.122102  15.608263 1.000000 
2455404.142535  15.609309 1.000000 
2455404.162969  15.608776 1.000000 
2455404.183403  15.608389 1.000000 
2455404.203837  15.608916 1.000000 
2455404.224270  15.608744 1.000000 
2455404.244704  15.609646 1.000000 
2455404.265138  15.608911 1.000000 
2455404.285572  15.609036 1.000000 
2455404.306006  15.608341 1.000000 
2455404.326440  15.608852 1.000000 
2455404.346873  15.608917 1.000000 
2455404.367307  15.608172 1.000000 
2455404.387741  15.607656 1.000000 
2455404.408175  15.607626 1.000000 
2455404.428609  15.608708 1.000000 
2455404.449043  15.608754 1.000000 
2455404.469477  15.608546 1.000000 
2455404.489910  15.608893 1.000000 
2455404.510344  15.608660 1.000000 
2455404.530778  15.608124 1.000000 
2455404.551212  15.609242 1.000000 
2455404.571646  15.608285 1.000000 
2455404.592080  15.608699 1.000000 
2455404.612513  15.608574 1.000000 
2455404.632947  15.609107 1.000000 
2455404.653381  15.608809 1.000000 
2455404.673815  15.608759 1.000000 
2455404.694248  15.608521 1.000000 
2455404.714682  15.608922 1.000000 
2455404.735116  15.608635 1.000000 
2455404.755550  15.608909 1.000000 
2455404.775984  15.608458 1.000000 
2455404.796418  15.609231 1.000000 
2455404.816851  15.608985 1.000000 
2455404.837285  15.608892 1.000000 
2455404.857719  15.608916 1.000000 
2455404.878153  15.608832 1.000000 
2455404.898587  15.608665 1.000000 
2455404.919021  15.608642 1.000000 
2455404.939455  15.609190 1.000000 
2455404.959888  15.608627 1.000000 
2455404.980322  15.609024 1.000000 
2455405.000756  15.608838 1.000000 
2455405.021190  15.608862 1.000000 
2455405.041623  15.608202 1.000000 
2455405.062057  15.608438 1.000000 
2455405.082491  15.609356 1.000000 
2455405.102925  15.609338 1.000000 
2455405.123359  15.607727 1.000000 
2455405.143792  15.608277 1.000000 
2455405.164226  15.608996 1.000000 
2455405.184660  15.608881 1.000000 
2455405.205094  15.609293 1.000000 
2455405.225528  15.609032 1.000000 
