2275.796215  -0.001598
2275.816648  -0.001258
2275.837081  -0.000724
2275.857513  -0.000925
2275.877946  -0.000057
2275.898379  -0.000064
2275.918811  -0.001024
2275.939244  -0.000290
2275.959677  -0.000429
2275.980109  -0.000982
2276.000542  -0.000518
2276.020975  -0.000985
2276.041407  -0.000188
2276.061840  -0.000634
2276.082273  -0.000420
2276.102705  -0.001635
2276.123138  -0.000944
2276.143571  -0.000766
2276.164003  -0.000438
2276.184436  -0.000773
2276.204869   0.000026
2276.225301  -0.001081
2276.245734  -0.000777
2276.266167  -0.000915
2276.286600  -0.000122
2276.307032  -0.000639
2276.327465  -0.000451
2276.347898  -0.001289
2276.368330  -0.000802
2276.388763  -0.000332
2276.409196  -0.002130
2276.429628  -0.001024
2276.450061  -0.000728
2276.470494  -0.001596
2276.490926  -0.000655
2276.511359  -0.000752
2276.531792  -0.001105
2276.552225  -0.000852
2276.572657  -0.000617
2276.593090  -0.000993
2276.613523  -0.000616
2276.633955  -0.000922
2276.654388  -0.000615
2276.674821  -0.001039
2276.695253  -0.001119
2276.715686  -0.000044
2276.736119  -0.000668
2276.756551  -0.001324
2276.776984  -0.000401
2276.797417  -0.000832
2276.838282  -0.000332
2276.858715  -0.000650
2276.879148  -0.000967
2276.899580  -0.000467
2276.920013  -0.001313
2276.940446  -0.000682
2276.960878  -0.000870
2276.981311  -0.001632
2277.001744  -0.000194
2277.022176  -0.001644
2277.042609  -0.001643
2277.063042  -0.001241
2277.083475  -0.000806
2277.103907  -0.000519
2277.124340  -0.000980
2277.144773  -0.000370
2277.165205  -0.000510
2277.185638   0.000347
2277.206071  -0.000921
2277.226503  -0.000736
2277.246936  -0.001203
2277.267369  -0.000528
2277.287801  -0.001503
2277.308234  -0.000636
2277.349099  -0.000721
2277.369532  -0.001206
2277.389965  -0.000427
2277.410398  -0.000718
2277.430830  -0.000497
2277.451263  -0.000705
2277.471696  -0.000857
2277.492128  -0.000720
2277.512561  -0.000941
2277.532994  -0.001717
2277.553426  -0.001639
2277.573859  -0.000700
2277.594292  -0.001652
2277.614724  -0.001933
2277.635157  -0.000964
2277.655590  -0.001007
2277.676022  -0.000329
2277.696455   0.003003
2277.716888   0.005878
2277.737321   0.009915
2277.757753   0.012728
2277.778186   0.014705
2277.798619   0.016181
2277.819051   0.017119
2277.839484   0.016254
2277.859917   0.015683
2277.880349   0.013253
2277.900782   0.009809
2277.921215   0.007270
2277.941648   0.003077
2277.962080  -0.000158
2277.982513  -0.000748
2278.002946  -0.000161
2278.023378  -0.000911
2278.043811  -0.001250
2278.064244  -0.000399
2278.084676  -0.000629
2278.105109  -0.000327
2278.125542  -0.000170
2278.145975  -0.000932
2278.166407  -0.000885
2278.186840  -0.000955
2278.207273  -0.001474
2278.227705  -0.000477
2278.248138  -0.000222
2278.268571  -0.000381
2278.289003  -0.000834
2278.309436  -0.000866
2278.329869  -0.000839
2278.350301  -0.000393
2278.370734  -0.000929
2278.391167  -0.000136
2278.411600  -0.001107
2278.432032  -0.000880
2278.452465  -0.000712
2278.472898  -0.000699
2278.493330  -0.000057
2278.513763  -0.001053
2278.534196  -0.000167
2278.554628  -0.000537
2278.575061  -0.000319
2278.595494  -0.000926
2278.615927   0.000130
2278.636359  -0.000999
2278.656792  -0.000599
2278.677225  -0.001100
2278.697657  -0.000414
2278.718090  -0.000452
2278.738523  -0.000592
2278.758956  -0.000992
2278.779388  -0.000527
2278.799821  -0.000360
2278.820254  -0.000438
2278.840686  -0.001264
2278.861119  -0.001323
2278.881552  -0.001795
2278.901984  -0.001055
2278.922417  -0.001974
2278.942850   0.000276
2278.963282  -0.000607
2278.983715  -0.000702
2279.004148  -0.000734
2279.024581  -0.001523
2279.045013  -0.000358
2279.065446  -0.000826
2279.085879  -0.000971
2279.106311  -0.000681
2279.126744  -0.001145
2279.147177  -0.000649
2279.167609  -0.000397
2279.188042  -0.000444
2279.208475  -0.001516
2279.228908  -0.000534
2279.249340  -0.000778
2279.269773  -0.001402
2279.290206  -0.000154
2279.310638  -0.000757
2279.331071  -0.000970
2279.351504  -0.001506
2279.371937  -0.000420
2279.392369  -0.000539
2279.412802  -0.000950
2279.433235  -0.000799
2279.453667  -0.000499
2279.474100  -0.001094
2279.494533  -0.000327
2279.514965  -0.000130
2279.535398  -0.001105
2279.555831  -0.000724
2279.576264  -0.001205
2279.596696  -0.000376
2279.617129  -0.000532
2279.637562  -0.001230
2279.657994  -0.000262
2279.678427  -0.001434
2279.698860  -0.000548
2279.719293  -0.000819
2279.739725  -0.000948
2279.760158  -0.001089
2279.780591  -0.001668
2279.821456  -0.000817
2279.841889  -0.000897
