2456037.437123  15.599927 1.000000 
2456037.457557  15.599906 1.000000 
2456037.477991  15.600399 1.000000 
2456037.498426  15.600584 1.000000 
2456037.518860  15.600263 1.000000 
2456037.539295  15.600113 1.000000 
2456037.559729  15.600263 1.000000 
2456037.580163  15.600589 1.000000 
2456037.600598  15.600276 1.000000 
2456037.621032  15.600786 1.000000 
2456037.641467  15.600138 1.000000 
2456037.661901  15.600905 1.000000 
2456037.682335  15.600831 1.000000 
2456037.702770  15.599986 1.000000 
2456037.723204  15.600001 1.000000 
2456037.743639  15.600567 1.000000 
2456037.764073  15.600274 1.000000 
2456037.784508  15.600459 1.000000 
2456037.804942  15.600824 1.000000 
2456037.825376  15.601457 1.000000 
2456037.845811  15.600709 1.000000 
2456037.866245  15.601009 1.000000 
2456037.886680  15.600767 1.000000 
2456037.907114  15.601310 1.000000 
2456037.927549  15.599730 1.000000 
2456037.947983  15.600170 1.000000 
2456037.968418  15.600958 1.000000 
2456037.988852  15.600255 1.000000 
2456038.009286  15.600867 1.000000 
2456038.029721  15.601216 1.000000 
2456038.050155  15.600294 1.000000 
2456038.070590  15.599931 1.000000 
2456038.091024  15.601258 1.000000 
2456038.111459  15.601085 1.000000 
2456038.131893  15.600040 1.000000 
2456038.152327  15.600091 1.000000 
2456038.172762  15.600997 1.000000 
2456038.193196  15.600854 1.000000 
2456038.213631  15.601209 1.000000 
2456038.234065  15.600213 1.000000 
2456038.254500  15.600901 1.000000 
2456038.274934  15.600469 1.000000 
2456038.295368  15.600852 1.000000 
2456038.315803  15.600643 1.000000 
2456038.336237  15.600860 1.000000 
2456038.356672  15.600694 1.000000 
2456038.377106  15.600499 1.000000 
2456038.397541  15.601075 1.000000 
2456038.417975  15.600671 1.000000 
2456038.438409  15.600953 1.000000 
2456038.458844  15.600608 1.000000 
2456038.479278  15.601029 1.000000 
2456038.499713  15.601144 1.000000 
2456038.520147  15.601286 1.000000 
2456038.540582  15.601501 1.000000 
2456038.561016  15.600446 1.000000 
2456038.581451  15.600685 1.000000 
2456038.601885  15.601308 1.000000 
2456038.622319  15.601156 1.000000 
2456038.642754  15.600761 1.000000 
2456038.663188  15.601712 1.000000 
2456038.683623  15.600962 1.000000 
2456038.704057  15.600529 1.000000 
2456038.724492  15.600952 1.000000 
2456038.744926  15.600840 1.000000 
2456038.765361  15.600732 1.000000 
2456038.785795  15.601518 1.000000 
2456038.806230  15.600996 1.000000 
2456038.826664  15.600255 1.000000 
2456038.847098  15.600190 1.000000 
2456038.867533  15.600930 1.000000 
2456038.887967  15.600812 1.000000 
2456038.908402  15.599891 1.000000 
2456038.949270  15.600957 1.000000 
2456038.990139  15.600370 1.000000 
2456039.010574  15.600937 1.000000 
2456039.031008  15.600376 1.000000 
2456039.051443  15.600114 1.000000 
2456039.071877  15.600984 1.000000 
2456039.092312  15.601237 1.000000 
2456039.112746  15.600085 1.000000 
2456039.133180  15.600291 1.000000 
2456039.153615  15.600646 1.000000 
2456039.174049  15.601436 1.000000 
2456039.194484  15.602636 1.000000 
2456039.214918  15.605850 1.000000 
2456039.235353  15.610221 1.000000 
2456039.255787  15.613626 1.000000 
2456039.276221  15.616218 1.000000 
2456039.296656  15.617707 1.000000 
2456039.317090  15.618420 1.000000 
2456039.337525  15.618483 1.000000 
2456039.357959  15.617709 1.000000 
2456039.378394  15.615510 1.000000 
2456039.398828  15.613595 1.000000 
2456039.419263  15.610310 1.000000 
2456039.439697  15.605998 1.000000 
2456039.460131  15.602851 1.000000 
2456039.480566  15.601711 1.000000 
2456039.501000  15.600583 1.000000 
2456039.521435  15.600861 1.000000 
2456039.541869  15.601689 1.000000 
2456039.562304  15.600975 1.000000 
2456039.582738  15.600628 1.000000 
2456039.603173  15.601273 1.000000 
2456039.623607  15.600747 1.000000 
2456039.644041  15.600877 1.000000 
2456039.664476  15.600764 1.000000 
2456039.684910  15.601243 1.000000 
2456039.705345  15.600938 1.000000 
2456039.725779  15.600257 1.000000 
2456039.746214  15.600913 1.000000 
2456039.766648  15.600825 1.000000 
2456039.787082  15.600919 1.000000 
2456039.807517  15.600924 1.000000 
2456039.827952  15.601310 1.000000 
2456039.848386  15.600793 1.000000 
2456039.868820  15.601363 1.000000 
2456039.889255  15.600991 1.000000 
2456039.909689  15.601506 1.000000 
2456039.930124  15.601327 1.000000 
2456039.950558  15.600388 1.000000 
2456039.970993  15.601037 1.000000 
2456039.991427  15.601147 1.000000 
2456040.011861  15.601053 1.000000 
2456040.032296  15.601027 1.000000 
2456040.052730  15.600747 1.000000 
2456040.073165  15.601108 1.000000 
2456040.093599  15.600984 1.000000 
2456040.114034  15.600770 1.000000 
2456040.134468  15.600621 1.000000 
2456040.154903  15.601455 1.000000 
2456040.175337  15.601163 1.000000 
2456040.195772  15.601302 1.000000 
2456040.216206  15.601261 1.000000 
2456040.236640  15.600715 1.000000 
2456040.257075  15.601181 1.000000 
2456040.277509  15.602147 1.000000 
2456040.297944  15.601375 1.000000 
2456040.318378  15.601000 1.000000 
2456040.338813  15.600089 1.000000 
2456040.359247  15.601234 1.000000 
2456040.379682  15.600789 1.000000 
2456040.400116  15.600663 1.000000 
2456040.420550  15.600823 1.000000 
2456040.440985  15.601282 1.000000 
2456040.461419  15.601981 1.000000 
2456040.481854  15.601272 1.000000 
2456040.502288  15.601796 1.000000 
2456040.522723  15.601949 1.000000 
2456040.543157  15.600728 1.000000 
2456040.563591  15.601716 1.000000 
2456040.584026  15.601369 1.000000 
2456040.604460  15.600757 1.000000 
2456040.624895  15.600877 1.000000 
2456040.645329  15.601091 1.000000 
2456040.665764  15.600356 1.000000 
2456040.686198  15.601939 1.000000 
2456040.706633  15.601539 1.000000 
2456040.727067  15.600741 1.000000 
2456040.747502  15.601133 1.000000 
2456040.767936  15.600403 1.000000 
2456040.788370  15.601134 1.000000 
2456040.808805  15.601199 1.000000 
2456040.829239  15.601729 1.000000 
2456040.849674  15.600309 1.000000 
2456040.870108  15.601175 1.000000 
2456040.890543  15.600479 1.000000 
2456040.931412  15.600926 1.000000 
2456040.951846  15.601591 1.000000 
2456040.972280  15.600910 1.000000 
2456040.992715  15.601634 1.000000 
2456041.013149  15.600846 1.000000 
2456041.033584  15.599998 1.000000 
2456041.054018  15.600815 1.000000 
2456041.074453  15.601207 1.000000 
2456041.094887  15.600584 1.000000 
2456041.115322  15.601196 1.000000 
2456041.135756  15.601594 1.000000 
2456041.156191  15.601095 1.000000 
2456041.176625  15.601279 1.000000 
2456041.197060  15.600898 1.000000 
2456041.217494  15.600953 1.000000 
