1798.817574  -0.001365
1798.838008  -0.001047
1798.858441  -0.001193
1798.878875  -0.000963
1798.899308  -0.000775
1798.919742  -0.000947
1798.940175  -0.001233
1798.960609  -0.000928
1798.981042  -0.001486
1799.001476  -0.000740
1799.021909  -0.000241
1799.042343  -0.001306
1799.062776  -0.002306
1799.083210  -0.000883
1799.103643  -0.000415
1799.124077  -0.000853
1799.144510  -0.001267
1799.164944  -0.001757
1799.185377  -0.000519
1799.226244  -0.001416
1799.246678  -0.001265
1799.267111  -0.000961
1799.287545  -0.000502
1799.307978  -0.001116
1799.328412  -0.001369
1799.348845  -0.001062
1799.369279  -0.001401
1799.389712  -0.001938
1799.410145  -0.001004
1799.430579  -0.001952
1799.451012  -0.001257
1799.471446  -0.001147
1799.491879  -0.001384
1799.512313  -0.000918
1799.532746  -0.001025
1799.553180  -0.000955
1799.573613  -0.000662
1799.594047  -0.001210
1799.614480  -0.001364
1799.634914  -0.000246
1799.655347  -0.001425
1799.675781  -0.001646
1799.737081  -0.001136
1799.757515  -0.001075
1799.777948  -0.001296
1799.798382  -0.000558
1799.839249  -0.001914
1799.859682  -0.001097
1799.880115  -0.000814
1799.900549  -0.000807
1799.920982  -0.000870
1799.941416  -0.001303
1799.961849  -0.001410
1799.982283  -0.001318
1800.002716  -0.001379
1800.023150  -0.001622
1800.043583  -0.000607
1800.064017  -0.001297
1800.084450  -0.000635
1800.104884  -0.001084
1800.125317  -0.001419
1800.145751  -0.001340
1800.166184  -0.001090
1800.186618  -0.001311
1800.207051  -0.000918
1800.227485  -0.001410
1800.247918  -0.001154
1800.268351  -0.001932
1800.288785  -0.001559
1800.309218  -0.000605
1800.329652  -0.001683
1800.350085  -0.000744
1800.370519  -0.000760
1800.390952  -0.000704
1800.411386  -0.001552
1800.431819  -0.001351
1800.452253  -0.001545
1800.472686  -0.002293
1800.493120  -0.000850
1800.513553  -0.000461
1800.533987  -0.000735
1800.554420  -0.001023
1800.574854   0.000068
1800.595287  -0.001233
1800.615720  -0.000771
1800.636154  -0.001172
1800.656587  -0.001051
1800.677021  -0.001159
1800.697454   0.001161
1800.717888   0.003777
1800.738321   0.006982
1800.758755   0.011093
1800.779188   0.014542
1800.799622   0.015874
1800.820055   0.016362
1800.840488   0.016532
1800.860922   0.015841
1800.881355   0.013957
1800.901789   0.011775
1800.922222   0.009030
1800.942656   0.004001
1800.963089  -0.000071
1800.983523  -0.000764
1801.003956  -0.001279
1801.024390  -0.000690
1801.044823  -0.001942
1801.065257  -0.001488
1801.085690  -0.001181
1801.106123  -0.000321
1801.126557  -0.001191
1801.146990  -0.001045
1801.167424  -0.000933
1801.187857  -0.001257
1801.208291  -0.000937
1801.228724  -0.001139
1801.249158  -0.001203
1801.269591  -0.000626
1801.290024  -0.001020
1801.310458  -0.000487
1801.330891  -0.001402
1801.351325  -0.001358
1801.371758  -0.001378
1801.392192  -0.000392
1801.412625  -0.001162
1801.433059  -0.001596
1801.453492  -0.000654
1801.473926  -0.000807
1801.494359  -0.001252
1801.514793  -0.001084
1801.535226  -0.001634
1801.555659  -0.001262
1801.576093  -0.001064
1801.596526  -0.001222
1801.616960  -0.000893
1801.637393  -0.000699
1801.657827  -0.001216
1801.678260  -0.002804
1801.698694  -0.000966
1801.719127  -0.001081
