2455600.197548  15.604623 1.000000 
2455600.217982  15.605221 1.000000 
2455600.238416  15.605447 1.000000 
2455600.258849  15.604821 1.000000 
2455600.279283  15.604977 1.000000 
2455600.299716  15.604668 1.000000 
2455600.320150  15.605645 1.000000 
2455600.340583  15.604753 1.000000 
2455600.361017  15.605218 1.000000 
2455600.381450  15.605148 1.000000 
2455600.401884  15.604490 1.000000 
2455600.422318  15.605879 1.000000 
2455600.442751  15.605501 1.000000 
2455600.463185  15.605416 1.000000 
2455600.483618  15.604204 1.000000 
2455600.504052  15.605470 1.000000 
2455600.524486  15.605107 1.000000 
2455600.544919  15.605424 1.000000 
2455600.565353  15.605203 1.000000 
2455600.585786  15.604769 1.000000 
2455600.606220  15.605320 1.000000 
2455600.626653  15.605847 1.000000 
2455600.647087  15.605254 1.000000 
2455600.667520  15.604817 1.000000 
2455600.687954  15.605673 1.000000 
2455600.708388  15.605529 1.000000 
2455600.728821  15.605615 1.000000 
2455600.749255  15.605354 1.000000 
2455600.769688  15.605772 1.000000 
2455600.790122  15.604950 1.000000 
2455600.810556  15.605022 1.000000 
2455600.830989  15.605275 1.000000 
2455600.851423  15.605839 1.000000 
2455600.871856  15.605990 1.000000 
2455600.892290  15.606534 1.000000 
2455600.912723  15.606082 1.000000 
2455600.933157  15.605314 1.000000 
2455600.953591  15.604954 1.000000 
2455600.974024  15.605237 1.000000 
2455600.994458  15.605287 1.000000 
2455601.014891  15.605774 1.000000 
2455601.035325  15.605758 1.000000 
2455601.055759  15.605706 1.000000 
2455601.076192  15.605904 1.000000 
2455601.096626  15.604488 1.000000 
2455601.117059  15.605432 1.000000 
2455601.137493  15.606464 1.000000 
2455601.157926  15.605508 1.000000 
2455601.178360  15.605237 1.000000 
2455601.198794  15.604928 1.000000 
2455601.219227  15.605391 1.000000 
2455601.239661  15.605889 1.000000 
2455601.260094  15.605698 1.000000 
2455601.280528  15.605475 1.000000 
2455601.300962  15.605768 1.000000 
2455601.321395  15.606078 1.000000 
2455601.341829  15.606193 1.000000 
2455601.362262  15.604661 1.000000 
2455601.382696  15.605645 1.000000 
2455601.403129  15.605560 1.000000 
2455601.423563  15.604763 1.000000 
2455601.443997  15.604960 1.000000 
2455601.464430  15.605102 1.000000 
2455601.484864  15.604948 1.000000 
2455601.505297  15.604949 1.000000 
2455601.525731  15.605002 1.000000 
2455601.546165  15.606524 1.000000 
2455601.566598  15.605521 1.000000 
2455601.587032  15.606111 1.000000 
2455601.607465  15.605711 1.000000 
2455601.627899  15.605364 1.000000 
2455601.648332  15.605131 1.000000 
2455601.668766  15.605696 1.000000 
2455601.689200  15.605501 1.000000 
2455601.709633  15.605772 1.000000 
2455601.730067  15.604856 1.000000 
2455601.750501  15.605718 1.000000 
2455601.770934  15.606046 1.000000 
2455601.791368  15.605909 1.000000 
2455601.811801  15.606351 1.000000 
2455601.832235  15.606316 1.000000 
2455601.852669  15.604716 1.000000 
2455601.873102  15.605318 1.000000 
2455601.893536  15.604794 1.000000 
2455601.934403  15.606431 1.000000 
2455601.954836  15.608050 1.000000 
2455601.975270  15.610895 1.000000 
2455601.995704  15.614122 1.000000 
2455602.016137  15.617908 1.000000 
2455602.036571  15.621039 1.000000 
2455602.057005  15.622091 1.000000 
2455602.077438  15.623592 1.000000 
2455602.097872  15.624290 1.000000 
2455602.118305  15.622520 1.000000 
2455602.138739  15.621213 1.000000 
2455602.159172  15.617949 1.000000 
2455602.179606  15.615313 1.000000 
2455602.200040  15.610611 1.000000 
2455602.220473  15.607702 1.000000 
2455602.240907  15.606527 1.000000 
2455602.261340  15.605579 1.000000 
2455602.281774  15.605873 1.000000 
2455602.302208  15.606445 1.000000 
2455602.322641  15.605489 1.000000 
2455602.343075  15.605953 1.000000 
2455602.363508  15.605658 1.000000 
2455602.383942  15.605700 1.000000 
2455602.404376  15.606316 1.000000 
2455602.424809  15.605863 1.000000 
2455602.445243  15.606090 1.000000 
2455602.465676  15.604456 1.000000 
2455602.486110  15.604762 1.000000 
2455602.526977  15.605715 1.000000 
2455602.547411  15.606322 1.000000 
2455602.567844  15.606121 1.000000 
2455602.588278  15.605301 1.000000 
2455602.608712  15.605557 1.000000 
2455602.629145  15.605659 1.000000 
2455602.649579  15.606343 1.000000 
2455602.670013  15.605847 1.000000 
2455602.690446  15.605914 1.000000 
2455602.710880  15.606225 1.000000 
2455602.731313  15.606086 1.000000 
2455602.751747  15.606057 1.000000 
2455602.772181  15.605212 1.000000 
2455602.792614  15.605972 1.000000 
2455602.813048  15.605708 1.000000 
2455602.833481  15.605785 1.000000 
2455602.853915  15.605937 1.000000 
2455602.874349  15.605761 1.000000 
2455602.894782  15.605830 1.000000 
2455602.915216  15.605763 1.000000 
2455602.935649  15.605763 1.000000 
2455602.956083  15.604859 1.000000 
2455602.976517  15.606095 1.000000 
2455602.996950  15.606287 1.000000 
2455603.017384  15.606941 1.000000 
2455603.037818  15.605917 1.000000 
2455603.058251  15.606220 1.000000 
2455603.078685  15.605849 1.000000 
2455603.099118  15.605322 1.000000 
2455603.119552  15.606380 1.000000 
2455603.139986  15.605916 1.000000 
2455603.160419  15.605692 1.000000 
2455603.180853  15.606176 1.000000 
2455603.201286  15.605688 1.000000 
2455603.221720  15.606359 1.000000 
2455603.242154  15.604964 1.000000 
2455603.262587  15.606383 1.000000 
2455603.283021  15.605807 1.000000 
2455603.303455  15.605493 1.000000 
2455603.323888  15.606268 1.000000 
2455603.344322  15.606659 1.000000 
2455603.364755  15.606324 1.000000 
2455603.385189  15.606036 1.000000 
2455603.405623  15.605574 1.000000 
2455603.426056  15.606011 1.000000 
2455603.446490  15.606158 1.000000 
2455603.466924  15.606699 1.000000 
2455603.487357  15.606586 1.000000 
2455603.507791  15.605660 1.000000 
2455603.528224  15.604497 1.000000 
2455603.548658  15.605895 1.000000 
2455603.569092  15.605991 1.000000 
2455603.589525  15.605553 1.000000 
2455603.609959  15.605484 1.000000 
2455603.630393  15.605771 1.000000 
2455603.650826  15.603997 1.000000 
2455603.671260  15.604919 1.000000 
2455603.691693  15.606330 1.000000 
2455603.712127  15.606010 1.000000 
2455603.732561  15.606183 1.000000 
2455603.752994  15.605616 1.000000 
2455603.773428  15.606272 1.000000 
2455603.793862  15.605498 1.000000 
2455603.814295  15.606264 1.000000 
2455603.834729  15.606242 1.000000 
2455603.855162  15.605816 1.000000 
2455603.875596  15.606373 1.000000 
2455603.896030  15.605391 1.000000 
2455603.916463  15.606025 1.000000 
2455603.936897  15.605579 1.000000 
2455603.957331  15.606057 1.000000 
2455603.977764  15.605136 1.000000 
