2455005.748094  15.619215 1.000000 
2455005.768528  15.623037 1.000000 
2455005.788963  15.625833 1.000000 
2455005.809397  15.628377 1.000000 
2455005.829831  15.629808 1.000000 
2455005.850265  15.630298 1.000000 
2455005.870699  15.630239 1.000000 
2455005.891133  15.628573 1.000000 
2455005.911568  15.626959 1.000000 
2455005.932002  15.624468 1.000000 
2455005.952436  15.620541 1.000000 
2455005.972870  15.617442 1.000000 
2455005.993304  15.614102 1.000000 
2455006.013739  15.613425 1.000000 
2455006.034173  15.611889 1.000000 
2455006.054607  15.613270 1.000000 
2455006.075041  15.613097 1.000000 
2455006.095475  15.613087 1.000000 
2455006.115910  15.612899 1.000000 
2455006.136344  15.612757 1.000000 
2455006.177212  15.612982 1.000000 
2455006.197646  15.612509 1.000000 
2455006.218081  15.612857 1.000000 
2455006.238515  15.612800 1.000000 
2455006.258949  15.612795 1.000000 
2455006.279383  15.612836 1.000000 
2455006.299817  15.612459 1.000000 
2455006.320251  15.612875 1.000000 
2455006.340686  15.612542 1.000000 
2455006.361120  15.613455 1.000000 
2455006.381554  15.612053 1.000000 
2455006.401988  15.611168 1.000000 
2455006.422422  15.612049 1.000000 
2455006.442856  15.612268 1.000000 
2455006.463291  15.612979 1.000000 
2455006.483725  15.612194 1.000000 
2455006.504159  15.613534 1.000000 
2455006.524593  15.613115 1.000000 
2455006.545027  15.612535 1.000000 
2455006.565462  15.612469 1.000000 
2455006.585896  15.612760 1.000000 
2455006.606330  15.612724 1.000000 
2455006.626764  15.612681 1.000000 
2455006.647198  15.612925 1.000000 
2455006.667632  15.612965 1.000000 
2455006.688067  15.612247 1.000000 
2455006.708501  15.612259 1.000000 
2455006.728935  15.612476 1.000000 
2455006.749369  15.612757 1.000000 
2455006.769803  15.612870 1.000000 
2455006.790237  15.612827 1.000000 
2455006.810672  15.612464 1.000000 
2455006.831106  15.612357 1.000000 
2455006.851540  15.612647 1.000000 
2455006.871974  15.612968 1.000000 
2455006.892408  15.612502 1.000000 
2455006.912843  15.613473 1.000000 
2455006.933277  15.612299 1.000000 
2455006.953711  15.612467 1.000000 
2455006.974145  15.612378 1.000000 
2455006.994579  15.612812 1.000000 
2455007.015013  15.612345 1.000000 
2455007.035448  15.612620 1.000000 
2455007.055882  15.612618 1.000000 
2455007.076316  15.613012 1.000000 
2455007.096750  15.612795 1.000000 
2455007.117184  15.613580 1.000000 
2455007.137618  15.613493 1.000000 
2455007.158053  15.611811 1.000000 
2455007.178487  15.611922 1.000000 
2455007.198921  15.613079 1.000000 
2455007.219355  15.612369 1.000000 
2455007.239789  15.612229 1.000000 
2455007.260223  15.612076 1.000000 
2455007.280658  15.613151 1.000000 
2455007.301092  15.611933 1.000000 
2455007.321526  15.611878 1.000000 
2455007.341960  15.611889 1.000000 
2455007.362394  15.612720 1.000000 
2455007.382829  15.612622 1.000000 
2455007.403263  15.613016 1.000000 
2455007.423697  15.612494 1.000000 
2455007.444131  15.612661 1.000000 
2455007.464565  15.612981 1.000000 
2455007.484999  15.612490 1.000000 
2455007.505434  15.612952 1.000000 
2455007.525868  15.612016 1.000000 
2455007.546302  15.612530 1.000000 
2455007.566736  15.612932 1.000000 
2455007.587170  15.613034 1.000000 
2455007.607604  15.610570 1.000000 
2455007.628038  15.612411 1.000000 
2455007.648473  15.612546 1.000000 
2455007.668907  15.612514 1.000000 
2455007.689341  15.612167 1.000000 
2455007.709775  15.612527 1.000000 
2455007.730209  15.612423 1.000000 
2455007.750644  15.612801 1.000000 
