1878.322274  -0.000823
1878.342706  -0.000470
1878.363139  -0.000770
1878.383572  -0.000594
1878.404004  -0.000306
1878.424437  -0.000693
1878.444870  -0.001505
1878.465302  -0.001589
1878.485735  -0.000433
1878.506168  -0.000892
1878.526600  -0.000616
1878.547033  -0.000443
1878.567465   0.000296
1878.587898  -0.000291
1878.608331  -0.000827
1878.628763  -0.000542
1878.649196  -0.000512
1878.669629  -0.000732
1878.690061  -0.001497
1878.710494  -0.001644
1878.730927  -0.000624
1878.751359  -0.000163
1878.771792  -0.000314
1878.792225  -0.000905
1878.812657  -0.002403
1878.833090  -0.001307
1878.853523  -0.000591
1878.873955   0.000009
1878.894388  -0.001259
1878.914821   0.000356
1878.935253  -0.001175
1878.955686  -0.000593
1878.976119  -0.000556
1878.996551  -0.000375
1879.016984  -0.000396
1879.037417  -0.000367
1879.057849  -0.000709
1879.078282  -0.001564
1879.098714  -0.001209
1879.119147  -0.000122
1879.139580  -0.001164
1879.160012  -0.001519
1879.180445  -0.000069
1879.200878  -0.001948
1879.221310  -0.000414
1879.241743  -0.000310
1879.262176  -0.000834
1879.282608  -0.000616
1879.303041  -0.000620
1879.323474  -0.001190
1879.343906  -0.001083
1879.364339  -0.000797
1879.384771  -0.001571
1879.405204  -0.000790
1879.425637  -0.000947
1879.446069  -0.001209
1879.466502  -0.001185
1879.486935  -0.001181
1879.507367  -0.001127
1879.527800  -0.000549
1879.548233  -0.000485
1879.568665  -0.000650
1879.589098  -0.001268
1879.609531  -0.001342
1879.629963  -0.001067
1879.650396  -0.001248
1879.670829  -0.001798
1879.691261  -0.000816
1879.711694  -0.000409
1879.732126   0.000387
1879.752559  -0.000877
1879.772992  -0.000503
1879.793424  -0.000687
1879.813857  -0.000685
1879.834290  -0.000615
1879.854722  -0.000430
1879.875155  -0.000786
1879.895588  -0.001274
1879.916020  -0.000675
1879.936453  -0.000197
1879.956885  -0.000385
1879.977318  -0.000691
1879.997751  -0.001286
1880.018183  -0.000381
1880.038616  -0.000814
1880.059049  -0.000989
1880.079481  -0.000199
1880.099914  -0.000443
1880.120347  -0.000800
1880.140779   0.000140
1880.161212  -0.000550
1880.181645  -0.000433
1880.202077   0.001919
1880.242943   0.009431
1880.263375   0.013451
1880.283808   0.015068
1880.304240   0.015509
1880.324673   0.016762
1880.345106   0.017784
1880.365538   0.014952
1880.385971   0.014126
1880.406404   0.011291
1880.426836   0.007454
1880.447269   0.004089
1880.467702   0.000726
1880.488134  -0.000766
1880.508567  -0.000820
1880.528999  -0.000370
1880.549432  -0.001317
1880.569865  -0.000480
1880.590297  -0.000737
1880.610730  -0.001020
1880.631163  -0.001046
1880.651595  -0.001311
1880.672028  -0.000998
1880.692461  -0.000724
1880.712893  -0.001239
1880.733326  -0.001368
1880.753759  -0.001446
1880.774191  -0.000406
1880.794624  -0.000625
1880.815057  -0.000774
1880.835489  -0.000382
1880.855922  -0.000336
1880.876354  -0.001454
1880.896787   0.000222
1880.917220  -0.000649
1880.937652  -0.001304
1880.958085  -0.000975
1880.978518  -0.000277
1880.998950  -0.000806
1881.019383  -0.000811
1881.039816  -0.000754
1881.060248  -0.001512
1881.080681  -0.000775
1881.101113  -0.000486
1881.121546  -0.001051
1881.141979  -0.000331
1881.162411  -0.000585
1881.182844  -0.000534
1881.203277  -0.000697
1881.223709  -0.000693
1881.244142  -0.000323
1881.264575  -0.000824
1881.285007  -0.000969
1881.305440  -0.000890
1881.325873  -0.000694
1881.346305  -0.000523
1881.366738  -0.000825
1881.387170  -0.000670
1881.407603  -0.000198
1881.428036  -0.000194
1881.448469  -0.001330
1881.468901  -0.000847
1881.489334  -0.001197
1881.509766  -0.000572
1881.530199  -0.001697
1881.550632  -0.000720
1881.571064  -0.000883
1881.591497  -0.000236
1881.611930  -0.001108
1881.632362  -0.000576
1881.652795  -0.001425
1881.673228  -0.000320
1881.693660  -0.001242
1881.714093  -0.001307
1881.734526  -0.000760
1881.754958  -0.001014
1881.775391  -0.000216
1881.795823  -0.000464
1881.816256  -0.000470
1881.836689  -0.000008
1881.857121  -0.001262
1881.877554  -0.000173
1881.897987  -0.000502
1881.918419  -0.000030
1881.938852  -0.000472
1881.959285  -0.000696
1881.979717  -0.001243
1882.000150   0.000105
1882.020582  -0.000935
1882.041015  -0.001031
1882.061448  -0.000924
1882.081880  -0.000534
1882.102313  -0.000769
1882.122746  -0.000396
1882.143178  -0.001438
1882.163611  -0.001007
1882.184044  -0.001274
1882.204476  -0.000998
1882.224909  -0.000398
1882.245342  -0.001331
1882.265774  -0.000793
1882.286207  -0.000966
1882.306639  -0.001369
1882.327072  -0.000820
1882.347505  -0.000639
