2236.054707  -0.000441
2236.075140  -0.000075
2236.095573   0.000871
2236.116005   0.000438
2236.136438   0.000395
2236.156871   0.000179
2236.177304  -0.000208
2236.197736  -0.000541
2236.218169  -0.000309
2236.238602  -0.000880
2236.259034   0.000062
2236.279467   0.000427
2236.299900  -0.000074
2236.320332   0.000870
2236.340765  -0.000238
2236.361198  -0.000280
2236.381631   0.000208
2236.402063  -0.000967
2236.422496   0.000178
2236.442929   0.000151
2236.463361  -0.000016
2236.483794  -0.000413
2236.504227  -0.000032
2236.524660  -0.000240
2236.545092   0.000080
2236.565525   0.000453
2236.585958  -0.000447
2236.606390   0.000190
2236.626823  -0.001526
2236.647256   0.000368
2236.667688   0.000137
2236.688121   0.000100
2236.708554  -0.000451
2236.728987   0.000903
2236.749419  -0.000413
2236.769852   0.001116
2236.790285   0.000047
2236.810717   0.000435
2236.831150   0.000156
2236.851583  -0.000202
2236.872016  -0.000163
2236.892448   0.000551
2236.912881  -0.000204
2236.933314  -0.000110
2236.953746   0.000857
2236.974179   0.000340
2236.994612  -0.000687
2237.015045  -0.000636
2237.035477   0.000252
2237.055910   0.001029
2237.076343   0.000031
2237.096775   0.000306
2237.117208  -0.000589
2237.137641   0.000164
2237.158073   0.000286
2237.198939  -0.000163
2237.219371  -0.000283
2237.239804  -0.000632
2237.260237   0.000115
2237.280670   0.000233
2237.301102  -0.000455
2238.486199   0.000140
2238.506632  -0.000127
2238.527064  -0.000702
2238.547497  -0.000191
2238.567930  -0.000487
2238.588362  -0.000493
2238.608795  -0.000252
2238.629228  -0.000455
2238.649660   0.000050
2238.670093   0.000404
2238.690526   0.000174
2238.710959  -0.000354
2238.731391   0.000082
2238.751824   0.000320
2238.772257  -0.000377
2238.792689   0.000272
2238.813122   0.000247
2238.833555  -0.000298
2238.853987   0.000076
2238.874420   0.000234
2238.894853   0.000944
2238.915285  -0.000181
2238.935718  -0.000119
2238.956151   0.000391
2238.976584   0.000070
2238.997016   0.001207
2239.017449   0.000053
2239.037882  -0.000269
2239.058314   0.000413
2239.078747  -0.000868
2239.099180  -0.000067
2239.119612   0.000401
2239.140045  -0.000430
2239.160478  -0.000215
2239.180911   0.000019
2239.201343   0.000518
2239.221776  -0.000567
2239.242209  -0.000147
2239.262641  -0.000411
2239.283074   0.000030
2239.303507   0.000607
2239.323939   0.000481
2239.344372   0.000587
2239.364805  -0.000457
2239.385237  -0.000064
2239.405670  -0.000100
2239.426103   0.000144
2239.446536  -0.000091
2239.466968  -0.000333
2239.487401  -0.000376
2239.507834   0.000091
2239.528266   0.000230
2239.548699   0.000957
2239.569132   0.000065
2239.589564  -0.000394
2239.609997  -0.000280
2239.630430  -0.000181
2239.650862  -0.000699
2239.671295   0.000439
2239.691728   0.000185
2239.712160  -0.000028
2239.732593   0.000647
2239.753026   0.000049
2239.773459   0.000108
2239.793891  -0.000481
2239.814324   0.000321
2239.834757  -0.000677
2239.875622  -0.000336
2239.896055  -0.000120
2239.916487   0.000056
2239.936920   0.000476
2239.957353   0.000022
2239.977785   0.000562
2239.998218   0.000829
2240.018651  -0.000482
2240.039084  -0.000591
2240.059516  -0.000014
2240.079949  -0.000439
