1719.308812  -0.000650
1719.329246  -0.000420
1719.349681  -0.000969
1719.370115  -0.000626
1719.390550  -0.001508
1719.410984  -0.001308
1719.431419  -0.000623
1719.451853  -0.000895
1719.472288  -0.000253
1719.492722  -0.001841
1719.513157  -0.000518
1719.533591  -0.000672
1719.554025  -0.000461
1719.574460  -0.000667
1719.594894  -0.001013
1719.615329  -0.001379
1719.635763  -0.000910
1719.656198  -0.000666
1719.676632  -0.001042
1719.697067  -0.000636
1719.717501   0.000249
1719.737935  -0.000529
1719.758370  -0.000386
1719.778804  -0.001003
1719.799239  -0.000277
1719.819673  -0.000883
1719.860542   0.005877
1719.880977   0.000351
1719.901411  -0.000035
1719.921846  -0.002251
1719.942280  -0.002911
1719.962714  -0.000532
1719.983149  -0.002895
1720.003583  -0.001425
1720.024018  -0.001907
1720.044452  -0.000238
1720.064887  -0.000721
1720.085321  -0.002639
1720.105756  -0.000275
1720.126190  -0.001937
1720.167059  -0.000960
1720.187493  -0.000577
1720.207928  -0.001206
1720.228362  -0.000181
1720.248797  -0.001385
1720.269231  -0.003175
1720.289665   0.000094
1720.310100  -0.001984
1720.330534   0.000117
1720.350969   0.000250
1720.371403  -0.000100
1720.391838  -0.000817
1720.412272   0.000314
1720.432707  -0.000901
1720.453141  -0.000517
1720.473575   0.000319
1720.494010   0.000447
1720.514444  -0.000339
1720.534879  -0.001939
1720.555313  -0.002388
1720.575748  -0.001181
1720.596182  -0.001924
1720.616617  -0.000963
1720.637051  -0.000645
1720.657485  -0.001373
1720.677920  -0.000817
1720.698354  -0.000640
1720.718789  -0.000020
1720.739223  -0.000316
1720.759658  -0.000009
1720.780092  -0.001250
1720.800527  -0.000581
1720.820961  -0.000572
1720.841395  -0.000650
1720.861830  -0.000750
1720.882264  -0.000987
1720.902699  -0.000235
1720.923133  -0.000822
1720.943568  -0.000627
1720.964002  -0.000088
1720.984436  -0.000369
1721.004871  -0.000263
1721.025305  -0.000245
1721.045740  -0.000695
1721.066174  -0.001901
1721.086609  -0.001547
1721.107043  -0.001521
1721.127478  -0.000227
1721.147912  -0.001441
1721.168346  -0.000756
1721.188781   0.000841
1721.209215   0.002407
1721.250084   0.010227
1721.270518   0.012540
1721.290953   0.014291
1721.311387   0.016157
1721.331822   0.016615
1721.352256   0.015100
1721.372691   0.014796
1721.393125   0.013595
1721.413560   0.011422
1721.433994   0.006908
1721.454428   0.003201
1721.474863   0.000292
1721.495297  -0.000030
1721.515732  -0.000842
1721.536166  -0.000736
1721.556601  -0.001231
1721.577035  -0.000288
1721.597469  -0.000196
1721.617904  -0.000498
1721.638338  -0.000769
1721.658773  -0.001080
1721.679207  -0.000695
1721.699642  -0.000735
1721.720076   0.000419
1721.740511  -0.001309
1721.760945  -0.001852
1721.781379  -0.001226
1721.801814  -0.000234
1721.822248   0.000030
1721.842683  -0.000463
1721.863117  -0.001283
1721.883552  -0.000528
1721.903986  -0.000284
1721.944855  -0.000996
1721.965289  -0.000199
1721.985724  -0.000394
1722.006158  -0.001237
1722.026593   0.000206
1722.047027  -0.001311
1722.067461  -0.000398
1722.087896  -0.000696
1722.108330  -0.000963
1722.128765  -0.000100
1722.149199  -0.002104
1722.169634  -0.000291
1722.190068  -0.001048
1722.210503  -0.001820
1722.230937  -0.000380
1722.251371  -0.000884
1722.271806  -0.000769
1722.292240  -0.001580
1722.312675  -0.000346
1722.333109   0.000021
1722.353543  -0.000583
1722.373978  -0.000998
1722.394412  -0.000335
1722.414847  -0.000514
1722.435281  -0.000981
1722.455716  -0.000245
1722.476150  -0.001194
1722.496584  -0.001455
1722.517019  -0.001028
1722.537453  -0.000872
1722.557888  -0.000811
1722.578322  -0.000541
1722.598757  -0.001467
1722.619191  -0.000465
1722.639625  -0.000692
1722.660060  -0.000780
1722.680494  -0.001030
1722.700929  -0.001672
1722.721363  -0.000765
1722.741798  -0.001443
1722.762232  -0.000862
1722.782666  -0.000222
1722.803101  -0.000381
1722.823535  -0.000736
1722.843970  -0.000998
1722.864404  -0.000533
1722.884839  -0.000554
1722.905273  -0.001418
1722.925707  -0.000712
1722.946142  -0.000807
1722.966576  -0.001565
1722.987011  -0.001073
1723.007445  -0.000066
1723.027880  -0.000536
1723.048314  -0.000627
1723.068748  -0.001332
1723.089183  -0.001178
1723.109617  -0.000805
1723.130052   0.000264
1723.150486  -0.000263
1723.170921  -0.001106
1723.191355  -0.000680
1723.211789  -0.001067
1723.232224  -0.000957
1723.252658  -0.000490
1723.273093  -0.000718
1723.293527  -0.000693
1723.313962  -0.000134
1723.334396  -0.000709
1723.354830  -0.000681
