1441.065945  -0.000219
1441.086379  -0.000981
1441.106812  -0.000729
1441.127245  -0.001954
1441.147678  -0.000216
1441.168112  -0.000775
1441.188545  -0.001567
1441.208978  -0.000264
1441.229412  -0.000329
1441.249845  -0.000801
1441.270278  -0.001365
1441.290711  -0.000451
1441.311145  -0.000797
1441.331578  -0.001452
1441.352011  -0.000770
1441.372444  -0.000110
1441.392878  -0.000124
1441.413311  -0.000840
1441.433744  -0.000403
1441.454177  -0.000327
1441.474611  -0.000092
1441.495044  -0.000945
1441.515477  -0.000302
1441.535911  -0.000546
1441.556344  -0.000765
1441.576777  -0.001145
1441.597210  -0.000506
1441.617644  -0.000182
1441.638077  -0.000999
1441.658510  -0.000386
1441.678944  -0.000055
1441.699377  -0.000350
1441.719810  -0.000741
1441.740243  -0.000485
1441.760676  -0.000915
1441.781110  -0.001235
1441.801543  -0.001283
1441.821976  -0.001066
1441.842410  -0.000819
1441.862843  -0.001270
1441.883276  -0.000504
1441.903709  -0.001006
1441.924143  -0.000318
1441.965009  -0.000823
1441.985442  -0.001324
1442.005876  -0.001026
1442.026309  -0.000966
1442.046742  -0.000966
1442.067176  -0.000903
1442.087609  -0.000713
1442.108042  -0.000998
1442.128475  -0.001091
1442.148909  -0.000468
1442.169342   0.000429
1442.189775  -0.001058
1442.210208  -0.000808
1442.230642  -0.000977
1442.251075  -0.000567
1442.271508  -0.000800
1442.291941  -0.001061
1442.312375  -0.000282
1442.332808  -0.001411
1442.353241  -0.000317
1442.373674  -0.001327
1442.394108  -0.000877
1442.414541  -0.000115
1442.434974  -0.000765
1442.455407  -0.000539
1442.475841   0.000387
1442.496274  -0.000468
1442.516707  -0.000679
1442.537140  -0.000912
1442.557574  -0.001047
1442.578007  -0.000714
1442.598440  -0.000730
1442.618874  -0.000392
1442.639307  -0.000678
1442.659740  -0.000826
1442.680173  -0.001071
1442.700607  -0.000474
1442.721040  -0.000826
1442.741473  -0.000734
1442.761906  -0.000539
1442.782340  -0.000398
1442.802773  -0.000547
1442.823206  -0.001117
1442.843639  -0.000476
1442.864073  -0.000629
1442.884506  -0.002062
1442.904939  -0.000711
1442.925372  -0.001091
1442.945806  -0.000188
1442.966239   0.001598
1442.986672   0.005358
1443.007105   0.009608
1443.027539   0.012379
1443.047972   0.014589
1443.068405   0.015427
1443.088838   0.016541
1443.109271   0.016439
1443.129705   0.014739
1443.150138   0.013791
1443.170571   0.010302
1443.211438   0.002657
1443.231871  -0.000354
1443.252304  -0.000093
1443.272738  -0.000598
1443.293171  -0.000418
1443.313604  -0.000657
1443.334037  -0.000720
1443.354471  -0.000682
1443.374904  -0.000661
1443.395337  -0.000962
1443.415770  -0.000037
1443.436204  -0.000725
1443.456637  -0.000981
1443.477070  -0.001324
1443.497503  -0.001047
1443.517936  -0.000676
1443.538370  -0.000948
1443.558803  -0.000809
1443.579236  -0.000943
1443.599669  -0.000358
1443.620103  -0.000898
1443.640536  -0.000022
1443.660969  -0.000451
1443.681402  -0.001198
1443.701836  -0.001068
1443.722269  -0.001380
1443.742702  -0.001516
1443.763135  -0.000255
1443.783569  -0.000115
1443.804002  -0.000824
1443.824435  -0.000360
1443.844868  -0.000370
1443.865302  -0.000414
1443.885735  -0.000975
1443.906168  -0.000701
1443.926601  -0.000987
1443.947035  -0.000957
1443.967468  -0.000568
1443.987901  -0.000593
1444.008334  -0.000173
1444.028767  -0.000764
1444.049201  -0.000699
1444.069634  -0.000548
1444.090067  -0.000068
1444.110500  -0.001117
1444.130934  -0.001289
1444.151367  -0.001257
1444.171800  -0.000493
1444.192233  -0.000838
1444.212667  -0.000572
1444.233100  -0.000385
1444.253533  -0.000313
1444.273966  -0.000820
1444.294399  -0.000756
1444.314833  -0.000986
1444.335266  -0.000843
1444.355699  -0.000336
1444.376132  -0.000459
1444.396566  -0.001093
1444.416999  -0.000689
1444.437432  -0.000625
1444.457865  -0.000042
1444.478298  -0.001034
1444.498732  -0.001152
1444.519165  -0.001059
1444.539598  -0.000429
1444.560031  -0.000334
1444.580465   0.000045
1444.600898  -0.001255
1444.621331  -0.001315
1444.641764  -0.001480
1444.662197  -0.001831
1444.682631  -0.000421
1444.703064  -0.000818
1444.723497  -0.000527
1444.743930  -0.000430
1444.764364  -0.000324
1444.784797  -0.000939
1444.805230  -0.000622
1444.825663  -0.000442
1444.846097  -0.001191
1444.866530  -0.000903
1444.886963  -0.000434
1444.907396  -0.000605
1444.927830  -0.000522
1444.948263  -0.000609
1444.968696  -0.000434
1444.989129  -0.000681
1445.009562  -0.000630
1445.029996  -0.001435
1445.050429  -0.000649
1445.070862  -0.000627
1445.091295  -0.000584
1445.111728  -0.000877
