1759.073864  -0.000288
1759.094298  -0.001687
1759.114732  -0.000212
1759.135166  -0.000099
1759.155600  -0.001155
1759.176034  -0.000497
1759.196468  -0.001192
1759.216902  -0.001328
1759.237336  -0.000873
1759.257770  -0.000743
1759.278204  -0.000259
1759.298638  -0.000796
1759.319072  -0.000232
1759.339507  -0.000866
1759.359941  -0.001032
1759.380375  -0.000867
1759.400809  -0.000618
1759.421243  -0.001230
1759.441677  -0.000956
1759.462111  -0.000645
1759.482545   0.000278
1759.502979  -0.001030
1759.523413  -0.000495
1759.543847  -0.000263
1759.564281  -0.000487
1759.584715  -0.001023
1759.605149  -0.000343
1759.625583  -0.000937
1759.646017  -0.000694
1759.666452  -0.001484
1759.686886  -0.000921
1759.707320  -0.000749
1759.727754  -0.001145
1759.748188  -0.000015
1759.768622  -0.000914
1759.789056  -0.000473
1759.809490  -0.000433
1759.829924  -0.000740
1759.870792  -0.000627
1759.891226  -0.000272
1759.911660  -0.010456
1759.932094  -0.000652
1759.952528  -0.000676
1759.972962  -0.000514
1759.993396  -0.001513
1760.013830  -0.000153
1760.034264  -0.001045
1760.054698  -0.001129
1760.075133  -0.000000
1760.095567  -0.000530
1760.116001  -0.000770
1760.136435  -0.001177
1760.156869  -0.001171
1760.177303  -0.000309
1760.197737  -0.000933
1760.218171  -0.000239
1760.238605  -0.001029
1760.259039  -0.000419
1760.279473  -0.000337
1760.299907  -0.001233
1760.320341  -0.000629
1760.340775  -0.000499
1760.361209  -0.001031
1760.381643  -0.001008
1760.402077  -0.000455
1760.422511  -0.001114
1760.442945  -0.000595
1760.463380  -0.000897
1760.483813  -0.000298
1760.504248  -0.000460
1760.524682  -0.000558
1760.545116  -0.001343
1760.565550  -0.000544
1760.585984   0.000114
1760.606418  -0.000912
1760.626852  -0.001082
1760.647286  -0.000956
1760.667720  -0.001191
1760.688154  -0.000840
1760.708588  -0.001236
1760.729022  -0.000744
1760.749456  -0.001223
1760.769890  -0.000441
1760.790324  -0.001194
1760.810758  -0.000423
1760.831192  -0.000885
1760.851626   0.000034
1760.872060  -0.000462
1760.892494  -0.000494
1760.912928  -0.000435
1760.933362  -0.001963
1760.953796   0.001166
1760.974230   0.005065
1760.994665   0.009067
1761.015099   0.012913
1761.035533   0.014178
1761.055967   0.016854
1761.076401   0.017468
1761.096835   0.017114
1761.117269   0.016302
1761.137703   0.014117
1761.158137   0.011054
1761.178571   0.008277
1761.199005   0.003979
1761.219439   0.001176
1761.239873  -0.000254
1761.260307  -0.000298
1761.280741  -0.000697
1761.301175  -0.000460
1761.321609  -0.000333
1761.342043  -0.000321
1761.362477  -0.000523
1761.382911  -0.000502
1761.403345  -0.001420
1761.423779  -0.000744
1761.444213  -0.000789
1761.464647   0.000172
1761.485081  -0.001123
1761.505515  -0.000112
1761.525949  -0.000736
1761.546384  -0.000415
1761.566818  -0.001859
1761.587252  -0.001021
1761.607686  -0.000987
1761.628120  -0.000511
1761.648554  -0.000921
1761.668988  -0.001133
1761.689422  -0.000307
1761.709856  -0.000976
1761.730290  -0.000625
1761.750724  -0.001093
1761.771158  -0.000565
1761.791592  -0.000760
1761.812026  -0.000868
1761.832460  -0.000856
1761.852894  -0.000753
1761.873328  -0.000777
1761.893762  -0.001157
1761.914196  -0.001828
1761.934630  -0.000985
1761.955064  -0.000758
1761.975498  -0.001430
1761.995932  -0.000830
1762.016366  -0.001559
1762.036800  -0.001079
1762.057234  -0.001499
1762.077668  -0.000799
1762.098102  -0.000940
1762.118536  -0.000894
1762.138970  -0.001869
1762.159404  -0.000761
1762.179838   0.000035
1762.200272  -0.000924
1762.220706  -0.000673
1762.241140  -0.000961
1762.261574  -0.001411
1762.282008  -0.001010
1762.302443  -0.000572
1762.322876  -0.000860
1762.343310  -0.001531
1762.384178  -0.001391
1762.404613  -0.000706
1762.425047  -0.001071
1762.445481  -0.000671
1762.465915  -0.000923
1762.486349  -0.001621
1762.506783  -0.000028
1762.527217  -0.000187
1762.547651  -0.000558
1762.568085  -0.000658
1762.588519  -0.000821
1762.608953  -0.000458
1762.629387  -0.000491
1762.649821  -0.001213
1762.670255  -0.000638
1762.690689  -0.000954
1762.711123  -0.001011
1762.731557  -0.000459
1762.751991  -0.000588
1762.772425  -0.000149
1762.792859  -0.000533
1762.813293  -0.000804
1762.895029  -0.001530
1762.915463  -0.001425
1762.935897  -0.000749
1762.956331  -0.000449
1762.976765  -0.000520
1762.997199  -0.000558
1763.017633  -0.001120
1763.038067  -0.000704
1763.058501  -0.001540
1763.078935  -0.000103
1763.099369  -0.000845
