2455838.682715  15.603683 1.000000 
2455838.703148  15.603148 1.000000 
2455838.723581  15.601423 1.000000 
2455838.744014  15.603119 1.000000 
2455838.764447  15.603601 1.000000 
2455838.784880  15.603324 1.000000 
2455838.805313  15.603380 1.000000 
2455838.825746  15.602210 1.000000 
2455838.846179  15.603668 1.000000 
2455838.866612  15.603443 1.000000 
2455838.887044  15.603658 1.000000 
2455838.907477  15.603500 1.000000 
2455838.927910  15.603399 1.000000 
2455838.948343  15.603671 1.000000 
2455838.968776  15.603267 1.000000 
2455838.989209  15.602593 1.000000 
2455839.009642  15.603361 1.000000 
2455839.030075  15.603375 1.000000 
2455839.050508  15.602490 1.000000 
2455839.070941  15.603288 1.000000 
2455839.091374  15.603463 1.000000 
2455839.111807  15.602018 1.000000 
2455839.132240  15.602788 1.000000 
2455839.152673  15.603050 1.000000 
2455839.173106  15.603461 1.000000 
2455839.193539  15.602736 1.000000 
2455839.213971  15.603658 1.000000 
2455839.234404  15.603397 1.000000 
2455839.275270  15.603591 1.000000 
2455839.295703  15.602261 1.000000 
2455839.316136  15.603189 1.000000 
2455839.336569  15.603790 1.000000 
2455839.357002  15.603643 1.000000 
2455839.377435  15.603509 1.000000 
2455839.397868  15.603477 1.000000 
2455839.418301  15.602998 1.000000 
2455839.438734  15.603816 1.000000 
2455839.459167  15.603391 1.000000 
2455839.479600  15.603059 1.000000 
2455839.500032  15.602569 1.000000 
2455839.520466  15.603912 1.000000 
2455839.540898  15.603438 1.000000 
2455839.561331  15.603788 1.000000 
2455839.581764  15.603600 1.000000 
2455839.602197  15.603616 1.000000 
2455839.622630  15.603097 1.000000 
2455839.643063  15.603212 1.000000 
2455839.663496  15.603253 1.000000 
2455839.683929  15.603792 1.000000 
2455839.704362  15.603197 1.000000 
2455839.724795  15.603473 1.000000 
2455839.745228  15.603036 1.000000 
2455839.765661  15.603395 1.000000 
2455839.786093  15.602796 1.000000 
2455839.806526  15.603247 1.000000 
2455839.826959  15.603148 1.000000 
2455839.847392  15.602506 1.000000 
2455839.867825  15.602603 1.000000 
2455839.888258  15.602727 1.000000 
2455839.908691  15.603142 1.000000 
2455839.929124  15.603235 1.000000 
2455839.949557  15.603205 1.000000 
2455839.969990  15.603462 1.000000 
2455839.990423  15.603257 1.000000 
2455840.010856  15.602958 1.000000 
2455840.031289  15.603860 1.000000 
2455840.051721  15.603116 1.000000 
2455840.072154  15.603510 1.000000 
2455840.092587  15.602340 1.000000 
2455840.113020  15.603160 1.000000 
2455840.133453  15.603613 1.000000 
2455840.153886  15.602666 1.000000 
2455840.174319  15.602923 1.000000 
2455840.194752  15.603261 1.000000 
2455840.215185  15.603901 1.000000 
2455840.235618  15.603310 1.000000 
2455840.256051  15.603300 1.000000 
2455840.276484  15.603113 1.000000 
2455840.296917  15.603794 1.000000 
2455840.317349  15.603461 1.000000 
2455840.337782  15.603723 1.000000 
2455840.358215  15.603492 1.000000 
2455840.378648  15.603871 1.000000 
2455840.399081  15.603381 1.000000 
2455840.419514  15.603311 1.000000 
2455840.439947  15.604291 1.000000 
2455840.460380  15.607685 1.000000 
2455840.480813  15.610587 1.000000 
2455840.501246  15.615317 1.000000 
2455840.521679  15.618225 1.000000 
2455840.542112  15.619678 1.000000 
2455840.562544  15.620717 1.000000 
2455840.582977  15.621977 1.000000 
2455840.603410  15.622089 1.000000 
2455840.623843  15.619716 1.000000 
2455840.644276  15.615680 1.000000 
2455840.664709  15.615273 1.000000 
2455840.685142  15.610690 1.000000 
2455840.705575  15.606635 1.000000 
2455840.726008  15.603962 1.000000 
2455840.746441  15.603447 1.000000 
2455840.766874  15.603461 1.000000 
2455840.787307  15.603530 1.000000 
2455840.807739  15.603197 1.000000 
2455840.828172  15.603929 1.000000 
2455840.848605  15.603584 1.000000 
2455840.869038  15.603013 1.000000 
2455840.889471  15.603663 1.000000 
2455840.909904  15.603736 1.000000 
2455840.930337  15.603472 1.000000 
2455840.950770  15.603918 1.000000 
2455840.971203  15.603765 1.000000 
2455840.991636  15.603380 1.000000 
2455841.012069  15.603991 1.000000 
2455841.032501  15.603991 1.000000 
2455841.052934  15.602776 1.000000 
2455841.073367  15.603581 1.000000 
2455841.093800  15.603415 1.000000 
2455841.114233  15.603451 1.000000 
2455841.134666  15.603833 1.000000 
2455841.155099  15.603200 1.000000 
2455841.175532  15.603156 1.000000 
2455841.195965  15.603692 1.000000 
2455841.216398  15.603018 1.000000 
2455841.236831  15.603305 1.000000 
2455841.257263  15.603914 1.000000 
2455841.277696  15.603061 1.000000 
2455841.318562  15.603713 1.000000 
2455841.338995  15.602841 1.000000 
2455841.359428  15.603810 1.000000 
2455841.379861  15.603361 1.000000 
2455841.400294  15.603475 1.000000 
2455841.420727  15.603114 1.000000 
2455841.441160  15.604086 1.000000 
2455841.461593  15.603375 1.000000 
2455841.502459  15.603772 1.000000 
2455841.522891  15.602703 1.000000 
2455841.543324  15.602844 1.000000 
2455841.563757  15.603664 1.000000 
2455841.584190  15.603292 1.000000 
2455841.604623  15.603633 1.000000 
2455841.625056  15.603881 1.000000 
2455841.645489  15.603323 1.000000 
2455841.665922  15.603794 1.000000 
2455841.686355  15.603046 1.000000 
2455841.706788  15.604931 1.000000 
2455841.727220  15.603382 1.000000 
2455841.747653  15.603551 1.000000 
2455841.768086  15.603439 1.000000 
2455841.788519  15.603855 1.000000 
2455841.808952  15.603805 1.000000 
2455841.829385  15.603471 1.000000 
2455841.849818  15.604080 1.000000 
2455841.870251  15.604526 1.000000 
2455841.890684  15.604544 1.000000 
2455841.911116  15.603800 1.000000 
2455841.931549  15.603432 1.000000 
2455841.951982  15.603476 1.000000 
2455841.972415  15.603949 1.000000 
2455841.992848  15.604207 1.000000 
2455842.013281  15.603906 1.000000 
2455842.033714  15.603466 1.000000 
2455842.054147  15.604464 1.000000 
2455842.074580  15.603966 1.000000 
2455842.095013  15.603819 1.000000 
2455842.115445  15.603562 1.000000 
2455842.135878  15.603394 1.000000 
2455842.156311  15.603641 1.000000 
2455842.176744  15.603885 1.000000 
2455842.197177  15.604219 1.000000 
2455842.217610  15.604615 1.000000 
2455842.258476  15.603151 1.000000 
2455842.278909  15.603390 1.000000 
2455842.299342  15.603717 1.000000 
2455842.319775  15.603490 1.000000 
2455842.340207  15.603994 1.000000 
2455842.360640  15.603651 1.000000 
2455842.381073  15.604391 1.000000 
2455842.421939  15.603992 1.000000 
2455842.442372  15.603656 1.000000 
2455842.462805  15.603538 1.000000 
