2037.314516   0.000210
2037.334950  -0.000911
2037.355385  -0.000218
2037.375819  -0.000230
2037.396254  -0.000281
2037.416688  -0.000618
2037.437122  -0.001399
2037.457557  -0.001426
2037.477991  -0.000939
2037.498426  -0.000759
2037.518860  -0.001086
2037.539295  -0.001241
2037.559729  -0.001097
2037.580163  -0.000776
2037.600598  -0.001094
2037.621032  -0.000590
2037.641467  -0.001243
2037.661901  -0.000481
2037.682335  -0.000561
2037.702770  -0.001411
2037.723204  -0.001401
2037.743639  -0.000840
2037.764073  -0.001138
2037.784508  -0.000959
2037.804942  -0.000599
2037.825377   0.000030
2037.845811  -0.000724
2037.866245  -0.000429
2037.886680  -0.000676
2037.907114  -0.000138
2037.927549  -0.001723
2037.947983  -0.001288
2037.968417  -0.000505
2037.988852  -0.001212
2038.009286  -0.000605
2038.029721  -0.000261
2038.050155  -0.001188
2038.070590  -0.001556
2038.091024  -0.000233
2038.111459  -0.000411
2038.131893  -0.001461
2038.152328  -0.001415
2038.172762  -0.000513
2038.193196  -0.000661
2038.213631  -0.000310
2038.234065  -0.001311
2038.254500  -0.000626
2038.274934  -0.001063
2038.295368  -0.000685
2038.315803  -0.000899
2038.336237  -0.000686
2038.356672  -0.000857
2038.377106  -0.001056
2038.397541  -0.000484
2038.417975  -0.000893
2038.438410  -0.000615
2038.458844  -0.000964
2038.479278  -0.000547
2038.499713  -0.000437
2038.520147  -0.000299
2038.540582  -0.000088
2038.561016  -0.001147
2038.581451  -0.000912
2038.601885  -0.000293
2038.622319  -0.000449
2038.642754  -0.000848
2038.663188   0.000099
2038.683623  -0.000655
2038.704057  -0.001092
2038.724492  -0.000673
2038.744926  -0.000788
2038.765361  -0.000901
2038.785795  -0.000119
2038.806229  -0.000644
2038.826664  -0.001389
2038.847098  -0.001458
2038.867533  -0.000722
2038.887967  -0.000843
2038.908402  -0.001768
2038.949270  -0.000709
2038.990139  -0.001303
2039.010574  -0.000740
2039.031008  -0.001304
2039.051443  -0.001570
2039.071877  -0.000702
2039.092312  -0.000454
2039.112746  -0.001609
2039.133180  -0.001407
2039.153615  -0.001055
2039.174049  -0.000268
2039.194484   0.000929
2039.214918   0.004139
2039.235353   0.008507
2039.255787   0.011909
2039.276221   0.014498
2039.296656   0.015984
2039.317090   0.016693
2039.337525   0.016754
2039.357959   0.015976
2039.378394   0.013774
2039.398828   0.011856
2039.419263   0.008569
2039.439697   0.004253
2039.460131   0.001103
2039.480566  -0.000040
2039.501000  -0.001170
2039.521435  -0.000894
2039.541869  -0.000070
2039.562304  -0.000787
2039.582738  -0.001137
2039.603173  -0.000493
2039.623607  -0.001023
2039.644041  -0.000896
2039.664476  -0.001012
2039.684910  -0.000535
2039.705345  -0.000843
2039.725779  -0.001526
2039.746214  -0.000873
2039.766648  -0.000963
2039.787082  -0.000872
2039.807517  -0.000869
2039.827951  -0.000486
2039.848386  -0.001005
2039.868820  -0.000438
2039.889255  -0.000812
2039.909689  -0.000299
2039.930124  -0.000481
2039.950558  -0.001421
2039.970993  -0.000775
2039.991427  -0.000667
2040.011861  -0.000764
2040.032296  -0.000792
2040.052730  -0.001074
2040.073165  -0.000714
2040.093599  -0.000840
2040.114034  -0.001057
2040.134468  -0.001208
2040.154903  -0.000376
2040.175337  -0.000670
2040.195771  -0.000533
2040.216206  -0.000576
2040.236640  -0.001124
2040.257075  -0.000660
2040.277509   0.000304
2040.297944  -0.000469
2040.318378  -0.000846
2040.338813  -0.001759
2040.359247  -0.000616
2040.379681  -0.001063
2040.400116  -0.001190
2040.420550  -0.001032
2040.440985  -0.000574
2040.461419   0.000123
2040.481854  -0.000588
2040.502288  -0.000065
2040.522723   0.000086
2040.543157  -0.001136
2040.563591  -0.000150
2040.584026  -0.000498
2040.604460  -0.001110
2040.624895  -0.000993
2040.645329  -0.000780
2040.665764  -0.001517
2040.686198   0.000065
2040.706633  -0.000335
2040.727067  -0.001135
2040.747502  -0.000745
2040.767936  -0.001476
2040.788370  -0.000746
2040.808805  -0.000682
2040.829239  -0.000153
2040.849674  -0.001574
2040.870108  -0.000709
2040.890543  -0.001406
2040.931412  -0.000961
2040.951846  -0.000297
2040.972281  -0.000979
2040.992715  -0.000256
2041.013149  -0.001045
2041.033584  -0.001894
2041.054018  -0.001078
2041.074453  -0.000686
2041.094887  -0.001310
2041.115322  -0.000699
2041.135756  -0.000301
2041.156191  -0.000801
2041.176625  -0.000618
2041.197060  -0.000999
2041.217494  -0.000945
2041.237928  -0.000225
2041.258363  -0.000722
2041.278797  -0.001344
2041.299232  -0.000756
2041.319666  -0.001050
2041.340101  -0.000831
