2455520.692749  15.608184 1.000000 
2455520.713182  15.608481 1.000000 
2455520.733615  15.608654 1.000000 
2455520.754047  15.608848 1.000000 
2455520.774480  15.607808 1.000000 
2455520.794913  15.608358 1.000000 
2455520.815345  15.608756 1.000000 
2455520.835778  15.608371 1.000000 
2455520.856211  15.606946 1.000000 
2455520.876643  15.608521 1.000000 
2455520.897076  15.607986 1.000000 
2455520.917509  15.608552 1.000000 
2455520.937941  15.608026 1.000000 
2455520.958374  15.608218 1.000000 
2455520.978806  15.609083 1.000000 
2455520.999239  15.608274 1.000000 
2455521.019672  15.609016 1.000000 
2455521.040104  15.607951 1.000000 
2455521.060537  15.608088 1.000000 
2455521.080970  15.608310 1.000000 
2455521.101402  15.608351 1.000000 
2455521.121835  15.607769 1.000000 
2455521.142268  15.608421 1.000000 
2455521.162700  15.608256 1.000000 
2455521.183133  15.608811 1.000000 
2455521.203566  15.607184 1.000000 
2455521.223998  15.608212 1.000000 
2455521.244431  15.608488 1.000000 
2455521.264863  15.607491 1.000000 
2455521.285296  15.608441 1.000000 
2455521.305729  15.607830 1.000000 
2455521.326161  15.608787 1.000000 
2455521.346594  15.608558 1.000000 
2455521.367027  15.608393 1.000000 
2455521.387459  15.607544 1.000000 
2455521.407892  15.607924 1.000000 
2455521.428325  15.608345 1.000000 
2455521.448757  15.608812 1.000000 
2455521.469190  15.608113 1.000000 
2455521.489623  15.607480 1.000000 
2455521.510055  15.608778 1.000000 
2455521.530488  15.608597 1.000000 
2455521.550920  15.608207 1.000000 
2455521.571353  15.608526 1.000000 
2455521.591786  15.608201 1.000000 
2455521.612218  15.608679 1.000000 
2455521.632651  15.607920 1.000000 
2455521.653084  15.608357 1.000000 
2455521.673516  15.608313 1.000000 
2455521.693949  15.608342 1.000000 
2455521.714382  15.608578 1.000000 
2455521.734814  15.608692 1.000000 
2455521.755247  15.608508 1.000000 
2455521.775680  15.608350 1.000000 
2455521.796112  15.607060 1.000000 
2455521.816545  15.608797 1.000000 
2455521.857410  15.607476 1.000000 
2455521.877843  15.608073 1.000000 
2455521.898276  15.607928 1.000000 
2455521.918708  15.607856 1.000000 
2455521.939141  15.608397 1.000000 
2455521.959574  15.608083 1.000000 
2455521.980006  15.607887 1.000000 
2455522.000439  15.607140 1.000000 
2455522.020872  15.608552 1.000000 
2455522.041304  15.607980 1.000000 
2455522.061737  15.608035 1.000000 
2455522.082169  15.608294 1.000000 
2455522.102602  15.608688 1.000000 
2455522.123035  15.608026 1.000000 
2455522.143467  15.608064 1.000000 
2455522.163900  15.608668 1.000000 
2455522.184333  15.608363 1.000000 
2455522.204765  15.607982 1.000000 
2455522.225198  15.607551 1.000000 
2455522.245631  15.608441 1.000000 
2455522.266063  15.608335 1.000000 
2455522.286496  15.609031 1.000000 
2455522.306929  15.608727 1.000000 
2455522.327361  15.608134 1.000000 
2455522.347794  15.608413 1.000000 
2455522.368227  15.608351 1.000000 
2455522.388659  15.608097 1.000000 
2455522.409092  15.609267 1.000000 
2455522.429524  15.608274 1.000000 
2455522.449957  15.609556 1.000000 
2455522.470390  15.611234 1.000000 
2455522.490822  15.615831 1.000000 
2455522.511255  15.619698 1.000000 
2455522.531688  15.622680 1.000000 
2455522.552120  15.623724 1.000000 
2455522.572553  15.625202 1.000000 
2455522.592986  15.626411 1.000000 
2455522.613418  15.625484 1.000000 
2455522.633851  15.623790 1.000000 
2455522.654283  15.622291 1.000000 
2455522.674716  15.618283 1.000000 
2455522.695149  15.614245 1.000000 
2455522.715581  15.610929 1.000000 
2455522.736014  15.608904 1.000000 
