1480.828586  -0.001237
1480.849019  -0.000876
1480.869452  -0.000839
1480.889885  -0.000890
1480.910317  -0.000309
1480.930750  -0.000663
1480.951183  -0.000266
1480.971616  -0.001119
1480.992049  -0.000659
1481.012482  -0.001433
1481.032914  -0.000540
1481.053347  -0.000465
1481.073780  -0.001148
1481.094213  -0.001173
1481.114645  -0.001089
1481.135078  -0.000863
1481.155511  -0.001727
1481.175944  -0.000899
1481.196377  -0.000638
1481.216809  -0.000953
1481.237242   0.000158
1481.257675  -0.000118
1481.278108  -0.000951
1481.298541  -0.000856
1481.318973  -0.000173
1481.339406  -0.000840
1481.359839  -0.000718
1481.380272   0.000082
1481.400705  -0.000740
1481.421137  -0.001240
1481.462003  -0.000778
1481.482436  -0.001188
1481.502868  -0.000330
1481.523301  -0.000850
1481.543734  -0.001142
1481.564167  -0.000765
1481.584600  -0.000763
1481.605032  -0.000854
1481.625465  -0.001353
1481.645898  -0.000851
1481.666331  -0.001112
1481.686763  -0.000518
1481.707196  -0.001181
1481.748062  -0.000871
1481.768495  -0.000418
1481.788927  -0.001554
1481.809360  -0.000925
1481.829793  -0.000779
1481.850226  -0.000145
1481.870659  -0.000140
1481.891091  -0.001444
1481.911524  -0.000767
1481.931957  -0.001461
1481.952390  -0.001084
1481.972822  -0.001233
1481.993255  -0.000711
1482.013688  -0.000211
1482.034121  -0.000290
1482.054554  -0.000804
1482.074986  -0.000860
1482.095419  -0.001124
1482.115852  -0.001519
1482.136285  -0.000806
1482.156717  -0.001520
1482.177150  -0.001729
1482.197583  -0.000788
1482.218016  -0.000896
1482.238449  -0.002147
1482.258881  -0.001310
1482.279314  -0.000469
1482.299747  -0.000922
1482.320180  -0.000595
1482.340612  -0.001020
1482.361045  -0.000610
1482.381478  -0.000701
1482.401911  -0.001395
1482.422344  -0.001482
1482.442776  -0.000378
1482.463209  -0.000436
1482.483642  -0.000326
1482.504075  -0.000777
1482.524507  -0.000289
1482.544940  -0.000544
1482.565373  -0.000204
1482.585806  -0.000918
1482.606239  -0.000420
1482.626671  -0.001433
1482.647104  -0.000911
1482.667537  -0.000127
1482.687970  -0.000918
1482.708402   0.001124
1482.728835   0.005040
1482.749268   0.009207
1482.769701   0.011555
1482.790134   0.015639
1482.810566   0.016892
1482.830999   0.017521
1482.851432   0.017203
1482.871865   0.015121
1482.892298   0.014425
1482.912730   0.012541
1482.933163   0.009125
1482.953596   0.003884
1482.974028   0.000922
1482.994461  -0.001072
1483.014894  -0.000813
1483.035327  -0.001046
1483.055760  -0.000070
1483.076192  -0.000835
1483.096625   0.000253
1483.117058  -0.001434
1483.157923  -0.001371
1483.178356  -0.000545
1483.198789  -0.000175
1483.219222  -0.001182
1483.239655   0.000032
1483.260087  -0.001505
1483.280520  -0.001324
1483.300953  -0.000739
1483.321386  -0.000243
1483.341818  -0.000566
1483.362251  -0.000564
1483.382684  -0.000975
1483.403117  -0.001212
1483.423550   0.000069
1483.443982  -0.001024
1483.464415  -0.000660
1483.484848  -0.002434
1483.505281  -0.000489
1483.525713  -0.001384
1483.546146  -0.000112
1483.566579  -0.000892
1483.587012  -0.000884
1483.607444  -0.001236
1483.627877  -0.000987
1483.648310  -0.001469
1483.668743  -0.000609
1483.689175  -0.000863
1483.709608  -0.000816
1483.730041   0.000015
1483.750474  -0.001297
1483.770907  -0.000508
1483.791339  -0.000996
1483.811772  -0.000781
1483.832205  -0.000519
1483.852638  -0.000548
1483.873070  -0.001182
1483.893503  -0.000085
1483.913936  -0.001213
1483.934369  -0.000961
1483.954801  -0.001041
1483.975234  -0.001267
1483.995667  -0.000467
1484.016100  -0.000305
1484.036533  -0.002035
1484.056965  -0.000848
1484.077398  -0.000115
1484.097831  -0.001900
1484.118264  -0.001173
1484.138696  -0.000514
1484.159129  -0.000454
1484.179562  -0.000979
1484.199995  -0.000582
1484.220427  -0.000447
1484.240860  -0.001072
1484.261293   0.000125
1484.281726  -0.000954
1484.302158  -0.001229
1484.322591  -0.000178
1484.343024   0.000193
1484.363457  -0.000955
1484.383890  -0.001072
1484.404322  -0.000797
1484.424755  -0.000733
1484.445188  -0.001149
1484.465621  -0.000876
1484.486053  -0.000093
1484.506486  -0.000921
1484.526919  -0.001403
1484.547352  -0.001311
1484.567784  -0.000986
1484.588217  -0.000785
1484.608650  -0.001313
1484.629083  -0.000687
1484.649515  -0.001368
1484.669948  -0.000979
1484.690381  -0.000772
1484.710814  -0.001270
1484.731246   0.000264
1484.751679  -0.000864
1484.772112  -0.000325
1484.792545  -0.000656
1484.812977  -0.000985
1484.833410  -0.001617
1484.853843  -0.000766
