2455441.208978  15.609468 1.000000 
2455441.229412  15.609400 1.000000 
2455441.249845  15.608925 1.000000 
2455441.270278  15.608358 1.000000 
2455441.290711  15.609269 1.000000 
2455441.311145  15.608920 1.000000 
2455441.331578  15.608262 1.000000 
2455441.352011  15.608941 1.000000 
2455441.372444  15.609599 1.000000 
2455441.392878  15.609581 1.000000 
2455441.413311  15.608863 1.000000 
2455441.433744  15.609297 1.000000 
2455441.454178  15.609370 1.000000 
2455441.474611  15.609601 1.000000 
2455441.495044  15.608746 1.000000 
2455441.515477  15.609387 1.000000 
2455441.535911  15.609140 1.000000 
2455441.556344  15.608918 1.000000 
2455441.576777  15.608536 1.000000 
2455441.597210  15.609172 1.000000 
2455441.617644  15.609493 1.000000 
2455441.638077  15.608674 1.000000 
2455441.658510  15.609284 1.000000 
2455441.678943  15.609612 1.000000 
2455441.699377  15.609314 1.000000 
2455441.719810  15.608921 1.000000 
2455441.740243  15.609175 1.000000 
2455441.760676  15.608742 1.000000 
2455441.781110  15.608420 1.000000 
2455441.801543  15.608369 1.000000 
2455441.821976  15.608584 1.000000 
2455441.842410  15.608829 1.000000 
2455441.862843  15.608375 1.000000 
2455441.883276  15.609139 1.000000 
2455441.903709  15.608634 1.000000 
2455441.924143  15.609320 1.000000 
2455441.965009  15.608811 1.000000 
2455441.985443  15.608307 1.000000 
2455442.005876  15.608603 1.000000 
2455442.026309  15.608661 1.000000 
2455442.046742  15.608659 1.000000 
2455442.067176  15.608720 1.000000 
2455442.087609  15.608907 1.000000 
2455442.108042  15.608620 1.000000 
2455442.128475  15.608525 1.000000 
2455442.148909  15.609146 1.000000 
2455442.169342  15.610041 1.000000 
2455442.189775  15.608552 1.000000 
2455442.210208  15.608799 1.000000 
2455442.230642  15.608629 1.000000 
2455442.251075  15.609037 1.000000 
2455442.271508  15.608802 1.000000 
2455442.291941  15.608539 1.000000 
2455442.312375  15.609316 1.000000 
2455442.332808  15.608186 1.000000 
2455442.353241  15.609278 1.000000 
2455442.373674  15.608265 1.000000 
2455442.394108  15.608714 1.000000 
2455442.414541  15.609474 1.000000 
2455442.434974  15.608823 1.000000 
2455442.455407  15.609046 1.000000 
2455442.475841  15.609971 1.000000 
2455442.496274  15.609114 1.000000 
2455442.516707  15.608902 1.000000 
2455442.537140  15.608667 1.000000 
2455442.557574  15.608530 1.000000 
2455442.578007  15.608861 1.000000 
2455442.598440  15.608844 1.000000 
2455442.618873  15.609181 1.000000 
2455442.639307  15.608893 1.000000 
2455442.659740  15.608744 1.000000 
2455442.680173  15.608497 1.000000 
2455442.700606  15.609093 1.000000 
2455442.721040  15.608738 1.000000 
2455442.741473  15.608830 1.000000 
2455442.761906  15.609024 1.000000 
2455442.782340  15.609163 1.000000 
2455442.802773  15.609013 1.000000 
2455442.823206  15.608441 1.000000 
2455442.843639  15.609081 1.000000 
2455442.864072  15.608927 1.000000 
2455442.884506  15.607493 1.000000 
2455442.904939  15.608842 1.000000 
2455442.925372  15.608461 1.000000 
2455442.945806  15.609363 1.000000 
2455442.966239  15.611148 1.000000 
2455442.986672  15.614907 1.000000 
2455443.007105  15.619156 1.000000 
2455443.027539  15.621925 1.000000 
2455443.047972  15.624134 1.000000 
2455443.068405  15.624971 1.000000 
2455443.088838  15.626084 1.000000 
2455443.109271  15.625981 1.000000 
2455443.129705  15.624279 1.000000 
2455443.150138  15.623331 1.000000 
2455443.170571  15.619841 1.000000 
2455443.211438  15.612195 1.000000 
2455443.231871  15.609183 1.000000 
2455443.252304  15.609443 1.000000 
2455443.272737  15.608937 1.000000 
2455443.293171  15.609116 1.000000 
2455443.313604  15.608876 1.000000 
2455443.334037  15.608813 1.000000 
2455443.354471  15.608850 1.000000 
2455443.374904  15.608870 1.000000 
2455443.395337  15.608568 1.000000 
2455443.415770  15.609493 1.000000 
2455443.436203  15.608804 1.000000 
2455443.456637  15.608548 1.000000 
2455443.477070  15.608203 1.000000 
2455443.497503  15.608480 1.000000 
2455443.517936  15.608851 1.000000 
2455443.538370  15.608578 1.000000 
2455443.558803  15.608716 1.000000 
2455443.579236  15.608582 1.000000 
2455443.599669  15.609167 1.000000 
2455443.620103  15.608626 1.000000 
2455443.640536  15.609502 1.000000 
2455443.660969  15.609073 1.000000 
2455443.681402  15.608325 1.000000 
2455443.701836  15.608455 1.000000 
2455443.722269  15.608141 1.000000 
2455443.742702  15.608006 1.000000 
2455443.763135  15.609267 1.000000 
2455443.783569  15.609407 1.000000 
2455443.804002  15.608696 1.000000 
2455443.824435  15.609161 1.000000 
2455443.844868  15.609150 1.000000 
2455443.865302  15.609107 1.000000 
2455443.885735  15.608546 1.000000 
2455443.906168  15.608819 1.000000 
2455443.926601  15.608532 1.000000 
2455443.947035  15.608563 1.000000 
2455443.967468  15.608952 1.000000 
2455443.987901  15.608927 1.000000 
2455444.008334  15.609347 1.000000 
2455444.028767  15.608756 1.000000 
2455444.049201  15.608820 1.000000 
2455444.069634  15.608972 1.000000 
2455444.090067  15.609452 1.000000 
2455444.110500  15.608404 1.000000 
2455444.130934  15.608232 1.000000 
2455444.151367  15.608263 1.000000 
2455444.171800  15.609028 1.000000 
2455444.192233  15.608683 1.000000 
2455444.212666  15.608949 1.000000 
2455444.233100  15.609137 1.000000 
2455444.253533  15.609209 1.000000 
2455444.273966  15.608702 1.000000 
2455444.294399  15.608766 1.000000 
2455444.314833  15.608537 1.000000 
2455444.335266  15.608680 1.000000 
2455444.355699  15.609188 1.000000 
2455444.376132  15.609065 1.000000 
2455444.396566  15.608431 1.000000 
2455444.416999  15.608836 1.000000 
2455444.437432  15.608900 1.000000 
2455444.457865  15.609484 1.000000 
2455444.478299  15.608491 1.000000 
2455444.498732  15.608375 1.000000 
2455444.519165  15.608468 1.000000 
2455444.539598  15.609099 1.000000 
2455444.560031  15.609195 1.000000 
2455444.580465  15.609574 1.000000 
2455444.600898  15.608275 1.000000 
2455444.621331  15.608216 1.000000 
2455444.641764  15.608051 1.000000 
2455444.662198  15.607701 1.000000 
2455444.682631  15.609112 1.000000 
2455444.703064  15.608715 1.000000 
2455444.723497  15.609007 1.000000 
2455444.743930  15.609105 1.000000 
2455444.764364  15.609211 1.000000 
2455444.784797  15.608598 1.000000 
2455444.805230  15.608916 1.000000 
2455444.825663  15.609097 1.000000 
2455444.846097  15.608349 1.000000 
2455444.866530  15.608637 1.000000 
2455444.886963  15.609107 1.000000 
2455444.907396  15.608937 1.000000 
2455444.927830  15.609021 1.000000 
2455444.948263  15.608935 1.000000 
2455444.968696  15.609112 1.000000 
2455444.989129  15.608866 1.000000 
