2455480.951183  15.608540 1.000000 
2455480.971616  15.607691 1.000000 
2455480.992049  15.608155 1.000000 
2455481.012481  15.607385 1.000000 
2455481.032914  15.608282 1.000000 
2455481.053347  15.608361 1.000000 
2455481.073780  15.607682 1.000000 
2455481.094213  15.607661 1.000000 
2455481.114645  15.607749 1.000000 
2455481.135078  15.607979 1.000000 
2455481.155511  15.607119 1.000000 
2455481.175944  15.607950 1.000000 
2455481.196377  15.608214 1.000000 
2455481.216809  15.607903 1.000000 
2455481.237242  15.609018 1.000000 
2455481.257675  15.608747 1.000000 
2455481.278108  15.607917 1.000000 
2455481.298541  15.608016 1.000000 
2455481.318973  15.608702 1.000000 
2455481.339406  15.608039 1.000000 
2455481.359839  15.608165 1.000000 
2455481.380272  15.608968 1.000000 
2455481.400704  15.608150 1.000000 
2455481.421137  15.607653 1.000000 
2455481.462003  15.608122 1.000000 
2455481.482436  15.607716 1.000000 
2455481.502868  15.608577 1.000000 
2455481.523301  15.608060 1.000000 
2455481.543734  15.607772 1.000000 
2455481.564167  15.608151 1.000000 
2455481.584600  15.608157 1.000000 
2455481.605032  15.608069 1.000000 
2455481.625465  15.607574 1.000000 
2455481.645898  15.608079 1.000000 
2455481.666331  15.607821 1.000000 
2455481.686763  15.608418 1.000000 
2455481.707196  15.607758 1.000000 
2455481.748062  15.608075 1.000000 
2455481.768495  15.608531 1.000000 
2455481.788927  15.607398 1.000000 
2455481.809360  15.608029 1.000000 
2455481.829793  15.608178 1.000000 
2455481.850226  15.608815 1.000000 
2455481.870659  15.608823 1.000000 
2455481.891091  15.607522 1.000000 
2455481.911524  15.608202 1.000000 
2455481.931957  15.607511 1.000000 
2455481.952390  15.607891 1.000000 
2455481.972822  15.607744 1.000000 
2455481.993255  15.608269 1.000000 
2455482.013688  15.608771 1.000000 
2455482.034121  15.608695 1.000000 
2455482.054554  15.608184 1.000000 
2455482.074986  15.608130 1.000000 
2455482.095419  15.607869 1.000000 
2455482.115852  15.607477 1.000000 
2455482.136285  15.608191 1.000000 
2455482.156718  15.607481 1.000000 
2455482.177150  15.607274 1.000000 
2455482.197583  15.608218 1.000000 
2455482.218016  15.608111 1.000000 
2455482.238449  15.606864 1.000000 
2455482.258881  15.607703 1.000000 
2455482.279314  15.608546 1.000000 
2455482.299747  15.608096 1.000000 
2455482.320180  15.608425 1.000000 
2455482.340612  15.608002 1.000000 
2455482.361045  15.608415 1.000000 
2455482.381478  15.608326 1.000000 
2455482.401911  15.607634 1.000000 
2455482.422343  15.607549 1.000000 
2455482.442776  15.608655 1.000000 
2455482.463209  15.608599 1.000000 
2455482.483642  15.608711 1.000000 
2455482.504075  15.608262 1.000000 
2455482.524507  15.608752 1.000000 
2455482.544940  15.608499 1.000000 
2455482.565373  15.608841 1.000000 
2455482.585806  15.608129 1.000000 
2455482.606239  15.608628 1.000000 
2455482.626671  15.607617 1.000000 
2455482.647104  15.608142 1.000000 
2455482.667537  15.608928 1.000000 
2455482.687970  15.608139 1.000000 
2455482.708403  15.610182 1.000000 
2455482.728835  15.614100 1.000000 
2455482.749268  15.618269 1.000000 
2455482.769701  15.620618 1.000000 
2455482.790134  15.624703 1.000000 
2455482.810566  15.625958 1.000000 
2455482.830999  15.626589 1.000000 
2455482.851432  15.626273 1.000000 
2455482.871865  15.624191 1.000000 
2455482.892297  15.623498 1.000000 
2455482.912730  15.621614 1.000000 
2455482.933163  15.618201 1.000000 
2455482.953596  15.612961 1.000000 
2455482.974028  15.610001 1.000000 
2455482.994461  15.608007 1.000000 
2455483.014894  15.608269 1.000000 
2455483.035327  15.608037 1.000000 
2455483.055760  15.609014 1.000000 
2455483.076192  15.608250 1.000000 
2455483.096625  15.609340 1.000000 
2455483.117058  15.607654 1.000000 
2455483.157923  15.607718 1.000000 
2455483.178356  15.608546 1.000000 
2455483.198789  15.608917 1.000000 
2455483.219222  15.607911 1.000000 
2455483.239655  15.609127 1.000000 
2455483.260087  15.607591 1.000000 
2455483.280520  15.607773 1.000000 
2455483.300953  15.608358 1.000000 
2455483.321386  15.608855 1.000000 
2455483.341818  15.608533 1.000000 
2455483.362251  15.608536 1.000000 
2455483.382684  15.608126 1.000000 
2455483.403117  15.607890 1.000000 
2455483.423550  15.609172 1.000000 
2455483.443982  15.608079 1.000000 
2455483.464415  15.608443 1.000000 
2455483.484848  15.606670 1.000000 
2455483.505280  15.608617 1.000000 
2455483.525713  15.607721 1.000000 
2455483.546146  15.608994 1.000000 
2455483.566579  15.608214 1.000000 
2455483.587012  15.608224 1.000000 
2455483.607444  15.607873 1.000000 
2455483.627877  15.608122 1.000000 
2455483.648310  15.607640 1.000000 
2455483.668743  15.608500 1.000000 
2455483.689175  15.608247 1.000000 
2455483.709608  15.608294 1.000000 
2455483.730041  15.609126 1.000000 
2455483.750474  15.607815 1.000000 
2455483.770907  15.608603 1.000000 
2455483.791339  15.608116 1.000000 
2455483.811772  15.608331 1.000000 
2455483.832205  15.608594 1.000000 
2455483.852638  15.608564 1.000000 
2455483.873070  15.607931 1.000000 
2455483.893503  15.609028 1.000000 
2455483.913936  15.607900 1.000000 
2455483.934369  15.608151 1.000000 
2455483.954801  15.608073 1.000000 
2455483.975234  15.607846 1.000000 
2455483.995667  15.608646 1.000000 
2455484.016100  15.608809 1.000000 
2455484.036533  15.607078 1.000000 
2455484.056965  15.608265 1.000000 
2455484.077398  15.608997 1.000000 
2455484.097831  15.607213 1.000000 
2455484.118264  15.607940 1.000000 
2455484.138696  15.608599 1.000000 
2455484.159129  15.608659 1.000000 
2455484.179562  15.608132 1.000000 
2455484.199994  15.608530 1.000000 
2455484.220427  15.608665 1.000000 
2455484.240860  15.608039 1.000000 
2455484.261293  15.609236 1.000000 
2455484.281726  15.608157 1.000000 
2455484.302158  15.607881 1.000000 
2455484.322591  15.608932 1.000000 
2455484.343024  15.609302 1.000000 
2455484.363457  15.608153 1.000000 
2455484.383890  15.608036 1.000000 
2455484.404322  15.608311 1.000000 
2455484.424755  15.608374 1.000000 
2455484.445188  15.607958 1.000000 
2455484.465621  15.608230 1.000000 
2455484.486053  15.609012 1.000000 
2455484.506486  15.608184 1.000000 
2455484.526919  15.607700 1.000000 
2455484.547352  15.607792 1.000000 
2455484.567784  15.608116 1.000000 
2455484.588217  15.608316 1.000000 
2455484.608650  15.607788 1.000000 
2455484.629083  15.608413 1.000000 
2455484.649515  15.607731 1.000000 
2455484.669948  15.608119 1.000000 
2455484.690381  15.608325 1.000000 
2455484.710814  15.607826 1.000000 
2455484.731246  15.609359 1.000000 
