1641.514883  -0.001395
1641.535317  -0.001046
1641.555751  -0.001344
1641.576185  -0.002338
1641.596619  -0.001151
1641.617054  -0.000994
1641.637488  -0.001855
1641.657922  -0.001642
1641.678356  -0.000397
1641.698790   0.000040
1641.719225   0.003491
1641.739659   0.007042
1641.760093   0.009725
1641.780527   0.013067
1641.800961   0.015169
1641.821396   0.015899
1641.841830   0.014851
1641.862264   0.016065
1641.882698   0.014470
1641.903132   0.011437
1641.923567   0.009279
1641.944001   0.004785
1641.964435   0.001834
1641.984869  -0.001104
1642.005303  -0.001547
1642.025738  -0.000537
1642.046172  -0.002259
1642.066606  -0.001695
1642.087040  -0.000940
1642.107474  -0.001664
1642.127909  -0.002211
1642.148343  -0.001691
1642.168777  -0.000415
1642.189211  -0.001521
1642.209645  -0.001341
1642.230080  -0.001205
1642.250514  -0.001392
1642.270948  -0.001371
1642.291382  -0.001989
1642.311816  -0.001459
1642.332251  -0.000811
1642.352685  -0.001551
1642.373119  -0.000507
1642.393553  -0.001153
1642.413988  -0.001360
1642.434422  -0.001750
1642.454856  -0.001884
1642.475290  -0.001058
1642.495724  -0.001535
1642.516159  -0.000576
1642.536593  -0.001384
1642.557027  -0.000980
1642.577461  -0.001771
1642.597895  -0.001384
1642.618330  -0.001375
1642.638764  -0.001916
1642.659198  -0.000729
1642.679632  -0.001989
1642.700066  -0.001909
1642.720501  -0.001328
1642.740935  -0.001649
1642.761369   0.000062
1642.781803  -0.000698
1642.802237  -0.001327
1642.822672  -0.000894
1642.843106  -0.001309
1642.863540  -0.001325
1642.883974  -0.000941
1642.904409  -0.001471
1642.924843  -0.002031
1642.945277  -0.001843
1642.965711  -0.001815
1642.986145  -0.001562
1643.006580  -0.002418
1643.027014  -0.000906
1643.047448  -0.001335
1643.067882  -0.001871
1643.088316  -0.001069
1643.108751  -0.002453
1643.129185  -0.002584
1643.149619  -0.001062
1643.170053  -0.001264
1643.190488  -0.001091
1643.210922  -0.001089
1643.231356  -0.001712
1643.251790  -0.001144
1643.272224  -0.001074
1643.292659  -0.000909
1643.313093  -0.001357
1643.333527  -0.001511
1643.353961  -0.000857
1643.374396  -0.001765
1643.394830  -0.000353
1643.415264  -0.001007
1643.435698  -0.001509
1643.456132  -0.001646
1643.476567  -0.000728
1643.497001  -0.001452
1643.517435  -0.001949
1643.537869  -0.001554
1643.558303  -0.001455
1643.578738  -0.000921
1643.599172  -0.002055
1643.640040  -0.001387
1643.660475  -0.001113
1643.680909  -0.000777
1643.701343  -0.001627
1643.721777  -0.001424
1643.742212  -0.001222
1643.762646  -0.001214
1643.783080  -0.001397
1643.803514  -0.000948
1643.823948  -0.001843
1643.844383  -0.001844
