2455759.196468  15.603574 1.000000 
2455759.216902  15.603441 1.000000 
2455759.237336  15.603898 1.000000 
2455759.257770  15.604031 1.000000 
2455759.278204  15.604517 1.000000 
2455759.298638  15.603983 1.000000 
2455759.319072  15.604550 1.000000 
2455759.339507  15.603918 1.000000 
2455759.359941  15.603755 1.000000 
2455759.380375  15.603922 1.000000 
2455759.400809  15.604175 1.000000 
2455759.421243  15.603564 1.000000 
2455759.441677  15.603841 1.000000 
2455759.462111  15.604155 1.000000 
2455759.482545  15.605080 1.000000 
2455759.502979  15.603775 1.000000 
2455759.523413  15.604312 1.000000 
2455759.543847  15.604547 1.000000 
2455759.564281  15.604325 1.000000 
2455759.584715  15.603792 1.000000 
2455759.605149  15.604474 1.000000 
2455759.625583  15.603883 1.000000 
2455759.646018  15.604128 1.000000 
2455759.666451  15.603340 1.000000 
2455759.686886  15.603907 1.000000 
2455759.707320  15.604080 1.000000 
2455759.727754  15.603687 1.000000 
2455759.748188  15.604819 1.000000 
2455759.768622  15.603923 1.000000 
2455759.789056  15.604366 1.000000 
2455759.809490  15.604409 1.000000 
2455759.829924  15.604104 1.000000 
2455759.870792  15.604222 1.000000 
2455759.891226  15.604579 1.000000 
2455759.911660  15.594398 1.000000 
2455759.932094  15.604204 1.000000 
2455759.952528  15.604182 1.000000 
2455759.972962  15.604347 1.000000 
2455759.993396  15.603350 1.000000 
2455760.013831  15.604712 1.000000 
2455760.034264  15.603823 1.000000 
2455760.054698  15.603742 1.000000 
2455760.075133  15.604872 1.000000 
2455760.095567  15.604345 1.000000 
2455760.116001  15.604107 1.000000 
2455760.136435  15.603702 1.000000 
2455760.156869  15.603711 1.000000 
2455760.177303  15.604575 1.000000 
2455760.197737  15.603953 1.000000 
2455760.218171  15.604649 1.000000 
2455760.238605  15.603862 1.000000 
2455760.259039  15.604474 1.000000 
2455760.279473  15.604558 1.000000 
2455760.299907  15.603664 1.000000 
2455760.320341  15.604271 1.000000 
2455760.340775  15.604403 1.000000 
2455760.361209  15.603873 1.000000 
2455760.381643  15.603898 1.000000 
2455760.402077  15.604453 1.000000 
2455760.422511  15.603797 1.000000 
2455760.442945  15.604319 1.000000 
2455760.463379  15.604018 1.000000 
2455760.483814  15.604619 1.000000 
2455760.504248  15.604459 1.000000 
2455760.524682  15.604364 1.000000 
2455760.545116  15.603581 1.000000 
2455760.565550  15.604382 1.000000 
2455760.585984  15.605042 1.000000 
2455760.606418  15.604018 1.000000 
2455760.626852  15.603850 1.000000 
2455760.647286  15.603978 1.000000 
2455760.667720  15.603746 1.000000 
2455760.688154  15.604099 1.000000 
2455760.708588  15.603705 1.000000 
2455760.729022  15.604199 1.000000 
2455760.749456  15.603722 1.000000 
2455760.769890  15.604506 1.000000 
2455760.790324  15.603755 1.000000 
2455760.810758  15.604528 1.000000 
2455760.831192  15.604068 1.000000 
2455760.851626  15.604989 1.000000 
2455760.872060  15.604495 1.000000 
2455760.892494  15.604465 1.000000 
2455760.912928  15.604526 1.000000 
2455760.933362  15.603000 1.000000 
2455760.953796  15.606131 1.000000 
2455760.974230  15.610032 1.000000 
2455760.994665  15.614036 1.000000 
2455761.015099  15.617884 1.000000 
2455761.035533  15.619151 1.000000 
2455761.055967  15.621829 1.000000 
2455761.076401  15.622445 1.000000 
2455761.096835  15.622093 1.000000 
2455761.117269  15.621283 1.000000 
2455761.137703  15.619100 1.000000 
2455761.158137  15.616039 1.000000 
2455761.178571  15.613264 1.000000 
2455761.199005  15.608968 1.000000 
2455761.219439  15.606167 1.000000 
2455761.239873  15.604739 1.000000 
2455761.260307  15.604697 1.000000 
2455761.280741  15.604299 1.000000 
2455761.301175  15.604538 1.000000 
2455761.321609  15.604667 1.000000 
2455761.342043  15.604681 1.000000 
2455761.362477  15.604481 1.000000 
2455761.382911  15.604504 1.000000 
2455761.403345  15.603588 1.000000 
2455761.423779  15.604266 1.000000 
2455761.444213  15.604222 1.000000 
2455761.464647  15.605185 1.000000 
2455761.485081  15.603892 1.000000 
2455761.505515  15.604905 1.000000 
2455761.525949  15.604283 1.000000 
2455761.546384  15.604605 1.000000 
2455761.566818  15.603163 1.000000 
2455761.587252  15.604003 1.000000 
2455761.607686  15.604039 1.000000 
2455761.628120  15.604517 1.000000 
2455761.648554  15.604108 1.000000 
2455761.668988  15.603898 1.000000 
2455761.689422  15.604726 1.000000 
2455761.709856  15.604059 1.000000 
2455761.730290  15.604411 1.000000 
2455761.750724  15.603945 1.000000 
2455761.771158  15.604475 1.000000 
2455761.791592  15.604281 1.000000 
2455761.812026  15.604175 1.000000 
2455761.832460  15.604189 1.000000 
2455761.852894  15.604293 1.000000 
2455761.873328  15.604271 1.000000 
2455761.893762  15.603893 1.000000 
2455761.914196  15.603223 1.000000 
2455761.934630  15.604068 1.000000 
2455761.955064  15.604298 1.000000 
2455761.975498  15.603626 1.000000 
2455761.995932  15.604228 1.000000 
2455762.016366  15.603501 1.000000 
2455762.036800  15.603982 1.000000 
2455762.057234  15.603564 1.000000 
2455762.077668  15.604266 1.000000 
2455762.098102  15.604126 1.000000 
2455762.118536  15.604175 1.000000 
2455762.138970  15.603200 1.000000 
2455762.159404  15.604310 1.000000 
2455762.179838  15.605107 1.000000 
2455762.200272  15.604150 1.000000 
2455762.220706  15.604403 1.000000 
2455762.241140  15.604116 1.000000 
2455762.261574  15.603668 1.000000 
2455762.282008  15.604070 1.000000 
2455762.302442  15.604510 1.000000 
2455762.322876  15.604223 1.000000 
2455762.343310  15.603554 1.000000 
2455762.384179  15.603697 1.000000 
2455762.404613  15.604383 1.000000 
2455762.425047  15.604020 1.000000 
2455762.445480  15.604421 1.000000 
2455762.465915  15.604171 1.000000 
2455762.486349  15.603474 1.000000 
2455762.506783  15.605069 1.000000 
2455762.527217  15.604911 1.000000 
2455762.547651  15.604541 1.000000 
2455762.568085  15.604443 1.000000 
2455762.588519  15.604281 1.000000 
2455762.608953  15.604646 1.000000 
2455762.629387  15.604614 1.000000 
2455762.649821  15.603894 1.000000 
2455762.670255  15.604470 1.000000 
2455762.690689  15.604155 1.000000 
2455762.711123  15.604100 1.000000 
2455762.731557  15.604653 1.000000 
2455762.751991  15.604525 1.000000 
2455762.772425  15.604966 1.000000 
2455762.792859  15.604583 1.000000 
2455762.813293  15.604313 1.000000 
2455762.895029  15.603593 1.000000 
2455762.915463  15.603699 1.000000 
2455762.935897  15.604376 1.000000 
2455762.956331  15.604678 1.000000 
2455762.976765  15.604608 1.000000 
