1957.806076  -0.000746
1957.826509  -0.000534
1957.846942  -0.000068
1957.867376  -0.000132
1957.887809  -0.001715
1957.908242   0.001004
1957.928675   0.000019
1957.949109  -0.000350
1957.969542   0.000940
1957.989975  -0.000506
1958.010409   0.000222
1958.030842   0.000358
1958.051275  -0.000266
1958.071709   0.000555
1958.092142  -0.000150
1958.112575   0.000392
1958.133009   0.000203
1958.153442   0.000338
1958.173875  -0.000388
1958.194309   0.001331
1958.235175   0.000339
1958.255609  -0.000039
1958.276042  -0.000111
1958.296475   0.000009
1958.316909   0.000103
1958.337342  -0.000487
1958.357775   0.000110
1958.378209  -0.000692
1958.398642   0.000598
1961.484079   0.000422
1961.504513  -0.000061
1961.524946  -0.001610
1961.545379  -0.000284
1961.565813   0.000002
1961.586246  -0.000234
1961.606680  -0.000449
1961.627113  -0.000300
1961.647546   0.000082
1961.667980   0.000125
1961.688413  -0.000675
1961.708847   0.000137
1961.729280  -0.000132
1961.749713  -0.000128
1961.770147   0.000220
1961.790580   0.001325
1961.811014   0.000712
1961.831447  -0.000538
1961.851880   0.001049
