2455998.060383  15.601163 1.000000 
2455998.080817  15.600931 1.000000 
2455998.101251  15.601197 1.000000 
2455998.121685  15.601428 1.000000 
2455998.142119  15.600594 1.000000 
2455998.162553  15.601488 1.000000 
2455998.182987  15.601165 1.000000 
2455998.203421  15.601526 1.000000 
2455998.223855  15.601776 1.000000 
2455998.244289  15.600818 1.000000 
2455998.264723  15.601580 1.000000 
2455998.285157  15.600453 1.000000 
2455998.305591  15.600520 1.000000 
2455998.326025  15.601211 1.000000 
2455998.346459  15.600997 1.000000 
2455998.366893  15.601748 1.000000 
2455998.387327  15.600479 1.000000 
2455998.407761  15.601147 1.000000 
2455998.428195  15.600472 1.000000 
2455998.448629  15.601879 1.000000 
2455998.469063  15.601073 1.000000 
2455998.489497  15.601300 1.000000 
2455998.509931  15.601391 1.000000 
2455998.530365  15.600530 1.000000 
2455998.550799  15.601626 1.000000 
2455998.571233  15.601056 1.000000 
2455998.591667  15.600939 1.000000 
2455998.775573  15.600379 1.000000 
2455998.796007  15.600810 1.000000 
2455998.816441  15.601331 1.000000 
2455998.836875  15.600999 1.000000 
2455998.857309  15.601200 1.000000 
2455998.877743  15.600987 1.000000 
2455998.898177  15.601741 1.000000 
2455998.918611  15.601583 1.000000 
2455998.939045  15.601941 1.000000 
2455998.979913  15.601534 1.000000 
2455999.000347  15.601691 1.000000 
2455999.020781  15.601429 1.000000 
2455999.041215  15.601939 1.000000 
2455999.061649  15.600973 1.000000 
2455999.082083  15.601541 1.000000 
2455999.102517  15.601524 1.000000 
2455999.143385  15.601742 1.000000 
2455999.163819  15.601497 1.000000 
2455999.204687  15.602031 1.000000 
2455999.225121  15.600395 1.000000 
2455999.245555  15.601068 1.000000 
2455999.265989  15.601696 1.000000 
2455999.286423  15.601811 1.000000 
2455999.306857  15.601626 1.000000 
2455999.327291  15.601255 1.000000 
2455999.347725  15.601699 1.000000 
2455999.368159  15.601272 1.000000 
2455999.388593  15.601430 1.000000 
2455999.409027  15.601979 1.000000 
2455999.429461  15.601866 1.000000 
2455999.449895  15.604134 1.000000 
2455999.470329  15.608570 1.000000 
2455999.490763  15.611584 1.000000 
2455999.511197  15.615499 1.000000 
2455999.531631  15.617488 1.000000 
2455999.552065  15.619142 1.000000 
2455999.572499  15.619933 1.000000 
2455999.592933  15.618956 1.000000 
2455999.613367  15.618692 1.000000 
2455999.633801  15.616355 1.000000 
2455999.654235  15.613106 1.000000 
2455999.674669  15.609716 1.000000 
2455999.695103  15.605580 1.000000 
2455999.715537  15.603373 1.000000 
2455999.735971  15.601969 1.000000 
2455999.756405  15.601852 1.000000 
2455999.776839  15.601225 1.000000 
2455999.797273  15.601224 1.000000 
2455999.817707  15.601028 1.000000 
2455999.838141  15.601067 1.000000 
2455999.858575  15.600377 1.000000 
2455999.879009  15.600487 1.000000 
2455999.899443  15.602096 1.000000 
2455999.919877  15.602208 1.000000 
2455999.940311  15.601205 1.000000 
2455999.960745  15.601457 1.000000 
2455999.981179  15.600826 1.000000 
2456000.001613  15.601356 1.000000 
2456000.022047  15.601785 1.000000 
2456000.042481  15.601835 1.000000 
2456000.062915  15.601668 1.000000 
2456000.083349  15.602504 1.000000 
2456000.103783  15.602268 1.000000 
2456000.124217  15.602032 1.000000 
2456000.144651  15.601838 1.000000 
2456000.165085  15.602584 1.000000 
2456000.185519  15.601379 1.000000 
2456000.205953  15.601407 1.000000 
2456000.226387  15.601591 1.000000 
2456000.246821  15.602096 1.000000 
2456000.267255  15.602450 1.000000 
2456000.287689  15.601909 1.000000 
2456000.308123  15.601999 1.000000 
2456000.328557  15.601817 1.000000 
2456000.348991  15.602231 1.000000 
2456000.369425  15.601396 1.000000 
2456000.389859  15.600537 1.000000 
2456000.410293  15.601859 1.000000 
2456000.430727  15.601921 1.000000 
2456000.451161  15.602877 1.000000 
2456000.471595  15.601506 1.000000 
2456000.492029  15.601592 1.000000 
2456000.512463  15.601364 1.000000 
2456000.532897  15.601703 1.000000 
2456000.553331  15.602039 1.000000 
2456000.573765  15.601849 1.000000 
2456000.594199  15.602563 1.000000 
2456000.614633  15.602575 1.000000 
2456000.635067  15.602344 1.000000 
2456000.655501  15.602117 1.000000 
2456000.675935  15.602741 1.000000 
2456000.696369  15.602832 1.000000 
2456000.716803  15.601900 1.000000 
2456000.737238  15.602489 1.000000 
2456000.757672  15.601981 1.000000 
2456000.778106  15.602379 1.000000 
2456000.798540  15.602271 1.000000 
2456000.818974  15.603067 1.000000 
2456000.839408  15.602123 1.000000 
2456000.859842  15.601648 1.000000 
2456000.880276  15.602085 1.000000 
2456000.900710  15.602351 1.000000 
2456000.921144  15.602672 1.000000 
2456000.941578  15.602584 1.000000 
2456000.962012  15.602164 1.000000 
2456000.982446  15.602411 1.000000 
2456001.002880  15.602020 1.000000 
2456001.023314  15.601806 1.000000 
2456001.043748  15.602126 1.000000 
2456001.064182  15.601991 1.000000 
2456001.084616  15.602287 1.000000 
2456001.105050  15.601927 1.000000 
2456001.125484  15.602362 1.000000 
2456001.145918  15.601773 1.000000 
2456001.166352  15.602117 1.000000 
2456001.186786  15.602574 1.000000 
2456001.207220  15.602408 1.000000 
2456001.227654  15.602764 1.000000 
2456001.248088  15.603066 1.000000 
2456001.268522  15.602580 1.000000 
2456001.288956  15.601894 1.000000 
2456001.309390  15.602304 1.000000 
2456001.329824  15.601772 1.000000 
2456001.350258  15.601819 1.000000 
2456001.370692  15.601763 1.000000 
2456001.391126  15.602674 1.000000 
2456001.411560  15.602202 1.000000 
2456001.431994  15.601688 1.000000 
2456001.452429  15.602353 1.000000 
2456001.472863  15.601553 1.000000 
