2455719.451853  15.604752 1.000000 
2455719.472288  15.605399 1.000000 
2455719.492722  15.603815 1.000000 
2455719.513157  15.605141 1.000000 
2455719.533591  15.604992 1.000000 
2455719.554026  15.605207 1.000000 
2455719.574460  15.605006 1.000000 
2455719.594894  15.604663 1.000000 
2455719.615329  15.604301 1.000000 
2455719.635763  15.604774 1.000000 
2455719.656198  15.605022 1.000000 
2455719.676632  15.604650 1.000000 
2455719.697067  15.605060 1.000000 
2455719.717501  15.605948 1.000000 
2455719.737935  15.605175 1.000000 
2455719.758370  15.605321 1.000000 
2455719.778804  15.604708 1.000000 
2455719.799239  15.605439 1.000000 
2455719.819673  15.604835 1.000000 
2455719.860542  15.611603 1.000000 
2455719.880977  15.606081 1.000000 
2455719.901411  15.605698 1.000000 
2455719.921845  15.603487 1.000000 
2455719.942280  15.602829 1.000000 
2455719.962714  15.605213 1.000000 
2455719.983149  15.602852 1.000000 
2455720.003583  15.604326 1.000000 
2455720.024018  15.603847 1.000000 
2455720.044452  15.605519 1.000000 
2455720.064887  15.605040 1.000000 
2455720.085321  15.603125 1.000000 
2455720.105756  15.605492 1.000000 
2455720.126190  15.603835 1.000000 
2455720.167059  15.604817 1.000000 
2455720.187493  15.605203 1.000000 
2455720.207928  15.604578 1.000000 
2455720.228362  15.605607 1.000000 
2455720.248796  15.604405 1.000000 
2455720.269231  15.602619 1.000000 
2455720.289665  15.605891 1.000000 
2455720.310100  15.603816 1.000000 
2455720.330534  15.605919 1.000000 
2455720.350969  15.606055 1.000000 
2455720.371403  15.605709 1.000000 
2455720.391838  15.604994 1.000000 
2455720.412272  15.606128 1.000000 
2455720.432707  15.604915 1.000000 
2455720.453141  15.605302 1.000000 
2455720.473575  15.606142 1.000000 
2455720.494010  15.606272 1.000000 
2455720.514444  15.605489 1.000000 
2455720.534879  15.603891 1.000000 
2455720.555313  15.603446 1.000000 
2455720.575748  15.604655 1.000000 
2455720.596182  15.603914 1.000000 
2455720.616617  15.604878 1.000000 
2455720.637051  15.605198 1.000000 
2455720.657485  15.604474 1.000000 
2455720.677920  15.605031 1.000000 
2455720.698354  15.605212 1.000000 
2455720.718789  15.605834 1.000000 
2455720.739223  15.605541 1.000000 
2455720.759657  15.605849 1.000000 
2455720.780092  15.604610 1.000000 
2455720.800527  15.605282 1.000000 
2455720.820961  15.605294 1.000000 
2455720.841395  15.605217 1.000000 
2455720.861830  15.605120 1.000000 
2455720.882264  15.604886 1.000000 
2455720.902699  15.605639 1.000000 
2455720.923133  15.605054 1.000000 
2455720.943568  15.605251 1.000000 
2455720.964002  15.605793 1.000000 
2455720.984436  15.605513 1.000000 
2455721.004871  15.605621 1.000000 
2455721.025305  15.605641 1.000000 
2455721.045740  15.605194 1.000000 
2455721.066174  15.603989 1.000000 
2455721.086609  15.604345 1.000000 
2455721.107043  15.604373 1.000000 
2455721.127478  15.605669 1.000000 
2455721.147912  15.604457 1.000000 
2455721.168346  15.605143 1.000000 
2455721.188781  15.606742 1.000000 
2455721.209215  15.608310 1.000000 
2455721.250084  15.616133 1.000000 
2455721.270518  15.618448 1.000000 
2455721.290953  15.620202 1.000000 
2455721.311387  15.622068 1.000000 
2455721.331822  15.622529 1.000000 
2455721.352256  15.621014 1.000000 
2455721.372691  15.620713 1.000000 
2455721.393125  15.619512 1.000000 
2455721.413560  15.617342 1.000000 
2455721.433994  15.612828 1.000000 
2455721.454429  15.609123 1.000000 
2455721.474863  15.606215 1.000000 
2455721.495297  15.605895 1.000000 
2455721.515732  15.605083 1.000000 
2455721.536166  15.605192 1.000000 
2455721.556601  15.604698 1.000000 
2455721.577035  15.605641 1.000000 
2455721.597469  15.605734 1.000000 
2455721.617904  15.605433 1.000000 
2455721.638338  15.605164 1.000000 
2455721.658773  15.604854 1.000000 
2455721.679207  15.605240 1.000000 
2455721.699642  15.605201 1.000000 
2455721.720076  15.606356 1.000000 
2455721.740511  15.604629 1.000000 
2455721.760945  15.604087 1.000000 
2455721.781379  15.604714 1.000000 
2455721.801814  15.605707 1.000000 
2455721.822248  15.605971 1.000000 
2455721.842683  15.605480 1.000000 
2455721.863117  15.604661 1.000000 
2455721.883552  15.605416 1.000000 
2455721.903986  15.605660 1.000000 
2455721.944855  15.604950 1.000000 
2455721.965289  15.605748 1.000000 
2455721.985724  15.605553 1.000000 
2455722.006158  15.604711 1.000000 
2455722.026593  15.606154 1.000000 
2455722.047027  15.604639 1.000000 
2455722.067461  15.605551 1.000000 
2455722.087896  15.605255 1.000000 
2455722.108330  15.604988 1.000000 
2455722.128765  15.605851 1.000000 
2455722.149199  15.603847 1.000000 
2455722.169634  15.605660 1.000000 
2455722.190068  15.604905 1.000000 
2455722.210503  15.604132 1.000000 
2455722.230937  15.605572 1.000000 
2455722.251371  15.605069 1.000000 
2455722.271806  15.605183 1.000000 
2455722.292240  15.604373 1.000000 
2455722.312675  15.605608 1.000000 
2455722.333109  15.605975 1.000000 
2455722.353543  15.605370 1.000000 
2455722.373978  15.604955 1.000000 
2455722.394412  15.605618 1.000000 
2455722.414847  15.605440 1.000000 
2455722.435281  15.604972 1.000000 
2455722.455716  15.605709 1.000000 
2455722.476150  15.604760 1.000000 
2455722.496585  15.604498 1.000000 
2455722.517019  15.604926 1.000000 
2455722.537453  15.605080 1.000000 
2455722.557888  15.605141 1.000000 
2455722.578322  15.605411 1.000000 
2455722.598757  15.604485 1.000000 
2455722.619191  15.605486 1.000000 
2455722.639625  15.605259 1.000000 
2455722.660060  15.605172 1.000000 
2455722.680494  15.604920 1.000000 
2455722.700929  15.604278 1.000000 
2455722.721363  15.605184 1.000000 
2455722.741798  15.604506 1.000000 
2455722.762232  15.605086 1.000000 
2455722.782667  15.605727 1.000000 
2455722.803101  15.605567 1.000000 
2455722.823535  15.605211 1.000000 
2455722.843970  15.604949 1.000000 
2455722.864404  15.605412 1.000000 
2455722.884839  15.605391 1.000000 
2455722.905273  15.604526 1.000000 
2455722.925707  15.605232 1.000000 
2455722.946142  15.605135 1.000000 
2455722.966576  15.604376 1.000000 
2455722.987011  15.604868 1.000000 
2455723.007445  15.605875 1.000000 
2455723.027879  15.605403 1.000000 
2455723.048314  15.605311 1.000000 
2455723.068748  15.604605 1.000000 
2455723.089183  15.604758 1.000000 
2455723.109617  15.605131 1.000000 
2455723.130052  15.606198 1.000000 
2455723.150486  15.605670 1.000000 
2455723.170921  15.604826 1.000000 
2455723.191355  15.605251 1.000000 
2455723.211789  15.604863 1.000000 
2455723.232224  15.604971 1.000000 
