2455918.186409  15.604157 1.000000 
2455918.206842  15.603668 1.000000 
2455918.227275  15.603567 1.000000 
2455918.247708  15.603053 1.000000 
2455918.268140  15.603610 1.000000 
2455918.288573  15.603204 1.000000 
2455918.309006  15.603111 1.000000 
2455918.329439  15.603218 1.000000 
2455918.349872  15.603378 1.000000 
2455918.370305  15.602376 1.000000 
2455918.390737  15.603732 1.000000 
2455918.411170  15.603179 1.000000 
2455918.431603  15.603919 1.000000 
2455918.452036  15.602240 1.000000 
2455918.472468  15.603774 1.000000 
2455918.492901  15.603358 1.000000 
2455918.513334  15.602986 1.000000 
2455918.533767  15.602483 1.000000 
2455918.554200  15.603052 1.000000 
2455918.574632  15.602926 1.000000 
2455918.595065  15.603968 1.000000 
2455918.615498  15.603318 1.000000 
2455918.635931  15.603851 1.000000 
2455918.656364  15.602731 1.000000 
2455918.676796  15.602965 1.000000 
2455918.697229  15.603517 1.000000 
2455918.717662  15.603364 1.000000 
2455918.738095  15.602211 1.000000 
2455918.758528  15.604071 1.000000 
2455918.778960  15.602985 1.000000 
2455918.799393  15.602420 1.000000 
2455918.819826  15.603114 1.000000 
2455918.840259  15.603041 1.000000 
2455918.860691  15.602970 1.000000 
2455918.881124  15.603553 1.000000 
2455918.901557  15.602154 1.000000 
2455918.921990  15.602948 1.000000 
2455918.942423  15.602853 1.000000 
2455918.962856  15.602392 1.000000 
2455918.983288  15.603183 1.000000 
2455919.003721  15.603953 1.000000 
2455919.024154  15.603895 1.000000 
2455919.044587  15.603118 1.000000 
2455919.065019  15.603600 1.000000 
2455919.085452  15.603070 1.000000 
2455919.105885  15.602623 1.000000 
2455919.126318  15.602888 1.000000 
2455919.146751  15.602802 1.000000 
2455919.167183  15.603410 1.000000 
2455919.187616  15.603253 1.000000 
2455919.208049  15.603826 1.000000 
2455919.228482  15.603803 1.000000 
2455919.248915  15.602884 1.000000 
2455919.269348  15.602462 1.000000 
2455919.289780  15.603279 1.000000 
2455919.310213  15.603492 1.000000 
2455919.330646  15.603409 1.000000 
2455919.351079  15.603227 1.000000 
2455919.371511  15.602784 1.000000 
2455919.391944  15.602488 1.000000 
2455919.412377  15.603203 1.000000 
2455919.432810  15.602926 1.000000 
2455919.453243  15.602289 1.000000 
2455919.473676  15.603607 1.000000 
2455919.494108  15.603558 1.000000 
2455919.514541  15.603132 1.000000 
2455919.534974  15.603044 1.000000 
2455919.555407  15.602908 1.000000 
2455919.575839  15.603262 1.000000 
2455919.596272  15.603377 1.000000 
2455919.616705  15.603790 1.000000 
2455919.637138  15.603155 1.000000 
2455919.657571  15.603403 1.000000 
2455919.678004  15.603571 1.000000 
2455919.698436  15.603940 1.000000 
2455919.718869  15.603422 1.000000 
2455919.739302  15.603345 1.000000 
2455919.759735  15.603656 1.000000 
2455919.780168  15.602991 1.000000 
2455919.800600  15.604051 1.000000 
2455919.821033  15.603073 1.000000 
2455919.841466  15.603396 1.000000 
2455919.861899  15.603233 1.000000 
2455919.882332  15.603580 1.000000 
2455919.902764  15.603380 1.000000 
2455919.923197  15.603424 1.000000 
2455919.943630  15.605014 1.000000 
2455919.964063  15.607621 1.000000 
2455919.984496  15.611969 1.000000 
2455920.004928  15.615927 1.000000 
2455920.025361  15.618198 1.000000 
2455920.045794  15.620393 1.000000 
2455920.066227  15.621110 1.000000 
2455920.086660  15.620642 1.000000 
2455920.107093  15.620313 1.000000 
2455920.127525  15.619145 1.000000 
2455920.147958  15.616439 1.000000 
2455920.168391  15.612401 1.000000 
2455920.188824  15.609279 1.000000 
2455920.209257  15.605788 1.000000 
2455920.229689  15.603472 1.000000 
2455920.250122  15.603396 1.000000 
2455920.270555  15.603273 1.000000 
2455920.290988  15.603280 1.000000 
2455920.311421  15.603782 1.000000 
2455920.331853  15.603367 1.000000 
2455920.352286  15.603662 1.000000 
2455920.372719  15.603473 1.000000 
2455920.393152  15.603114 1.000000 
2455920.413585  15.603138 1.000000 
2455920.434017  15.602613 1.000000 
2455920.454450  15.603171 1.000000 
2455920.474883  15.602958 1.000000 
2455920.495316  15.603595 1.000000 
2455920.515749  15.602647 1.000000 
2455920.536182  15.603277 1.000000 
2455920.556614  15.603472 1.000000 
2455920.577047  15.604159 1.000000 
2455920.597480  15.603961 1.000000 
2455920.617913  15.603658 1.000000 
2455920.658778  15.603847 1.000000 
2455920.679211  15.603924 1.000000 
2455920.699644  15.603476 1.000000 
2455920.720077  15.603050 1.000000 
2455920.740510  15.601987 1.000000 
2455920.760943  15.603346 1.000000 
2455920.781375  15.603696 1.000000 
2455920.801808  15.603525 1.000000 
2455920.822241  15.604258 1.000000 
2455920.842674  15.603409 1.000000 
2455920.863106  15.603307 1.000000 
2455920.883539  15.603361 1.000000 
2455920.903972  15.603570 1.000000 
2455920.924405  15.603580 1.000000 
2455920.944838  15.604213 1.000000 
2455920.965271  15.603752 1.000000 
2455920.985703  15.603861 1.000000 
2455921.006136  15.603259 1.000000 
2455921.026569  15.603873 1.000000 
2455921.047002  15.603762 1.000000 
2455921.067435  15.603191 1.000000 
2455921.087868  15.603225 1.000000 
2455921.108300  15.603557 1.000000 
2455921.128733  15.603671 1.000000 
2455921.149166  15.602960 1.000000 
2455921.169599  15.603963 1.000000 
2455921.190032  15.602748 1.000000 
2455921.210464  15.602560 1.000000 
2455921.230897  15.603838 1.000000 
2455921.251330  15.603502 1.000000 
2455921.271763  15.603839 1.000000 
2455921.292196  15.604225 1.000000 
2455921.312629  15.603996 1.000000 
2455921.333061  15.603906 1.000000 
2455921.353494  15.603527 1.000000 
2455921.373927  15.603763 1.000000 
2455921.394360  15.603747 1.000000 
2455921.414793  15.604087 1.000000 
2455921.435225  15.603090 1.000000 
2455921.455658  15.603409 1.000000 
2455921.476091  15.603448 1.000000 
2455921.496524  15.603604 1.000000 
2455921.516957  15.603254 1.000000 
2455921.537390  15.603536 1.000000 
2455921.557822  15.603591 1.000000 
2455921.578255  15.604083 1.000000 
2455921.598688  15.603031 1.000000 
2455921.619121  15.603929 1.000000 
2455921.639554  15.603250 1.000000 
2455921.659987  15.603643 1.000000 
2455921.680419  15.603654 1.000000 
2455921.700852  15.603855 1.000000 
2455921.721285  15.604044 1.000000 
2455921.741718  15.603752 1.000000 
2455921.762151  15.603142 1.000000 
2455921.782583  15.603581 1.000000 
2455921.803016  15.601455 1.000000 
2455921.823449  15.604066 1.000000 
2455921.843882  15.603711 1.000000 
2455921.864315  15.603643 1.000000 
2455921.884748  15.603015 1.000000 
2455921.905181  15.603761 1.000000 
2455921.925613  15.604111 1.000000 
2455921.946046  15.603880 1.000000 
2455921.966479  15.604383 1.000000 
