2456077.182230  15.600276 1.000000 
2456077.202665  15.600838 1.000000 
2456077.223099  15.600346 1.000000 
2456077.243534  15.600256 1.000000 
2456077.263968  15.600317 1.000000 
2456077.284403  15.600050 1.000000 
2456077.304837  15.600204 1.000000 
2456077.325272  15.599494 1.000000 
2456077.345706  15.600418 1.000000 
2456077.366141  15.599601 1.000000 
2456077.386575  15.600501 1.000000 
2456077.407010  15.600709 1.000000 
2456077.427444  15.599778 1.000000 
2456077.447879  15.600463 1.000000 
2456077.468313  15.600532 1.000000 
2456077.488748  15.600088 1.000000 
2456077.509182  15.600119 1.000000 
2456077.529617  15.600114 1.000000 
2456077.550051  15.600514 1.000000 
2456077.570486  15.600142 1.000000 
2456077.590920  15.600726 1.000000 
2456077.611355  15.600274 1.000000 
2456077.631789  15.601025 1.000000 
2456077.672658  15.599851 1.000000 
2456077.693093  15.600106 1.000000 
2456077.713527  15.600628 1.000000 
2456077.733962  15.600423 1.000000 
2456077.754397  15.600103 1.000000 
2456077.774831  15.600777 1.000000 
2456077.795266  15.600821 1.000000 
2456077.815700  15.600037 1.000000 
2456077.836135  15.600290 1.000000 
2456077.856569  15.600250 1.000000 
2456077.877003  15.600691 1.000000 
2456077.897438  15.600051 1.000000 
2456077.917873  15.600262 1.000000 
2456079.491330  15.600500 1.000000 
2456079.511764  15.600442 1.000000 
2456079.532199  15.600968 1.000000 
2456079.552633  15.600986 1.000000 
2456079.573068  15.600339 1.000000 
2456079.593502  15.600433 1.000000 
2456079.613937  15.601252 1.000000 
2456079.634371  15.600170 1.000000 
2456079.654806  15.601213 1.000000 
2456079.675240  15.600245 1.000000 
2456079.695675  15.600966 1.000000 
2456079.716109  15.600617 1.000000 
2456079.736544  15.601426 1.000000 
2456079.756978  15.601252 1.000000 
2456079.777413  15.600904 1.000000 
2456079.797847  15.600570 1.000000 
2456079.818282  15.600684 1.000000 
2456079.838716  15.600551 1.000000 
2456079.859151  15.600711 1.000000 
2456079.879585  15.601010 1.000000 
2456079.900020  15.600856 1.000000 
2456079.920454  15.600838 1.000000 
2456079.940889  15.601090 1.000000 
2456079.961323  15.600309 1.000000 
2456079.981758  15.600778 1.000000 
2456080.002192  15.601753 1.000000 
2456080.022627  15.601195 1.000000 
2456080.043061  15.600948 1.000000 
2456080.063496  15.601095 1.000000 
2456080.083930  15.601120 1.000000 
2456080.104365  15.600816 1.000000 
2456080.124799  15.600838 1.000000 
2456080.145234  15.600144 1.000000 
2456080.165668  15.601520 1.000000 
2456080.186103  15.600495 1.000000 
2456080.206537  15.600591 1.000000 
2456080.226972  15.601124 1.000000 
2456080.247406  15.601029 1.000000 
2456080.267841  15.600675 1.000000 
2456080.288275  15.600348 1.000000 
2456080.308710  15.600834 1.000000 
2456080.329144  15.601102 1.000000 
2456080.349579  15.600374 1.000000 
2456080.370013  15.601286 1.000000 
2456080.390448  15.601073 1.000000 
2456080.410882  15.600681 1.000000 
2456080.431317  15.601234 1.000000 
2456080.451751  15.600567 1.000000 
2456080.472186  15.600765 1.000000 
2456080.492620  15.601139 1.000000 
2456080.513055  15.600526 1.000000 
2456080.533489  15.601218 1.000000 
2456080.553924  15.600481 1.000000 
2456080.574358  15.600924 1.000000 
2456080.594793  15.600850 1.000000 
2456080.635662  15.601405 1.000000 
2456080.656096  15.601867 1.000000 
2456080.676531  15.600853 1.000000 
2456080.696965  15.600877 1.000000 
2456080.717400  15.600637 1.000000 
2456080.737834  15.600956 1.000000 
2456080.758269  15.600933 1.000000 
2456080.778703  15.600427 1.000000 
2456080.799138  15.600452 1.000000 
2456080.819572  15.601231 1.000000 
2456080.840007  15.600551 1.000000 
2456080.860441  15.600917 1.000000 
2456080.880876  15.600560 1.000000 
2456080.901310  15.600780 1.000000 
2456080.921745  15.599985 1.000000 
2456080.942179  15.601109 1.000000 
2456080.962614  15.601371 1.000000 
