1401.915246  -0.000188
1401.935680  -0.000591
1401.956114  -0.001200
1401.976548  -0.001556
1401.996982  -0.001371
1402.017415  -0.001239
1402.037849  -0.001270
1402.058283  -0.000932
1402.078717  -0.001325
1402.099151  -0.001391
1402.119585  -0.001233
1402.140019  -0.000914
1402.160453  -0.000745
1402.180886  -0.000650
1402.201320  -0.001329
1402.221754  -0.001198
1402.242188  -0.000298
1402.262622  -0.000388
1402.283056  -0.001945
1402.303489  -0.000302
1402.323923  -0.001310
1402.344357  -0.001245
1402.364791  -0.001442
1402.385225  -0.000651
1402.405659  -0.001562
1402.426093  -0.000394
1402.446526  -0.001091
1402.487394  -0.000737
1402.507828  -0.000901
1402.528262  -0.000497
1402.548696  -0.000295
1402.569130  -0.001247
1402.589563  -0.000569
1402.609997  -0.000580
1402.630431  -0.001034
1402.650865  -0.001045
1402.671299  -0.001087
1402.691733  -0.000534
1402.712166  -0.000343
1402.732600  -0.000880
1402.753034  -0.000823
1402.773468  -0.000443
1402.793902  -0.001189
1402.814336  -0.000656
1402.834770  -0.001168
1402.855203  -0.000715
1402.875637  -0.001081
1402.896071   0.000087
1402.916505  -0.000984
1402.936939  -0.000513
1402.957373  -0.000663
1402.977807  -0.000849
1402.998240  -0.000939
1403.018674  -0.001243
1403.039108  -0.000165
1403.059542  -0.000968
1403.079976  -0.001097
1403.100410  -0.000689
1403.120843  -0.001198
1403.141277  -0.000709
1403.161711  -0.001517
1403.182145  -0.001156
1403.202579   0.000187
1403.223013   0.002873
1403.243446   0.006392
1403.263880   0.009679
1403.284314   0.012978
1403.304748   0.015326
1403.325182   0.016581
1403.345616   0.016158
1403.366050   0.016941
1403.386483   0.015005
1403.406917   0.013608
1403.427351   0.009295
1403.447785   0.005579
1403.468219   0.002357
1403.488653  -0.000100
1403.509086  -0.001240
1403.529520  -0.000633
1403.549954  -0.000416
1403.570388  -0.001285
1403.590822  -0.001001
1403.611256  -0.000684
1403.631689  -0.000823
1403.652123  -0.000605
1403.672557  -0.000046
1403.692991  -0.000768
1403.713425  -0.000887
1403.733859  -0.001505
1403.754292  -0.000786
1403.774726  -0.001223
1403.795160  -0.001253
1403.815594  -0.000627
1403.836028  -0.001592
1403.856462  -0.000121
1403.876895  -0.001603
1403.897329  -0.000870
1403.917763  -0.001719
1403.938197  -0.000357
1403.958631  -0.001334
1403.979065  -0.000854
1403.999498  -0.001374
1404.019932  -0.000789
1404.040366  -0.001078
1404.060800  -0.000851
1404.081234  -0.000109
1404.101668  -0.000548
1404.122101  -0.001505
1404.142535  -0.000459
1404.162969  -0.000991
1404.183403  -0.001377
1404.203837  -0.000849
1404.224271  -0.001019
1404.244704  -0.000116
1404.265138  -0.000850
1404.285572  -0.000723
1404.306006  -0.001416
1404.326440  -0.000904
1404.346874  -0.000837
1404.367307  -0.001580
1404.387741  -0.002095
1404.408175  -0.002122
1404.428609  -0.001039
1404.449043  -0.000991
1404.469477  -0.001197
1404.489910  -0.000847
1404.510344  -0.001078
1404.530778  -0.001612
1404.551212  -0.000492
1404.571646  -0.001445
1404.592079  -0.001030
1404.612513  -0.001151
1404.632947  -0.000616
1404.653381  -0.000912
1404.673815  -0.000959
1404.694248  -0.001195
1404.714682  -0.000791
1404.735116  -0.001074
1404.755550  -0.000798
1404.775984  -0.001246
1404.796418  -0.000470
1404.816851  -0.000712
1404.837285  -0.000803
1404.857719  -0.000775
1404.878153  -0.000856
1404.898587  -0.001020
1404.919021  -0.001039
1404.939454  -0.000488
1404.959888  -0.001047
1404.980322  -0.000647
1405.000756  -0.000829
1405.021190  -0.000800
1405.041623  -0.001457
1405.062057  -0.001218
1405.082491  -0.000295
1405.102925  -0.000310
1405.123359  -0.001917
1405.143793  -0.001362
1405.164226  -0.000639
1405.184660  -0.000750
1405.205094  -0.000333
1405.225528  -0.000590
1405.245962  -0.001206
1405.266395  -0.001021
1405.286829  -0.000647
1405.307263  -0.000498
1405.327697  -0.000799
1405.348131  -0.001195
1405.368565  -0.000647
