2116.805245  -0.001755
2116.825680  -0.000800
2116.846114  -0.001247
2116.866548  -0.000386
2116.886982  -0.001539
2116.907417  -0.000655
2116.927851  -0.000108
2116.948285  -0.000774
2116.968719  -0.001168
2116.989154  -0.000695
2117.009588  -0.000684
2117.030022  -0.000208
2117.050456  -0.000969
2117.070891  -0.000615
2117.091325  -0.000242
2117.111759   0.000129
2117.132193  -0.000476
2117.152627  -0.000832
2117.173062  -0.000692
2117.193496  -0.001286
2117.213930  -0.001457
2117.234364  -0.000419
2117.254799  -0.000627
2117.275233  -0.000012
2117.295667  -0.001762
2117.316101  -0.000794
2117.336535  -0.001167
2117.356970  -0.000878
2117.377404  -0.000962
2117.397838  -0.000214
2117.418272  -0.001492
2117.438707  -0.001395
2117.459141  -0.000657
2117.479575  -0.000434
2117.500009  -0.000829
2117.520444  -0.001143
2117.540878  -0.000854
2117.561312  -0.000975
2117.581746  -0.001477
2117.602180  -0.000400
2117.622615  -0.000330
2117.643049  -0.000549
2117.663483  -0.000575
2117.683917  -0.000845
2117.724786  -0.000880
2117.745220  -0.000728
2117.765654  -0.001758
2117.786088  -0.002171
2117.806523  -0.000881
2117.826957  -0.000496
2117.847391  -0.000879
2117.867825  -0.001147
2117.888260  -0.001178
2117.908694  -0.000252
2117.929128  -0.000881
2117.949562  -0.000373
2117.969996  -0.001049
2117.990431  -0.000192
2118.010865   0.000030
2118.051733  -0.000842
2118.072168  -0.002156
2118.092602  -0.000675
2118.113036  -0.000744
2118.133470  -0.001062
2118.153905  -0.000257
2118.174339  -0.000819
2118.194773  -0.000398
2118.215207  -0.000340
2118.235641  -0.000796
2118.256076  -0.001106
2118.276510  -0.000404
2118.296944  -0.000969
2118.317378  -0.000538
2118.337812  -0.001301
2118.358247  -0.000365
2118.378681  -0.001103
2118.399115  -0.000286
2118.419549  -0.000850
2118.439984  -0.000787
2118.460418  -0.001383
2118.480852   0.000077
2118.501286  -0.001261
2118.521720  -0.001237
2118.542155  -0.001173
2118.562589  -0.001291
2118.583023  -0.000564
2118.603457  -0.001329
2118.623891  -0.000611
2118.644326  -0.000456
2118.664760  -0.001073
2118.685194   0.000574
2118.705628   0.003455
2118.726063   0.007630
2118.746497   0.010287
2118.766931   0.013076
2118.787365   0.016429
2118.807800   0.016745
2118.828234   0.017225
2118.848668   0.017074
2118.869102   0.014794
2118.889536   0.012839
2118.909970   0.009359
2118.930405   0.006670
2118.950839   0.002032
2118.971273   0.000042
2118.991707  -0.001030
2119.012141  -0.000761
2119.032576  -0.000645
2119.053010  -0.001036
2119.073444  -0.000662
2119.093878  -0.001191
2119.114313  -0.001046
2119.134747  -0.000459
2119.155181  -0.000784
2119.175615  -0.000769
2119.196049  -0.001074
2119.216484  -0.000277
2119.236918  -0.001036
2119.257352  -0.000886
2119.277786  -0.000504
2119.298220  -0.000382
2119.318655  -0.001133
2119.339089  -0.000649
2119.359523  -0.000265
2119.379957  -0.000430
2119.400391  -0.001005
2119.420826  -0.000974
2119.441260  -0.000487
2119.461694  -0.000581
2119.482128  -0.001463
2119.502563  -0.000320
2119.522997  -0.000713
2119.543431  -0.000878
2119.563865  -0.000499
2119.584299  -0.000640
2119.604734  -0.000917
2119.625168  -0.000641
2119.645602  -0.001087
2119.666036  -0.001516
2119.686470  -0.000866
2119.706905  -0.000526
2119.727339  -0.000746
2119.747773  -0.000709
2119.768207  -0.000501
2119.788641  -0.000610
2119.809076  -0.001133
2119.829510  -0.000248
2119.849944  -0.001176
2119.870378  -0.001375
2119.890812  -0.001020
2119.911247  -0.000212
2119.931681  -0.000767
2119.952115  -0.001043
2119.972549  -0.001236
2119.992983  -0.001566
2120.013418  -0.001194
2120.033852  -0.000762
2120.054286  -0.001094
2120.074720  -0.000338
2120.095154  -0.001035
2120.115589  -0.001495
2120.136023  -0.000266
2120.156457  -0.001030
2120.176891  -0.000284
2120.197325  -0.000704
2120.217760  -0.000686
2120.238194  -0.000611
2120.258628  -0.001113
2120.279062  -0.001169
2120.299496  -0.000919
2120.319931  -0.001144
2120.340365   0.000279
2120.360799  -0.000747
2120.381233  -0.001148
2120.401667  -0.000965
2120.422102  -0.001503
2120.442536  -0.001348
2120.462970  -0.000801
2120.483404  -0.000644
2120.503838  -0.001046
2120.524273  -0.000846
2120.544707  -0.000935
2120.565141  -0.000480
2120.585575  -0.000781
2120.606009  -0.000908
2120.626443  -0.000425
2120.646878  -0.000990
2120.667312  -0.000350
2120.687746   0.000098
2120.708180  -0.001059
2120.728614  -0.000627
2120.749049  -0.000538
2120.769483  -0.000971
2120.789917  -0.001298
2120.810351  -0.000936
2120.830785  -0.000766
