2455878.444870  15.603356 1.000000 
2455878.465302  15.603279 1.000000 
2455878.485735  15.604439 1.000000 
2455878.506168  15.603986 1.000000 
2455878.526600  15.604267 1.000000 
2455878.547033  15.604445 1.000000 
2455878.567465  15.605190 1.000000 
2455878.587898  15.604608 1.000000 
2455878.608331  15.604077 1.000000 
2455878.628763  15.604368 1.000000 
2455878.649196  15.604402 1.000000 
2455878.669629  15.604187 1.000000 
2455878.690061  15.603427 1.000000 
2455878.710494  15.603285 1.000000 
2455878.730927  15.604310 1.000000 
2455878.751359  15.604776 1.000000 
2455878.771792  15.604630 1.000000 
2455878.792225  15.604044 1.000000 
2455878.812657  15.602551 1.000000 
2455878.833090  15.603652 1.000000 
2455878.853523  15.604373 1.000000 
2455878.873955  15.604977 1.000000 
2455878.894388  15.603714 1.000000 
2455878.914821  15.605335 1.000000 
2455878.935253  15.603807 1.000000 
2455878.955686  15.604394 1.000000 
2455878.976119  15.604436 1.000000 
2455878.996551  15.604621 1.000000 
2455879.016984  15.604605 1.000000 
2455879.037417  15.604639 1.000000 
2455879.057849  15.604301 1.000000 
2455879.078282  15.603451 1.000000 
2455879.098715  15.603810 1.000000 
2455879.119147  15.604901 1.000000 
2455879.139580  15.603864 1.000000 
2455879.160012  15.603513 1.000000 
2455879.180445  15.604967 1.000000 
2455879.200878  15.603094 1.000000 
2455879.221310  15.604631 1.000000 
2455879.241743  15.604740 1.000000 
2455879.262176  15.604219 1.000000 
2455879.282608  15.604442 1.000000 
2455879.303041  15.604442 1.000000 
2455879.323474  15.603876 1.000000 
2455879.343906  15.603987 1.000000 
2455879.364339  15.604277 1.000000 
2455879.384771  15.603507 1.000000 
2455879.405204  15.604292 1.000000 
2455879.425637  15.604140 1.000000 
2455879.446069  15.603881 1.000000 
2455879.466502  15.603909 1.000000 
2455879.486935  15.603917 1.000000 
2455879.507367  15.603976 1.000000 
2455879.527800  15.604556 1.000000 
2455879.548233  15.604624 1.000000 
2455879.568665  15.604463 1.000000 
2455879.589098  15.603849 1.000000 
2455879.609531  15.603778 1.000000 
2455879.629963  15.604057 1.000000 
2455879.650396  15.603880 1.000000 
2455879.670828  15.603333 1.000000 
2455879.691261  15.604319 1.000000 
2455879.711694  15.604729 1.000000 
2455879.732126  15.605529 1.000000 
2455879.752559  15.604268 1.000000 
2455879.772992  15.604646 1.000000 
2455879.793424  15.604465 1.000000 
2455879.813857  15.604471 1.000000 
2455879.834290  15.604544 1.000000 
2455879.854722  15.604732 1.000000 
2455879.875155  15.604379 1.000000 
2455879.895588  15.603896 1.000000 
2455879.916020  15.604497 1.000000 
2455879.936453  15.604978 1.000000 
2455879.956885  15.604793 1.000000 
2455879.977318  15.604491 1.000000 
2455879.997751  15.603899 1.000000 
2455880.018183  15.604807 1.000000 
2455880.038616  15.604377 1.000000 
2455880.059049  15.604205 1.000000 
2455880.079481  15.604998 1.000000 
2455880.099914  15.604757 1.000000 
2455880.120347  15.604402 1.000000 
2455880.140779  15.605345 1.000000 
2455880.161212  15.604658 1.000000 
2455880.181645  15.604779 1.000000 
2455880.202077  15.607133 1.000000 
2455880.242942  15.614650 1.000000 
2455880.263375  15.618674 1.000000 
2455880.283808  15.620293 1.000000 
2455880.304241  15.620736 1.000000 
2455880.324673  15.621992 1.000000 
2455880.345106  15.623018 1.000000 
2455880.365538  15.620187 1.000000 
2455880.385971  15.619364 1.000000 
2455880.406404  15.616531 1.000000 
2455880.426836  15.612697 1.000000 
2455880.447269  15.609334 1.000000 
2455880.467702  15.605974 1.000000 
2455880.488134  15.604484 1.000000 
2455880.508567  15.604432 1.000000 
2455880.528999  15.604885 1.000000 
2455880.549432  15.603940 1.000000 
2455880.569865  15.604780 1.000000 
2455880.590297  15.604524 1.000000 
2455880.610730  15.604244 1.000000 
2455880.631163  15.604219 1.000000 
2455880.651595  15.603958 1.000000 
2455880.672028  15.604272 1.000000 
2455880.692461  15.604548 1.000000 
2455880.712893  15.604035 1.000000 
2455880.733326  15.603908 1.000000 
2455880.753759  15.603833 1.000000 
2455880.774191  15.604874 1.000000 
2455880.794624  15.604658 1.000000 
2455880.815057  15.604509 1.000000 
2455880.835489  15.604904 1.000000 
2455880.855922  15.604951 1.000000 
2455880.876354  15.603835 1.000000 
2455880.896787  15.605513 1.000000 
2455880.917220  15.604643 1.000000 
2455880.937652  15.603990 1.000000 
2455880.958085  15.604321 1.000000 
2455880.978518  15.605020 1.000000 
2455880.998950  15.604494 1.000000 
2455881.019383  15.604490 1.000000 
2455881.039816  15.604548 1.000000 
2455881.060248  15.603792 1.000000 
2455881.080681  15.604530 1.000000 
2455881.101114  15.604821 1.000000 
2455881.121546  15.604257 1.000000 
2455881.141979  15.604978 1.000000 
2455881.162411  15.604726 1.000000 
2455881.182844  15.604779 1.000000 
2455881.203277  15.604617 1.000000 
2455881.223709  15.604621 1.000000 
2455881.244142  15.604993 1.000000 
2455881.264575  15.604494 1.000000 
2455881.285007  15.604350 1.000000 
2455881.305440  15.604430 1.000000 
2455881.325873  15.604626 1.000000 
2455881.346305  15.604798 1.000000 
2455881.366738  15.604497 1.000000 
2455881.387171  15.604653 1.000000 
2455881.407603  15.605126 1.000000 
2455881.428036  15.605132 1.000000 
2455881.448468  15.603997 1.000000 
2455881.468901  15.604480 1.000000 
2455881.489334  15.604131 1.000000 
2455881.509766  15.604757 1.000000 
2455881.530199  15.603632 1.000000 
2455881.550632  15.604610 1.000000 
2455881.571064  15.604448 1.000000 
2455881.591497  15.605096 1.000000 
2455881.611930  15.604225 1.000000 
2455881.632362  15.604757 1.000000 
2455881.652795  15.603909 1.000000 
2455881.673228  15.605014 1.000000 
2455881.693660  15.604093 1.000000 
2455881.714093  15.604028 1.000000 
2455881.734525  15.604576 1.000000 
2455881.754958  15.604322 1.000000 
2455881.775391  15.605120 1.000000 
2455881.795823  15.604873 1.000000 
2455881.816256  15.604867 1.000000 
2455881.836689  15.605330 1.000000 
2455881.857121  15.604076 1.000000 
2455881.877554  15.605165 1.000000 
2455881.897987  15.604836 1.000000 
2455881.918419  15.605308 1.000000 
2455881.938852  15.604867 1.000000 
2455881.959285  15.604643 1.000000 
2455881.979717  15.604096 1.000000 
2455882.000150  15.605444 1.000000 
2455882.020582  15.604404 1.000000 
2455882.041015  15.604308 1.000000 
2455882.061448  15.604415 1.000000 
2455882.081880  15.604805 1.000000 
2455882.102313  15.604570 1.000000 
2455882.122746  15.604944 1.000000 
2455882.143178  15.603901 1.000000 
2455882.163611  15.604331 1.000000 
2455882.184044  15.604064 1.000000 
2455882.204476  15.604340 1.000000 
2455882.224909  15.604940 1.000000 
