1679.563695  -0.001385
1679.584129  -0.001223
1679.604564  -0.000778
1679.624998  -0.000237
1679.645433  -0.000264
1679.665867  -0.001013
1679.686302  -0.000976
1679.706736   0.000015
1679.727171  -0.000765
1679.747605  -0.001624
1679.768040   0.000122
1679.788474  -0.001061
1679.808909  -0.000268
1679.829343  -0.000768
1679.849778  -0.000689
1679.870212  -0.001003
1679.890647  -0.000990
1679.911081  -0.000991
1679.931516  -0.000801
1679.951950  -0.001185
1679.972385  -0.000975
1679.992819  -0.000719
1680.013254  -0.000048
1680.033688  -0.000409
1680.054123  -0.001761
1680.074558  -0.000944
1680.094992  -0.000926
1680.115426  -0.001150
1680.135861  -0.000591
1680.156295  -0.000762
1680.176730  -0.000884
1680.197165  -0.000148
1680.217599  -0.000471
1680.238034  -0.000870
1680.258468  -0.001875
1680.278902  -0.000373
1680.299337  -0.001496
1680.319772  -0.002099
1680.340206  -0.000847
1680.360641  -0.001542
1680.381075  -0.001113
1680.401510  -0.001028
1680.421944  -0.000511
1680.442379  -0.000922
1680.462813  -0.000691
1680.483248  -0.001263
1680.503682  -0.001352
1680.524117   0.000045
1680.544551  -0.000696
1680.564986  -0.000770
1680.585420  -0.000129
1680.605855   0.000117
1680.626289  -0.001041
1680.646724  -0.001401
1680.667158  -0.000889
1680.687593  -0.000882
1680.708027  -0.000233
1680.728462  -0.000719
1680.748896  -0.001150
1680.769331  -0.000517
1680.789765  -0.000571
1680.810200  -0.000887
1680.830634  -0.000706
1680.851069  -0.000998
1680.871503  -0.000198
1680.891938  -0.001187
1680.912372   0.000103
1680.953241  -0.000905
1680.973676  -0.000768
1680.994110  -0.000406
1681.014545  -0.000544
1681.034979   0.000584
1681.055414  -0.000317
1681.075848  -0.000283
1681.096283  -0.000829
1681.116717  -0.001270
1681.137152   0.000056
1681.157586  -0.001009
1681.178021  -0.001263
1681.198455  -0.000475
1681.218890  -0.000672
1681.239324  -0.001265
1681.259759  -0.000490
1681.280193  -0.000887
1681.300628  -0.000411
1681.321062  -0.000446
1681.341497  -0.000212
1681.361931  -0.001545
1681.382366  -0.000998
1681.402800  -0.001077
1681.423235  -0.000730
1681.443669   0.000174
1681.464104   0.002794
1681.484538   0.006274
1681.504973   0.010787
1681.525407   0.013276
1681.545842   0.015020
1681.566277   0.016063
1681.586711   0.017250
1681.607146   0.016640
1681.627580   0.014871
1681.648015   0.013577
1681.668449   0.009117
1681.688884   0.006957
1681.709318   0.003305
1681.729753  -0.000392
1681.750187  -0.000412
1681.770622  -0.001423
1681.791056  -0.000917
1681.811491   0.000063
1681.831925  -0.001191
1681.852360  -0.000924
1681.872794  -0.001471
1681.893229  -0.001658
1681.913663  -0.000296
1681.934098  -0.001577
1681.954532  -0.000671
1681.974967  -0.000916
1681.995401  -0.000945
1682.015836  -0.000736
1682.036270  -0.001013
1682.056705  -0.000304
1682.077139  -0.000629
1682.097574  -0.000698
1682.118008  -0.001134
1682.138443  -0.000354
1682.158877  -0.000813
1682.179312  -0.000370
1682.199746  -0.001029
1682.220181  -0.001666
1682.240615  -0.001184
1682.261050  -0.000565
1682.281484  -0.000691
1682.301919  -0.000066
1682.322353  -0.001453
1682.342788  -0.000951
1682.363222  -0.001516
1682.383657  -0.000891
1682.404092   0.000064
1682.424526  -0.000840
1682.444960  -0.001100
1682.465395  -0.001257
1682.485830  -0.001528
1682.506264  -0.000876
1682.526699  -0.000833
1682.547133  -0.000337
1682.567568  -0.001377
1682.588002  -0.000926
1682.608437  -0.000258
1682.628871  -0.001048
1682.649306  -0.000998
1682.669740  -0.001260
1682.690175  -0.001097
1682.710609  -0.000649
1682.731044  -0.000834
1682.751478  -0.000540
1682.771913  -0.000764
1682.792347   0.000342
1682.812782  -0.001193
1682.833216  -0.001642
1682.853651  -0.001296
1682.874085  -0.000294
1682.894520  -0.000870
1682.914954  -0.000760
1682.935389  -0.001167
1682.955823  -0.000926
1682.976258   0.000693
1682.996692  -0.000348
1683.017127  -0.001335
1683.037561  -0.001518
1683.057996  -0.000618
1683.078430  -0.000744
1683.098865  -0.000231
1683.119300  -0.001006
1683.139734  -0.000694
1683.160168  -0.000771
1683.180603  -0.001093
1683.201038  -0.000031
1683.221472  -0.000739
1683.241907  -0.000224
1683.262341  -0.000821
1683.282776  -0.001070
1683.303210  -0.000127
1683.323645  -0.001231
1683.344079  -0.001233
1683.384948  -0.000749
1683.405383  -0.000488
1683.425817  -0.000647
1683.446252  -0.001195
1683.466686  -0.000937
1683.487121  -0.000622
1683.507555  -0.000546
1683.527990  -0.000290
1683.548424  -0.001341
1683.568859  -0.001005
1683.589293  -0.000775
1683.609728  -0.000787
