1520.570154  -0.001388
1520.590586  -0.000960
1520.611019  -0.000826
1520.631451  -0.001140
1520.651884  -0.000154
1520.672317  -0.000974
1520.692749  -0.001131
1520.713182  -0.000831
1520.733615  -0.000658
1520.754047  -0.000462
1520.774480  -0.001501
1520.794913  -0.000948
1520.815345  -0.000550
1520.835778  -0.000934
1520.856211  -0.002357
1520.876643  -0.000781
1520.897076  -0.001313
1520.917509  -0.000747
1520.937941  -0.001272
1520.958374  -0.001078
1520.978806  -0.000212
1520.999239  -0.001020
1521.019672  -0.000276
1521.040104  -0.001340
1521.060537  -0.001202
1521.080970  -0.000979
1521.101402  -0.000937
1521.121835  -0.001518
1521.142268  -0.000863
1521.162700  -0.001027
1521.183133  -0.000471
1521.203566  -0.002097
1521.223998  -0.001068
1521.244431  -0.000792
1521.264864  -0.001788
1521.285296  -0.000836
1521.305729  -0.001447
1521.326161  -0.000489
1521.346594  -0.000717
1521.367027  -0.000881
1521.387459  -0.001729
1521.407892  -0.001347
1521.428325  -0.000926
1521.448757  -0.000457
1521.469190  -0.001155
1521.489623  -0.001789
1521.510055  -0.000490
1521.530488  -0.000670
1521.550921  -0.001059
1521.571353  -0.000739
1521.591786  -0.001064
1521.612218  -0.000585
1521.632651  -0.001343
1521.653084  -0.000905
1521.673516  -0.000949
1521.693949  -0.000919
1521.714382  -0.000683
1521.734814  -0.000568
1521.755247  -0.000751
1521.775680  -0.000909
1521.796112  -0.002197
1521.816545  -0.000461
1521.857410  -0.001781
1521.877843  -0.001183
1521.898276  -0.001327
1521.918708  -0.001399
1521.939141  -0.000858
1521.959574  -0.001171
1521.980006  -0.001366
1522.000439  -0.002114
1522.020871  -0.000701
1522.041304  -0.001273
1522.061737  -0.001217
1522.082169  -0.000958
1522.102602  -0.000563
1522.123035  -0.001226
1522.143467  -0.001187
1522.163900  -0.000582
1522.184333  -0.000888
1522.204765  -0.001269
1522.225198  -0.001700
1522.245631  -0.000808
1522.266063  -0.000914
1522.286496  -0.000219
1522.306928  -0.000523
1522.327361  -0.001115
1522.347794  -0.000837
1522.368227  -0.000899
1522.388659  -0.001153
1522.409092   0.000017
1522.429524  -0.000975
1522.449957   0.000306
1522.470390   0.001984
1522.490822   0.006582
1522.511255   0.010448
1522.531688   0.013430
1522.552120   0.014474
1522.572553   0.015952
1522.592986   0.017162
1522.613418   0.016233
1522.633851   0.014539
1522.654284   0.013040
1522.674716   0.009033
1522.695149   0.004995
1522.715581   0.001678
1522.736014  -0.000348
1522.756447  -0.001453
1522.776879  -0.001771
1522.797312  -0.000589
1522.817745  -0.001279
1522.838177  -0.001672
1522.858610  -0.000769
1522.879043  -0.000518
1522.899475  -0.000942
1522.919908  -0.001401
1522.940341  -0.000854
1522.960773  -0.001372
1522.981206  -0.000876
1523.001639  -0.000228
1523.022071  -0.000282
1523.042504  -0.001161
1523.083369  -0.001787
1523.103802  -0.000496
1523.124235  -0.000607
1523.144667  -0.001178
1523.165100  -0.002413
1523.185533  -0.001062
1523.205965  -0.000422
1523.226398  -0.000487
1524.145867  -0.000298
1524.166300  -0.000925
1524.186732  -0.001604
1524.207165  -0.001541
1524.227598  -0.000430
1524.248030  -0.001285
1524.268463  -0.000828
1524.288896  -0.000390
1524.309328  -0.000577
1524.329761  -0.000194
1524.350194  -0.000951
1524.370626  -0.000534
1524.391059  -0.000971
1524.411492  -0.001181
1524.431924  -0.000810
1524.452357  -0.001269
1524.472790  -0.001169
1524.493222  -0.000928
1524.513655  -0.001465
1524.534088  -0.001459
1524.554520  -0.001044
1524.574953  -0.001379
1524.595386  -0.001577
1524.615818  -0.001231
