2455957.928676  15.600823 1.000000 
2455957.949109  15.600462 1.000000 
2455957.969542  15.601760 1.000000 
2455957.989975  15.600321 1.000000 
2455958.010409  15.601057 1.000000 
2455958.030842  15.601201 1.000000 
2455958.051275  15.600584 1.000000 
2455958.071709  15.601413 1.000000 
2455958.092142  15.600715 1.000000 
2455958.112575  15.601264 1.000000 
2455958.133009  15.601083 1.000000 
2455958.153442  15.601225 1.000000 
2455958.173875  15.600506 1.000000 
2455958.194309  15.602232 1.000000 
2455958.235175  15.601254 1.000000 
2455958.255609  15.600883 1.000000 
2455958.276042  15.600818 1.000000 
2455958.296475  15.600944 1.000000 
2455958.316909  15.601045 1.000000 
2455958.337342  15.600462 1.000000 
2455958.357776  15.601065 1.000000 
2455958.378209  15.600270 1.000000 
2455958.398642  15.601566 1.000000 
2455961.484079  15.601560 1.000000 
2455961.504513  15.601073 1.000000 
2455961.524946  15.599520 1.000000 
2455961.545379  15.600841 1.000000 
2455961.565813  15.601123 1.000000 
2455961.586246  15.600883 1.000000 
2455961.606680  15.600664 1.000000 
2455961.627113  15.600807 1.000000 
2455961.647546  15.601185 1.000000 
2455961.667980  15.601223 1.000000 
2455961.688413  15.600418 1.000000 
2455961.708847  15.601225 1.000000 
