2067.536729  -0.000680
2067.557163  -0.000801
2067.577597  -0.001379
2067.598032  -0.000874
2067.618466  -0.000854
2067.638901  -0.001465
2067.659335  -0.000862
2067.679770  -0.001302
2067.700204  -0.001075
2067.720638  -0.001069
2067.741073  -0.001131
2067.761507  -0.000945
2067.781942  -0.001015
2067.802376  -0.001512
2067.822811  -0.001076
2067.843245  -0.000799
2067.863679  -0.000686
2067.884114  -0.000796
2067.904548  -0.000928
2067.924983  -0.000789
2067.945417  -0.000746
2067.986286  -0.001042
2068.006720  -0.000311
2068.027155  -0.000295
2068.047589  -0.000398
2068.068024  -0.000592
2068.088458  -0.000272
2068.108893  -0.000601
2068.129327   0.000180
2068.149761  -0.000002
2068.354106  -0.000499
2068.374540  -0.000383
2068.394975  -0.000385
2068.415409  -0.000193
2068.435844  -0.000504
2068.456278  -0.000460
2068.476712  -0.000544
2068.497147  -0.000553
2068.517581  -0.000214
2068.538016  -0.000988
2068.558450  -0.000797
2068.578885  -0.000952
2068.599319  -0.000519
2068.619753  -0.001240
2068.640188  -0.001111
2068.660622  -0.001083
2068.681057  -0.000901
2068.721926  -0.000987
2068.742360  -0.000647
2068.762794  -0.000873
2068.783229  -0.001146
2068.803663  -0.000798
2068.824098  -0.001042
2068.844532  -0.001279
2068.864967  -0.000628
2068.885401  -0.000628
2068.905836  -0.000562
2068.926270  -0.000757
2068.946704  -0.000369
2068.967139  -0.000419
2068.987573  -0.000619
2069.008008   0.000269
2069.028442   0.006159
2069.048876   0.008365
2069.069311   0.009026
2069.089745   0.009453
2069.110180   0.009308
2069.130614   0.010330
2069.151049   0.009084
2069.171483   0.008969
2069.191918   0.008675
2069.212352   0.008441
2069.232786   0.005867
2069.253221   0.000420
2069.273655  -0.000943
2069.294090  -0.000814
2069.314524  -0.000560
2069.334959  -0.000832
2069.355393  -0.000695
2069.375827  -0.000271
2069.396262  -0.000381
2069.416696  -0.000730
2069.437131  -0.000589
2069.457565  -0.000282
2069.478000  -0.000669
2069.498434  -0.000433
2069.518869  -0.000738
2069.539303  -0.000527
2069.559737  -0.000586
2069.580172  -0.000526
2069.600606  -0.000771
2069.621041  -0.000850
2069.641475  -0.001109
2069.661910  -0.000633
2069.682344  -0.000572
2069.702778  -0.000772
2069.723213  -0.000690
2069.743647  -0.001120
2069.764082  -0.000571
2069.784516  -0.000578
2069.804951  -0.000677
2069.825385  -0.001278
2069.845819  -0.001538
2069.866254  -0.000671
2069.886688  -0.001002
2069.907123  -0.000686
2069.927557  -0.000556
2069.947992  -0.000670
2069.968426  -0.001182
2069.988860  -0.000385
2070.009295  -0.000785
2070.029729  -0.000891
2070.050164  -0.000095
2070.070598  -0.000730
2070.091033  -0.000396
2070.111467  -0.000644
2070.131902  -0.000554
2070.152336  -0.000880
2070.172770  -0.000413
2070.193205  -0.000626
2070.213639  -0.000196
2070.234074  -0.000487
2070.254508  -0.000709
2070.274943  -0.000833
2070.295377  -0.000377
2070.315811  -0.000912
2070.336246  -0.000700
2070.356680  -0.000571
2070.377115  -0.000600
2070.397549  -0.000756
2070.417984  -0.000768
2070.438418  -0.000859
2070.458853  -0.001142
2070.479287  -0.000821
2070.499721  -0.000543
2070.520156  -0.000984
2070.540590  -0.000448
2070.561025  -0.000216
2070.581459  -0.000504
2070.601893  -0.000254
2070.622328  -0.000551
2070.642762  -0.000656
2070.663197  -0.000454
2070.683631  -0.000381
2070.704066  -0.000870
2070.724500  -0.000680
