2151.869648  -0.000651
2151.890082  -0.001382
2151.910516  -0.000944
2151.930950  -0.000871
2151.951383  -0.000765
2151.971817  -0.000626
2151.992251  -0.001274
2152.012685  -0.001013
2152.033119  -0.000936
2152.053553  -0.000827
2152.073987  -0.001150
2152.094421  -0.000801
2152.114854  -0.000581
2152.135288  -0.000482
2152.155722  -0.000612
2152.176156  -0.000604
2152.196590  -0.000068
2152.217024  -0.000267
2152.237458  -0.000452
2152.257892  -0.000565
2152.278326  -0.000771
2152.298759  -0.000422
2152.319193  -0.000828
2152.339627  -0.000145
2152.360061  -0.000362
2152.380495  -0.000661
2152.400929  -0.000842
2152.421363  -0.000396
2152.441797  -0.000648
2152.462230  -0.001608
2152.482664  -0.000651
2152.503098  -0.000516
2152.523532  -0.000664
2152.543966  -0.000756
2152.564400  -0.000697
2152.584834  -0.000752
2152.605268  -0.000690
2152.625702  -0.000781
2152.646135  -0.000257
2152.666569  -0.000907
2152.687003  -0.001204
2152.707437  -0.000586
2152.727871  -0.000275
2152.748305  -0.000315
2152.768739  -0.000595
2152.789173  -0.000500
2152.809606  -0.000411
2152.830040  -0.000383
2152.850474  -0.000556
2152.870908  -0.000871
2152.891342  -0.000937
2152.911776  -0.001081
2152.932210  -0.000680
2152.973077  -0.000802
2152.993511  -0.000835
2153.013945  -0.000025
2153.034379  -0.000740
2153.054813  -0.000659
2153.075247  -0.000734
2153.095681  -0.000773
2153.116115  -0.000872
2153.136548  -0.000842
2153.156982  -0.001078
2153.177416  -0.000655
2153.197850  -0.000739
2153.218284  -0.000075
2153.238718  -0.000688
2153.259152  -0.000474
2153.279586  -0.000222
2153.300019  -0.000555
2153.320453  -0.000323
2153.340887  -0.000692
2153.361321   0.001124
2153.381755   0.006855
2153.402189   0.008514
2153.422623   0.009011
2153.443056   0.009414
2153.463490   0.009712
2153.483924   0.009243
2153.504358   0.009804
2153.524792   0.009150
2153.545226   0.008587
2153.565660   0.007638
2153.586094   0.005031
2153.606527  -0.000383
2153.626961  -0.000892
2153.647395  -0.000747
2153.667829  -0.000577
2153.688263  -0.000604
2153.708697  -0.001075
2153.729131  -0.001014
2153.749564  -0.000903
2153.769998  -0.000778
2153.790432  -0.001084
2153.810866  -0.001011
2153.831300  -0.000007
2153.851734  -0.000699
2153.872168  -0.000904
2153.892601  -0.000577
2153.913035  -0.000291
2153.933469  -0.000686
2153.953903  -0.000175
2153.974337  -0.000594
2153.994771  -0.000980
2154.015205   0.000132
2154.035639  -0.000647
2154.056072  -0.001056
2154.076506  -0.000631
2154.096940  -0.000605
2154.117374  -0.000218
2154.137808  -0.000506
2154.158242  -0.000711
2154.178675  -0.000676
2154.199109  -0.000175
2154.219543  -0.000606
2154.239977  -0.000636
2154.260411  -0.000971
2154.280845  -0.000619
2154.301279  -0.000662
2154.321713  -0.001039
2154.342146  -0.000520
2154.362580  -0.000778
2154.383014  -0.000760
2154.403448  -0.000942
2154.423882  -0.000862
2154.444316  -0.000587
2154.464749  -0.000480
2154.485183  -0.000693
2154.505617  -0.000412
2154.526051  -0.000680
2154.546485  -0.000524
2154.566919  -0.001013
2154.587353  -0.000767
2154.607787  -0.000628
2154.628220  -0.000743
2154.648654  -0.000569
2154.669088  -0.000390
2154.689522  -0.000946
2154.709956  -0.001011
2154.730390  -0.000958
2154.750823  -0.000941
2154.771257  -0.000759
2154.791691  -0.000820
2154.812125  -0.000367
2154.832559  -0.000352
2154.852993  -0.000521
2154.873427  -0.000328
2154.893860  -0.000459
2154.914294  -0.000396
2154.934728  -0.000819
2154.955162  -0.000285
2154.975596  -0.000098
2154.996030  -0.000246
2155.016464  -0.000237
2155.036897  -0.000419
2155.057331  -0.000105
2155.077765  -0.000651
