2046.448431  -0.000320
2046.468866  -0.000257
2046.489300   0.000079
2046.509735  -0.000228
2046.530169  -0.000134
2046.550603  -0.000949
2046.571038  -0.000011
2046.591472  -0.000541
2046.611906  -0.000339
2046.632341  -0.000387
2046.652775  -0.000470
2046.673209  -0.000780
2046.693644  -0.000550
2046.714078  -0.000467
2046.734512  -0.000586
2046.754947  -0.000295
2046.775381  -0.000720
2046.795815  -0.000626
2046.816250  -0.000402
2046.836684  -0.000440
2046.857118  -0.000158
2046.877553  -0.000735
2046.897987  -0.000236
2046.918421  -0.000312
2046.938856  -0.000357
2046.959290  -0.000299
2046.979725  -0.000247
2047.000159  -0.000406
2047.020593  -0.000581
2047.041028  -0.000257
2047.061462  -0.000473
2047.081896   0.000422
2047.102331  -0.000098
2047.122765  -0.000252
2047.143199   0.000237
2047.163634  -0.000247
2047.184068  -0.000103
2047.204502  -0.000055
2047.224937  -0.000167
2047.245371  -0.000118
2047.265805   0.000209
2047.286240  -0.000198
2047.306674  -0.000519
2047.327108  -0.000275
2047.347543  -0.000214
2047.367977  -0.000107
2047.388411  -0.000375
2047.408846  -0.000300
2047.429280  -0.000239
2047.449715   0.000021
2047.470149  -0.000662
2047.490583  -0.000294
2047.511018  -0.000461
2047.531452  -0.000426
2047.551886  -0.000454
2047.572321  -0.000572
2047.592755  -0.000335
2047.613189  -0.000502
2047.633624  -0.000309
2047.654058  -0.000586
2047.674492  -0.000697
2047.694927  -0.000884
2047.715361  -0.000585
2047.735795  -0.000588
2047.756230  -0.000421
2047.776664  -0.001140
2047.797099  -0.000262
2047.817533  -0.000248
2047.837967  -0.000562
2047.858402  -0.000289
2047.899270  -0.000320
2047.919705   0.000551
2047.940139   0.006392
2047.960573   0.008605
2047.981008   0.009909
