1456.002565  -0.000618
1456.022998  -0.000349
1456.043431  -0.000571
1456.063865  -0.000757
1456.084298  -0.000341
1456.104731  -0.000486
1456.125164  -0.000864
1456.145598  -0.000478
1456.166031   0.000137
1456.186464  -0.000572
1456.206897  -0.000200
1456.227330  -0.001037
1456.247764  -0.000160
1456.268197  -0.000547
1456.288630  -0.000473
1456.309063  -0.000286
1456.329497  -0.000480
1456.349930  -0.000480
1456.370363  -0.000224
1456.390796  -0.001037
1456.411230  -0.000497
1456.431663  -0.000588
1456.452096   0.000042
1456.472529  -0.000963
1456.492963  -0.000894
1456.513396  -0.000581
1456.533829  -0.000362
1456.554262  -0.000378
1456.574695  -0.000850
1456.595129  -0.001165
1456.615562  -0.000442
1456.635995  -0.000921
1456.656428  -0.000650
1456.676862  -0.000992
1456.697295  -0.000503
1456.717728  -0.000831
1456.738161  -0.000957
1456.758594  -0.000783
1456.779028  -0.000984
1456.799461  -0.001039
1456.819894  -0.000379
1456.840327  -0.000771
1456.860761  -0.000502
1456.881194  -0.000402
1456.901627  -0.000257
1456.922060  -0.000548
1456.942493  -0.000473
1456.962927  -0.000866
1456.983360  -0.000328
1457.003793  -0.000715
1457.024226  -0.000855
1457.044659  -0.000592
1457.065093  -0.000550
1457.085526  -0.000217
1457.105959  -0.000608
1457.126392  -0.001046
1457.146826  -0.001427
1457.167259  -0.001276
1457.187692  -0.000636
1457.208125  -0.000702
1457.228558  -0.000529
1457.248992  -0.000313
1457.269425  -0.000159
1457.289858  -0.000431
1457.310291  -0.000369
1457.330725  -0.000591
1457.351158  -0.000370
1457.371591  -0.000861
1457.392024  -0.000438
1457.412457  -0.000220
1457.432891  -0.000500
1457.453324  -0.000355
1457.473757   0.000209
1457.494190   0.004853
1457.514623   0.008131
1457.535057   0.008988
1457.555490   0.009146
1457.575923   0.008977
1457.596356   0.009109
1457.616790   0.009393
1457.637223   0.008767
1457.657656   0.008832
1457.678089   0.008012
1457.698522   0.006438
1457.718956   0.001421
1457.739389  -0.000553
1457.759822  -0.000373
1457.780255  -0.000480
1457.800688  -0.001078
1457.821122  -0.000439
1457.841555  -0.000550
1457.861988  -0.000785
1457.882421  -0.000974
1457.902855  -0.001093
1457.923288  -0.001175
1457.943721  -0.001086
1457.964154  -0.000999
1457.984587  -0.001032
1458.005021  -0.000673
1458.025454  -0.001284
1458.045887  -0.000727
1458.066320  -0.000827
1458.107187  -0.000737
1458.127620  -0.000726
1458.148053  -0.000339
1458.168486  -0.000501
1458.188919  -0.000306
1458.209353  -0.000485
1458.229786  -0.000097
1458.250219  -0.000006
1458.270652   0.000100
1458.291085  -0.000342
1458.311519  -0.000332
1458.331952  -0.001336
1458.352385  -0.000069
1458.372818  -0.000798
1458.393251  -0.000925
1458.413685  -0.000461
1458.434118  -0.000324
1458.454551  -0.000366
1458.474984  -0.000720
1458.495417  -0.000642
1458.515851  -0.000626
1458.536284  -0.000711
1458.556717  -0.000297
1458.577150  -0.000578
1458.597584  -0.000542
1458.618017  -0.000274
1458.638450  -0.000797
1458.658883  -0.000795
1458.679316  -0.000618
1458.699750  -0.000806
1458.720183  -0.000667
1458.740616  -0.000130
1458.761049  -0.000697
1458.781482  -0.000328
1458.801915  -0.000444
1458.822349  -0.001001
1458.842782  -0.000483
1458.863215  -0.000917
1458.883648  -0.000679
1458.904081  -0.000416
1458.924515  -0.000597
1458.944948  -0.001054
1458.965381  -0.000766
1458.985814  -0.000886
1459.006247  -0.000951
1459.026681  -0.001088
1459.047114  -0.000770
1459.067547  -0.000398
1459.087980  -0.000775
1459.108413  -0.000897
1459.128847  -0.001487
1459.149280  -0.001043
1459.169713  -0.001942
1459.190146  -0.001207
1459.210579  -0.000618
