2130.781745  -0.000646
2130.802179  -0.000926
2130.822613  -0.000436
2130.843047  -0.000764
2130.863481  -0.000812
2130.883915  -0.000627
2130.904350  -0.001054
2130.924784  -0.000667
2130.945218  -0.000736
2130.965652  -0.000456
2130.986086  -0.000736
2131.006520  -0.000154
2131.026954  -0.000241
2131.047388  -0.000642
2131.067823  -0.000357
2131.088257  -0.000251
2131.108691  -0.000284
2131.129125  -0.000742
2131.149559  -0.000862
2131.169993  -0.000514
2131.190427  -0.000768
2131.210862  -0.000429
2131.231296  -0.000392
2131.251730  -0.000957
2131.292598  -0.001561
2131.313032  -0.000596
2131.333466  -0.001276
2131.353900  -0.000517
2131.374335  -0.000756
2131.394769  -0.000287
2131.415203  -0.000653
2131.435637  -0.000723
2131.456071  -0.000204
2131.476505  -0.000138
2131.496939  -0.000727
2131.517373  -0.000868
2131.537808  -0.000750
2131.558242  -0.000474
2131.578676  -0.000379
2131.599110  -0.000584
2131.619544  -0.001161
2131.639978  -0.000900
2131.660412  -0.000739
2131.680846  -0.000732
2131.701280  -0.000854
2131.721715  -0.000619
2131.742149  -0.000774
2131.762583  -0.001029
2131.783017  -0.000646
2131.803451  -0.000609
2131.823885  -0.001022
2131.844319  -0.000848
2131.864754  -0.000671
2131.885188  -0.000224
2131.905622  -0.000502
2131.926056  -0.000379
2131.946490  -0.000446
2131.966924  -0.000703
2131.987358  -0.000391
2132.007792  -0.000521
2132.028226  -0.000418
2132.048661  -0.000598
2132.069095  -0.000640
2132.089529  -0.000631
2132.109963  -0.000066
2132.130397  -0.000501
2132.150831  -0.000746
2132.171265  -0.000773
2132.191699  -0.000582
2132.212133  -0.000687
2132.232568  -0.000568
2132.253002  -0.001363
2132.273436   0.000518
2132.293870   0.007211
2132.314304   0.008795
2132.334738   0.009416
2132.355172   0.009446
2132.375606   0.009109
2132.396041   0.009495
2132.416475   0.009768
2132.436909   0.009049
2132.457343   0.008478
2132.477777   0.008201
2132.498211   0.005572
2132.518645   0.000127
2132.539079  -0.000612
2132.559513  -0.000918
2132.579948  -0.001028
2132.600382  -0.000470
2132.620816  -0.000849
2132.641250  -0.000966
2132.661684  -0.000779
2132.682118  -0.000906
2132.702552  -0.001178
2132.722986  -0.001123
2132.743421  -0.000765
2132.763855   0.000028
2132.784289  -0.000744
2132.804723  -0.000531
2132.825157  -0.000275
2132.845591  -0.000612
2132.866025  -0.000497
2132.886459   0.000098
2132.906894  -0.000642
2132.927328  -0.000723
2132.947762  -0.000787
2132.968196  -0.000962
2132.988630  -0.000195
2133.009064  -0.000662
2133.029498  -0.000895
2133.049932  -0.000825
2133.070366  -0.000206
2133.090800  -0.001262
2133.111235  -0.000382
2133.131669  -0.000769
2133.152103  -0.000561
2133.172537  -0.000530
2133.192971  -0.000539
2133.213405  -0.000427
2133.233839  -0.000399
2133.254273  -0.000937
2133.274707  -0.000790
2133.295142  -0.000939
2133.315576  -0.000966
2133.336010  -0.000391
2133.356444  -0.000307
2133.376878  -0.000330
2133.397312  -0.000998
2133.417746  -0.000651
2133.438180  -0.000563
2133.458614  -0.000523
2133.479049  -0.000729
2133.499483  -0.000944
2133.519917  -0.000913
2133.540351  -0.000787
2133.560785  -0.000365
2133.581219  -0.000705
2133.601653  -0.000516
2133.622087  -0.000855
2133.642521  -0.000271
2133.662955  -0.000337
2133.683390  -0.000361
2133.703824  -0.000512
2133.724258  -0.000676
2133.744692  -0.000390
2133.765126  -0.000392
2133.785560  -0.000596
2133.805994  -0.001006
2133.826428  -0.002100
2133.846862  -0.000470
2133.867296  -0.000905
2133.887731  -0.000675
2133.908165  -0.001007
2133.928599  -0.000682
2133.949033  -0.000932
2133.969467  -0.000841
2133.989901  -0.000646
