1814.489834  -0.000640
1814.510268  -0.001032
1814.530701  -0.000425
1814.551135  -0.000678
1814.571568  -0.000482
1814.592001  -0.000240
1814.612435  -0.000979
1814.632868  -0.000650
1814.653302  -0.000511
1814.673735  -0.000608
1814.694169  -0.000653
1814.714602  -0.000658
1814.735035  -0.000709
1814.755469  -0.000707
1814.775902  -0.000284
1814.796336  -0.000738
1814.816769  -0.000787
1814.837202  -0.000512
1814.857636  -0.000273
1814.878069  -0.000838
1814.898503  -0.000382
1814.918936  -0.000522
1814.939369  -0.000385
1814.959803  -0.000468
1814.980236  -0.000581
1815.000670  -0.000682
1815.021103  -0.000689
1815.041537  -0.000411
1815.061970  -0.000554
1815.082403  -0.000861
1815.102837  -0.000604
1815.123270  -0.000542
1815.143704  -0.000647
1815.164137  -0.000180
1815.184570  -0.000569
1815.205004  -0.000322
1815.225437  -0.000917
1815.245871  -0.000795
1815.266304  -0.000850
1815.286737  -0.000884
1815.307171  -0.000786
1815.327604  -0.000781
1815.348038  -0.001056
1815.368471  -0.001090
1815.388904  -0.000902
1815.409338  -0.000792
1815.429771  -0.000888
1815.450205  -0.000967
1815.470638  -0.000697
1815.491071  -0.000852
1815.511505  -0.000663
1815.531938  -0.000758
1815.552372  -0.000720
1815.572805  -0.000840
1815.593238  -0.000514
1815.613672  -0.000772
1815.634105  -0.000313
1815.654539  -0.000367
1815.674972  -0.000939
1815.695405  -0.000245
1815.715839  -0.000546
1815.736272  -0.000435
1815.756706  -0.000631
1815.777139  -0.000224
1815.797572   0.000117
1815.818006  -0.000532
1815.838439  -0.000410
1815.858873  -0.000548
1815.879306  -0.000780
1815.899739  -0.000522
1815.920173  -0.000375
1815.940606  -0.000276
1815.961040  -0.000168
1815.981473   0.005987
1816.001906   0.008431
1816.022340   0.008827
1816.042773   0.009128
1816.063207   0.009658
1816.083640   0.009687
1816.104073   0.009395
1816.124507   0.009000
1816.144940   0.008636
1816.165374   0.007773
1816.185807   0.005873
1816.206240   0.000196
1816.226674  -0.000752
1816.247107  -0.000852
1816.267540  -0.000793
1816.308407  -0.000946
1816.328841  -0.000759
1816.349274  -0.000777
1816.369707  -0.000943
1816.390141  -0.000823
1816.410574  -0.000828
1816.431008  -0.000643
1816.451441  -0.000745
1816.471874  -0.000692
1816.492308  -0.001038
1816.512741  -0.001099
1816.533175  -0.000837
1816.553608  -0.000591
1816.574041  -0.000905
1816.594475  -0.000728
1816.614908  -0.000772
1816.635341  -0.000023
1816.655775  -0.000362
1816.676208  -0.000511
1816.696642  -0.000782
1816.717075  -0.000750
1816.737508  -0.000139
1816.757942  -0.000630
1816.778375  -0.000525
1816.798809  -0.000128
1816.819242  -0.000671
1816.839675  -0.000576
1816.860109  -0.000030
1816.880542  -0.000939
1816.900975  -0.000600
1816.941842  -0.000702
1816.962276  -0.000705
1816.982709  -0.000338
1817.003142  -0.000516
1817.023576  -0.000453
1817.044009  -0.000433
1817.064443  -0.000279
1817.084876  -0.000291
1817.105309  -0.000722
1817.125743  -0.000625
1817.146176  -0.000271
1817.166609  -0.000560
1817.187043  -0.000922
1817.207476  -0.000568
1817.227910  -0.000694
1817.248343  -0.001108
1817.268776  -0.000819
1817.289210  -0.001001
1817.309643  -0.000761
1817.330076  -0.000587
1817.350510  -0.000573
1817.370943  -0.000798
1817.391377  -0.001093
1817.411810  -0.000481
1817.432243  -0.000719
1817.452677  -0.000979
1817.473110  -0.000618
1817.493543  -0.000903
1817.513977  -0.000910
1817.534410  -0.001395
1817.554844  -0.000658
1817.575277  -0.000504
1817.595710  -0.000954
1817.616144  -0.000594
1817.636577  -0.000928
1817.657011  -0.000783
1817.677444  -0.000640
