1709.050245  -0.000671
1709.070679  -0.000075
1709.091114  -0.000063
1709.111548  -0.000293
1709.131982  -0.000406
1709.152417  -0.000523
1709.172851  -0.000444
1709.193286  -0.000844
1709.213720  -0.000478
1709.234155   0.000139
1709.254589  -0.000580
1709.275024  -0.000177
1709.295458  -0.000365
1709.315892  -0.000718
1709.336327  -0.000185
1709.356761  -0.000587
1709.377196  -0.000196
1709.397630  -0.000830
1709.418065  -0.000213
1709.438499  -0.000313
1709.458933  -0.000631
1709.479368  -0.001570
1709.499802  -0.000713
1709.520237  -0.000700
1709.540671  -0.000307
1709.561106  -0.000662
1709.581540  -0.000624
1709.601975  -0.000688
1709.622409  -0.000907
1709.642843  -0.000815
1709.663278  -0.001237
1709.683712  -0.000718
1709.704147  -0.000665
1709.724581  -0.000868
1709.745016  -0.000551
1709.765450  -0.000970
1709.785884  -0.000763
1709.806319  -0.001295
1709.826753  -0.000740
1709.847188  -0.000519
1709.867622  -0.000528
1709.888057  -0.001137
1709.908491  -0.001033
1709.928925  -0.000767
1709.949360  -0.000694
1709.969794  -0.000764
1710.010663  -0.000600
1710.031098  -0.000780
1710.051532  -0.000778
1710.071967  -0.001215
1710.092401  -0.000896
1710.112835  -0.000906
1710.133270  -0.000436
1710.153704  -0.000511
1710.174139  -0.000429
1710.194573  -0.000080
1710.215008  -0.000437
1710.235442  -0.000655
1710.255876  -0.000565
1710.276311   0.000207
1710.296745  -0.000001
1710.317180  -0.000959
1710.337614  -0.000730
1710.358049  -0.000559
1710.378483  -0.000507
1710.398917  -0.000822
1710.419352  -0.000680
1710.439786  -0.000658
1710.460221  -0.000279
1710.480655  -0.000373
1710.501090  -0.000924
1710.521524  -0.000604
1710.541958   0.005866
1710.562393   0.007988
1710.582827   0.008573
1710.603262   0.008931
1710.623696   0.008937
1710.644131   0.009332
1710.664565   0.009326
1710.684999   0.009001
1710.705434   0.009344
1710.725868   0.008364
1710.746303   0.006920
1710.766737   0.000535
1710.787172  -0.001176
1710.807606  -0.000636
1710.828040  -0.000941
1710.848475  -0.000686
1710.868909  -0.000547
1710.889344  -0.001030
1710.909778  -0.001359
1710.930213  -0.000551
1710.950647  -0.000874
1710.991516  -0.001001
1711.011950  -0.000682
1711.032385  -0.000785
1711.052819  -0.001142
1711.073254  -0.000441
1711.093688  -0.000597
1711.114122  -0.000882
1711.134557  -0.000648
1711.154991  -0.000529
1711.175426  -0.000704
1711.195860  -0.000454
1711.216295  -0.000539
1711.236729  -0.000536
1711.257164  -0.000263
1711.277598  -0.000797
1711.298032  -0.000635
1711.318467  -0.000584
1711.338901  -0.000480
1711.359336  -0.000527
1711.379770  -0.000754
1711.400205  -0.000707
1711.420639  -0.000613
1711.441073  -0.000360
1711.461508  -0.000613
1711.481942  -0.000266
1711.502377  -0.000333
1711.522811  -0.000650
1711.543246  -0.000889
1711.563680  -0.000805
1711.584115  -0.000607
1711.604549  -0.000651
1711.624983  -0.000711
1711.645418  -0.000352
1711.665852  -0.000322
1711.686287  -0.000383
1711.706721  -0.000847
1711.727155  -0.000434
1711.747590  -0.000707
1711.768024  -0.000791
1711.788459  -0.000901
1711.808893  -0.000831
1711.829328  -0.000697
1711.849762  -0.000740
1711.870197  -0.001144
1711.890631  -0.000985
1711.911065  -0.001535
1711.931500  -0.001189
1711.951934  -0.000261
1711.972369  -0.000746
1711.992803  -0.000948
1712.013237  -0.000770
1712.033672  -0.000403
1712.054106  -0.000834
1712.074541  -0.000476
1712.094975  -0.000537
1712.115410  -0.000751
1712.135844  -0.000454
1712.156279  -0.000439
1712.176713  -0.000682
1712.197147  -0.000352
1712.217582  -0.000511
1712.238016  -0.000578
1712.258451  -0.000671
