1666.873652  -0.000619
1666.894086  -0.000633
1666.914521  -0.000903
1666.934955  -0.000999
1666.955389  -0.001041
1666.975823  -0.001108
1666.996258  -0.000548
1667.016692  -0.000950
1667.037126  -0.000948
1667.057560  -0.000927
1667.077995  -0.000996
1667.098429  -0.000643
1667.118864  -0.001170
1667.139298  -0.000475
1667.159732  -0.000465
1667.180166  -0.000820
1667.200601  -0.001005
1667.221035  -0.000566
1667.241469  -0.000948
1667.261903  -0.000900
1667.282338  -0.000986
1667.302772  -0.000627
1667.323206  -0.000496
1667.343641  -0.000676
1667.364075  -0.000580
1667.384509  -0.000425
1667.404944  -0.000730
1667.425378  -0.000527
1667.445812  -0.000426
1667.466246  -0.000503
1667.486681  -0.000346
1667.527549  -0.000247
1667.547984  -0.000476
1667.568418  -0.000565
1667.588852  -0.000601
1667.609286  -0.000626
1667.629721  -0.000378
1667.650155   0.000074
1667.670589  -0.000400
1667.691024  -0.000164
1667.711458  -0.000045
1667.731892  -0.000693
1667.752327  -0.000588
1667.772761  -0.000760
1667.793195  -0.000552
1667.813630  -0.000516
1667.834064  -0.000849
1667.854498  -0.000372
1667.874932  -0.001065
1667.895367  -0.000679
1667.915801  -0.000669
1667.936235  -0.000549
1667.956670  -0.000749
1667.977104  -0.001195
1667.997538  -0.000657
1668.017972  -0.000723
1668.038407  -0.000331
1668.058841  -0.000677
1668.079275  -0.000622
1668.099710  -0.000481
1668.120144  -0.001189
1668.140578  -0.000944
1668.161013  -0.000590
1668.181447  -0.000777
1668.201881  -0.000787
1668.222315  -0.000613
1668.242750  -0.000691
1668.263184  -0.000639
1668.283619  -0.000863
1668.304053  -0.000572
1668.324487  -0.000727
1668.344921  -0.000885
1668.365356   0.004055
1668.385790   0.007762
1668.406224   0.008765
1668.426659   0.009180
1668.447093   0.009799
1668.467527   0.009596
1668.487961   0.009480
1668.508396   0.009040
1668.528830   0.008569
1668.549264   0.008640
1668.569699   0.007629
1668.590133   0.001406
1668.610567  -0.000704
1668.631002  -0.000387
1668.651436  -0.000341
1668.671870  -0.000382
1668.692304  -0.000673
1668.712739   0.000189
1668.733173  -0.000352
1668.753607  -0.000271
1668.774042  -0.000303
1668.794476  -0.000719
1668.814910  -0.000586
1668.835345  -0.000583
1668.855779  -0.000497
1668.876213  -0.000586
1668.896648  -0.000486
1668.917082  -0.000674
1668.937516  -0.000250
1668.957951  -0.000614
1668.978385  -0.000958
1668.998819  -0.000598
1669.019253  -0.000599
1669.039688  -0.000980
1669.060122  -0.000818
1669.080556  -0.000630
1669.100991  -0.001054
1669.121425  -0.000958
1669.141859  -0.000574
1669.162294  -0.000862
1669.182728  -0.000882
1669.203162  -0.000287
1669.223596  -0.000988
1669.244031  -0.000743
1669.264465  -0.000980
1669.284899  -0.001235
1669.305334  -0.000662
1669.325768  -0.000157
1669.346202  -0.000927
1669.366637  -0.000785
1669.387071  -0.000206
1669.407505  -0.000543
1669.427940  -0.000668
1669.448374  -0.000749
1669.468808  -0.000950
1669.489243  -0.000427
1669.509677  -0.000427
1669.530111  -0.000447
1669.550545  -0.000252
1669.570980  -0.000324
1669.591414  -0.000092
1669.611848  -0.000795
1669.632283  -0.000450
1669.652717  -0.000824
1669.673151  -0.000469
1669.693586  -0.000302
1669.714020  -0.000400
1669.734454  -0.000492
1669.754889  -0.000453
1669.775323  -0.000934
1669.795757  -0.000394
1669.816192  -0.000549
1669.836626  -0.001007
1669.857060  -0.000616
1669.877494  -0.000282
1669.897929  -0.000649
1669.918363  -0.000828
1669.938797  -0.000750
1669.959232  -0.000980
1669.979666  -0.000970
1670.000100  -0.000549
1670.020535  -0.001138
1670.040969  -0.000646
1670.061403  -0.001422
1670.081838  -0.000619
