1413.827801  -0.000632
1413.848235  -0.000268
1413.868669  -0.000306
1413.889102  -0.000333
1413.909536  -0.000687
1413.929970  -0.000171
1413.950404  -0.000486
1413.970837  -0.000679
1413.991271  -0.000313
1414.011705  -0.000718
1414.032139  -0.000735
1414.052573  -0.000658
1414.073007  -0.000223
1414.093440  -0.000738
1414.113874  -0.000650
1414.134308  -0.000185
1414.154742  -0.000463
1414.175176  -0.000883
1414.195609  -0.000558
1414.216043  -0.000611
1414.236477  -0.001173
1414.256911  -0.000151
1414.277345  -0.000282
1414.297778   0.000045
1414.318212  -0.000397
1414.338646  -0.000889
1414.359080  -0.000449
1414.379514  -0.000784
1414.420381  -0.000581
1414.440815  -0.000943
1414.461249  -0.000476
1414.481683  -0.000873
1414.502116  -0.000384
1414.522550  -0.000622
1414.542984  -0.000933
1414.563418  -0.001139
1414.583852  -0.000950
1414.604285  -0.000638
1414.624719  -0.000675
1414.645153  -0.000288
1414.665587  -0.000694
1414.686021   0.000033
1414.706454  -0.000797
1414.726888  -0.000838
1414.747322  -0.000948
1414.767756  -0.000931
1414.788190  -0.000887
1414.808623  -0.000925
1414.829057  -0.000926
1414.849491  -0.000447
1414.869925  -0.001431
1414.890358  -0.000905
1414.910792  -0.000998
1414.931226  -0.001321
1414.951660  -0.001400
1414.972094   0.000052
1414.992527  -0.000548
1415.012961  -0.000079
1415.033395   0.000077
1415.053829  -0.001374
1415.074263  -0.001187
1415.094696   0.000066
1415.115130   0.000165
1415.135564  -0.000020
1415.155998  -0.000177
1415.176432  -0.000173
1415.196865  -0.000256
1415.217299  -0.000397
1415.237733  -0.000324
1415.258167  -0.000351
1415.278601  -0.000533
1415.299034  -0.000479
1415.319468   0.004601
1415.339902   0.008052
1415.360336   0.008726
1415.380769   0.009355
1415.401203   0.009506
1415.421637   0.009417
1415.442071   0.009456
1415.462505   0.009306
1415.482938   0.009176
1415.503372   0.008326
1415.523806   0.006911
1415.544240   0.000822
1415.564673  -0.000641
1415.585107  -0.001033
1415.605541  -0.000593
1415.625975  -0.000930
1415.646409  -0.000335
1415.666842  -0.000803
1415.687276  -0.000947
1415.707710  -0.000896
1415.728144  -0.000822
1415.748578  -0.001129
1415.769011  -0.000653
1415.789445  -0.000774
1415.809879  -0.001241
1415.830313  -0.000843
1415.850747  -0.000720
1415.871180  -0.000936
1415.891614  -0.001042
1415.912048  -0.001206
1415.932482  -0.000852
1415.952915  -0.000377
1415.973349  -0.000525
1415.993783  -0.000734
1416.014217  -0.000600
1416.034650  -0.000417
1416.055084  -0.000331
1416.075518  -0.000686
1416.095952  -0.000399
1416.116386  -0.000420
1416.136819  -0.000045
1416.157253  -0.001009
1416.177687  -0.000476
1416.198121  -0.000517
1416.218554  -0.000162
1416.238988   0.000159
1416.259422  -0.000204
1416.279856  -0.000739
1416.300290  -0.000411
1416.320723  -0.000698
1416.341157  -0.000266
1416.361591  -0.000124
1416.382025  -0.000722
1416.402458  -0.000247
1416.422892  -0.000475
1416.443326  -0.000610
1416.463760  -0.000735
1416.484194  -0.000548
1416.504627  -0.000836
1416.525061  -0.000258
1416.545495  -0.001245
1416.565929  -0.000156
1416.586363  -0.000473
1416.606796  -0.000659
1416.627230  -0.001197
1416.647664  -0.000253
1416.668097  -0.000764
1416.688531  -0.000628
1416.708965  -0.001204
1416.729399  -0.000913
1416.749833  -0.000418
1416.770266  -0.000910
1416.790700  -0.001134
1416.811134  -0.001050
1416.831568  -0.001337
1416.852001  -0.000430
1416.872435  -0.001079
1416.892869  -0.001186
1416.913303  -0.001213
1416.933737  -0.000964
1416.954170  -0.001021
1416.974604  -0.001337
1416.995038  -0.000775
1417.015472  -0.001042
1417.035905  -0.000632
