1266.210865  -0.000686
1266.231299  -0.000227
1266.251733  -0.000096
1266.272167  -0.000713
1266.292601  -0.000744
1266.313035  -0.000633
1266.333469  -0.000735
1266.353903  -0.000482
1266.374337  -0.000394
1266.394771  -0.000652
1266.415205  -0.000439
1266.435639  -0.000888
1266.456073  -0.000319
1266.476507  -0.000809
1266.496941  -0.000739
1266.517375  -0.000955
1266.537809  -0.000408
1266.558243  -0.000743
1266.578677  -0.000854
1266.599111  -0.000600
1266.619545  -0.000426
1266.639979  -0.000358
1266.660413  -0.001059
1266.680847  -0.000990
1266.701281  -0.000766
1266.721715  -0.000726
1266.742149  -0.000579
1266.762583  -0.001004
1266.783017  -0.000861
1266.803451  -0.000652
1266.823885  -0.000840
1266.844319  -0.001090
1266.864753  -0.001165
1266.885187  -0.000620
1266.905620  -0.000526
1266.926055  -0.000921
1266.946489  -0.000528
1266.966922  -0.000597
1266.987357  -0.001191
1267.007791  -0.000310
1267.028224  -0.000979
1267.048658  -0.000900
1267.069092  -0.000898
1267.089526  -0.000824
1267.109960   0.000080
1267.130394  -0.000221
1267.150828  -0.000531
1267.171262  -0.000100
1267.191696   0.000223
1267.212130  -0.000251
1267.232564  -0.000735
1267.252998  -0.000617
1267.273432  -0.000662
1267.293866  -0.001110
1267.314300  -0.000645
1267.334734  -0.000035
1267.355168  -0.000998
1267.375602  -0.000606
1267.396036  -0.000874
1267.416470   0.000005
1267.436904  -0.000779
1267.457338  -0.001073
1267.477772  -0.000759
1267.498206  -0.000397
1267.518640  -0.000977
1267.539074  -0.001782
1267.559508  -0.001051
1267.579942  -0.000854
1267.600376  -0.000745
1267.620810  -0.000720
1267.641244  -0.001123
1267.661678  -0.001038
1267.682112  -0.000680
1267.702546   0.002691
1267.722980   0.007367
1267.743414   0.008382
1267.763848   0.009126
1267.784282   0.009269
1267.804716   0.009597
1267.825150   0.009404
1267.845584   0.009706
1267.866018   0.009071
1267.886452   0.008782
1267.906886   0.008027
1267.927320   0.003720
1267.947754  -0.000521
1267.968188  -0.000548
1267.988622  -0.000832
1268.009056  -0.000465
1268.029490  -0.000555
1268.049924  -0.000868
1268.070358  -0.000313
1268.090792  -0.000616
1268.111226  -0.001011
1268.131660  -0.000169
1268.152094  -0.000233
1268.172528  -0.000477
1268.192962  -0.000576
1268.213396  -0.000544
1268.233830  -0.000713
1268.254264  -0.000335
1268.274698  -0.000753
1268.295132  -0.000995
1268.315566  -0.000865
1268.336000  -0.000511
1268.356434  -0.000323
1268.376868  -0.000278
1268.397302  -0.000975
1268.417736  -0.000929
1268.438170  -0.000926
1268.458604  -0.000318
1268.479038  -0.000320
1268.499472  -0.000939
1268.519906  -0.000632
1268.540340  -0.000843
1268.560774  -0.000861
1268.581208  -0.001118
1268.601642  -0.000867
1268.622076  -0.000599
1268.642510  -0.000860
1268.662944  -0.000808
1268.683378  -0.001386
1268.703812  -0.000752
1268.724246  -0.001329
1268.744680  -0.000627
1268.765114  -0.000454
1268.785549  -0.000613
1268.805982  -0.000513
1268.826416  -0.000502
1268.846851  -0.000704
1268.867285  -0.001251
1268.887718  -0.000821
1268.908152  -0.000477
1268.928587  -0.000902
1268.949021  -0.001110
1268.969455  -0.000675
1268.989889  -0.000606
1269.030757  -0.000333
1269.051191  -0.000153
1269.071625  -0.000629
1269.092059  -0.000714
1269.112493  -0.000377
1269.132927  -0.000844
1269.153361  -0.000958
1269.173795  -0.000293
1269.194229  -0.000642
1269.214663  -0.000373
1269.235097  -0.000139
1269.255531  -0.000656
1269.275965  -0.000640
1269.296399  -0.000414
1269.316833   0.000025
1269.337267  -0.000286
1269.357701  -0.000584
1269.378135  -0.000755
1269.398569   0.000511
1269.419003  -0.000686
