2004.272369  -0.000698
2004.292803  -0.001077
2004.313237  -0.000982
2004.333670  -0.000336
2004.354104  -0.000803
2004.374538  -0.000540
2004.394972  -0.000645
2004.415406  -0.000277
2004.538010  -0.000894
2004.558444  -0.000805
2004.578878  -0.000549
2004.599311  -0.000709
2004.619745  -0.001341
2004.640179  -0.001072
2004.660613  -0.000648
2004.681047  -0.000571
2004.701481  -0.000833
2004.721915  -0.000624
2004.742349  -0.000608
2004.762783  -0.000866
2004.783217  -0.000455
2004.803650  -0.000583
2004.824084  -0.001155
2004.844518  -0.000862
2004.864952  -0.000506
2004.885386  -0.000462
2004.905820  -0.000277
2004.967122  -0.000430
2004.987556  -0.000193
2005.007990  -0.000743
2005.028424  -0.000888
2005.048857  -0.000466
2005.069291  -0.000684
2005.089725  -0.000312
2005.110159  -0.000732
2005.130593  -0.000451
2005.151027  -0.000794
2005.171461  -0.000898
2005.191895  -0.000534
2005.212329  -0.001001
2005.232763  -0.001207
2005.253197  -0.000943
2005.273631  -0.000756
2005.294065  -0.000625
2005.314498  -0.001189
2005.334932  -0.000779
2005.355366  -0.000622
2005.375800  -0.000764
2005.396234  -0.001090
2005.416668  -0.000413
2005.437102  -0.000654
2005.457536  -0.000598
2005.477970  -0.001055
2005.498404  -0.000994
2005.518838  -0.000624
2005.539272  -0.000684
2005.559705  -0.000625
2005.580139  -0.000611
2005.600573  -0.000785
2005.621007  -0.000450
2005.641441  -0.000497
2005.661875  -0.000631
2005.682309  -0.000594
2005.702743  -0.000502
2005.723177  -0.000846
2005.743611   0.000157
2005.764045   0.005669
2005.784479   0.008869
2005.804913   0.009112
2005.825346   0.009652
2005.845780   0.009712
2005.866214   0.009593
2005.886648   0.009261
2005.907082   0.009531
2005.927516   0.009487
2005.947950   0.008884
2005.968384   0.006639
2005.988818   0.000185
2006.009252  -0.000569
2006.029686  -0.000653
2006.050120  -0.001155
2006.070554  -0.000969
2006.090988  -0.000923
2006.111421  -0.000183
2006.131855  -0.000913
2006.152289  -0.000577
2006.172723  -0.000723
2006.193157  -0.000476
2006.213591  -0.000728
2006.234025  -0.000701
2006.254459  -0.000733
2006.274893  -0.001161
2006.295327  -0.001159
2006.315761  -0.000643
2006.336195  -0.000931
2006.356629  -0.000915
2006.377063  -0.000857
2006.397497  -0.000645
2006.417930  -0.000367
2006.438364  -0.000523
2006.458798  -0.000718
2006.479232  -0.000914
2006.499666  -0.000458
2006.520100  -0.000661
2006.540534  -0.000641
2006.560968  -0.000405
2006.581402  -0.000530
2006.601836  -0.000973
2006.622270  -0.000468
2006.642704  -0.000497
2006.663138  -0.000704
2006.683572  -0.001229
2006.704006  -0.000789
2006.724439  -0.000393
2006.744874  -0.000642
2006.765307  -0.000217
2006.785741  -0.000799
2006.806175  -0.000457
2006.826609  -0.000373
2006.847043  -0.000996
2006.867477  -0.000502
2006.887911  -0.000697
2006.908345  -0.000971
2006.928779  -0.000914
2006.949213  -0.000607
2006.969647  -0.000542
2006.990081  -0.000442
2007.010515  -0.000708
2007.030949  -0.000916
2007.051383  -0.000658
2007.071816  -0.000708
2007.092250  -0.001108
2007.112684  -0.000817
2007.133118  -0.000526
2007.153552  -0.000643
2007.173986  -0.000778
2007.194420  -0.000777
2007.214854  -0.000636
2007.235288  -0.000870
2007.255722  -0.000986
2007.276156  -0.000980
2007.296590  -0.000826
2007.317024  -0.000654
2007.337458  -0.000801
2007.357892  -0.000516
2007.378326  -0.000264
2007.398760  -0.000967
2007.419194  -0.000600
2007.439627  -0.000431
2007.460062  -0.000698
