2025.360273  -0.000525
2025.380707  -0.000262
2025.401142  -0.001207
2025.421576  -0.000743
2025.442010  -0.000365
2025.462444  -0.000455
2025.482878  -0.000749
2025.503312  -0.000646
2025.523747  -0.000096
2025.544181  -0.000061
2025.585049  -0.000255
2025.605483  -0.000486
2025.625917  -0.000335
2025.646352   0.000047
2025.666786  -0.000765
2025.687220  -0.000456
2025.707654  -0.000588
2025.728088  -0.000488
2025.748522  -0.000060
2025.768957  -0.000448
2025.789391  -0.000550
2025.809825  -0.000609
2025.830259  -0.000172
2025.850693  -0.000624
2025.871127  -0.000609
2025.891562  -0.000806
2025.911996  -0.000949
2025.932430  -0.000853
2025.952864  -0.000730
2025.973298  -0.000870
2025.993732  -0.000612
2026.014167  -0.000673
2026.034601  -0.000591
2026.055035  -0.000423
2026.075469  -0.000404
2026.095903  -0.000690
2026.116338  -0.000537
2026.136772  -0.000592
2026.157206  -0.000530
2026.177640  -0.000709
2026.198074  -0.000703
2026.218508  -0.000519
2026.238943  -0.000624
2026.259377  -0.000627
2026.279811  -0.000243
2026.300245  -0.000214
2026.320679  -0.000322
2026.341113  -0.000539
2026.361548  -0.000327
2026.381982  -0.000479
2026.402416  -0.000512
2026.422850  -0.000151
2026.443284  -0.000474
2026.463718  -0.000498
2026.484153  -0.000528
2026.504587  -0.000482
2026.525021  -0.000327
2026.545455  -0.000411
2026.565889  -0.000092
2026.586323  -0.000896
2026.606758  -0.000297
2026.627192  -0.000502
2026.647626  -0.000249
2026.668060  -0.000408
2026.688494  -0.000550
2026.708929  -0.000996
2026.729363  -0.001065
2026.749797  -0.000527
2026.770231  -0.000413
2026.790665  -0.001141
2026.811099  -0.001230
2026.831534  -0.000084
2026.851968   0.005061
2026.872402   0.007934
2026.892836   0.008732
2026.933705   0.009134
2026.954139   0.009327
2026.974573   0.009349
2027.015441   0.009246
2027.035875   0.008288
2027.056310   0.006796
2027.076744   0.000555
2027.097178  -0.000468
2027.117612  -0.000082
2027.138046  -0.000321
2027.158481  -0.000236
2027.178915  -0.000307
2027.199349  -0.000522
2027.219783  -0.000514
2027.240217  -0.001131
2027.260651  -0.000586
2027.281086  -0.000810
2027.301520  -0.001006
2027.321954  -0.000564
2027.342388  -0.000609
2027.362822  -0.000433
2027.383257  -0.000540
2027.403691  -0.000269
2027.424125  -0.000589
2027.444559  -0.000787
2027.464993  -0.000297
2027.485428   0.000032
2027.505862  -0.000701
2027.526296  -0.000657
2027.546730  -0.000025
2027.567164  -0.000012
2027.587598  -0.000037
2027.608033  -0.000473
2027.628467  -0.000740
2027.648901  -0.000605
2027.669335  -0.000780
2027.689769  -0.000647
2027.710204  -0.000223
2027.730638  -0.000374
2027.751072  -0.000627
2027.771506  -0.000722
2027.791940  -0.000279
2027.812374  -0.000953
2027.832809  -0.000713
2027.853243  -0.000609
2027.873677  -0.000612
2027.894111  -0.000557
2027.914545  -0.001038
2027.934980  -0.001040
2027.955414  -0.000451
2027.975848  -0.000969
2027.996282  -0.000316
2028.016716  -0.000767
2028.037151  -0.000602
2028.057585  -0.000241
2028.078019  -0.000334
2028.098453  -0.000121
2028.118887  -0.000341
2028.139322  -0.000321
2028.159756  -0.000322
2028.180190  -0.000745
2028.200624  -0.000922
2028.221058  -0.000411
2028.241493  -0.000567
2028.261927  -0.000325
2028.282361  -0.000381
2028.302795  -0.000455
2028.323229  -0.000308
2028.343663  -0.000553
2028.364098  -0.000610
2028.384532  -0.000230
2028.404966  -0.000404
2028.425400  -0.000687
2028.445834  -0.000330
2028.466269  -0.000576
2028.486703  -0.000255
2028.507137  -0.000542
2028.527571  -0.000443
2028.548005  -0.000525
