1983.184735  -0.000661
1983.205168  -0.000885
1983.225602  -0.000802
1983.246036  -0.001186
1983.266469  -0.000703
1983.286903  -0.000772
1983.307336  -0.000872
1983.327770  -0.000300
1983.348204  -0.000369
1983.368637  -0.000738
1983.389071  -0.000181
1983.409504  -0.000787
1983.429938  -0.000362
1983.450372  -0.000640
1983.470805  -0.000926
1983.491239  -0.000981
1983.511672  -0.000858
1983.532106  -0.000760
1983.552540  -0.000700
1983.572973  -0.000912
1983.593407  -0.000769
1983.613840  -0.000779
1983.634274  -0.001045
1983.654708  -0.000995
1983.675141  -0.001199
1983.695575  -0.000598
1983.716008  -0.001004
1983.736442  -0.000325
1983.756876  -0.000400
1983.777309  -0.000165
1983.797743  -0.000342
1983.818176  -0.000379
1983.838610  -0.000734
1983.859044  -0.000688
1983.879477  -0.000402
1983.899911  -0.000650
1983.920345  -0.000784
1983.940778  -0.000738
1983.961212  -0.000757
1983.981645  -0.000613
1984.002079  -0.000447
1984.022513  -0.000398
1984.042946  -0.000692
1984.063380  -0.000755
1984.083813  -0.000249
1984.104247  -0.000283
1984.124681  -0.000519
1984.145114  -0.000755
1984.165548  -0.000501
1984.185981  -0.000295
1984.206415  -0.000986
1984.226849  -0.000606
1984.247282  -0.000741
1984.267716  -0.001254
1984.288150  -0.000605
1984.308583  -0.000668
1984.329017  -0.000606
1984.349450  -0.000454
1984.369884  -0.000684
1984.390318  -0.000566
1984.410751  -0.000984
1984.431185  -0.000796
1984.451618  -0.000718
1984.472052  -0.000793
1984.492486  -0.000956
1984.512919  -0.000790
1984.533353  -0.000892
1984.553787  -0.000564
1984.574220  -0.000988
1984.594654  -0.000202
1984.615087  -0.000944
1984.635521  -0.000947
1984.655955  -0.000168
1984.676388   0.004795
1984.696822   0.007906
1984.717255   0.009028
1984.737689   0.009223
1984.758123   0.009735
1984.778556   0.009925
1984.798990   0.009463
1984.819424   0.008652
1984.839857   0.008668
1984.860291   0.008598
1984.880724   0.007224
1984.901158   0.001030
1984.921592  -0.000919
1984.942025  -0.000894
1984.962459  -0.000423
1984.982892  -0.001057
1985.003326  -0.000465
1985.023760  -0.000566
1985.044193  -0.000435
1985.064627  -0.000690
1985.085061  -0.000990
1985.105494  -0.000545
1985.125928  -0.000368
1985.146362  -0.000691
1985.166795  -0.000639
1985.187229  -0.000376
1985.207663  -0.000434
1985.228096  -0.000505
1985.248530  -0.000487
1985.268963  -0.000439
1985.289397  -0.000244
1985.309831  -0.000504
1985.330264  -0.000876
1985.350698  -0.000164
1985.371132  -0.000577
1985.391565  -0.000767
1985.411999  -0.000633
1985.432432  -0.000414
1985.452866  -0.000480
1985.473300  -0.001120
1985.493733  -0.000879
1985.514167  -0.000483
1985.534600  -0.001047
1985.555034  -0.001011
1985.575468  -0.000603
1985.595901  -0.000704
1985.616335  -0.000673
1985.636769  -0.001465
1985.657202  -0.001137
1985.677636  -0.001009
1985.698070  -0.000716
1985.718503  -0.000372
1985.738937  -0.001096
1985.779804  -0.000698
1985.800238  -0.000781
1985.820671  -0.000732
1985.841105  -0.000979
1985.861539  -0.000629
1985.881972  -0.001028
1985.902406  -0.000425
1985.922840  -0.000796
1985.943273  -0.000151
1985.963707  -0.000936
1985.984141  -0.000364
1986.004574  -0.000561
1986.025008  -0.001013
1986.045441  -0.000593
1986.065875  -0.000132
1986.086309  -0.000338
1986.106742  -0.000067
1986.127176  -0.000264
1986.147610  -0.000196
1986.168043  -0.000360
1986.188477  -0.000881
1986.208911  -0.000617
1986.229344  -0.000810
1986.249778  -0.000086
1986.270211  -0.000560
1986.290645  -0.000532
1986.311079  -0.000151
1986.331512  -0.000361
1986.351946  -0.001077
1986.372380  -0.000661
