1624.697740  -0.000660
1624.718174  -0.001379
1624.738608  -0.001217
1624.759041  -0.001326
1624.779475  -0.001755
1624.799909  -0.001658
1624.820343  -0.000834
1624.840777  -0.001149
1624.861210  -0.000620
1624.902078  -0.001215
1624.942946  -0.000971
1624.963379  -0.000802
1624.983813  -0.001016
1625.004247  -0.000624
1625.024681  -0.000726
1625.045115  -0.000855
1625.065549  -0.000256
1625.085982  -0.000382
1625.106416  -0.000281
1625.126850  -0.000415
1625.147284  -0.000625
1625.167717  -0.000103
1625.188151  -0.000539
1625.208585  -0.000847
1625.229019  -0.000834
1625.249453  -0.000390
1625.269887  -0.000332
1625.290320  -0.000597
1625.310754  -0.000636
1625.331188  -0.001036
1625.351622  -0.000449
1625.372056  -0.000691
1625.392489  -0.000432
1625.412923  -0.000281
1625.433357  -0.001038
1625.453791  -0.000960
1625.474225  -0.000350
1625.494658  -0.001504
1625.515092  -0.000532
1625.535526  -0.000070
1625.555960  -0.000487
1625.576394  -0.000872
1625.596828  -0.000816
1625.617261  -0.000469
1625.637695  -0.000099
1625.658129  -0.000744
1625.678563  -0.000687
1625.698997  -0.000444
1625.719430  -0.000635
1625.739864  -0.000882
1625.780732  -0.000740
1625.801166  -0.000614
1625.821600  -0.001045
1625.842033  -0.000771
1625.862467  -0.001370
1625.882901  -0.000655
1625.903335  -0.000403
1625.923769  -0.000707
1625.944202  -0.000767
1625.964636  -0.000670
1625.985070  -0.000882
1626.005504  -0.000589
1626.025938  -0.000978
1626.046372  -0.000299
1626.066805  -0.000604
1626.087239  -0.000208
1626.107673  -0.000601
1626.128107  -0.000903
1626.148541  -0.000709
1626.168974  -0.000214
1626.189408   0.003795
1626.209842   0.007930
1626.230276   0.008796
1626.250710   0.009490
1626.271144   0.010336
1626.291577   0.010053
1626.312011   0.009484
1626.332445   0.009228
1626.352879   0.008870
1626.373313   0.008673
1626.393746   0.007739
1626.414180   0.001657
1626.434614  -0.000941
1626.455048  -0.000936
1626.475482  -0.000871
1626.516349  -0.000440
1626.536783  -0.000384
1626.557217  -0.000973
1626.577651  -0.000913
1626.598085  -0.000502
1626.618519  -0.000568
1626.638953  -0.001117
1626.659386  -0.000674
1626.679820  -0.000329
1626.700254  -0.000465
1626.720688  -0.000687
1626.741122  -0.000809
1626.761555  -0.000129
1626.781989  -0.000702
1626.802423  -0.000478
1626.822857  -0.000979
1626.843291  -0.000427
1626.863725  -0.000299
1626.884158  -0.000437
1626.904592  -0.000416
1626.925026  -0.000400
1626.945460  -0.000599
1626.965894  -0.000523
1626.986328  -0.000840
1627.006761  -0.000446
1627.027195  -0.000892
1627.047629  -0.000881
1627.068063  -0.000847
1627.088497  -0.000879
1627.108931  -0.000646
1627.129364  -0.001053
1627.149798  -0.000403
1627.170232  -0.000581
1627.190666  -0.000508
1627.211100  -0.000764
1627.231534  -0.000764
1627.251967  -0.000689
1627.272401  -0.001364
1627.292835  -0.000811
1627.313269  -0.000707
1627.333703  -0.001256
1627.354137  -0.001271
1627.374570  -0.000644
1627.395004  -0.000943
1627.415438  -0.000350
1627.435872  -0.001072
1627.456306  -0.001160
1627.476740  -0.000706
1627.497173  -0.000264
1627.517607   0.000234
1627.538041  -0.000147
1627.558475  -0.000340
1627.578909   0.000263
1627.599343  -0.000371
1627.619777  -0.000565
1627.640210  -0.000941
1627.660644  -0.001010
1627.681078  -0.000927
1627.701512  -0.000559
1627.721946  -0.000743
1627.742380  -0.000393
1627.762813  -0.000586
1627.783247  -0.000346
1627.803681  -0.000142
1627.824115  -0.000768
1627.844549  -0.000226
1627.864983  -0.000458
1627.885416  -0.000376
1627.905850  -0.000660
