2088.625064  -0.000669
2088.645498  -0.000011
2088.665933  -0.000147
2088.686367  -0.000205
2088.706802  -0.000001
2088.727236  -0.000559
2088.747671  -0.000026
2088.768105   0.000063
2088.788539  -0.000346
2088.808974   0.000041
2088.829408  -0.000429
2088.849843  -0.000490
2088.870277  -0.000344
2088.890712  -0.000347
2088.911146  -0.000304
2088.931580  -0.000735
2088.952015  -0.000592
2088.972449  -0.000694
2088.992883  -0.000884
2089.013318  -0.000632
2089.033752  -0.000992
2089.054187  -0.001094
2089.074621  -0.001141
2089.095056  -0.000596
2089.115490  -0.000811
2089.135924  -0.000883
2089.156359  -0.000618
2089.176793  -0.000690
2089.197228  -0.000787
2089.217662  -0.000378
2089.238097  -0.000970
2089.258531  -0.001166
2089.278965  -0.000804
2089.299400  -0.000489
2089.319834  -0.000274
2089.340269  -0.000712
2089.360703  -0.000633
2089.381137  -0.000563
2089.401572  -0.000547
2089.422006  -0.001022
2089.442441  -0.000823
2089.462875  -0.001106
2089.483309  -0.000944
2089.503744  -0.000736
2089.524178  -0.000745
2089.544613  -0.000526
2089.585482  -0.001002
2089.605916  -0.000290
2089.626350  -0.000634
2089.646785  -0.000121
2089.667219  -0.001027
2089.687654  -0.000734
2089.708088  -0.000908
2089.728523  -0.000380
2089.748957  -0.000830
2089.769391  -0.000919
2089.789826  -0.000518
2089.810260  -0.000601
2089.830695  -0.000854
2089.851129  -0.000670
2089.871564  -0.000320
2089.891998  -0.000591
2089.912432  -0.000900
2089.932867  -0.000154
2089.953301  -0.000579
2089.973736  -0.000733
2089.994170  -0.000526
2090.014604  -0.000315
2090.035039  -0.000549
2090.055473  -0.000661
2090.075908  -0.000239
2090.096342   0.000706
2090.116776   0.006564
2090.137211   0.008155
2090.157645   0.008628
2090.178080   0.009320
2090.198514   0.009810
2090.218948   0.008815
2090.239383   0.009727
2090.259817   0.009521
2090.280252   0.008285
2090.300686   0.007939
2090.321121   0.005539
2090.341555  -0.000476
2090.361989  -0.000726
2090.382424  -0.000648
2090.402858  -0.000619
2090.423293  -0.000872
2090.443727  -0.000928
2090.464161  -0.000711
2090.484596  -0.000807
2090.505030  -0.000845
2090.525465  -0.000983
2090.545899  -0.000554
2090.566334  -0.000686
2090.586768  -0.001271
2090.607202  -0.000925
2090.627637  -0.001024
2090.648071  -0.000959
2090.668506  -0.000913
2090.688940  -0.000949
2090.709374  -0.000387
2090.729809  -0.000304
2090.750243  -0.000421
2090.770678  -0.000786
2090.791112  -0.001018
2090.811547  -0.000737
2090.831981  -0.000690
2090.852415  -0.000409
2090.872850  -0.000228
2090.893284  -0.000610
2090.913719  -0.000350
2090.934153  -0.000506
2090.954587  -0.000528
2090.975022  -0.000506
2090.995456  -0.000410
2091.015891  -0.000959
2091.036325  -0.000295
2091.056759  -0.000471
2091.097628  -0.000326
2091.118063  -0.000475
2091.138497  -0.000635
2091.158932  -0.000506
2091.179366  -0.000744
2091.199800  -0.001022
2091.220235  -0.000153
2091.240669  -0.000369
2091.261104  -0.000821
2091.281538  -0.001050
2091.301972  -0.000657
2091.322407  -0.000770
2091.342841  -0.000425
2091.363276  -0.000709
2091.383710  -0.000488
2091.404144  -0.001056
2091.424579  -0.000752
2091.445013  -0.000682
2091.465448  -0.000939
2091.485882  -0.000939
2091.506317  -0.001018
2091.526751  -0.000629
2091.547185  -0.000723
2091.567620  -0.000685
2091.588054  -0.000672
2091.608489  -0.000882
2091.628923  -0.000809
2091.649357  -0.000949
2091.669792  -0.000681
2091.690226  -0.000683
2091.710661  -0.001130
2091.731095  -0.000857
2091.751529  -0.000839
2091.771964  -0.000581
2091.792398  -0.000761
2091.812833  -0.000669
