1034.253152  -0.000576
1034.273585  -0.000684
1034.294020  -0.000996
1034.314453  -0.001151
1034.334887  -0.001270
1034.355321  -0.000760
1034.375755  -0.000718
1034.396189  -0.000710
1034.416623  -0.000888
1034.437057  -0.001461
1034.457491  -0.001904
1034.477925  -0.001001
1034.498359  -0.001462
1034.518793  -0.000453
1034.539226  -0.001474
1034.559660  -0.000832
1034.580094  -0.001034
1034.600528  -0.000530
1034.620962  -0.000865
1034.641396  -0.000889
1034.661830  -0.001146
1034.682264  -0.000955
1034.702698  -0.000414
1034.723132  -0.000659
1034.743566  -0.000894
1034.763999  -0.000255
1034.784433  -0.000167
1034.804867  -0.000293
1034.825301   0.000283
1034.845735  -0.000492
1034.866169  -0.000875
1034.886603  -0.000320
1034.907037  -0.000311
1034.927471  -0.000420
1034.947905  -0.000067
1034.968339  -0.000099
1034.988772   0.000079
1035.009206  -0.000366
1035.029640   0.000257
1035.050074  -0.000360
1035.070508   0.000374
1035.090942  -0.000406
1035.111376  -0.000225
1035.131810   0.000208
1035.152244  -0.000074
1035.172678  -0.000257
1035.193111  -0.000955
1035.213545  -0.000826
1035.233979  -0.000435
1035.254413  -0.000456
1035.274847  -0.000698
1035.295281  -0.000614
1035.315715  -0.000708
1035.336149  -0.001219
1035.356583  -0.001158
1035.377017  -0.000517
1035.397451  -0.001178
1035.417884  -0.000939
1035.438318  -0.001176
1035.458752  -0.000875
1035.479186  -0.000757
1035.499620  -0.001077
1035.520054  -0.000664
1035.540488  -0.000834
1035.560922  -0.001060
1035.581356  -0.000382
1035.601790  -0.001110
1035.622223  -0.000598
1035.642657  -0.000815
1035.663091  -0.000477
1035.683525  -0.000939
1035.703959  -0.000629
1035.724393  -0.000778
1035.744827   0.002157
1035.765261   0.007150
1035.785695   0.008142
1035.806129   0.008853
1035.826562   0.009404
1035.846996   0.009195
1035.867430   0.009224
1035.887864   0.009226
1035.908298   0.008705
1035.928732   0.008135
1035.949166   0.007532
1035.990034   0.000454
1036.010467   0.000797
1036.030901  -0.000202
1036.051335  -0.000563
1036.071769  -0.000436
1036.092203  -0.000671
1036.112637   0.000094
1036.133071  -0.000276
1036.153505  -0.000476
1036.173939  -0.000545
1036.194372  -0.000429
1036.214806  -0.000488
1036.235240  -0.000881
1036.255674  -0.001106
1036.276108  -0.000378
1036.296542  -0.000033
1036.316976  -0.000106
1036.337410  -0.000405
1036.357844  -0.000424
1036.378278  -0.001095
1036.398711  -0.000981
1036.419145  -0.000289
1036.439579  -0.000890
1036.460013  -0.000619
1036.480447  -0.000656
1036.500881  -0.000677
1036.521315  -0.000467
1036.541749  -0.000843
1036.562182  -0.001052
1036.582616  -0.001223
1036.603050  -0.000630
1036.623484  -0.000698
1036.643918  -0.000851
1036.664352  -0.000920
1036.684786  -0.000279
1036.705220  -0.000724
1036.725654  -0.001157
1036.746087  -0.000789
1036.766521  -0.000550
1036.786955  -0.000774
1036.807389  -0.001231
1036.827823  -0.000619
1036.848257  -0.000582
1036.868691  -0.000763
1036.889125  -0.000478
1036.909558  -0.000662
1036.929992  -0.000654
1036.950426  -0.000392
1036.970860  -0.000303
1036.991294  -0.000839
1037.011728   0.000250
1037.032162  -0.000400
1037.052596  -0.000523
1037.073030  -0.000368
1037.093463  -0.000482
1037.113897  -0.000384
1037.134331  -0.000047
1037.154765  -0.000380
1037.175199  -0.000454
1037.195633  -0.000229
1037.216067  -0.000070
1037.236501  -0.000298
1037.256934  -0.000302
1037.277368  -0.000532
1037.297802  -0.000541
1037.318236  -0.000703
1037.338670  -0.000783
1037.359104  -0.000492
1037.379538  -0.000257
1037.399971  -0.000719
1037.420405  -0.000583
1037.440839  -0.000702
1037.461273  -0.000576
