1962.097426  -0.000697
1962.117859  -0.000809
1962.138293  -0.000701
1962.158726  -0.000939
1962.179159  -0.001022
1962.199593  -0.000476
1962.220026  -0.000894
1962.240459  -0.000875
1962.260892  -0.001225
1962.281326  -0.000574
1962.301759  -0.000895
1962.322192  -0.000376
1962.342625  -0.000868
1962.363059  -0.000519
1962.383492  -0.000429
1962.403925  -0.000310
1962.424359  -0.000599
1962.444792  -0.000697
1962.465225  -0.000610
1962.485658  -0.001089
1962.506092  -0.000747
1962.526525  -0.000534
1962.546958  -0.000616
1962.567392  -0.000326
1962.689991  -0.000807
1962.710425  -0.000608
1962.730858  -0.000527
1962.751291  -0.000561
1962.771725  -0.000827
1962.792158  -0.001244
1962.812591  -0.000723
1962.833024  -0.000975
1962.853458  -0.000627
1962.873891   0.000016
1962.894324  -0.000961
1962.914758  -0.000709
1962.935191  -0.001101
1962.955624  -0.000658
1962.976057  -0.000641
1962.996491  -0.000642
1963.016924  -0.001095
1963.037357  -0.000658
1963.057791  -0.000884
1963.098657  -0.000456
1963.119091  -0.000840
1963.139524  -0.000393
1963.159957  -0.001062
1963.180390  -0.000766
1963.200824  -0.000717
1963.221257  -0.000672
1963.241690  -0.000662
1963.262124  -0.000435
1963.282557  -0.000795
1963.302990  -0.000635
1963.323423  -0.001032
1963.343857  -0.000700
1963.364290  -0.000522
1963.384723  -0.000767
1963.405157  -0.000418
1963.425590  -0.000491
1963.446023  -0.000378
1963.466457  -0.000379
1963.486890  -0.000662
1963.507323  -0.000726
1963.527756  -0.000860
1963.548190  -0.000807
1963.568623  -0.000310
1963.589056   0.005356
1963.609490   0.007959
1963.629923   0.008602
1963.650356   0.009699
1963.670790   0.009854
1963.691223   0.009849
1963.711656   0.009835
1963.732090   0.009622
1963.752523   0.009074
1963.772956   0.008450
1963.793389   0.007189
1963.813823   0.000756
1963.834256  -0.001144
1963.854689  -0.000869
1963.875123  -0.000844
1963.895556  -0.001037
1963.915989  -0.001318
1963.936423  -0.000487
1963.956856  -0.000250
1963.977289  -0.001174
1963.997722  -0.001154
1964.018156  -0.000934
1964.038589  -0.000467
1964.059023  -0.000779
1964.079456  -0.000460
1964.099889  -0.000122
1964.120322  -0.000318
1964.140756  -0.000462
1964.161189  -0.000801
1964.181622  -0.000672
1964.202056  -0.000528
1964.222489  -0.000747
1964.242922  -0.001136
1964.263356  -0.000493
1964.283789  -0.000835
1964.304222  -0.000414
1964.324655  -0.000714
1964.345089  -0.000696
1964.365522  -0.000631
1964.385956  -0.000563
1964.406389  -0.000269
1964.426822  -0.000516
1964.447255  -0.000511
1964.467689  -0.000459
1964.488122  -0.000435
1964.508555  -0.000717
1964.528989  -0.001272
1964.549422  -0.000680
1964.569855  -0.001104
1964.590289  -0.000714
1964.610722  -0.000710
1964.631155  -0.000939
1964.651589  -0.000491
1964.672022  -0.000959
1964.692455  -0.001018
1964.712888  -0.000941
1964.733322  -0.000613
1964.753755  -0.000816
1964.774189  -0.000894
1964.794622  -0.001046
1964.815055  -0.000886
1964.835488  -0.000937
1964.855922  -0.000393
1964.876355  -0.000303
1964.917222  -0.000500
1964.937655  -0.000763
1964.958088  -0.000522
1964.978522  -0.000535
1964.998955  -0.000102
1965.019388  -0.000731
1965.039822  -0.000896
1965.060255  -0.000799
1965.080688  -0.000305
1965.101122  -0.000933
1965.121555  -0.001029
1965.141988  -0.000339
1965.162422  -0.000325
1965.182855  -0.000673
1965.203288  -0.001095
1965.223722  -0.000276
1965.244155  -0.000888
1965.264588  -0.000625
1965.285022  -0.000697
