1582.523041  -0.000650
1582.543475  -0.001254
1582.563908  -0.000833
1582.584341  -0.000190
1582.604774  -0.000857
1582.625207  -0.000553
1582.645640  -0.001127
1582.666074  -0.000448
1582.686507  -0.001109
1582.706940  -0.000593
1582.727373  -0.000947
1582.747806  -0.000975
1582.768240  -0.000954
1582.788673  -0.000595
1582.809106  -0.000943
1582.829539  -0.000470
1582.849972  -0.000118
1582.870405  -0.001105
1582.890839  -0.000469
1582.911272  -0.000829
1582.931705  -0.000360
1582.952138  -0.000630
1582.972571  -0.000688
1582.993005  -0.000494
1583.013438  -0.001018
1583.033871  -0.000447
1583.054304  -0.000540
1583.074737  -0.000971
1583.095170  -0.000444
1583.115604  -0.000776
1583.136037  -0.000872
1583.156470  -0.000886
1583.176903  -0.000556
1583.217770  -0.000267
1583.238203  -0.000761
1583.258636  -0.000523
1583.279069  -0.000214
1583.299502  -0.000629
1583.319936  -0.000828
1583.340369  -0.000282
1583.360802  -0.000783
1583.381235  -0.000524
1583.401668  -0.000249
1583.422101  -0.000464
1583.442535  -0.000739
1583.462968  -0.001000
1583.483401  -0.000773
1583.503834  -0.000140
1583.524267  -0.000459
1583.544701  -0.001206
1583.565134  -0.000420
1583.585567  -0.000365
1583.606000  -0.000327
1583.626433  -0.000827
1583.646867  -0.000706
1583.667300  -0.000830
1583.687733  -0.000348
1583.708166  -0.000562
1583.728599  -0.001234
1583.749032  -0.000587
1583.769466  -0.001193
1583.789899  -0.000843
1583.810332  -0.000692
1583.830765  -0.000708
1583.851199  -0.000610
1583.871632  -0.000812
1583.892065  -0.001007
1583.912498  -0.001119
1583.932931  -0.000723
1583.953364  -0.000486
1583.973798  -0.000499
1583.994231  -0.000401
1584.014664   0.003771
1584.035097   0.007882
1584.055530   0.008704
1584.075964   0.009551
1584.096397   0.009560
1584.116830   0.009778
1584.137263   0.009253
1584.157696   0.009195
1584.178130   0.009326
1584.198563   0.009112
1584.218996   0.007454
1584.239429   0.001795
1584.259862  -0.000543
1584.280296  -0.000505
1584.300729  -0.000670
1584.321162  -0.000748
1584.341595  -0.000057
1584.362028  -0.000401
1584.382462  -0.000748
1584.402895  -0.000537
1584.423328  -0.000302
1584.443761  -0.000624
1584.464194  -0.000855
1584.484628  -0.000341
1584.505061  -0.000341
1584.525494  -0.001005
1584.545927  -0.000653
1584.566361  -0.000334
1584.586794  -0.000257
1584.607227  -0.000886
1584.627660  -0.001015
1584.648093  -0.000635
1584.668527  -0.000343
1584.688960  -0.001092
1584.709393  -0.001014
1584.729826  -0.000854
1584.750259  -0.000859
1584.770693  -0.000692
1584.791126  -0.000943
1584.811559  -0.000719
1584.831992  -0.000970
1584.852425  -0.000720
1584.872859  -0.000627
1584.893292  -0.000921
1584.913725  -0.000335
1584.934158  -0.001049
1584.954591  -0.000888
1584.975025  -0.000657
1584.995458  -0.000255
1585.015891  -0.000570
1585.036324  -0.000113
1585.056757  -0.001002
1585.077191  -0.000407
1585.097624  -0.000435
1585.118057  -0.000049
1585.138490  -0.000488
1585.158924  -0.001109
1585.179357  -0.000529
1585.199790  -0.000845
1585.240656  -0.000497
1585.261090  -0.000757
1585.281523  -0.000361
1585.301956  -0.000677
1585.322389  -0.000663
1585.342823  -0.000906
1585.363256  -0.000438
1585.383689  -0.000557
1585.404122  -0.000182
1585.424555  -0.000914
1585.444989  -0.001157
1585.465422  -0.000493
1585.485855  -0.000622
1585.506288  -0.000780
1585.526721  -0.000638
1585.547155  -0.000444
1585.567588  -0.000895
1585.588021  -0.000981
1585.608454  -0.000688
1585.628887  -0.000653
1585.649321  -0.000641
1585.669754  -0.000340
1585.690187  -0.000725
1585.710620  -0.000934
1585.731054  -0.000650
