2109.693619  -0.000695
2109.714053  -0.000714
2109.734487  -0.000753
2109.754922  -0.000769
2109.775356  -0.000553
2109.795790  -0.000981
2109.816225  -0.000472
2109.836659  -0.000668
2109.857093  -0.000532
2109.877528  -0.000411
2109.897962  -0.000681
2109.918396  -0.000490
2109.938831  -0.000619
2109.959265  -0.000392
2109.979699  -0.000649
2110.000134  -0.000577
2110.020568  -0.000006
2110.041002  -0.000896
2110.061437  -0.000809
2110.081871  -0.000835
2110.102305  -0.001155
2110.122739  -0.000783
2110.143174  -0.000834
2110.163608  -0.001194
2110.184043  -0.001060
2110.204477  -0.000966
2110.224911  -0.000944
2110.245346  -0.000691
2110.265780  -0.001003
2110.286214  -0.000829
2110.306648  -0.000540
2110.327083  -0.000524
2110.347517  -0.000813
2110.367951  -0.000541
2110.388386  -0.000300
2110.408820  -0.000391
2110.429254  -0.000262
2110.449688  -0.000547
2110.470123  -0.000659
2110.490557  -0.000841
2110.510991  -0.000581
2110.531426  -0.000744
2110.551860  -0.000813
2110.572294  -0.000412
2110.592729  -0.000960
2110.613163  -0.000583
2110.633597  -0.001179
2110.654032  -0.000760
2110.674466  -0.000710
2110.694900  -0.000311
2110.715335  -0.000097
2110.735769  -0.000650
2110.756203  -0.000290
2110.776637  -0.000823
2110.797072  -0.000802
2110.817506  -0.000607
2110.837940  -0.000808
2110.858375  -0.000368
2110.878809  -0.000873
2110.899243  -0.001103
2110.919678  -0.000475
2110.940112  -0.000894
2110.960546  -0.000662
2110.980981  -0.000794
2111.001415  -0.001485
2111.021849  -0.001085
2111.042283  -0.000960
2111.062718  -0.000639
2111.083152  -0.000618
2111.103586  -0.000662
2111.124021  -0.000312
2111.144455  -0.000997
2111.164889  -0.000562
2111.185324   0.000333
2111.205758   0.006916
2111.226192   0.008450
2111.246627   0.009359
2111.267061   0.009707
2111.287495   0.009509
2111.307929   0.009187
2111.328364   0.009504
2111.348798   0.008998
2111.369232   0.008979
2111.389667   0.008509
2111.410101   0.005724
2111.430535   0.000061
2111.450970  -0.000552
2111.491838  -0.000773
2111.512272  -0.000757
2111.532707  -0.000765
2111.553141  -0.000523
2111.573575  -0.000914
2111.594010  -0.000261
2111.614444  -0.000491
2111.634878  -0.000412
2111.655313  -0.000771
2111.675747  -0.001039
2111.696181  -0.000696
2111.716615  -0.000439
2111.737050  -0.000634
2111.798353  -0.000994
2111.818787  -0.001023
2111.859656  -0.001321
2111.880090  -0.000806
2111.900524  -0.000878
2111.920959  -0.000175
2111.941393  -0.000879
2111.961827  -0.000932
2111.982262  -0.000873
2112.002696  -0.000629
2112.023130  -0.000552
2112.043564  -0.000456
2112.084433  -0.000560
2112.104867  -0.000962
2112.125301  -0.000726
2112.166170  -0.000877
2112.186604  -0.000761
2112.207039  -0.000214
2112.227473  -0.001010
2112.247907  -0.000593
2112.268342  -0.000722
2112.288776  -0.000583
2112.309210  -0.000157
2112.329645  -0.000376
2112.350079  -0.000847
2112.370513  -0.001058
2112.411382  -0.000571
2112.431816  -0.000365
2112.452250  -0.000329
2112.472685  -0.000933
2112.493119  -0.000713
2112.513553  -0.000578
2112.533988  -0.000638
2112.554422  -0.001117
2112.574856  -0.000541
2112.595290  -0.000542
2112.615725  -0.000503
2112.636159  -0.001026
2112.656593  -0.000977
2112.677028  -0.001379
2112.697462  -0.000951
2112.717896  -0.001051
2112.738330  -0.000703
2112.758765  -0.000852
2112.779199  -0.000522
2112.799633  -0.000446
2112.820068  -0.000045
2112.840502  -0.000007
2112.860936  -0.000502
2112.881371  -0.000265
2112.901805  -0.000695
