1310.818758   0.000012
1310.859626   0.000063
1310.880061   0.000343
1310.900495  -0.000118
1310.920930  -0.000233
1310.941364  -0.000106
1310.961798   0.000135
1310.982233   0.000314
1311.002667  -0.000156
1311.023102  -0.000223
1311.043536  -0.000017
1311.063970   0.000160
1311.084405   0.000017
1311.104839   0.000023
1311.125274   0.000026
1311.145708   0.000328
1311.166142  -0.000419
1311.186577  -0.000094
1311.207011  -0.000240
1311.227446   0.000430
1311.247880  -0.000250
1311.268314   0.000121
1311.288749  -0.000027
1311.309183   0.000002
1311.329617   0.000217
1311.350052   0.000196
1311.370486  -0.000003
1311.390921   0.000111
1311.411355  -0.000026
1311.431789   0.000303
1311.452224   0.000106
1311.472658  -0.000021
1311.493093  -0.000238
1311.513527  -0.000258
1311.533961  -0.000107
1311.554396  -0.000670
1311.574830   0.000287
1311.595265   0.000012
