1687.961911  -0.000636
1687.982346  -0.001099
1688.002780  -0.001473
1688.023215  -0.001144
1688.043649  -0.000465
1688.064084  -0.001005
1688.084518  -0.000903
1688.104952  -0.000494
1688.125387  -0.001094
1688.145821  -0.001091
1688.166256  -0.000745
1688.186690  -0.000751
1688.207124  -0.000730
1688.227559  -0.000441
1688.247993  -0.000292
1688.268428  -0.000298
1688.288862  -0.000331
1688.309296  -0.000315
1688.329731  -0.000482
1688.350165  -0.000374
1688.370600  -0.000563
1688.391034  -0.000177
1688.411469  -0.000282
1688.431903  -0.000261
1688.452337  -0.000636
1688.472772  -0.000344
1688.493206  -0.000350
1688.513641  -0.000979
1688.534075  -0.000373
1688.554509  -0.000818
1688.574944  -0.001127
1688.595378  -0.001207
1688.615813  -0.001112
1688.636247  -0.001006
1688.656681  -0.000978
1688.677116  -0.000520
1688.697550  -0.000728
1688.717985  -0.000801
1688.738419  -0.000868
1688.758854  -0.000573
1688.779288  -0.000948
1688.799722  -0.000478
1688.820157  -0.000572
1688.840591  -0.000755
1688.861026  -0.000108
1688.881460  -0.000656
1688.901895  -0.000702
1688.922329  -0.000368
1688.942763  -0.000517
1688.963198  -0.000876
1688.983632  -0.000499
1689.004066  -0.000901
1689.024501  -0.000711
1689.044935  -0.000429
1689.065370  -0.000662
1689.085804  -0.000572
1689.106239  -0.000698
1689.126673  -0.000438
1689.147107  -0.000638
1689.167542  -0.000358
1689.187976  -0.000635
1689.208411  -0.000539
1689.228845  -0.000504
1689.249280  -0.000784
1689.269714  -0.000905
1689.290148  -0.000667
1689.310583  -0.000610
1689.331017  -0.000464
1689.351452  -0.000688
1689.371886  -0.000551
1689.392320  -0.000654
1689.412755  -0.000255
1689.433189  -0.000819
1689.453624   0.005295
1689.474058   0.008088
1689.494492   0.009213
1689.514927   0.009232
1689.535361   0.010107
1689.555796   0.009544
1689.576230   0.009869
1689.596665   0.008579
1689.617099   0.009297
1689.637533   0.008961
1689.657968   0.006983
1689.678402   0.001360
1689.698837  -0.000464
1689.719271  -0.000820
1689.739706  -0.000410
1689.760140  -0.001164
1689.780574  -0.000460
1689.801009  -0.000234
1689.821443  -0.000802
1689.841878  -0.000876
1689.862312  -0.000878
1689.903181  -0.000588
1689.923615  -0.000575
1689.944050  -0.000627
1689.964484  -0.001178
1689.984919  -0.000648
1690.005353  -0.000414
1690.025787  -0.000745
1690.046222  -0.000619
1690.066656  -0.000750
1690.087091  -0.000740
1690.107525  -0.000378
1690.127960  -0.000249
1690.148394  -0.000561
1690.168828  -0.000771
1690.189263  -0.000634
1690.209697  -0.000675
1690.230132  -0.000471
1690.250566  -0.000947
1690.271000  -0.000406
1690.291435  -0.000819
1690.311869  -0.000664
1690.332304  -0.000765
1690.352738  -0.000756
1690.373173  -0.000709
1690.393607  -0.000555
1690.414041  -0.000722
1690.434476  -0.000857
1690.454910  -0.000714
1690.475345  -0.000457
1690.495779  -0.000881
1690.516214  -0.000605
1690.536648  -0.000807
1690.557082  -0.000176
1690.577517  -0.000267
1690.597951  -0.000480
1690.618386  -0.000192
1690.638820  -0.000109
1690.659254  -0.000380
1690.679689  -0.000738
1690.700123  -0.000233
1690.720558  -0.000512
1690.740992  -0.000769
1690.761427  -0.000184
1690.781861  -0.000635
1690.802295  -0.000256
1690.822730  -0.000614
1690.843164  -0.000823
1690.863599  -0.000702
1690.884033  -0.000870
1690.904468  -0.001303
1690.924902  -0.001255
1690.945336  -0.001261
1690.965771  -0.000880
1690.986205  -0.001017
1691.006640  -0.000778
1691.027074  -0.001073
1691.047508  -0.000736
1691.067943  -0.000954
1691.088377  -0.000803
1691.108812  -0.000547
1691.129246  -0.001154
1691.149681  -0.000973
1691.170115  -0.000636
