1434.915321  -0.000637
1434.935755  -0.000342
1434.956188  -0.000722
1434.976622  -0.000792
1434.997056  -0.000716
1435.017489  -0.000539
1435.037923  -0.000589
1435.058356  -0.000483
1435.078789  -0.000943
1435.099223  -0.000631
1435.119657  -0.001229
1435.140090  -0.000827
1435.160524  -0.000687
1435.180957  -0.001130
1435.201391  -0.000958
1435.221824  -0.000767
1435.242258  -0.000867
1435.262691  -0.000784
1435.283125  -0.000634
1435.303558  -0.001211
1435.323992  -0.001043
1435.344425  -0.000779
1435.364859  -0.000893
1435.385292  -0.000678
1435.405726  -0.000585
1435.426159  -0.000834
1435.446593  -0.000390
1435.467026  -0.000048
1435.487460  -0.000067
1435.507893  -0.000301
1435.528327  -0.000516
1435.548760  -0.000485
1435.569194  -0.000731
1435.589627  -0.000236
1435.610061  -0.000105
1435.630494  -0.000106
1435.650928  -0.000601
1435.671361  -0.000464
1435.691795  -0.000355
1435.712228  -0.000587
1435.732662  -0.000413
1435.753095  -0.000530
1435.773529  -0.000537
1435.793962  -0.000782
1435.814396  -0.001203
1435.834830  -0.000875
1435.855263  -0.000080
1435.875697  -0.000759
1435.896130  -0.000801
1435.916564  -0.001153
1435.936997  -0.000691
1435.957431  -0.000676
1435.977864  -0.000728
1435.998298  -0.000634
1436.018731  -0.000943
1436.039165  -0.000319
1436.059598  -0.001479
1436.080032  -0.000837
1436.100465  -0.000880
1436.120899  -0.001004
1436.141332  -0.000403
1436.161766  -0.000897
1436.182199  -0.000301
1436.202633  -0.000156
1436.223066  -0.000564
1436.243500  -0.000311
1436.263933  -0.000425
1436.284367  -0.000721
1436.304800  -0.000544
1436.325234  -0.001032
1436.345667  -0.000972
1436.366101  -0.000509
1436.386534  -0.000281
1436.406968   0.004670
1436.427401   0.007727
1436.447835   0.008079
1436.468268   0.008785
1436.488702   0.008840
1436.509135   0.008970
1436.529569   0.009134
1436.550002   0.009179
1436.570436   0.008420
1436.590869   0.008205
1436.611303   0.006423
1436.631736   0.001160
1436.652170  -0.000748
1436.672603  -0.000803
1436.693037  -0.000715
1436.713470  -0.000909
1436.733904  -0.001004
1436.754337  -0.000931
1436.774771  -0.000414
1436.795204  -0.000644
1436.815638  -0.000388
1436.836071   0.000164
1436.856505  -0.000195
1436.876938  -0.000900
1436.897372  -0.000758
1436.917805  -0.000185
1436.938238  -0.000621
1436.958672  -0.000641
1436.979105  -0.000606
1436.999539  -0.000442
1437.019972  -0.000358
1437.040406  -0.000594
1437.060839  -0.000940
1437.081273  -0.000255
1437.101706  -0.001032
1437.122140  -0.000724
1437.142573  -0.000941
1437.163007  -0.000746
1437.183440  -0.000569
1437.203874  -0.000536
1437.244741  -0.000351
1437.265174  -0.000348
1437.285608  -0.000495
1437.306041  -0.001106
1437.326475  -0.000817
1437.346908  -0.000327
1437.367342  -0.000512
1437.387775  -0.000959
1437.408209  -0.001619
1437.428642  -0.000751
1437.449076  -0.000422
1437.469509  -0.000721
1437.489943  -0.000792
1437.510376  -0.000670
1437.530810  -0.000647
1437.551243  -0.000575
1437.571677  -0.000880
1437.592110  -0.000221
1437.612544  -0.000647
1437.632977  -0.001169
1437.653411  -0.001031
1437.673844  -0.001115
1437.694277  -0.000362
1437.714711  -0.000597
1437.735144  -0.000788
1437.755578  -0.000566
1437.776012  -0.000553
1437.796445  -0.000450
1437.816878  -0.000438
1437.837312  -0.000717
1437.857745  -0.000076
1437.878179  -0.001126
1437.898612  -0.000501
1437.919046  -0.000336
1437.939479  -0.000027
1437.959913  -0.000200
1437.980346  -0.000527
1438.000780  -0.000314
1438.021213  -0.000278
1438.041647   0.000164
1438.062080   0.000036
1438.082514  -0.000287
1438.102947   0.000329
1438.123381  -0.000637
