1373.000569  -0.001186
1373.021003  -0.001036
1373.041437  -0.001165
1373.061871  -0.001245
1373.082306  -0.001169
1373.102740  -0.001204
1373.123174  -0.001555
1373.143609   0.004050
1373.164043   0.007682
1373.184477   0.008394
1373.204911   0.008753
1373.225346   0.009576
1373.245780   0.009706
1373.266214   0.008988
1373.286648   0.009103
1373.307082   0.008374
1373.327517   0.008027
1373.347951   0.007211
1373.368385   0.001665
1373.388820  -0.000850
1373.409254  -0.001212
1373.429688  -0.000963
1373.450122  -0.001199
1373.470557  -0.001017
1373.490991  -0.001014
1373.511425  -0.001263
1373.531859  -0.001807
1373.552294  -0.001094
1373.572728  -0.001083
1373.593162  -0.000711
1373.613596  -0.001261
1373.634031  -0.001120
1373.654465  -0.001538
1373.674899  -0.001458
1373.695333  -0.001572
1373.715768  -0.001457
1373.736202  -0.001040
1373.756636  -0.000949
1373.777070  -0.000835
1373.797505  -0.001274
1373.817939  -0.001045
1373.838373  -0.001289
1373.858807  -0.001279
1373.879242  -0.002062
1373.899676  -0.001404
1373.920110  -0.000865
1373.940544  -0.001180
1373.960979  -0.000984
1373.981413  -0.001173
1374.001847  -0.001195
1374.022281  -0.000723
1374.042716  -0.000412
1374.063150  -0.001234
1374.083584  -0.001022
1374.124453  -0.001260
1374.144887  -0.001341
1374.165321  -0.000823
1374.185755  -0.001494
1374.206190  -0.000886
1374.226624  -0.001184
1374.247058  -0.001213
1374.267492  -0.000854
1374.287927  -0.001085
1374.308361  -0.001478
1374.328795  -0.001540
1374.349229  -0.002152
1374.369664  -0.001340
1374.390098  -0.001341
1374.410532  -0.000752
1374.430966  -0.001477
1374.451401  -0.001563
1374.471835  -0.001425
1374.492269  -0.001383
1374.512703  -0.000828
1374.533138  -0.000881
1374.553572  -0.001291
1374.574006  -0.001309
1374.594440  -0.000835
1374.614875  -0.001453
1374.635309  -0.001003
1374.655743  -0.001250
1374.676177  -0.000812
1374.696612  -0.000881
1374.717046  -0.001875
1374.737480  -0.000229
1374.757914  -0.000666
1374.778349  -0.001089
1374.798783  -0.000855
1374.819217  -0.000518
1374.839651  -0.000835
1374.860085  -0.001186
