1603.610219  -0.000672
1603.630653  -0.000813
1603.651086  -0.000600
1603.671520  -0.000587
1603.691953  -0.000970
1603.712387  -0.000712
1603.732820  -0.001092
1603.753254  -0.000494
1603.773687  -0.000799
1603.794121  -0.000327
1603.814554  -0.000888
1603.834988  -0.000768
1603.855421  -0.000440
1603.875855  -0.000770
1603.896288  -0.000387
1603.916722  -0.001148
1603.937155  -0.000867
1603.957589  -0.000483
1603.978022  -0.000953
1603.998456  -0.000375
1604.018889  -0.000768
1604.039323  -0.000485
1604.059756  -0.001209
1604.080190  -0.000582
1604.100623  -0.001435
1604.121057  -0.000548
1604.141490  -0.000921
1604.161924  -0.001202
1604.182357  -0.000512
1604.202791  -0.000681
1604.223224  -0.000301
1604.243658  -0.000646
1604.264091  -0.000660
1604.284525  -0.000212
1604.304958  -0.000259
1604.325392  -0.000621
1604.345825  -0.000778
1604.366259  -0.000316
1604.386692  -0.000374
1604.407126  -0.001011
1604.427559  -0.000469
1604.447993  -0.000526
1604.468426  -0.000706
1604.488860  -0.000566
1604.509293  -0.000345
1604.529727  -0.000858
1604.550160  -0.000636
1604.570594  -0.000363
1604.591027  -0.000804
1604.611461  -0.000468
1604.631894  -0.000695
1604.652328  -0.000700
1604.672761  -0.000699
1604.693195  -0.000654
1604.713628  -0.000677
1604.734062  -0.000466
1604.754495  -0.000896
1604.774929  -0.000842
1604.795362  -0.000648
1604.815796  -0.000930
1604.836229  -0.000556
1604.856663  -0.000431
1604.877096  -0.000761
1604.917963  -0.001019
1604.938397  -0.000752
1604.958830  -0.000633
1604.979264  -0.001094
1604.999697  -0.001040
1605.020131  -0.000767
1605.040564  -0.001075
1605.060998  -0.000936
1605.081431  -0.000678
1605.101865   0.003623
1605.122298   0.007606
1605.142732   0.009102
1605.163165   0.009645
1605.183599   0.009598
1605.204032   0.010069
1605.224466   0.009769
1605.244899   0.009679
1605.265333   0.009467
1605.285766   0.008964
1605.306200   0.007379
1605.326633   0.002037
1605.347067  -0.000425
1605.367500  -0.000467
1605.387934  -0.000185
1605.408367  -0.000477
1605.428801  -0.000145
1605.449234  -0.000201
1605.469668  -0.000540
1605.490101  -0.000648
1605.510535  -0.000421
1605.530968  -0.000569
1605.551402  -0.000454
1605.571835  -0.000709
1605.592269  -0.000841
1605.612702  -0.000575
1605.633136  -0.000764
1605.653569  -0.000592
1605.674003  -0.001236
1605.694436  -0.000921
1605.714870  -0.000820
1605.735304  -0.000838
1605.755737  -0.000675
1605.776171  -0.000922
1605.796604  -0.000787
1605.817038  -0.000862
1605.837471  -0.000873
1605.878338  -0.000507
1605.898772  -0.000697
1605.919205  -0.000888
1605.939639  -0.000955
1605.960072  -0.000549
1605.980506  -0.000595
1606.000939  -0.000421
1606.021373  -0.000985
1606.041806  -0.000587
1606.062240  -0.000522
1606.082673  -0.000448
1606.103107  -0.000366
1606.123540  -0.001217
1606.143974  -0.000571
1606.164407  -0.000709
1606.184841  -0.000588
1606.205274  -0.000956
1606.225708  -0.000401
1606.246142  -0.001020
1606.266575  -0.000449
1606.287009  -0.000782
1606.307442  -0.000598
1606.327876  -0.000572
1606.348309  -0.000913
1606.368743  -0.000440
1606.389176  -0.000551
1606.409610  -0.000771
1606.430043  -0.000254
1606.450477  -0.000248
1606.470910  -0.000310
1606.491344  -0.000984
1606.511777  -0.000828
1606.532211  -0.000714
1606.552644  -0.000698
1606.573078  -0.001159
1606.593512  -0.000639
1606.613945  -0.000857
1606.634379  -0.000300
1606.654812  -0.000790
1606.675246  -0.000399
1606.695679  -0.001064
1606.716113  -0.000586
1606.736546  -0.000456
1606.756980  -0.000400
1606.777413  -0.000699
1606.797847  -0.000515
1606.818280  -0.000672
