1793.402399  -0.000628
1793.422833  -0.001131
1793.443266  -0.000957
1793.463700  -0.001380
1793.484134  -0.000995
1793.504567  -0.000666
1793.525001  -0.001022
1793.545435  -0.001068
1793.565869  -0.000729
1793.586302  -0.000700
1793.606736  -0.000763
1793.627170  -0.000611
1793.647603  -0.000337
1793.668037  -0.000319
1793.688471  -0.000930
1793.708905  -0.000558
1793.729338  -0.000478
1793.749772  -0.000773
1793.790639  -0.000609
1793.811073  -0.000665
1793.831507  -0.000994
1793.872374  -0.000927
1793.892808  -0.000816
1793.913242  -0.000959
1793.933675  -0.000419
1793.954109  -0.000626
1793.974543  -0.000680
1793.994976  -0.000587
1794.015410  -0.001039
1794.035844  -0.000528
1794.056277  -0.000732
1794.076711  -0.000035
1794.097145  -0.000649
1794.117579  -0.000499
1794.138012  -0.000243
1794.158446  -0.000389
1794.178880  -0.000572
1794.199313  -0.000147
1794.219747  -0.000454
1794.240181  -0.000385
1794.260614  -0.000661
1794.281048  -0.000289
1794.301482  -0.000700
1794.321916  -0.000691
1794.342349  -0.000663
1794.362783  -0.000400
1794.383217  -0.000470
1794.403650  -0.000798
1794.424084  -0.000688
1794.444518  -0.000511
1794.464951  -0.000730
1794.485385  -0.000889
1794.505819  -0.000364
1794.526252  -0.000636
1794.546686  -0.000533
1794.567120  -0.000801
1794.587553  -0.000434
1794.607987  -0.000762
1794.628421  -0.000674
1794.648854  -0.000913
1794.669288  -0.001001
1794.689722  -0.000555
1794.710156  -0.001124
1794.730589  -0.000477
1794.751023  -0.001208
1794.771457  -0.000582
1794.791890  -0.001023
1794.812324  -0.000914
1794.832758  -0.000659
1794.853191  -0.000522
1794.873625  -0.000116
1794.894059   0.005542
1794.914492   0.008019
1794.934926   0.008541
1794.955360   0.009167
1794.975793   0.009469
1794.996227   0.009246
1795.016661   0.009407
1795.037095   0.009181
1795.057528   0.008775
1795.077962   0.008831
1795.098396   0.005934
1795.118829   0.000446
1795.139263  -0.000384
1795.159697  -0.000406
1795.180130  -0.000457
1795.200564  -0.000602
1795.220998  -0.000590
1795.241431  -0.000060
1795.261865  -0.000466
1795.282299   0.000034
1795.302732  -0.000647
1795.323166  -0.000281
1795.343600  -0.000542
1795.364033  -0.000631
1795.384467  -0.000609
1795.404901  -0.000622
1795.425335  -0.000864
1795.445768  -0.000822
1795.466202  -0.000313
1795.486636  -0.000520
1795.507069  -0.001014
1795.527503  -0.000954
1795.547937  -0.000666
1795.568370  -0.001006
1795.588804  -0.000575
1795.609238  -0.000356
1795.629671  -0.000575
1795.650105  -0.000614
1795.670539  -0.000581
1795.690972  -0.000630
1795.711406  -0.000819
1795.731840  -0.000665
1795.752273  -0.001095
1795.772707  -0.001044
1795.793141  -0.001121
1795.813574  -0.000738
1795.834008  -0.000597
1795.854442  -0.000677
1795.874875  -0.001019
1795.895309  -0.000892
1795.915743  -0.000741
1795.936176  -0.000377
1795.956610  -0.000600
1795.977044  -0.000528
1795.997477  -0.000564
1796.017911  -0.000380
1796.038345  -0.000169
1796.058778  -0.000773
1796.079212  -0.000630
1796.099646  -0.000363
1796.120079  -0.000273
1796.140513  -0.000122
1796.160947  -0.000597
1796.181380  -0.000594
1796.201814  -0.000555
1796.222248  -0.000635
1796.242681  -0.000762
1796.263115  -0.000582
1796.283549  -0.000178
1796.303982  -0.000456
1796.324416  -0.000609
1796.344850  -0.001005
1796.365283  -0.000389
1796.385717  -0.000913
1796.406151  -0.001031
1796.426584  -0.000452
1796.447018  -0.000450
1796.467452  -0.000791
1796.487885  -0.001092
1796.508319  -0.000945
1796.528753  -0.000689
1796.549186  -0.000715
1796.569620  -0.000764
1796.590054  -0.000628
