1329.475382  -0.000634
1329.495816  -0.000951
1329.516251  -0.001016
1329.536685  -0.000714
1329.557120  -0.000708
1329.577554  -0.001272
1329.597989  -0.000640
1329.618423  -0.001095
1329.638858  -0.000740
1329.659292  -0.000834
1329.679726  -0.000451
1329.700161  -0.000942
1329.720595  -0.000685
1329.741030  -0.000339
1329.761464  -0.000773
1329.781898  -0.000696
1329.802333  -0.000967
1329.822767  -0.000795
1329.843202  -0.000255
1329.863636  -0.000318
1329.884071  -0.000445
1329.904505  -0.000791
1329.924940  -0.000499
1329.945374  -0.000574
1329.965808  -0.000810
1329.986243  -0.000619
1330.006677  -0.000452
1330.027112  -0.000764
1330.047546  -0.001008
1330.067981  -0.000859
1330.088415  -0.000862
1330.108850  -0.000135
1330.129284  -0.000670
1330.149718  -0.000342
1330.170153  -0.000844
1330.190587  -0.000472
1330.211022  -0.000729
1330.231456  -0.000832
1330.251891  -0.000431
1330.272325  -0.000521
1330.292760  -0.000704
1330.313194  -0.000618
1330.333628  -0.000497
1330.354063  -0.000739
1330.374497  -0.000549
1330.394932  -0.000461
1330.415366  -0.000224
1330.435800  -0.000477
1330.456235  -0.000075
1330.476669  -0.000897
1330.497104  -0.001029
1330.517538  -0.000022
1330.537973  -0.000893
1330.558407  -0.000176
1330.578842  -0.000445
1330.599276  -0.000564
1330.619711  -0.001182
1330.640145  -0.001406
1330.660579  -0.000646
1330.681014  -0.000393
1330.701448  -0.000414
1330.721883  -0.000466
1330.742317  -0.000857
1330.762751  -0.000571
1330.783186  -0.000610
1330.803620  -0.000919
1330.824055  -0.000644
1330.844489  -0.000709
1330.864924  -0.001088
1330.885358  -0.000765
1330.905793  -0.001244
1330.926227  -0.000723
1330.946661  -0.000811
1330.967096   0.003211
1330.987530   0.008026
1331.007965   0.008285
1331.028399   0.008943
1331.048834   0.009243
1331.069268   0.009370
1331.089703   0.009472
1331.110137   0.009733
1331.130571   0.009298
1331.151006   0.008482
1331.171440   0.007407
1331.191875   0.002375
1331.212309  -0.000266
1331.232744  -0.000443
1331.253178  -0.000412
1331.273612  -0.000203
1331.294047  -0.000411
1331.314481  -0.000486
1331.334916  -0.000188
1331.355350  -0.000262
1331.375785  -0.001028
1331.396219  -0.000623
1331.416653  -0.000493
1331.437088  -0.000653
1331.457522  -0.000745
1331.477957  -0.000718
1331.498391  -0.000870
1331.518826  -0.000639
1331.539260  -0.000703
1331.559694  -0.000525
1331.580129  -0.000870
1331.600563  -0.000140
1331.620998  -0.000556
1331.641432  -0.000919
1331.661867  -0.000365
1331.682301  -0.000855
1331.702736  -0.001002
1331.743604  -0.000804
1331.764039  -0.000946
1331.784473  -0.000703
1331.804908  -0.000608
1331.825342  -0.001140
1331.845777  -0.000641
1331.866211  -0.000385
1331.886646  -0.000554
1331.907080  -0.000226
1331.927514  -0.000788
1331.947949  -0.000659
1331.968383  -0.000679
1331.988818  -0.000888
1332.009252  -0.000444
1332.029686  -0.000830
1332.050121  -0.000842
1332.070555  -0.000405
1332.090990  -0.000775
1332.111424  -0.000818
1332.131859  -0.000850
1332.152293  -0.000258
1332.172728  -0.000717
1332.193162  -0.000638
1332.213597  -0.000586
1332.234031  -0.000742
1332.254465  -0.000552
1332.274900  -0.000015
1332.295334  -0.000502
1332.315769  -0.000336
1332.336203  -0.000840
1332.356638  -0.000782
1332.377072  -0.000654
1332.397506  -0.000783
1332.417941  -0.000481
1332.438375  -0.000378
1332.458810  -0.000310
1332.479244  -0.000373
1332.499679  -0.000754
1332.520113  -0.000951
1332.540547  -0.000745
1332.560982  -0.000486
1332.581416  -0.000638
1332.601851  -0.000837
1332.622285  -0.000843
1332.642720  -0.000766
1332.663154  -0.000584
1332.683588  -0.000634
