2172.957277  -0.000629
2172.977711  -0.000868
2172.998145  -0.000597
2173.018578  -0.000533
2173.039012  -0.000473
2173.059445  -0.000352
2173.079879  -0.000391
2173.100313  -0.000395
2173.120746  -0.000284
2173.141180  -0.000537
2173.161613  -0.000647
2173.182047  -0.000589
2173.202481  -0.000495
2173.222914  -0.000545
2173.243348  -0.000520
2173.263782  -0.000352
2173.284215  -0.000708
2173.304649  -0.000456
2173.325082  -0.000517
2173.345516  -0.000657
2173.365950  -0.001070
2173.386383  -0.000766
2173.406817  -0.000183
2173.427250  -0.000854
2173.447684  -0.000474
2173.468118  -0.000711
2173.488551  -0.000375
2173.508985  -0.000682
2173.529418  -0.000576
2173.549852  -0.000377
2173.570286  -0.000357
2173.590719  -0.000538
2173.611153  -0.000829
2173.631586  -0.000642
2173.652020  -0.000636
2173.672453  -0.000377
2173.692887  -0.001084
2173.713321  -0.000983
2173.733754  -0.000658
2173.754188  -0.000408
2173.774622  -0.000422
2173.795055  -0.001286
2173.815489  -0.001049
2173.835922  -0.000881
2173.856356  -0.000787
2173.876789  -0.000770
2173.897223  -0.000851
2173.917657  -0.001081
2173.938090  -0.000943
2173.958524  -0.000356
2173.978957  -0.000738
2173.999391  -0.000576
2174.019825  -0.000567
2174.040258  -0.001068
2174.060692  -0.000712
2174.081125  -0.000610
2174.101559  -0.000695
2174.121993  -0.000491
2174.142426  -0.000435
2174.162860  -0.000676
2174.183293  -0.000223
2174.203727  -0.000541
2174.224161  -0.000525
2174.244594   0.000038
2174.265028  -0.000578
2174.285461  -0.000135
2174.305895  -0.000221
2174.326329  -0.000196
2174.346762  -0.000408
2174.367196  -0.000587
2174.387629  -0.000729
2174.408063  -0.000535
2174.428496  -0.000666
2174.448930   0.001244
2174.469364   0.007254
2174.489797   0.008395
2174.510231   0.008932
2174.530664   0.008810
2174.551098   0.009313
2174.571531   0.008910
2174.591965   0.009619
2174.612399   0.008734
2174.632832   0.008226
2174.653266   0.007724
2174.673699   0.004671
2174.694133  -0.000645
2174.714567  -0.000434
2174.735000  -0.000788
2174.755434  -0.000945
2174.775867  -0.001197
2174.796301  -0.000610
2174.816735  -0.000923
2174.837168  -0.001051
2174.857602  -0.000950
2174.878035  -0.001272
2174.898469  -0.000812
2174.918902  -0.000687
2174.939336  -0.000610
2174.959770  -0.000879
2174.980203  -0.000785
2175.000637  -0.000888
2175.021070  -0.000340
2175.041504  -0.000403
2175.061937  -0.000664
2175.082371  -0.000540
2175.102805  -0.000535
2175.123238  -0.000333
2175.143672  -0.000345
2175.164105  -0.000326
2175.184539  -0.000506
2175.204973  -0.000275
2175.225406  -0.000292
2175.245840  -0.000799
2175.266273  -0.000176
2175.286707  -0.000673
2175.327574  -0.000726
2175.348007  -0.000483
2175.368441  -0.000711
2175.388875  -0.000956
2175.409308  -0.000985
2175.429742  -0.000550
2175.450175  -0.000465
2175.470609  -0.000098
2175.491043  -0.000791
2175.511476  -0.000162
2175.531910  -0.000714
2175.552343  -0.000624
2175.572777   0.000009
2175.593210  -0.000787
2175.613644  -0.000590
2175.634078  -0.000450
2175.654511  -0.001150
2175.674945  -0.000415
2175.695378  -0.000827
2175.715812  -0.000591
2175.736245  -0.001055
2175.756679  -0.000845
2175.777113  -0.000452
2175.797546  -0.000330
2175.817980  -0.000659
2175.838413  -0.000654
2175.858847  -0.000936
2175.879280  -0.000341
2175.899714  -0.000900
2175.920147  -0.001172
2175.940581  -0.000593
2175.961015  -0.000931
2175.981448  -0.000804
2176.001882  -0.000820
2176.022315  -0.000887
2176.042749  -0.000873
2176.063182  -0.000818
2176.083616  -0.000477
2176.104050  -0.000496
2176.124483  -0.000932
2176.144917  -0.001052
2176.165350  -0.000629
