1350.563709  -0.000630
1350.584143  -0.000891
1350.604577  -0.000113
1350.625012  -0.000794
1350.645446  -0.000105
1350.665881  -0.000370
1350.686315  -0.000792
1350.706749  -0.000295
1350.727184  -0.000416
1350.747618  -0.000488
1350.768053  -0.000737
1350.788487  -0.000764
1350.808921  -0.000746
1350.829356  -0.000344
1350.849790  -0.000284
1350.870225  -0.000359
1350.890659  -0.000195
1350.911093  -0.000241
1350.931528  -0.000605
1350.951962  -0.000227
1350.972397  -0.000198
1350.992831  -0.000686
1351.013265  -0.000625
1351.033700  -0.000574
1351.054134  -0.001555
1351.074569  -0.000509
1351.095003  -0.001288
1351.115437  -0.000495
1351.135872  -0.000590
1351.156306  -0.000538
1351.176741  -0.000365
1351.197175  -0.000806
1351.217609  -0.000331
1351.238044  -0.000689
1351.258478  -0.000783
1351.278913  -0.000594
1351.299347  -0.000620
1351.319781  -0.001181
1351.340216  -0.000843
1351.360650  -0.001320
1351.381084  -0.001166
1351.401519  -0.000848
1351.421953  -0.000427
1351.442388  -0.000483
1351.462822  -0.000346
1351.483256  -0.001212
1351.503691  -0.000642
1351.524125  -0.000555
1351.544560  -0.001071
1351.564994  -0.000947
1351.585428  -0.000520
1351.605863  -0.000500
1351.626297  -0.000253
1351.646732  -0.000381
1351.667166  -0.000719
1351.687600  -0.000546
1351.708035  -0.000684
1351.728469   0.000142
1351.748904  -0.000625
1351.789772  -0.000986
1351.810207  -0.000311
1351.830641  -0.000676
1351.851076  -0.000524
1351.871510  -0.000110
1351.891944  -0.000719
1351.912379  -0.000502
1351.932813  -0.000581
1351.953248  -0.000434
1351.973682  -0.000234
1351.994116  -0.000790
1352.014551  -0.000399
1352.034985  -0.000455
1352.055419   0.003488
1352.075854   0.007480
1352.096288   0.008956
1352.116723   0.008736
1352.137157   0.008812
1352.157591   0.009296
1352.178026   0.009031
1352.198460   0.008935
1352.218895   0.008871
1352.239329   0.008484
1352.259763   0.007474
1352.280198   0.002350
1352.300632  -0.000977
1352.321066  -0.001040
1352.341501  -0.001288
1352.361935  -0.000948
1352.382370  -0.000484
1352.402804  -0.000890
1352.423239  -0.000850
1352.443673  -0.000581
1352.464107  -0.000564
1352.484542  -0.000296
1352.504976  -0.000768
1352.525410  -0.000488
1352.545845  -0.001081
1352.566279  -0.000890
1352.586714  -0.000670
1352.607148   0.000008
1352.627582  -0.000946
1352.648017  -0.000817
1352.668451  -0.000711
1352.688886  -0.000270
1352.709320  -0.000700
1352.729754  -0.000924
1352.750189  -0.000619
1352.770623  -0.000304
1352.791057  -0.000095
1352.811492  -0.000703
1352.831926  -0.000503
1352.852361  -0.000423
1352.872795  -0.000322
1352.893229  -0.000311
1352.913664  -0.000761
1352.934098  -0.000468
1352.954533  -0.000997
1352.974967  -0.000736
1352.995401  -0.001047
1353.015836  -0.000499
1353.036270  -0.000570
1353.056705  -0.000653
1353.077139  -0.000336
1353.097573  -0.000817
1353.118008  -0.000486
1353.138442  -0.000560
1353.158877  -0.000868
1353.179311  -0.000684
1353.199745  -0.000171
1353.220180  -0.000167
1353.240614  -0.000460
1353.261048  -0.000717
1353.281483  -0.000377
1353.301917  -0.001187
1353.322352  -0.000598
1353.342786  -0.000466
1353.363220  -0.000182
1353.383655  -0.000549
1353.404089  -0.000673
1353.424523  -0.000870
1353.444958  -0.000496
1353.465392  -0.001005
1353.485827  -0.000907
1353.506261  -0.000413
1353.526695  -0.001093
1353.547130  -0.000936
1353.567564  -0.000783
1353.587999  -0.000563
1353.608433  -0.000821
1353.628867  -0.001189
1353.649302  -0.000748
1353.669736  -0.001078
1353.690171  -0.000843
1353.710605  -0.001063
1353.731039  -0.000760
1353.751474  -0.000742
1353.771908  -0.000630
