1392.739974  -0.000664
1392.760408  -0.000818
1392.780842  -0.001037
1392.801277  -0.000793
1392.821711  -0.001128
1392.842145  -0.001240
1392.862579  -0.000913
1392.883013  -0.001106
1392.903447  -0.000540
1392.923881  -0.000848
1392.944315  -0.000798
1392.964749  -0.000807
1392.985183  -0.001081
1393.005617  -0.000715
1393.026051  -0.000690
1393.046485  -0.000820
1393.066919  -0.000617
1393.087353  -0.000925
1393.107788  -0.000444
1393.128222  -0.000570
1393.148656  -0.001143
1393.169090  -0.000648
1393.189524  -0.000702
1393.209958  -0.000826
1393.230392  -0.000806
1393.250826  -0.000647
1393.271260  -0.000466
1393.291694   0.000128
1393.312128  -0.000622
1393.332562  -0.000313
1393.352996  -0.000131
1393.373430  -0.000697
1393.393864  -0.000443
1393.414298  -0.000649
1393.434732  -0.000638
1393.455167  -0.000806
1393.475601  -0.000479
1393.496035  -0.000573
1393.516469  -0.000681
1393.536903  -0.000340
1393.557337  -0.000627
1393.577771  -0.000624
1393.598205  -0.000639
1393.618639  -0.000752
1393.639073  -0.000497
1393.659507  -0.000870
1393.679941  -0.001053
1393.700375  -0.001366
1393.720809  -0.000534
1393.741243  -0.000750
1393.761677  -0.001138
1393.782111  -0.000832
1393.802545  -0.000782
1393.822980  -0.000331
1393.843414  -0.000493
1393.863848  -0.000672
1393.884282  -0.000308
1393.904716  -0.000035
1393.925150  -0.000732
1393.945584  -0.000946
1393.966018  -0.000285
1393.986452  -0.000444
1394.006886  -0.000601
1394.027320  -0.000736
1394.047754  -0.000782
1394.068188  -0.001055
1394.088622  -0.000773
1394.109056  -0.000617
1394.129490  -0.000916
1394.149924  -0.000705
1394.170358  -0.000935
1394.190792  -0.000749
1394.211227  -0.000810
1394.231660   0.004688
1394.252095   0.008078
1394.272529   0.008654
1394.292963   0.009563
1394.313397   0.009430
1394.333831   0.009382
1394.354265   0.009695
1394.374699   0.009755
1394.395133   0.009531
1394.415567   0.008590
1394.436001   0.007335
1394.456435   0.001762
1394.476869  -0.000900
1394.497303  -0.000590
1394.517737  -0.000401
1394.538171  -0.000914
1394.558605  -0.000378
1394.579039  -0.000707
1394.599473  -0.000282
1394.619907  -0.000243
1394.640341  -0.001102
1394.660775  -0.000849
1394.681210  -0.000524
1394.701644  -0.000241
1394.722078  -0.000468
1394.742512  -0.000750
1394.762946  -0.000505
1394.783380  -0.000590
1394.803814  -0.000332
1394.824248  -0.000894
1394.844682  -0.000443
1394.865116  -0.000761
1394.885550  -0.000533
1394.905984  -0.000901
1394.926418  -0.000466
1394.946852  -0.001193
1394.967286  -0.000954
1395.069456  -0.000526
1395.089890  -0.000351
1395.110324  -0.000722
1395.130759  -0.000841
1395.151192  -0.000332
1395.171627  -0.000963
1395.192061  -0.000549
1395.212495  -0.000961
1395.232929  -0.001050
1395.253363  -0.000950
1395.273797  -0.000927
1395.294231  -0.000724
1395.314665  -0.000961
1395.335099  -0.000763
1395.355533  -0.000562
1395.375967  -0.001025
1395.396401  -0.000628
1395.416835  -0.000649
1395.437269  -0.000706
1395.457703  -0.000520
1395.478137   0.000050
1395.498571  -0.000841
1395.519005  -0.000449
1395.539439  -0.000476
1395.559873  -0.000386
1395.580307  -0.000302
1395.600741  -0.000775
1395.621175  -0.000300
1395.641609  -0.000934
1395.662043  -0.000508
1395.682477  -0.000643
1395.702911  -0.000738
1395.723345  -0.000308
1395.743780  -0.001025
1395.764214  -0.000629
1395.784648  -0.000521
1395.805082  -0.000455
1395.825516  -0.000871
1395.845950  -0.000861
1395.866384  -0.000802
1395.886818  -0.000830
1395.907252  -0.000693
1395.927686  -0.000443
1395.948120  -0.000664
