1730.138551  -0.000620
1730.158986  -0.001240
1730.179420  -0.000724
1730.199854  -0.000628
1730.220289  -0.000801
1730.240723  -0.000780
1730.261157  -0.001010
1730.281592  -0.000602
1730.302026  -0.000376
1730.322460  -0.000338
1730.342895  -0.000340
1730.363329  -0.000492
1730.383764  -0.000402
1730.404198  -0.001409
1730.424632  -0.000704
1730.445067  -0.000396
1730.465501  -0.000537
1730.485935  -0.000422
1730.506370  -0.000776
1730.526804  -0.000588
1730.547238  -0.000945
1730.567673  -0.000701
1730.588107  -0.000491
1730.608542  -0.000431
1730.628976  -0.000731
1730.649410  -0.000676
1730.669845  -0.000385
1730.690279  -0.001218
1730.710713  -0.000610
1730.731148  -0.000988
1730.751582  -0.000772
1730.772016  -0.000952
1730.792451  -0.000820
1730.812885  -0.000522
1730.833319  -0.000294
1730.853754  -0.000584
1730.894622  -0.000680
1730.915057  -0.000603
1730.935491  -0.000427
1730.955926  -0.000734
1730.976360  -0.000301
1730.996794  -0.000383
1731.017229  -0.000379
1731.037663  -0.000041
1731.058097  -0.000646
1731.078532  -0.000489
1731.098966  -0.000455
1731.119400  -0.000545
1731.139835  -0.000641
1731.160269  -0.000397
1731.180703  -0.000460
1731.201138  -0.000589
1731.221572  -0.000567
1731.242007  -0.000349
1731.262441  -0.000336
1731.282875  -0.000954
1731.303310  -0.000637
1731.323744  -0.000670
1731.344178  -0.000745
1731.364613  -0.000837
1731.385047  -0.000862
1731.405482  -0.000654
1731.425916  -0.000702
1731.446350  -0.001069
1731.466785  -0.000681
1731.487219  -0.001188
1731.507653  -0.000909
1731.528088  -0.001145
1731.548522  -0.000862
1731.568956  -0.000822
1731.589391  -0.000307
1731.609825  -0.000344
1731.630259   0.005241
1731.650694   0.007357
1731.671128   0.008648
1731.691563   0.008988
1731.711997   0.008988
1731.732431   0.009476
1731.752866   0.009090
1731.773300   0.009166
1731.793734   0.008677
1731.814169   0.008123
1731.834603   0.006835
1731.855037   0.000641
1731.875472  -0.000142
1731.895906  -0.000410
1731.916340  -0.000361
1731.936775  -0.000451
1731.957209  -0.000544
1731.977644  -0.000432
1731.998078  -0.000466
1732.018512  -0.000519
1732.038947  -0.000417
1732.059381  -0.000844
1732.079815  -0.000229
1732.100250  -0.000688
1732.120684  -0.000877
1732.141118  -0.000442
1732.161553  -0.000225
1732.181987  -0.000460
1732.202421  -0.000317
1732.222856  -0.001108
1732.243290  -0.000841
1732.263724  -0.000243
1732.284159  -0.000864
1732.304593  -0.000924
1732.325027  -0.000794
1732.345462  -0.000740
1732.365896  -0.001181
1732.386330  -0.000744
1732.406765  -0.000324
1732.427199  -0.000549
1732.447633  -0.000645
1732.468068  -0.000867
1732.488502  -0.001175
1732.508936  -0.000477
1732.529371  -0.000876
1732.549805  -0.000509
1732.570240  -0.000957
1732.590674  -0.000701
1732.611108  -0.000796
1732.631543  -0.000589
1732.651977  -0.000107
1732.672411  -0.000792
1732.692846  -0.000752
1732.713280  -0.000731
1732.733714  -0.000376
1732.754149  -0.000454
1732.774583  -0.000565
1732.795017  -0.000426
1732.815452  -0.000101
1732.835886  -0.000511
1732.856320  -0.001086
1732.876755  -0.000357
1732.897189  -0.000404
1732.917623  -0.000436
1732.938058  -0.000627
1732.958492  -0.000710
1732.978927  -0.000519
1732.999361  -0.000546
1733.019795  -0.000194
1733.040230  -0.000799
1733.060664  -0.000482
1733.081098  -0.000980
1733.101533  -0.000601
1733.121967  -0.000849
1733.142401  -0.000101
1733.162836  -0.000697
1733.183270  -0.000536
1733.203704  -0.000999
1733.224139  -0.001122
1733.244573  -0.000839
1733.265007  -0.001200
1733.285442  -0.000477
1733.305876  -0.000782
1733.326310  -0.000620
