1772.519011  -0.000705
1772.539445  -0.000688
1772.559879  -0.001187
1772.580313  -0.001081
1772.600747  -0.000728
1772.621181  -0.000836
1772.641615  -0.000651
1772.662049  -0.000827
1772.682483  -0.000836
1772.702916  -0.001053
1772.723350  -0.000659
1772.743784  -0.000913
1772.764218  -0.001517
1772.784652  -0.000988
1772.805086  -0.000240
1772.825520  -0.000876
1772.845954  -0.000617
1772.866388  -0.000230
1772.886822  -0.000755
1772.907256  -0.000633
1772.927690  -0.000384
1772.948124  -0.000764
1772.988992  -0.000645
1773.009426  -0.000485
1773.029860  -0.000427
1773.050294  -0.000550
1773.070728  -0.000685
1773.091162  -0.000606
1773.111596  -0.000920
1773.132030  -0.000582
1773.152464  -0.000570
1773.172898  -0.000477
1773.193332  -0.000934
1773.213766  -0.000618
1773.234200  -0.000391
1773.254634  -0.000779
1773.275068  -0.000926
1773.295502  -0.000894
1773.315936  -0.000906
1773.336370  -0.000465
1773.356803  -0.000540
1773.377237  -0.001472
1773.397671  -0.001005
1773.418105  -0.000686
1773.438539  -0.000420
1773.458973  -0.000961
1773.479407  -0.000855
1773.499841  -0.000972
1773.520275  -0.000589
1773.540709  -0.000360
1773.561143  -0.000877
1773.581577  -0.000954
1773.602011  -0.000671
1773.622445  -0.000908
1773.642879  -0.000266
1773.663313  -0.000826
1773.683747  -0.000206
1773.704181  -0.000209
1773.724615  -0.000903
1773.745049  -0.000486
1773.765483  -0.000777
1773.785917  -0.000114
1773.806351   0.006035
1773.826785   0.008411
1773.847219   0.009118
1773.867653   0.009397
1773.888086   0.009453
1773.908521   0.009743
1773.928954   0.009548
1773.949388   0.009186
1773.969822   0.009094
1773.990256   0.008475
1774.010690   0.006795
1774.031124   0.000351
1774.051558  -0.000747
1774.071992  -0.001163
1774.092426  -0.000971
1774.112860  -0.000741
1774.133294  -0.001008
1774.153728  -0.000728
1774.174162  -0.000385
1774.194596  -0.000650
1774.215030  -0.000398
1774.235464  -0.000688
1774.255898  -0.000392
1774.276332  -0.000272
1774.296766  -0.000943
1774.317200  -0.001092
1774.337634  -0.000614
1774.358068  -0.000572
1774.378501  -0.000421
1774.398935  -0.000572
1774.419369  -0.000648
1774.439803  -0.001450
1774.460237  -0.000606
1774.480671  -0.000707
1774.501105  -0.001052
1774.521539  -0.000895
1774.541973  -0.001158
1774.562407  -0.000835
1774.582841  -0.000577
1774.603275  -0.000452
1774.623709  -0.000495
1774.644143  -0.000481
1774.664577  -0.000496
1774.685011  -0.000449
1774.705445  -0.000634
1774.725879  -0.000822
1774.746313  -0.000545
1774.766747  -0.000422
1774.787180  -0.001108
1774.807614  -0.000362
1774.828048  -0.000860
1774.848482  -0.000801
1774.868916  -0.000331
1774.889350  -0.000565
1774.909784  -0.000990
1774.930218  -0.001212
1774.950652  -0.000903
1774.971086  -0.000905
1774.991520  -0.000487
1775.011954  -0.000640
1775.032388  -0.000894
1775.052822  -0.000577
1775.073256  -0.000837
1775.093690  -0.000658
1775.114124  -0.000827
1775.134558  -0.000552
1775.154992  -0.000861
1775.175425  -0.000364
1775.195859  -0.001105
1775.216293  -0.000599
1775.236727  -0.000327
1775.257161  -0.000611
1775.277595  -0.000739
1775.298029  -0.000799
1775.318463  -0.000624
1775.338897  -0.000400
1775.359331  -0.000767
1775.379765  -0.000662
1775.400199  -0.000722
1775.420633  -0.000751
1775.441067  -0.001083
1775.461501  -0.001112
1775.481935  -0.000697
1775.502369  -0.000705
