1751.226684  -0.000661
1751.247118   0.000107
1751.267552   0.000338
1751.287987   0.000111
1751.308421   0.000356
1751.328855  -0.000149
1751.349289   0.000159
1751.369723   0.000152
1751.390158  -0.000487
1751.410592  -0.000637
1751.431026   0.000205
1751.451460  -0.000335
1751.471894  -0.000509
1751.492329  -0.000358
1751.512763  -0.000350
1751.533197  -0.000986
1751.553631  -0.000676
1751.574065  -0.000654
1751.594500  -0.000278
1751.614934  -0.000379
1751.635368  -0.000384
1751.655802  -0.000791
1751.676236  -0.000547
1751.696671  -0.000689
1751.717105  -0.001014
1751.737539  -0.000512
1751.757973  -0.001004
1751.778407  -0.001006
1751.798842  -0.000992
1751.819276  -0.000757
1751.839710  -0.000590
1751.860144  -0.000833
1751.880578  -0.000954
1751.901013  -0.000818
1751.921447  -0.000976
1751.941881  -0.000858
1751.962315  -0.001068
1751.982749  -0.000961
1752.003184  -0.000920
1752.023618  -0.001202
1752.044052  -0.000942
1752.064486  -0.000687
1752.084920  -0.000763
1752.105355  -0.000659
1752.125789  -0.000674
1752.146223  -0.000910
1752.166657  -0.000895
1752.187091  -0.000678
1752.207526  -0.000277
1752.227960  -0.000426
1752.248394  -0.000401
1752.268828  -0.000844
1752.289262  -0.000451
1752.309696  -0.000084
1752.330131  -0.000311
1752.350565  -0.000355
1752.370999  -0.000603
1752.391433  -0.000680
1752.411867  -0.000709
1752.432302  -0.000765
1752.452736  -0.000422
1752.473170  -0.000196
1752.493604  -0.000610
1752.514038  -0.000762
1752.534473  -0.000332
1752.554907  -0.000829
1752.575341  -0.000356
1752.595775  -0.000897
1752.616209  -0.000665
1752.636644  -0.001032
1752.657078  -0.000380
1752.677512  -0.000725
1752.697946  -0.000125
1752.718380   0.005424
1752.738815   0.008191
1752.759249   0.008434
1752.779683   0.008876
1752.800117   0.009571
1752.820551   0.008998
1752.840986   0.008821
1752.861420   0.008933
1752.881854   0.008497
1752.902288   0.007783
1752.922722   0.006255
1752.943157   0.000346
1752.963591  -0.000741
1752.984025  -0.000965
1753.004459  -0.000687
1753.024893  -0.000755
1753.045327  -0.000524
1753.065762  -0.001106
1753.086196  -0.000856
1753.106630  -0.000771
1753.127064  -0.000865
1753.147498  -0.000738
1753.167933  -0.000751
1753.188367  -0.000868
1753.208801  -0.000717
1753.229235  -0.000777
1753.249669  -0.000754
1753.270103  -0.000771
1753.290538  -0.000772
1753.310972  -0.000284
1753.331406  -0.000753
1753.351840  -0.001125
1753.372274  -0.000766
1753.392708  -0.000650
1753.413143  -0.000506
1753.433577  -0.000398
1753.454011  -0.000835
1753.474445  -0.000711
1753.494879  -0.000709
1753.515314  -0.000391
1753.535748  -0.000491
1753.556182  -0.000922
1753.576616  -0.000425
1753.597050  -0.000410
1753.617485  -0.000601
1753.637919  -0.000645
1753.658353  -0.000276
1753.678787  -0.000301
1753.699221  -0.000203
1753.719655  -0.000809
1753.740090   0.000049
1753.760524  -0.000394
1753.780958  -0.000258
1753.801392  -0.000348
1753.821826  -0.000513
1753.842260  -0.001087
1753.862695  -0.000626
1753.903563  -0.000617
1753.923997  -0.000714
1753.944431  -0.000651
1753.964866  -0.000828
1753.985300  -0.000599
1754.005734  -0.000759
1754.026168  -0.000762
1754.046602  -0.000997
1754.067036  -0.001096
1754.087471  -0.001253
1754.107905  -0.001015
1754.128339  -0.000914
1754.148773  -0.000986
1754.169207  -0.000831
1754.189642  -0.001163
1754.210076  -0.000687
1754.230510  -0.000893
1754.250944  -0.000192
1754.271378  -0.000587
1754.291812  -0.001176
1754.312247  -0.000629
1754.332681  -0.000213
1754.353115  -0.000517
1754.373549  -0.000652
1754.393983  -0.000582
1754.414417  -0.000661
