2194.044610  -0.000609
2194.065043  -0.001204
2194.085476  -0.001042
2194.105910  -0.001085
2194.126343  -0.000834
2194.146776  -0.001063
2194.167210  -0.000784
2194.187643  -0.001175
2194.208076  -0.000630
2194.228510  -0.000855
2194.248943  -0.000891
2194.269376  -0.000807
2194.289809  -0.000895
2194.310243  -0.000515
2194.330676  -0.000033
2194.351109  -0.000545
2194.371543  -0.000880
2194.391976  -0.000353
2194.412409  -0.000698
2194.432843  -0.000258
2194.453276  -0.000359
2194.473709  -0.000445
2194.494142  -0.000121
2194.514576  -0.000352
2194.535009  -0.000339
2194.555442  -0.000525
2194.575876  -0.000150
2194.596309  -0.000664
2194.616742  -0.000905
2194.637176  -0.000849
2194.657609   0.000024
2194.678042  -0.000445
2194.698476  -0.000815
2194.718909  -0.000975
2194.739342  -0.000659
2194.759776  -0.000723
2194.780209  -0.000271
2194.800642  -0.000472
2194.821076  -0.000882
2194.841509  -0.000801
2194.861942  -0.000962
2194.882375  -0.000505
2194.902809  -0.000878
2194.923242  -0.001109
2194.943675  -0.000900
2194.964109  -0.000593
2194.984542  -0.000863
2195.004975  -0.000264
2195.025408  -0.001134
2195.045842  -0.000442
2195.066275  -0.000752
2195.086708  -0.000501
2195.107142  -0.000568
2195.127575  -0.000639
2195.148008  -0.000754
2195.168442  -0.000372
2195.188875  -0.000832
2195.209308  -0.000824
2195.229742  -0.000623
2195.250175  -0.000713
2195.270608  -0.000223
2195.291041  -0.000578
2195.311475  -0.000544
2195.331908  -0.000380
2195.352341  -0.000050
2195.372775  -0.000883
2195.393208  -0.000417
2195.413641  -0.000305
2195.434075  -0.000513
2195.454508  -0.000171
2195.474941  -0.000991
2195.495374  -0.000041
2195.515808  -0.000331
2195.536241   0.001218
2195.556674   0.006788
2195.577108   0.008399
2195.597541   0.008764
2195.617974   0.009400
2195.638408   0.008652
2195.658841   0.009089
2195.679274   0.008541
2195.699707   0.009000
2195.720141   0.008070
2195.740574   0.007425
2195.761007   0.004378
2195.781441  -0.001041
2195.801874  -0.001062
2195.822307  -0.000404
2195.842740  -0.000766
2195.863174  -0.000647
2195.883607  -0.001138
2195.904040  -0.000869
2195.924474  -0.000374
2195.944907  -0.000897
2195.965340  -0.000867
2195.985773  -0.000949
2196.006207  -0.000851
2196.026640  -0.000997
2196.047073  -0.000593
2196.067507  -0.000232
2196.087940  -0.000518
2196.108373  -0.000869
2196.128807  -0.000119
2196.149240  -0.000269
2196.169673  -0.000597
2196.210540  -0.000480
2196.230973  -0.000586
2196.251406  -0.000449
2196.271840  -0.000853
2196.292273  -0.000115
2196.312706  -0.000659
2196.333139   0.000100
2196.353573  -0.000338
2196.374006  -0.000257
2196.394439  -0.000800
2196.414873  -0.000792
2196.435306  -0.000797
2196.455739  -0.000377
2196.476173  -0.000368
2196.496606  -0.000751
2196.517039  -0.001115
2196.537472  -0.000617
2196.557906  -0.000122
2196.578339  -0.000453
2196.598772  -0.000691
2196.619205  -0.000377
2196.639639  -0.000946
2196.660072  -0.000693
2196.680505  -0.000512
2196.700938  -0.000858
2196.721372  -0.000893
2196.741805  -0.000772
2196.762238  -0.000882
2196.782672  -0.000972
2196.803105  -0.000860
2196.823538  -0.000473
2196.843972  -0.000634
2196.864405  -0.000937
2196.884838  -0.000574
2196.905271  -0.000360
2196.925705  -0.000987
2196.946138  -0.000295
2196.966571  -0.000523
2196.987004  -0.000521
2197.007438  -0.000750
2197.027871  -0.000315
2197.048304  -0.000693
2197.068738  -0.000151
2197.089171  -0.000247
2197.109604  -0.001020
2197.130037  -0.000405
2197.150471  -0.000098
2197.170904  -0.000585
2197.191337  -0.000708
2197.211771  -0.000569
2197.232204  -0.000393
2197.252637  -0.000609
