1645.785565  -0.000675
1645.805999   0.000042
1645.826433  -0.000088
1645.846867   0.000078
1645.867301  -0.000244
1645.887735  -0.000113
1645.908169  -0.000386
1645.928603   0.000068
1645.949037  -0.000014
1645.969471  -0.000103
1645.989905  -0.000283
1646.010339  -0.000366
1646.030774  -0.000329
1646.051208  -0.000338
1646.071642   0.000063
1646.092076  -0.000565
1646.112510  -0.000187
1646.132944  -0.000548
1646.153378  -0.000963
1646.173812  -0.000256
1646.194246  -0.001035
1646.214680  -0.000411
1646.235114  -0.000444
1646.255548  -0.000313
1646.275982  -0.000705
1646.296417  -0.000637
1646.316851  -0.001008
1646.337285  -0.000614
1646.357719  -0.001029
1646.378153  -0.001046
1646.398587  -0.001164
1646.419021  -0.001077
1646.439455  -0.001193
1646.459889  -0.001344
1646.480323  -0.001152
1646.500757  -0.000937
1646.521192  -0.000858
1646.541626  -0.000935
1646.562060  -0.000863
1646.582494  -0.000934
1646.643796  -0.000767
1646.664230  -0.000346
1646.684664  -0.000822
1646.705098  -0.000591
1646.725533  -0.000682
1646.745967  -0.001030
1646.766401  -0.000524
1646.786835  -0.000990
1646.807269  -0.001143
1646.827703  -0.000505
1646.848137  -0.000533
1646.868571  -0.000742
1646.889005  -0.000573
1646.909439  -0.000836
1646.929873  -0.000342
1646.950308  -0.000590
1646.970742  -0.000596
1646.991176  -0.000804
1647.011610  -0.000467
1647.032044  -0.000326
1647.052478  -0.000300
1647.072912  -0.000379
1647.093346  -0.000358
1647.113780   0.000061
1647.134214   0.000029
1647.154648  -0.000521
1647.175083  -0.000538
1647.195517  -0.000627
1647.215951  -0.000776
1647.236385  -0.000607
1647.256819  -0.000233
1647.277253   0.004230
1647.297687   0.008525
1647.318121   0.008556
1647.338555   0.008717
1647.358989   0.009033
1647.379424   0.009357
1647.399858   0.009402
1647.420292   0.008937
1647.440726   0.009109
1647.461160   0.008813
1647.481594   0.007126
1647.502028   0.001200
1647.522462  -0.000868
1647.542896  -0.001060
1647.563331  -0.000716
1647.583765  -0.001458
1647.604199  -0.001227
1647.624633  -0.000986
1647.645067  -0.000906
1647.665501  -0.000809
1647.685935  -0.001323
1647.706369  -0.001330
1647.726803  -0.000841
1647.747237  -0.000769
1647.767671  -0.000822
1647.788106  -0.000579
1647.808540  -0.000686
1647.828974  -0.000947
1647.849408  -0.000832
1647.869842  -0.000674
1647.890276  -0.000878
1647.910710  -0.000303
1647.931144  -0.000505
1647.951578  -0.000673
1647.972013  -0.000667
1647.992447  -0.000395
1648.012881  -0.000197
1648.033315  -0.000135
1648.053749  -0.000101
1648.074183  -0.000414
1648.094617  -0.000452
1648.115051  -0.000073
1648.135485  -0.000505
1648.155920  -0.000260
1648.176354  -0.000350
1648.196788  -0.000649
1648.217222  -0.000562
1648.237656  -0.000468
1648.258090  -0.000764
1648.278524  -0.000908
1648.298958  -0.000582
1648.319392  -0.000621
1648.339827  -0.000904
1648.360261  -0.000819
1648.380695  -0.000594
1648.401129  -0.001022
1648.421563  -0.000730
1648.441997  -0.000688
1648.462431  -0.000316
1648.482865  -0.000789
1648.503300  -0.000998
1648.523734  -0.000714
1648.544168  -0.001044
1648.564602  -0.000655
1648.585036  -0.000884
1648.605470  -0.000755
1648.625904  -0.000881
1648.646338  -0.000784
1648.666772  -0.000704
1648.687206  -0.000656
1648.707640  -0.001293
1648.728075  -0.000459
1648.748509  -0.000715
1648.768943  -0.000956
1648.789377  -0.000775
1648.809811  -0.000557
1648.830245  -0.000627
1648.850679  -0.000730
1648.871113  -0.000679
1648.891548  -0.000693
1648.911982  -0.000716
1648.932416  -0.000846
1648.952850  -0.000929
1648.973284  -0.000761
1648.993718  -0.000675
