1287.298868  -0.000646
1287.319302  -0.000097
1287.339736  -0.000266
1287.360170  -0.000865
1287.380605  -0.000602
1287.401039  -0.000259
1287.421473  -0.000700
1287.441907  -0.000603
1287.462341  -0.000750
1287.482776  -0.000214
1287.503210  -0.000408
1287.523644  -0.000629
1287.544078  -0.000671
1287.564512  -0.000812
1287.584947  -0.000441
1287.605381  -0.000219
1287.625815  -0.000419
1287.646249  -0.000471
1287.666684  -0.000459
1287.687118  -0.000362
1287.707552  -0.000537
1287.727986  -0.000559
1287.748420  -0.000315
1287.768855  -0.000613
1287.789289  -0.000297
1287.809723  -0.000115
1287.830157  -0.000670
1287.850592  -0.000612
1287.871026  -0.000665
1287.891460  -0.000545
1287.911894  -0.000535
1287.932328  -0.000752
1287.952763  -0.001271
1287.973197  -0.001272
1287.993631  -0.000652
1288.014065  -0.001111
1288.034500  -0.001110
1288.054934  -0.000971
1288.075368  -0.000999
1288.095802  -0.001162
1288.116237  -0.001111
1288.136671  -0.000729
1288.157105  -0.001217
1288.177539  -0.000881
1288.197973  -0.000396
1288.218408  -0.000722
1288.238842  -0.000606
1288.259276  -0.000474
1288.279710  -0.000369
1288.300145  -0.000471
1288.320579  -0.000406
1288.341013  -0.000484
1288.361447  -0.000717
1288.381881  -0.000465
1288.402316  -0.000781
1288.422750  -0.000695
1288.443184  -0.000665
1288.463618  -0.000332
1288.484053  -0.000543
1288.504487  -0.000430
1288.524921  -0.000553
1288.545355  -0.000181
1288.565790  -0.000212
1288.586224  -0.000475
1288.606658  -0.001059
1288.627092  -0.000594
1288.647526  -0.000406
1288.667961  -0.000885
1288.688395  -0.000566
1288.708829  -0.000273
1288.729263  -0.000794
1288.749698  -0.000215
1288.770132  -0.001036
1288.790566   0.002715
1288.811000   0.007412
1288.831435   0.008676
1288.851869   0.009267
1288.872303   0.009479
1288.892737   0.009302
1288.913172   0.009043
1288.933606   0.009198
1288.954040   0.009564
1288.974474   0.008986
1288.994909   0.007486
1289.015343   0.003209
1289.035777  -0.000178
1289.056211  -0.000305
1289.076645  -0.000889
1289.097080  -0.000600
1289.117514  -0.000706
1289.137948  -0.000940
1289.158382  -0.000779
1289.178817  -0.000675
1289.199251  -0.000763
1289.219685  -0.000575
1289.240119  -0.000850
1289.260553  -0.001060
1289.280988  -0.000807
1289.301422  -0.001312
1289.321856  -0.000870
1289.342290  -0.001253
1289.362725  -0.000743
1289.383159  -0.000751
1289.403593  -0.000894
1289.424027  -0.000744
1289.444462  -0.000906
1289.464896  -0.000690
1289.485330  -0.000338
1289.505764  -0.000709
1289.526199  -0.000183
1289.546633  -0.000879
1289.567067  -0.000029
1289.587501  -0.000135
1289.607936  -0.000642
1289.628370  -0.000435
1289.648804  -0.000538
1289.669238  -0.000332
1289.689673  -0.000567
1289.710107  -0.000851
1289.730541  -0.000553
1289.750975  -0.000352
1289.771409  -0.000684
1289.791844  -0.000553
1289.812278  -0.000141
1289.832712  -0.000350
1289.853146  -0.000270
1289.873581  -0.000631
1289.914449  -0.000341
1289.934883  -0.000674
1289.955318  -0.000772
1289.975752  -0.000268
1289.996186  -0.000386
1290.016620  -0.000614
1290.037055  -0.000539
1290.057489  -0.000750
1290.077923  -0.000623
1290.098357  -0.000844
1290.118792  -0.001090
1290.139226  -0.000486
1290.159660  -0.000877
1290.180094  -0.001582
1290.200529  -0.000681
1290.220963  -0.000768
1290.241397  -0.000817
1290.261831  -0.000972
1290.282266  -0.000802
1290.302700  -0.000467
1290.323134  -0.000498
1290.343568  -0.001741
1290.364003  -0.000845
1290.384437  -0.001307
1290.404871  -0.001093
1290.425305  -0.000820
1290.445740  -0.000606
1290.466174  -0.000752
1290.486608  -0.000815
1290.507042  -0.000646
