1941.010428  -0.000658
1941.030861  -0.000403
1941.051294  -0.000318
1941.071727  -0.000598
1941.092160  -0.000332
1941.112593  -0.000545
1941.133026  -0.000112
1941.153459  -0.000264
1941.173892  -0.000148
1941.194325  -0.000007
1941.214758  -0.000286
1941.235191  -0.000369
1941.255624  -0.000469
1941.276057  -0.001028
1941.296490  -0.000565
1941.316923  -0.000622
1941.337356  -0.000695
1941.357789  -0.000669
1941.378222  -0.000940
1941.398655  -0.000415
1941.419088  -0.001088
1941.439521  -0.000902
1941.459954  -0.001152
1941.480387  -0.001173
1941.500820  -0.000563
1941.521253  -0.001157
1941.541686  -0.001175
1941.562119  -0.000943
1941.582552  -0.000579
1941.602985  -0.000927
1941.623418  -0.000850
1941.643851  -0.000827
1941.664284  -0.001001
1941.684717  -0.001085
1941.705150  -0.000350
1941.725583  -0.000845
1941.746016  -0.000080
1941.766449  -0.000450
1941.786882  -0.000659
1941.807315  -0.000423
1941.827748  -0.000503
1941.848181  -0.000305
1941.868614  -0.000473
1941.889047  -0.000483
1941.909480  -0.000279
1941.929913  -0.000451
1941.950346  -0.000181
1941.970779  -0.000431
1941.991212  -0.000506
1942.011646  -0.000317
1942.032078  -0.000482
1942.052511  -0.000394
1942.072945  -0.000932
1942.093377  -0.000476
1942.113810  -0.000473
1942.134244  -0.000611
1942.154677  -0.000789
1942.175110  -0.000364
1942.195543  -0.000677
1942.215976  -0.000509
1942.236409  -0.001302
1942.256842  -0.000852
1942.277275  -0.000686
1942.297708  -0.000503
1942.318141  -0.000694
1942.338574  -0.000919
1942.359007  -0.001085
1942.379440  -0.000541
1942.399873  -0.001669
1942.420306  -0.001127
1942.440739  -0.000770
1942.461172  -0.001201
1942.481605  -0.000594
1942.502038   0.004785
1942.522471   0.008134
1942.542904   0.008647
1942.563337   0.009082
1942.583770   0.008993
1942.604203   0.009107
1942.624636   0.009289
1942.645069   0.009189
1942.665502   0.008126
1942.685935   0.007525
1942.706368   0.006382
1942.726801   0.000225
1942.747234  -0.001121
1942.767667  -0.000247
1942.788100  -0.001274
1942.808533  -0.000970
1942.849399  -0.000414
1942.869832  -0.000378
1942.890265   0.000105
1942.910698  -0.000258
1942.931131  -0.000235
1942.951564  -0.000403
1942.971997  -0.000438
1942.992431  -0.000336
1943.012864  -0.000495
1943.033297  -0.000454
1943.053730   0.000086
1943.074163  -0.000319
1943.094596  -0.000505
1943.115029  -0.000576
1943.135462  -0.000819
1943.155895  -0.000656
1943.176328  -0.000432
1943.196761  -0.000531
1943.217194  -0.000993
1943.237627  -0.000773
1943.258060  -0.000670
1943.278493  -0.000963
1943.360225  -0.001357
1943.380658  -0.000760
1943.401091  -0.000987
1943.421524  -0.000850
1943.441957  -0.001108
1943.462390  -0.001287
1943.482823  -0.000710
1943.503256  -0.000977
1943.523689  -0.001396
1943.544122  -0.000562
1943.564555  -0.001038
1943.584988  -0.000819
1943.605421  -0.000814
1943.625855  -0.000666
1943.646288  -0.000494
1943.666720  -0.000751
1943.687154  -0.000863
1943.707587  -0.000794
1943.728020  -0.000722
1943.748453  -0.000653
1943.768886  -0.000495
1943.789319  -0.000241
1943.809752  -0.000301
1943.830185  -0.000402
1943.850618  -0.000431
1943.871051  -0.000048
1943.891484  -0.000229
1943.911917  -0.000555
1943.932350  -0.000720
1943.952783   0.000061
1943.973216  -0.000183
1943.993649  -0.000629
1944.014082  -0.000045
1944.034515  -0.000690
1944.054948  -0.000236
1944.075381  -0.000548
1944.095814  -0.000004
1944.116247  -0.001557
1944.136680  -0.000658
1944.157113  -0.001089
1944.177547  -0.000891
1944.197980  -0.000658
