1245.123151  -0.000716
1245.164019  -0.000393
1245.184452  -0.000395
1245.204886  -0.000624
1245.225320  -0.000525
1245.245753  -0.000669
1245.266187  -0.000412
1245.286621  -0.000846
1245.307054  -0.001341
1245.327488  -0.000637
1245.347922  -0.001293
1245.368355  -0.000579
1245.388789  -0.001111
1245.409223  -0.000833
1245.429656  -0.000150
1245.450090  -0.000621
1245.470524  -0.001114
1245.490957  -0.000763
1245.511391  -0.000636
1245.531825  -0.000891
1245.552259  -0.000979
1245.572692  -0.001056
1245.593126  -0.000398
1245.613560  -0.000507
1245.633993  -0.000781
1245.654427  -0.000482
1245.674861  -0.000359
1245.695294  -0.001324
1245.715728  -0.000279
1245.736162  -0.000530
1245.756595  -0.000875
1245.777029  -0.000688
1245.797463  -0.000622
1245.817896  -0.000520
1245.838330  -0.000525
1245.858764  -0.000352
1245.879198  -0.000367
1245.899631  -0.001103
1245.920065  -0.000359
1245.940499  -0.001252
1245.960932  -0.000644
1245.981366  -0.000845
1246.001800  -0.000589
1246.022233  -0.000680
1246.042667  -0.000815
1246.063101  -0.000603
1246.083534  -0.000973
1246.103968  -0.001020
1246.124402  -0.000923
1246.144836  -0.000883
1246.165269  -0.000891
1246.185703  -0.000379
1246.206137  -0.001015
1246.226570  -0.000266
1246.308305  -0.001025
1246.328739  -0.000887
1246.349172  -0.000128
1246.369606  -0.000854
1246.390040  -0.001103
1246.410473  -0.000792
1246.430907  -0.000700
1246.451341  -0.000395
1246.471775  -0.000940
1246.492208  -0.000789
1246.512642  -0.000304
1246.533076  -0.000724
1246.553509  -0.000842
1246.573943  -0.000515
1246.594377  -0.000429
1246.614810   0.002227
1246.635244   0.008132
1246.655678   0.009282
1246.676112   0.009735
1246.696545   0.009694
1246.716979   0.009868
1246.737413   0.009786
1246.757846   0.009957
1246.778280   0.009817
1246.798714   0.009455
1246.819148   0.008415
1246.839581   0.004155
1246.860015  -0.001013
1246.880449  -0.000670
1246.900882  -0.001233
1246.921316  -0.000319
1246.941750  -0.000842
1246.962184  -0.000603
1246.982617  -0.000791
1247.003051  -0.001007
1247.023485  -0.000986
1247.043918  -0.000343
1247.064352  -0.000886
1247.084786  -0.000397
1247.105219  -0.000417
1247.125653  -0.000361
1247.146087  -0.000714
1247.166521  -0.000569
1247.186954  -0.000762
1247.207388  -0.000978
1247.227822  -0.000653
1247.248255  -0.000626
1247.268689  -0.000853
1247.289123  -0.000228
1247.309557  -0.001189
1247.329990  -0.000189
1247.350424  -0.000970
1247.370858  -0.001339
1247.391291  -0.000503
1247.411725  -0.000618
1247.432159  -0.001047
1247.452593  -0.000999
1247.473026  -0.000542
1247.493460  -0.000783
1247.513894  -0.001318
1247.534327  -0.000816
1247.554761  -0.000750
1247.575195  -0.000677
1247.595629  -0.000888
1247.616062  -0.001004
1247.636496   0.000053
1247.656930  -0.000463
1247.677363  -0.000762
1247.697797  -0.000322
1247.718231  -0.001224
1247.738665  -0.000470
1247.759098  -0.000533
1247.779532  -0.000832
1247.799966  -0.000142
1247.820399  -0.000341
1247.840833  -0.000394
1247.861267  -0.000749
1247.881701  -0.000501
1247.902134  -0.001032
1247.922568  -0.001015
1247.943002  -0.000641
1247.963435  -0.000105
1247.983869  -0.000803
1248.024737  -0.001135
1248.045170  -0.001237
1248.065604  -0.001015
1248.086038  -0.000445
1248.106471  -0.000872
1248.147339  -0.000906
1248.167773  -0.000860
1248.188206  -0.000873
1248.208640  -0.001078
1248.229074  -0.000878
1248.249507  -0.000775
1248.269941  -0.000573
1248.290375  -0.000705
1248.310809  -0.000435
1248.331242  -0.000716
