2211.576391  -0.000784
2211.596824  -0.000664
2211.617257  -0.000812
2211.637690  -0.000952
2211.658123  -0.001097
2211.678556  -0.000912
2211.698989  -0.000806
2211.719422  -0.001136
2211.739855  -0.000762
2211.760288  -0.000829
2211.780721  -0.001052
2211.801154  -0.000852
2211.821587  -0.000756
2211.842020  -0.000626
2211.862453  -0.000679
2211.882886  -0.000799
2211.903319  -0.000801
2211.923752  -0.001026
2211.944185  -0.000659
2211.964618  -0.001080
2211.985051  -0.000883
2212.005484  -0.000777
2212.025917  -0.000784
2212.046350  -0.000621
2212.066783  -0.001068
2212.087216  -0.001152
2212.107649  -0.000540
2212.128082  -0.000877
2212.148515  -0.000775
2212.168948  -0.000975
2212.189381  -0.001032
2212.209814  -0.000986
2212.230247  -0.001041
2212.250680  -0.000993
2212.271113  -0.000669
2212.291546  -0.000941
2212.311979  -0.001084
2212.332412  -0.001223
2212.352845  -0.000959
2212.373278  -0.000996
2212.393711  -0.000853
2212.414144  -0.000518
2212.434577   0.007250
2212.455010   0.013571
2212.475443   0.014792
2212.495876   0.014759
2212.516310   0.013475
2212.536742   0.007723
2212.557175  -0.000453
2212.577609  -0.000639
2212.598041  -0.000906
2212.618475  -0.000798
2212.638908  -0.000657
2212.659341  -0.000942
2212.679774  -0.000776
2212.700207  -0.001069
2212.720640  -0.000855
2212.741073  -0.000776
2212.761506  -0.001144
2212.781939  -0.000633
2212.802372  -0.001131
2212.822805  -0.000764
2212.843238  -0.000654
2212.863671  -0.000889
2212.884104  -0.000692
2212.904537  -0.000847
2212.924970  -0.000898
2212.945403  -0.000713
2212.965836  -0.000711
2212.986269  -0.000697
2213.006702  -0.000842
2213.027135  -0.000962
2213.047568  -0.000966
2213.068001  -0.000867
2213.088434  -0.001039
2213.108867  -0.000826
2213.129300  -0.000751
2213.149733  -0.000996
2213.170166  -0.000857
2213.190599  -0.001035
2213.211032  -0.001252
2213.231465  -0.000915
2213.251898  -0.000967
2213.272331  -0.000961
2213.292764  -0.001047
2213.333630  -0.000615
2213.354063  -0.000834
2213.374496  -0.000569
2213.394929  -0.000795
