1791.481861  -0.000969
1791.502295  -0.000468
1791.522729  -0.001130
1791.543162  -0.000810
1791.563596  -0.000849
1791.584030  -0.000949
1791.604463  -0.000923
1791.624897  -0.000882
1791.645331  -0.001036
1791.665764  -0.001009
1791.686198  -0.000806
1791.706632  -0.000835
1791.727066  -0.000753
1791.747499  -0.000642
1791.767933  -0.000832
1791.788367  -0.000867
1791.808800  -0.001052
1791.829234  -0.000967
1791.849668  -0.000865
1791.870101  -0.001075
1791.890535  -0.000927
1791.910969  -0.000955
1791.931403  -0.000631
1791.951836  -0.000846
1791.972270  -0.000921
1791.992704  -0.001009
1792.013137  -0.001045
1792.033571  -0.000710
1792.054005  -0.000773
1792.074438  -0.000763
1792.094872  -0.000848
1792.115306  -0.000764
1792.135740  -0.000813
1792.156173  -0.000776
1792.176607  -0.000839
1792.197041  -0.000972
1792.217474  -0.000951
1792.237908  -0.000782
1792.258342  -0.000809
1792.278775  -0.000840
1792.299209  -0.000684
1792.319643   0.004212
1792.340077   0.012759
1792.360510   0.014503
1792.380944   0.014982
1792.401378   0.014382
1792.421811   0.009980
1792.442245   0.000611
1792.462679  -0.000718
1792.483112  -0.000740
1792.503546  -0.000951
1792.523980  -0.000956
1792.544414  -0.000857
1792.564847  -0.000867
1792.585281  -0.000913
1792.605715  -0.001041
1792.626148  -0.001166
1792.646582  -0.000940
1792.667016  -0.000649
1792.687449  -0.001073
1792.707883  -0.000949
1792.728317  -0.000817
1792.748750  -0.000980
1792.769184  -0.000901
1792.789618  -0.001067
1792.810051  -0.000898
1792.830485  -0.000656
1792.850919  -0.000756
1792.871352  -0.000641
1792.891786  -0.000829
1792.912220  -0.000872
1792.932654  -0.000897
1792.953087  -0.000706
1792.973521  -0.001007
1792.993955  -0.000874
1793.014388  -0.000984
1793.034822  -0.000904
1793.055256  -0.000929
1793.075689  -0.000996
1793.096123  -0.000733
1793.116557  -0.000904
1793.136990  -0.000967
1793.157424  -0.000955
1793.177858  -0.001056
1793.198291  -0.000807
1793.218725  -0.000731
1793.239159  -0.000686
1793.259592  -0.000899
1793.280026  -0.000779
