2001.534067  -0.000783
2001.554501  -0.000802
2001.574935  -0.000898
2001.595369  -0.000716
2001.615803  -0.000918
2001.636237  -0.000908
2001.656671  -0.000860
2001.677105  -0.001020
2001.697539  -0.000931
2001.717973  -0.001013
2001.738407  -0.000969
2001.758840  -0.000942
2001.779275  -0.001129
2001.799708  -0.001283
2001.820142  -0.000728
2001.840576  -0.001082
2001.861010  -0.000630
2001.881444  -0.000740
2001.901878  -0.000688
2001.922312  -0.000780
2001.963180  -0.000849
2001.983614  -0.000904
2002.004048  -0.000829
2002.024482  -0.000567
2002.044916  -0.000956
2002.065350  -0.001063
2002.085783  -0.001151
2002.106217  -0.000676
2002.126651  -0.000774
2002.147085  -0.000940
2002.167519  -0.001107
2002.187953  -0.000950
2002.208387  -0.001023
2002.228821  -0.000807
2002.249255  -0.001157
2002.269689  -0.000785
2002.290123  -0.001056
2002.310557  -0.000969
2002.330991  -0.000951
2002.351425  -0.000472
2002.371859   0.003069
2002.392292   0.012349
2002.412726   0.014882
2002.433160   0.014862
2002.453594   0.014408
2002.474028   0.011070
2002.494462   0.001670
2002.514896  -0.000990
2002.535330  -0.000657
2002.555764  -0.001063
2002.576198  -0.000931
2002.596632  -0.001177
2002.617066  -0.000776
2002.637500  -0.001081
2002.657934  -0.000756
2002.678368  -0.000818
2002.698802  -0.000952
2002.719236  -0.000623
2002.739669  -0.000768
2002.760103  -0.000734
2002.780537  -0.000649
2002.800971  -0.000828
2002.821405  -0.000878
2002.841839  -0.000953
2002.862273  -0.000759
2002.882707  -0.000622
2002.903141  -0.001379
2002.923575  -0.000967
2002.944009  -0.000901
2002.964443  -0.001027
2002.984877  -0.000503
2003.005311  -0.000910
2003.025745  -0.000926
2003.046179  -0.000936
2003.066613  -0.000974
2003.087047  -0.001046
2003.107480  -0.001127
2003.127914  -0.000893
2003.148348  -0.000970
2003.168782  -0.001157
2003.189216  -0.000840
2003.209650  -0.001248
2003.230084  -0.000716
2003.250518  -0.000769
2003.270952  -0.000914
2003.291386  -0.000668
2003.311820  -0.000635
2003.332254  -0.000983
