1528.907018  -0.000817
1528.927450  -0.000692
1528.947883  -0.001081
1528.968316  -0.000841
1528.988748  -0.000959
1529.029613  -0.000926
1529.050046  -0.001135
1529.070479  -0.000812
1529.090911  -0.000742
1529.111344  -0.000987
1529.131777  -0.001018
1529.152209  -0.000938
1529.172642  -0.000728
1529.193075  -0.000699
1529.213507  -0.000883
1529.233940  -0.000863
1529.254373  -0.001038
1529.274805  -0.000753
1529.295238  -0.000796
1529.315671  -0.000772
1529.336103  -0.000901
1529.356536  -0.000936
1529.376969  -0.000830
1529.397402  -0.000926
1529.417834  -0.000789
1529.438267  -0.000970
1529.458699  -0.001007
1529.479132  -0.000786
1529.499565  -0.000956
1529.519997  -0.001095
1529.540430  -0.000660
1529.560863  -0.000866
1529.581295  -0.000570
1529.601728  -0.000951
1529.622161  -0.000806
1529.642593  -0.000720
1529.663026  -0.000731
1529.683459  -0.000693
1529.703891  -0.001082
1529.724324  -0.001116
1529.744757   0.001098
1529.765189   0.010379
1529.785622   0.014015
1529.806055   0.014879
1529.826487   0.014313
1529.846920   0.012552
1529.867353   0.003790
1529.887785  -0.000904
1529.908218  -0.000700
1529.928651  -0.001073
1529.949083  -0.000871
1529.969516  -0.000689
1529.989949  -0.000961
1530.010382  -0.000797
1530.030814  -0.000842
1530.051247  -0.000899
1530.071680  -0.001114
1530.092112  -0.000984
1530.112545  -0.000833
1530.132978  -0.000847
1530.153410  -0.000725
1530.173843  -0.000902
1530.194276  -0.001076
1530.214708  -0.001036
1530.235141  -0.001019
1530.255574  -0.000982
1530.276006  -0.000905
1530.296439  -0.000931
1530.316872  -0.000911
1530.337304  -0.000846
1530.357737  -0.000829
1530.378170  -0.000694
1530.398602  -0.000778
1530.419035  -0.000792
1530.439468  -0.000956
1530.459900  -0.000785
1530.480333  -0.000843
1530.500766  -0.001102
1530.521198  -0.000907
1530.541631  -0.000928
1530.562064  -0.000783
1530.582496  -0.000694
1530.602929  -0.000549
1530.623362  -0.000966
1530.643794  -0.000972
1530.664227  -0.000961
1530.684660  -0.000803
1530.705092  -0.000973
