1843.995482  -0.000670
1844.015915  -0.000855
1844.036348  -0.000689
1844.056781  -0.000877
1844.077214  -0.000708
1844.097647  -0.001136
1844.118080  -0.000830
1844.138513  -0.000984
1844.158946  -0.000755
1844.179379  -0.001043
1844.199812  -0.000917
1844.220245  -0.001176
1844.240678  -0.000861
1844.261111  -0.000764
1844.281544  -0.000911
1844.301977  -0.000931
1844.322410  -0.000836
1844.342842  -0.000980
1844.363276  -0.000910
1844.383708  -0.000706
1844.404141  -0.001160
1844.424574  -0.000861
1844.445007  -0.000872
1844.465440  -0.000962
1844.485873  -0.000904
1844.506306  -0.000828
1844.526739  -0.000723
1844.547172  -0.000748
1844.567605  -0.000929
1844.588038  -0.000859
1844.608471  -0.000752
1844.628904  -0.000845
1844.649337  -0.000778
1844.669770  -0.001056
1844.690203  -0.000909
1844.710636  -0.000694
1844.731069  -0.000932
1844.751502  -0.000996
1844.771935  -0.000902
1844.792368  -0.000797
1844.812801  -0.000630
1844.833234   0.003794
1844.853667   0.012453
1844.874100   0.014431
1844.894532   0.014679
1844.914965   0.013901
1844.935398   0.010297
1844.955831   0.000959
1844.976264  -0.000650
1844.996697  -0.000863
1845.017130  -0.000805
1845.037563  -0.000835
1845.057996  -0.000732
1845.078429  -0.000892
1845.098862  -0.000924
1845.119295  -0.000832
1845.139728  -0.001128
1845.160161  -0.000746
1845.180594  -0.000673
1845.201027  -0.001148
1845.241893  -0.000643
1845.262326  -0.000737
1845.282759  -0.001262
1845.303192  -0.001044
1845.323625  -0.000821
1845.344057  -0.000874
1845.364490  -0.000758
1845.384923  -0.001027
1845.405356  -0.000765
1845.425789  -0.000891
1845.446222  -0.000867
1845.466655  -0.000795
1845.487088  -0.001198
1845.507521  -0.000481
1845.527954  -0.001187
1845.548387  -0.000890
1845.568820  -0.000935
1845.589253  -0.000983
1845.609686  -0.000694
1845.630119  -0.000882
1845.650552  -0.000887
1845.670985  -0.000992
1845.691418  -0.000983
1845.711851  -0.000958
1845.732284  -0.000962
1845.752716  -0.000597
1845.773150  -0.000783
1845.793582  -0.000711
