1686.449788  -0.000959
1686.470223  -0.000740
1686.490657  -0.000997
1686.511092  -0.000746
1686.531526  -0.001084
1686.551961  -0.000777
1686.572395  -0.000802
1686.592830  -0.000895
1686.613264  -0.000678
1686.633699  -0.000817
1686.654133  -0.000607
1686.674568  -0.001076
1686.695002  -0.000966
1686.715437  -0.000993
1686.735871  -0.000819
1686.756306  -0.000875
1686.776740  -0.000975
1686.797175  -0.000713
1686.817609  -0.000942
1686.838044  -0.001015
1686.858478  -0.000842
1686.878913  -0.001212
1686.919782  -0.000818
1686.940216  -0.001019
1686.960651  -0.000828
1686.981085  -0.000959
1687.001519  -0.000709
1687.021954  -0.000627
1687.042388  -0.000930
1687.062823  -0.000927
1687.083257  -0.001051
1687.103692  -0.000670
1687.124126  -0.001111
1687.144561  -0.000855
1687.164995  -0.000719
1687.185430  -0.000860
1687.205864  -0.000864
1687.226299  -0.000714
1687.246733  -0.000917
1687.267168  -0.001107
1687.287602   0.001693
1687.308037   0.011167
1687.328471   0.014286
1687.348906   0.015156
1687.369340   0.014281
1687.389775   0.012032
1687.410209   0.002476
1687.430644  -0.000718
1687.451078  -0.000639
1687.471513  -0.000667
1687.491947  -0.001064
1687.512382  -0.000919
1687.532816  -0.000938
1687.553250  -0.001125
1687.573685  -0.000888
1687.594120  -0.001132
1687.614554  -0.000973
1687.634988  -0.000879
1687.655423  -0.000961
1687.675858  -0.000781
1687.696292  -0.001201
1687.716726  -0.000812
1687.737161  -0.000715
1687.757595  -0.000920
1687.778030  -0.000756
1687.798464  -0.000913
1687.818899  -0.000794
1687.839333  -0.000707
1687.859768  -0.000810
1687.880202  -0.000767
1687.900637  -0.000725
1687.921071  -0.000939
1687.941506  -0.000776
1687.961940  -0.000770
1687.982375  -0.000986
1688.002809  -0.000894
1688.023244  -0.000947
1688.043678  -0.000824
1688.064113  -0.000621
1688.084547  -0.000853
1688.104982  -0.001011
1688.125416  -0.000851
1688.145851  -0.000796
1688.166285  -0.001114
1688.186720  -0.000745
1688.207154  -0.001001
1688.227589  -0.000998
1688.248023  -0.000948
