1581.419420  -0.001009
1581.439853  -0.000793
1581.460286  -0.000839
1581.480719  -0.001054
1581.501152  -0.000882
1581.521585  -0.000696
1581.542019  -0.000906
1581.562452  -0.000997
1581.582885  -0.000913
1581.603318  -0.000857
1581.623751  -0.001014
1581.644184  -0.001157
1581.664618  -0.001142
1581.685051  -0.000568
1581.705484  -0.000996
1581.725917  -0.000585
1581.746350  -0.000950
1581.766783  -0.000894
1581.787216  -0.000934
1581.807650  -0.000899
1581.828083  -0.001139
1581.848516  -0.000845
1581.868949  -0.001066
1581.889382  -0.001147
1581.909816  -0.000646
1581.930249  -0.000955
1581.950682  -0.001078
1581.971115  -0.000824
1581.991548  -0.000879
1582.011981  -0.000826
1582.032415  -0.001055
1582.052848  -0.000911
1582.073281  -0.000960
1582.093714  -0.000914
1582.114147  -0.000814
1582.134580  -0.000536
1582.155014  -0.000883
1582.175447  -0.000954
1582.195880  -0.001017
1582.216313  -0.000764
1582.257179   0.000842
1582.277613   0.010174
1582.298046   0.014411
1582.318479   0.015207
1582.338912   0.015158
1582.359345   0.013257
1582.379778   0.003956
1582.400212  -0.000812
1582.420645  -0.000958
1582.441078  -0.000966
1582.461511  -0.001001
1582.481944  -0.001024
1582.502377  -0.001260
1582.522811  -0.000897
1582.543244  -0.000896
1582.563677  -0.000849
1582.584110  -0.000903
1582.604543  -0.000987
1582.624977  -0.000749
1582.645410  -0.000907
1582.665843  -0.000976
1582.686276  -0.000687
1582.706709  -0.000828
1582.727142  -0.000853
1582.747576  -0.000985
1582.768009  -0.000853
1582.788442  -0.000716
1582.808875  -0.000860
1582.829308  -0.000968
1582.849742  -0.000998
1582.870175  -0.001235
1582.890608  -0.001071
1582.911041  -0.000933
1582.931474  -0.000811
1582.951907  -0.000826
1582.972341  -0.000909
1582.992774  -0.000756
1583.013207  -0.000996
1583.033640  -0.001021
1583.054073  -0.000947
1583.074507  -0.000868
1583.094940  -0.000821
1583.115373  -0.000832
1583.135806  -0.000979
1583.156239  -0.001087
1583.176672  -0.000813
1583.217539  -0.000870
