2264.088639  -0.000854
2264.109072  -0.001033
2264.129504  -0.000991
2264.149937  -0.000937
2264.190802  -0.000965
2264.211235  -0.001083
2264.231668  -0.000808
2264.252100  -0.000819
2264.272533  -0.000792
2264.292966  -0.000744
2264.313398  -0.000955
2264.333831  -0.000502
2264.354264  -0.000671
2264.374696  -0.000694
2264.395129  -0.000899
2264.415562  -0.000841
2264.435994  -0.000878
2264.456427  -0.000695
2264.476860  -0.000963
2264.497292  -0.000939
2264.517725  -0.000828
2264.538158  -0.000677
2264.558590  -0.001170
2264.579023  -0.000935
2264.599456  -0.001117
2264.619888  -0.001047
2264.640321  -0.000738
2264.660753  -0.000523
2264.681186  -0.000855
2264.701619  -0.000892
2264.722051  -0.000815
2264.742484  -0.000827
2264.762917  -0.000977
2264.783349  -0.000823
2264.803782  -0.000771
2264.824215  -0.000711
2264.844647  -0.001102
2264.865080  -0.000826
2264.885513  -0.000875
2264.905945  -0.000321
2264.926378  -0.000069
2264.946811   0.006377
2264.967243   0.013486
2264.987676   0.014638
2265.008109   0.014730
2265.028541   0.013746
2265.048974   0.007965
2265.069407  -0.000301
2265.089839  -0.000973
2265.110272  -0.000991
2265.130705  -0.001109
2265.151137  -0.001097
2265.171570  -0.001335
2265.192003  -0.000770
2265.212435  -0.000941
2265.232868  -0.000873
2265.253300  -0.000679
2265.273733  -0.000791
2265.294166  -0.000665
2265.314599  -0.000845
2265.335031  -0.001058
2265.355464  -0.000969
2265.375896  -0.001135
2265.396329  -0.000939
2265.416762  -0.001001
2265.437194  -0.001075
2265.457627  -0.000860
2265.478060  -0.000781
2265.498492  -0.001067
2265.518925  -0.001089
2265.539358  -0.000920
2265.559790  -0.001064
2265.580223  -0.000938
2265.600656  -0.000928
2265.621088  -0.000985
2265.641521  -0.000813
2265.661954  -0.000632
2265.682386  -0.000563
2265.702819  -0.000877
2265.723252  -0.000713
2265.743684  -0.000830
2265.764117  -0.000646
2265.784550  -0.000750
2265.804982  -0.000797
2265.825415  -0.000886
2265.845848  -0.000803
2265.866280  -0.000961
2265.886713  -0.000862
2265.907146  -0.000668
