1897.835790  -0.000172
1897.856222   0.000086
1897.876655  -0.000001
1897.897088   0.000249
1897.917520  -0.000005
1897.937953  -0.000070
1897.958385   0.000123
1897.978818  -0.000143
1897.999251   0.000075
1898.019683   0.000014
1898.040116  -0.000127
1898.060549  -0.000076
1898.080982  -0.000037
1898.101414  -0.000218
1898.121847   0.000009
1898.142279   0.000119
1898.162712   0.000042
1898.183145  -0.000014
1898.203577   0.000026
1898.224010   0.000261
1898.244443  -0.000006
1898.264875  -0.000064
1898.285308   0.000202
1898.305741  -0.000274
