1633.933700  -0.001226
1633.954134  -0.001244
1633.974568  -0.001235
1633.995002  -0.000990
1634.015436  -0.001521
1634.035870  -0.000844
1634.056304  -0.000987
1634.076738  -0.001238
1634.097172  -0.001100
1634.117606  -0.000809
1634.138040  -0.001312
1634.158473  -0.001157
1634.178908  -0.001342
1634.199342  -0.000931
1634.219776  -0.001561
1634.240210  -0.001285
1634.260644  -0.001031
1634.281078  -0.001033
1634.301512  -0.001016
1634.321946  -0.000982
1634.342380  -0.000929
1634.362813  -0.001104
1634.383247  -0.001365
1634.403682  -0.000931
1634.424116  -0.001214
1634.444550  -0.000957
1634.464984  -0.001306
1634.485418  -0.001030
1634.505852  -0.001462
1634.526286  -0.001208
1634.546720  -0.001075
1634.567154  -0.001098
1634.587588  -0.001623
1634.608022  -0.001132
1634.628456  -0.000942
1634.648890  -0.001072
1634.669324  -0.001266
1634.689758  -0.001052
1634.730626  -0.001002
1634.751059  -0.001226
1634.771493   0.000719
1634.791928   0.010421
1634.812361   0.013932
1634.832796   0.015088
1634.853230   0.014778
1634.873663   0.012630
1634.894098   0.003611
1634.914532  -0.001335
1634.934965  -0.001102
1634.955400  -0.001314
1634.975834  -0.001177
1634.996268  -0.001143
1635.016702  -0.001352
1635.037136  -0.001119
1635.057570  -0.000883
1635.078004  -0.001200
1635.098438  -0.001267
1635.118872  -0.000937
1635.139306  -0.001115
1635.159740  -0.001134
1635.180174  -0.001049
1635.200608  -0.001114
1635.221042  -0.001119
1635.241476  -0.001070
1635.261910  -0.001163
1635.282344  -0.001184
1635.302778  -0.001185
1635.323212  -0.001077
1635.343646  -0.001303
