2054.050023  -0.000683
2054.070457  -0.000654
2054.090892  -0.001094
2054.111326  -0.000678
2054.131761  -0.001087
2054.152195  -0.000789
2054.172630  -0.000872
2054.193064  -0.000693
2054.213499  -0.000698
2054.233933  -0.001073
2054.254368  -0.000858
2054.274802  -0.000938
2054.295236  -0.001049
2054.315671  -0.000931
2054.336105  -0.000589
2054.356540  -0.000849
2054.376974  -0.000952
2054.397409  -0.000968
2054.417843  -0.001067
2054.438278  -0.001050
2054.458712  -0.000668
2054.479147  -0.000876
2054.499581  -0.000961
2054.520016  -0.000872
2054.540450  -0.000763
2054.560885  -0.000756
2054.581319  -0.001295
2054.601754  -0.001029
2054.622188  -0.000759
2054.642622  -0.001176
2054.663057  -0.000985
2054.683491  -0.000992
2054.703926  -0.000796
2054.724360  -0.000816
2054.744795  -0.001014
2054.765229  -0.000960
2054.785664  -0.000811
2054.806098  -0.000751
2054.826533  -0.000792
2054.846967  -0.000928
2054.867401  -0.000803
2054.887836   0.004369
2054.908270   0.012749
2054.928705   0.014640
2054.949139   0.014955
2054.969574   0.014040
2054.990008   0.010379
2055.010443   0.000454
2055.030877  -0.000788
2055.051312  -0.000827
2055.071746  -0.000901
2055.092181  -0.000573
2055.112615  -0.000805
2055.133050  -0.000613
2055.153484  -0.000765
2055.173919  -0.000759
2055.194353  -0.000650
2055.214787  -0.000873
2055.235222  -0.000847
2055.255656  -0.000793
2055.276091  -0.000772
2055.296525  -0.000755
2055.316960  -0.000904
2055.337394  -0.000984
2055.357829  -0.000911
2055.378263  -0.000902
2055.398698  -0.001103
2055.419132  -0.001030
2055.439567  -0.000982
2055.460001  -0.000831
2055.480436  -0.000868
2055.500870  -0.001051
2055.521304  -0.000949
2055.541739  -0.000960
2055.562173  -0.001038
2055.582608  -0.001048
2055.603042  -0.000818
2055.623477  -0.000729
2055.643911  -0.000922
2055.664346  -0.000779
2055.684780  -0.000580
2055.705215  -0.000927
2055.725649  -0.000792
2055.746084  -0.000864
2055.766518  -0.001012
2055.786953  -0.000919
2055.807387  -0.000836
2055.827822  -0.000806
2055.848256  -0.000944
