2159.062598  -0.000884
2159.083032  -0.000773
2159.103465  -0.000886
2159.123899  -0.001150
2159.144333  -0.000909
2159.164767  -0.000668
2159.185200  -0.000608
2159.205634  -0.001064
2159.226068  -0.001035
2159.246502  -0.000930
2159.266936  -0.001006
2159.287369  -0.000657
2159.307803  -0.000976
2159.328237  -0.000913
2159.348671  -0.000958
2159.369104  -0.000565
2159.389538  -0.000693
2159.409972  -0.001049
2159.430406  -0.000782
2159.450839  -0.000955
2159.471273  -0.000820
2159.491707  -0.001041
2159.512141  -0.001053
2159.532575  -0.000680
2159.553008  -0.000976
2159.573442  -0.000670
2159.593876  -0.000704
2159.614310  -0.000532
2159.634743  -0.000830
2159.655177  -0.000663
2159.675611  -0.000902
2159.696045  -0.000747
2159.716478  -0.001086
2159.736912  -0.000934
2159.757346  -0.000963
2159.777780  -0.000906
2159.798214  -0.000979
2159.818647  -0.000801
2159.839081  -0.000901
2159.859515  -0.000714
2159.879948  -0.000779
2159.900382  -0.000585
2159.920816   0.006741
2159.941250   0.013646
2159.961684   0.015058
2159.982117   0.015105
2160.002551   0.013902
2160.022985   0.007777
2160.043419  -0.000482
2160.063853  -0.000791
2160.084286  -0.000860
2160.104720  -0.000846
2160.125154  -0.000761
2160.145588  -0.001032
2160.166021  -0.000805
2160.186455  -0.001074
2160.206889  -0.000871
2160.227322  -0.000948
2160.247756  -0.000757
2160.268190  -0.000659
2160.288624  -0.001140
2160.309058  -0.000824
2160.329491  -0.000708
2160.349925  -0.000971
2160.370359  -0.001351
2160.390792  -0.001017
2160.411226  -0.001107
2160.431660  -0.000956
2160.452094  -0.000889
2160.472528  -0.000743
2160.492961  -0.001119
2160.513395  -0.000714
2160.533829  -0.001064
2160.554263  -0.000595
2160.574696  -0.001117
2160.595130  -0.000664
2160.615564  -0.001005
2160.635998  -0.000546
2160.656431  -0.000970
2160.676865  -0.001011
2160.697299  -0.000864
2160.717733  -0.000855
2160.738166  -0.000925
2160.758600  -0.000890
2160.779034  -0.000520
2160.799468  -0.000805
2160.819901  -0.000963
2160.840335  -0.000703
2160.860769  -0.000813
2160.881203  -0.000764
