2107.793438   0.000077
2107.813873   0.000039
2107.854741   0.000001
2107.875176  -0.000012
2107.895610   0.000096
2107.916044  -0.000135
2107.936479   0.000134
2107.956913  -0.000089
2107.977348  -0.000100
2107.997782   0.000019
2108.018216  -0.000404
2108.038651  -0.000018
2108.059085   0.000022
2108.079519   0.000049
2108.099954   0.000064
2108.120388   0.000196
2108.140822   0.000034
2108.161257  -0.000098
2108.181691  -0.000125
2108.202126   0.000048
2108.222560   0.000436
2108.242994  -0.000059
2108.263429  -0.000014
2108.283863  -0.000031
2108.304297  -0.000069
2108.324732   0.000170
2108.345166  -0.000021
2108.365600  -0.000212
