2107.130689  13.530914 1.000000 
2107.131370  13.531567 1.000000 
2107.132051  13.531668 1.000000 
2107.132732  13.530334 1.000000 
2107.133413  13.530217 1.000000 
2107.134095  13.532722 1.000000 
2107.134776  13.530825 1.000000 
2107.135457  13.530761 1.000000 
2107.136138  13.531269 1.000000 
2107.136819  13.530697 1.000000 
2107.137500  13.531105 1.000000 
2107.138181  13.532255 1.000000 
2107.138862  13.531128 1.000000 
2107.139544  13.530239 1.000000 
2107.140225  13.531296 1.000000 
2107.140906  13.531447 1.000000 
2107.141587  13.532087 1.000000 
2107.142268  13.531072 1.000000 
2107.142949  13.529560 1.000000 
2107.143630  13.531037 1.000000 
2107.144312  13.531571 1.000000 
2107.144993  13.532681 1.000000 
2107.145674  13.533621 1.000000 
2107.146355  13.530624 1.000000 
2107.147036  13.536861 1.000000 
2107.147717  13.532564 1.000000 
2107.148398  13.530862 1.000000 
2107.149080  13.539973 1.000000 
2107.149761  13.532312 1.000000 
2107.150442  13.531869 1.000000 
2107.151123  13.533167 1.000000 
2107.151804  13.531663 1.000000 
2107.152485  13.532006 1.000000 
2107.153167  13.532374 1.000000 
2107.153848  13.544018 1.000000 
2107.154529  13.530399 1.000000 
2107.155210  13.532940 1.000000 
2107.155891  13.531013 1.000000 
2107.156572  13.532041 1.000000 
2107.157253  13.532978 1.000000 
2107.157934  13.532572 1.000000 
2107.158616  13.533506 1.000000 
2107.159297  13.531942 1.000000 
2107.159978  13.532251 1.000000 
2107.160659  13.532824 1.000000 
2107.161340  13.531910 1.000000 
2107.162021  13.531962 1.000000 
2107.162702  13.532474 1.000000 
2107.163384  13.532640 1.000000 
2107.164065  13.530821 1.000000 
2107.164746  13.531528 1.000000 
2107.165427  13.532928 1.000000 
2107.166108  13.531859 1.000000 
2107.166789  13.532253 1.000000 
2107.167470  13.531339 1.000000 
2107.168152  13.532330 1.000000 
2107.168833  13.533113 1.000000 
2107.169514  13.531275 1.000000 
2107.170195  13.532907 1.000000 
2107.170876  13.533217 1.000000 
2107.171557  13.532344 1.000000 
2107.172238  13.531381 1.000000 
2107.172920  13.534422 1.000000 
2107.173601  13.532172 1.000000 
2107.174282  13.532928 1.000000 
2107.174963  13.529838 1.000000 
2107.175644  13.532114 1.000000 
2107.176325  13.536645 1.000000 
2107.177006  13.530178 1.000000 
2107.177688  13.531419 1.000000 
2107.178369  13.531182 1.000000 
2107.179050  13.530980 1.000000 
2107.179731  13.533293 1.000000 
2107.180412  13.532143 1.000000 
2107.181093  13.531648 1.000000 
2107.181774  13.541309 1.000000 
2107.182455  13.531386 1.000000 
2107.183137  13.532499 1.000000 
2107.183818  13.532029 1.000000 
2107.184499  13.533331 1.000000 
2107.185180  13.532998 1.000000 
2107.185861  13.531357 1.000000 
2107.186543  13.532897 1.000000 
2107.187224  13.532197 1.000000 
2107.187905  13.532732 1.000000 
2107.188586  13.531701 1.000000 
2107.189267  13.532077 1.000000 
2107.189948  13.532288 1.000000 
2107.190629  13.531362 1.000000 
2107.191310  13.531242 1.000000 
2107.191992  13.532913 1.000000 
2107.192673  13.531494 1.000000 
2107.193354  13.532791 1.000000 
2107.194035  13.530685 1.000000 
2107.194716  13.532880 1.000000 
2107.195397  13.531768 1.000000 
2107.196078  13.532384 1.000000 
2107.196760  13.533024 1.000000 
2107.197441  13.535564 1.000000 
2107.198122  13.533237 1.000000 
2107.198803  13.532178 1.000000 
2107.199484  13.533293 1.000000 
2107.200165  13.530924 1.000000 
2107.200846  13.532444 1.000000 
2107.201528  13.533376 1.000000 
2107.202209  13.532130 1.000000 
2107.202890  13.532025 1.000000 
2107.203571  13.529955 1.000000 
2107.204252  13.531731 1.000000 
2107.204933  13.532227 1.000000 
2107.205614  13.531878 1.000000 
2107.206296  13.532557 1.000000 
2107.206977  13.531816 1.000000 
2107.207658  13.532954 1.000000 
2107.208339  13.529654 1.000000 
2107.209020  13.533493 1.000000 
2107.209701  13.532028 1.000000 
2107.210382  13.533309 1.000000 
2107.211063  13.532560 1.000000 
2107.211745  13.532001 1.000000 
2107.212426  13.532706 1.000000 
2107.213107  13.532732 1.000000 
2107.213788  13.531968 1.000000 
2107.214469  13.531364 1.000000 
2107.215150  13.532215 1.000000 
2107.215831  13.530828 1.000000 
2107.216513  13.531691 1.000000 
2107.217194  13.532353 1.000000 
2107.217875  13.530197 1.000000 
2107.218556  13.531416 1.000000 
2107.219237  13.531304 1.000000 
2107.219918  13.532534 1.000000 
2107.220600  13.532387 1.000000 
2107.221281  13.532416 1.000000 
2107.221962  13.532143 1.000000 
2107.222643  13.531476 1.000000 
2107.223324  13.529984 1.000000 
2107.224005  13.532465 1.000000 
2107.224686  13.533873 1.000000 
2107.225368  13.531352 1.000000 
2107.226049  13.532740 1.000000 
2107.226730  13.533504 1.000000 
2107.227411  13.531273 1.000000 
2107.228092  13.532916 1.000000 
2107.228773  13.532698 1.000000 
2107.229454  13.529174 1.000000 
2107.230135  13.545772 1.000000 
2107.230817  13.532979 1.000000 
2107.231498  13.532578 1.000000 
2107.232179  13.533710 1.000000 
2107.232860  13.531901 1.000000 
2107.233541  13.530977 1.000000 
2107.234222  13.532880 1.000000 
2107.234903  13.532837 1.000000 
2107.235585  13.532093 1.000000 
2107.236266  13.531634 1.000000 
2107.236947  13.532134 1.000000 
2107.237628  13.531013 1.000000 
2107.238309  13.533647 1.000000 
2107.238990  13.532340 1.000000 
2107.239671  13.531953 1.000000 
2107.240353  13.531373 1.000000 
2107.241034  13.533655 1.000000 
2107.241715  13.532391 1.000000 
2107.242396  13.533220 1.000000 
2107.243077  13.532013 1.000000 
2107.243758  13.533303 1.000000 
2107.244439  13.531447 1.000000 
2107.245121  13.531161 1.000000 
2107.245802  13.530356 1.000000 
2107.246483  13.532061 1.000000 
2107.247164  13.533471 1.000000 
2107.247845  13.531753 1.000000 
2107.248526  13.531551 1.000000 
2107.249207  13.533055 1.000000 
2107.249889  13.532878 1.000000 
2107.250570  13.533672 1.000000 
2107.251251  13.533072 1.000000 
2107.251932  13.532125 1.000000 
2107.252613  13.531920 1.000000 
2107.253294  13.532355 1.000000 
2107.253975  13.530560 1.000000 
2107.254657  13.530937 1.000000 
2107.255338  13.532245 1.000000 
2107.256019  13.531983 1.000000 
2107.256700  13.532757 1.000000 
2107.257381  13.531863 1.000000 
2107.258062  13.532578 1.000000 
2107.258744  13.532480 1.000000 
2107.259425  13.533297 1.000000 
2107.260106  13.533087 1.000000 
2107.260787  13.533347 1.000000 
2107.261468  13.532584 1.000000 
2107.262149  13.532316 1.000000 
2107.262830  13.530584 1.000000 
2107.263511  13.532048 1.000000 
2107.264193  13.532813 1.000000 
2107.264874  13.532026 1.000000 
2107.265555  13.532496 1.000000 
2107.266236  13.531036 1.000000 
2107.266917  13.533088 1.000000 
2107.267598  13.533561 1.000000 
2107.268279  13.533001 1.000000 
2107.268961  13.533110 1.000000 
2107.269642  13.530572 1.000000 
2107.270323  13.531837 1.000000 
2107.271004  13.533866 1.000000 
2107.271685  13.532631 1.000000 
2107.272366  13.532227 1.000000 
2107.273047  13.533222 1.000000 
2107.273729  13.532259 1.000000 
2107.274410  13.532735 1.000000 
2107.275091  13.532683 1.000000 
2107.275772  13.531397 1.000000 
2107.276453  13.531278 1.000000 
2107.277134  13.532904 1.000000 
2107.277815  13.531982 1.000000 
2107.278497  13.531631 1.000000 
2107.279178  13.531733 1.000000 
2107.279859  13.531592 1.000000 
2107.280540  13.531143 1.000000 
2107.281221  13.531385 1.000000 
2107.281902  13.533939 1.000000 
2107.282583  13.531253 1.000000 
2107.283264  13.533470 1.000000 
2107.283946  13.531910 1.000000 
2107.284627  13.532374 1.000000 
2107.285308  13.533446 1.000000 
2107.285989  13.532358 1.000000 
2107.286670  13.531858 1.000000 
2107.287351  13.533519 1.000000 
2107.288033  13.532818 1.000000 
2107.288714  13.532339 1.000000 
2107.289395  13.531148 1.000000 
2107.290076  13.532613 1.000000 
2107.290757  13.531345 1.000000 
2107.291438  13.531644 1.000000 
2107.292119  13.533068 1.000000 
2107.292801  13.533452 1.000000 
2107.293482  13.532539 1.000000 
2107.294163  13.537171 1.000000 
2107.294844  13.534441 1.000000 
2107.295525  13.532019 1.000000 
2107.296206  13.531799 1.000000 
2107.296887  13.532204 1.000000 
2107.297569  13.531926 1.000000 
2107.298250  13.532339 1.000000 
2107.298931  13.533404 1.000000 
2107.299612  13.533532 1.000000 
2107.300293  13.532750 1.000000 
2107.300974  13.533028 1.000000 
2107.301655  13.534479 1.000000 
2107.302336  13.542358 1.000000 
2107.303018  13.533078 1.000000 
2107.303699  13.540751 1.000000 
2107.304380  13.532983 1.000000 
2107.305061  13.531075 1.000000 
2107.305742  13.530504 1.000000 
2107.306423  13.538628 1.000000 
2107.307105  13.531717 1.000000 
2107.307786  13.533023 1.000000 
2107.308467  13.539588 1.000000 
2107.309148  13.533700 1.000000 
2107.309829  13.531730 1.000000 
2107.310510  13.530990 1.000000 
2107.311191  13.541682 1.000000 
2107.311872  13.533484 1.000000 
2107.312554  13.532181 1.000000 
2107.313235  13.545559 1.000000 
2107.313916  13.532555 1.000000 
2107.314597  13.531720 1.000000 
2107.315278  13.532778 1.000000 
2107.315959  13.530971 1.000000 
2107.316640  13.533240 1.000000 
2107.317322  13.531809 1.000000 
2107.318003  13.532518 1.000000 
2107.318684  13.532551 1.000000 
2107.319365  13.530267 1.000000 
2107.320046  13.533853 1.000000 
2107.320727  13.532360 1.000000 
2107.321409  13.533942 1.000000 
2107.322090  13.532698 1.000000 
2107.322771  13.531777 1.000000 
2107.323452  13.533175 1.000000 
2107.324133  13.531906 1.000000 
2107.324814  13.532194 1.000000 
2107.325495  13.532803 1.000000 
2107.326177  13.531956 1.000000 
2107.326858  13.531896 1.000000 
2107.327539  13.532788 1.000000 
2107.328220  13.532417 1.000000 
2107.328901  13.532148 1.000000 
2107.329582  13.533017 1.000000 
2107.330263  13.533176 1.000000 
2107.330945  13.532003 1.000000 
2107.331626  13.532165 1.000000 
2107.332307  13.532579 1.000000 
2107.332988  13.531717 1.000000 
2107.333669  13.531876 1.000000 
2107.334350  13.532506 1.000000 
2107.335031  13.532287 1.000000 
2107.335712  13.532335 1.000000 
2107.336394  13.531774 1.000000 
2107.337075  13.531358 1.000000 
2107.337756  13.533348 1.000000 
2107.338437  13.538736 1.000000 
2107.339118  13.531673 1.000000 
2107.339799  13.531325 1.000000 
2107.340480  13.534019 1.000000 
2107.341162  13.532506 1.000000 
2107.341843  13.534587 1.000000 
2107.342524  13.533955 1.000000 
2107.343205  13.533583 1.000000 
2107.343886  13.533179 1.000000 
2107.344567  13.532649 1.000000 
2107.345248  13.532727 1.000000 
2107.345930  13.531896 1.000000 
2107.346611  13.531975 1.000000 
2107.347292  13.531855 1.000000 
2107.347973  13.532072 1.000000 
2107.348654  13.533253 1.000000 
2107.349335  13.532918 1.000000 
2107.350017  13.532021 1.000000 
2107.350698  13.531901 1.000000 
2107.351379  13.533358 1.000000 
2107.352060  13.531526 1.000000 
2107.352741  13.532632 1.000000 
2107.353422  13.533726 1.000000 
2107.354103  13.532997 1.000000 
2107.354784  13.532445 1.000000 
2107.355466  13.532778 1.000000 
2107.356147  13.533633 1.000000 
2107.356828  13.532153 1.000000 
2107.357509  13.533113 1.000000 
2107.358190  13.532212 1.000000 
2107.358871  13.532573 1.000000 
2107.359552  13.530541 1.000000 
2107.360234  13.531653 1.000000 
2107.360915  13.532078 1.000000 
2107.361596  13.531163 1.000000 
2107.362277  13.532820 1.000000 
2107.362958  13.532082 1.000000 
2107.363639  13.531650 1.000000 
2107.364320  13.531991 1.000000 
2107.365002  13.533223 1.000000 
2107.365683  13.533422 1.000000 
2107.366364  13.531487 1.000000 
2107.367045  13.532604 1.000000 
2107.367726  13.532454 1.000000 
2107.368407  13.531618 1.000000 
2107.369088  13.532792 1.000000 
2107.369770  13.534275 1.000000 
2107.370451  13.531929 1.000000 
2107.371132  13.532092 1.000000 
2107.371813  13.533682 1.000000 
2107.372494  13.532397 1.000000 
2107.373175  13.532240 1.000000 
2107.373856  13.532097 1.000000 
2107.374537  13.533100 1.000000 
2107.375219  13.531830 1.000000 
2107.375900  13.532702 1.000000 
2107.376581  13.531940 1.000000 
2107.377262  13.533577 1.000000 
2107.377943  13.532279 1.000000 
2107.378624  13.533119 1.000000 
2107.379306  13.532402 1.000000 
2107.379987  13.532772 1.000000 
2107.380668  13.531688 1.000000 
2107.381349  13.534782 1.000000 
2107.382030  13.534997 1.000000 
2107.382711  13.532744 1.000000 
2107.383392  13.531399 1.000000 
2107.384074  13.532862 1.000000 
2107.384755  13.531901 1.000000 
2107.385436  13.534157 1.000000 
2107.386117  13.531260 1.000000 
2107.386798  13.533046 1.000000 
2107.387479  13.530581 1.000000 
2107.388160  13.534530 1.000000 
2107.388842  13.533481 1.000000 
2107.389523  13.533217 1.000000 
2107.390204  13.531002 1.000000 
2107.390885  13.532569 1.000000 
2107.391566  13.533323 1.000000 
2107.392247  13.532944 1.000000 
2107.392928  13.531803 1.000000 
2107.393610  13.533583 1.000000 
2107.394291  13.533873 1.000000 
2107.394972  13.533323 1.000000 
2107.395653  13.533298 1.000000 
2107.396334  13.532921 1.000000 
2107.397015  13.532601 1.000000 
2107.397696  13.532773 1.000000 
2107.398378  13.533348 1.000000 
2107.399059  13.531994 1.000000 
2107.399740  13.532892 1.000000 
2107.400421  13.532045 1.000000 
2107.401102  13.532387 1.000000 
2107.401783  13.533374 1.000000 
2107.402464  13.533300 1.000000 
2107.403146  13.532308 1.000000 
2107.403827  13.530849 1.000000 
2107.404508  13.533612 1.000000 
2107.405189  13.532897 1.000000 
2107.405870  13.532477 1.000000 
2107.406551  13.532637 1.000000 
2107.407232  13.532941 1.000000 
2107.407913  13.533705 1.000000 
2107.408595  13.532588 1.000000 
2107.409276  13.531587 1.000000 
2107.409957  13.531878 1.000000 
2107.410638  13.533619 1.000000 
2107.411319  13.532887 1.000000 
2107.412000  13.533586 1.000000 
2107.412681  13.532173 1.000000 
2107.413363  13.531841 1.000000 
2107.414044  13.531694 1.000000 
2107.414725  13.532669 1.000000 
2107.415406  13.533476 1.000000 
2107.416087  13.533543 1.000000 
2107.416768  13.533024 1.000000 
2107.417450  13.532860 1.000000 
2107.418131  13.530542 1.000000 
2107.418812  13.532096 1.000000 
2107.419493  13.533216 1.000000 
2107.420174  13.532715 1.000000 
2107.420855  13.532926 1.000000 
2107.421536  13.532722 1.000000 
2107.422218  13.532297 1.000000 
2107.422899  13.532011 1.000000 
2107.423580  13.533930 1.000000 
2107.424261  13.533126 1.000000 
2107.424942  13.531491 1.000000 
2107.425623  13.531694 1.000000 
2107.426304  13.531896 1.000000 
2107.426985  13.532744 1.000000 
2107.427667  13.532630 1.000000 
2107.428348  13.532640 1.000000 
2107.429029  13.532471 1.000000 
2107.429710  13.533490 1.000000 
2107.430391  13.531429 1.000000 
2107.431072  13.532734 1.000000 
2107.431754  13.533087 1.000000 
2107.432435  13.533257 1.000000 
2107.433116  13.532112 1.000000 
2107.433797  13.532158 1.000000 
2107.434478  13.532614 1.000000 
2107.435159  13.532744 1.000000 
2107.435840  13.532563 1.000000 
2107.436521  13.533304 1.000000 
2107.437203  13.533161 1.000000 
2107.437884  13.532448 1.000000 
2107.438565  13.533317 1.000000 
2107.439246  13.531666 1.000000 
2107.439927  13.532478 1.000000 
2107.440608  13.532126 1.000000 
2107.441289  13.532816 1.000000 
2107.441971  13.533915 1.000000 
2107.442652  13.531176 1.000000 
2107.443333  13.534599 1.000000 
2107.444014  13.533156 1.000000 
2107.444695  13.531822 1.000000 
2107.445376  13.532778 1.000000 
2107.446057  13.532433 1.000000 
2107.446739  13.533564 1.000000 
2107.447420  13.532973 1.000000 
2107.448101  13.533284 1.000000 
2107.448782  13.533110 1.000000 
2107.449463  13.534024 1.000000 
2107.450144  13.530830 1.000000 
2107.450826  13.532302 1.000000 
2107.451507  13.532423 1.000000 
2107.452188  13.533628 1.000000 
2107.452869  13.532385 1.000000 
2107.453550  13.532080 1.000000 
2107.454231  13.532387 1.000000 
2107.454912  13.532064 1.000000 
2107.455593  13.532299 1.000000 
2107.456275  13.533092 1.000000 
2107.456956  13.532902 1.000000 
2107.457637  13.530113 1.000000 
2107.458318  13.533888 1.000000 
2107.458999  13.533028 1.000000 
2107.459680  13.532517 1.000000 
2107.460361  13.530516 1.000000 
2107.461043  13.532807 1.000000 
2107.461724  13.532412 1.000000 
2107.462405  13.532183 1.000000 
2107.463086  13.531190 1.000000 
2107.463767  13.533066 1.000000 
2107.464448  13.531364 1.000000 
2107.465129  13.533154 1.000000 
2107.465811  13.533394 1.000000 
2107.466492  13.532706 1.000000 
2107.467173  13.531199 1.000000 
2107.467854  13.533517 1.000000 
2107.468535  13.532810 1.000000 
2107.469216  13.532578 1.000000 
2107.469897  13.532284 1.000000 
2107.470579  13.533594 1.000000 
2107.471260  13.531008 1.000000 
2107.471941  13.532248 1.000000 
2107.472622  13.532035 1.000000 
2107.473303  13.530346 1.000000 
2107.473984  13.533693 1.000000 
2107.474665  13.531307 1.000000 
2107.475347  13.532248 1.000000 
2107.476028  13.532379 1.000000 
2107.476709  13.534201 1.000000 
2107.477390  13.532164 1.000000 
2107.478071  13.532328 1.000000 
2107.478752  13.532029 1.000000 
2107.479433  13.532677 1.000000 
2107.480115  13.533392 1.000000 
2107.480796  13.532296 1.000000 
2107.481477  13.532969 1.000000 
2107.482158  13.531172 1.000000 
2107.482839  13.534832 1.000000 
2107.483520  13.534562 1.000000 
2107.484201  13.531004 1.000000 
2107.484883  13.531911 1.000000 
2107.485564  13.534070 1.000000 
2107.486245  13.532551 1.000000 
2107.486926  13.532474 1.000000 
2107.487607  13.532146 1.000000 
2107.488288  13.533504 1.000000 
2107.488969  13.532073 1.000000 
2107.489651  13.532511 1.000000 
2107.490332  13.533199 1.000000 
2107.491013  13.533516 1.000000 
2107.491694  13.533265 1.000000 
2107.492375  13.532841 1.000000 
2107.493056  13.532228 1.000000 
2107.493737  13.531702 1.000000 
2107.494419  13.533543 1.000000 
2107.495100  13.532554 1.000000 
2107.495781  13.533180 1.000000 
2107.496462  13.534177 1.000000 
2107.497143  13.531352 1.000000 
2107.497824  13.532318 1.000000 
2107.498505  13.533207 1.000000 
2107.499186  13.531696 1.000000 
2107.499868  13.533724 1.000000 
2107.500549  13.534039 1.000000 
2107.501230  13.532994 1.000000 
2107.501911  13.534031 1.000000 
2107.502592  13.532675 1.000000 
2107.503273  13.532185 1.000000 
2107.503955  13.533735 1.000000 
2107.504636  13.533141 1.000000 
2107.505317  13.531918 1.000000 
2107.505998  13.532363 1.000000 
2107.506679  13.535701 1.000000 
2107.507360  13.533878 1.000000 
2107.508041  13.533891 1.000000 
2107.508722  13.533617 1.000000 
2107.509404  13.531708 1.000000 
2107.510085  13.531357 1.000000 
2107.510766  13.533404 1.000000 
2107.511447  13.534610 1.000000 
2107.512128  13.533252 1.000000 
2107.512809  13.532324 1.000000 
2107.513490  13.533452 1.000000 
2107.514172  13.532621 1.000000 
2107.514853  13.532757 1.000000 
2107.515534  13.533650 1.000000 
2107.516215  13.532272 1.000000 
2107.516896  13.533589 1.000000 
2107.517577  13.532562 1.000000 
2107.518258  13.532583 1.000000 
2107.518940  13.532795 1.000000 
2107.519621  13.533333 1.000000 
2107.520302  13.531744 1.000000 
2107.520983  13.533682 1.000000 
2107.521664  13.533165 1.000000 
2107.522345  13.530691 1.000000 
2107.523027  13.533231 1.000000 
2107.523708  13.533760 1.000000 
2107.524389  13.532726 1.000000 
2107.525070  13.532964 1.000000 
2107.525751  13.533854 1.000000 
2107.526432  13.533189 1.000000 
2107.527113  13.533092 1.000000 
2107.527794  13.533035 1.000000 
2107.528476  13.533395 1.000000 
2107.529157  13.533047 1.000000 
2107.529838  13.533946 1.000000 
2107.530519  13.532818 1.000000 
2107.531200  13.532095 1.000000 
2107.531881  13.535202 1.000000 
2107.532563  13.534810 1.000000 
2107.533244  13.531583 1.000000 
2107.533925  13.533231 1.000000 
2107.534606  13.533949 1.000000 
2107.535287  13.532687 1.000000 
2107.535968  13.533506 1.000000 
2107.536649  13.535172 1.000000 
2107.537330  13.539216 1.000000 
2107.538012  13.532494 1.000000 
2107.538693  13.533432 1.000000 
2107.539374  13.530233 1.000000 
2107.540055  13.533739 1.000000 
2107.540736  13.529656 1.000000 
2107.541417  13.534205 1.000000 
2107.542098  13.534095 1.000000 
2107.542780  13.533074 1.000000 
2107.543461  13.533808 1.000000 
2107.544142  13.532337 1.000000 
2107.544823  13.533799 1.000000 
2107.545504  13.532363 1.000000 
2107.546185  13.533460 1.000000 
2107.546866  13.533659 1.000000 
2107.547548  13.534374 1.000000 
2107.548229  13.531172 1.000000 
2107.548910  13.533167 1.000000 
2107.549591  13.532526 1.000000 
2107.550272  13.532534 1.000000 
2107.550953  13.533422 1.000000 
2107.551634  13.533032 1.000000 
2107.552316  13.533522 1.000000 
2107.552997  13.533522 1.000000 
2107.553678  13.530553 1.000000 
2107.554359  13.532165 1.000000 
2107.555040  13.535465 1.000000 
2107.555721  13.533017 1.000000 
2107.556402  13.533837 1.000000 
2107.557084  13.532078 1.000000 
2107.557765  13.533484 1.000000 
2107.558446  13.532778 1.000000 
2107.559127  13.531157 1.000000 
2107.559808  13.530519 1.000000 
2107.560489  13.533703 1.000000 
2107.561170  13.530609 1.000000 
2107.561852  13.532349 1.000000 
2107.562533  13.532932 1.000000 
2107.563214  13.532931 1.000000 
2107.563895  13.532296 1.000000 
2107.564576  13.532032 1.000000 
2107.565257  13.532593 1.000000 
2107.565938  13.532479 1.000000 
2107.566620  13.532512 1.000000 
2107.567301  13.532445 1.000000 
2107.567982  13.533068 1.000000 
2107.568663  13.532103 1.000000 
2107.569344  13.532221 1.000000 
2107.570025  13.531969 1.000000 
2107.570706  13.533522 1.000000 
2107.571388  13.533109 1.000000 
2107.572069  13.533283 1.000000 
2107.572750  13.533526 1.000000 
2107.573431  13.531845 1.000000 
2107.574112  13.532089 1.000000 
2107.574793  13.532216 1.000000 
2107.575474  13.531631 1.000000 
2107.576156  13.532240 1.000000 
2107.576837  13.532158 1.000000 
2107.577518  13.533303 1.000000 
2107.578199  13.531310 1.000000 
2107.578880  13.533080 1.000000 
2107.579561  13.531570 1.000000 
2107.580242  13.533024 1.000000 
2107.580923  13.532678 1.000000 
2107.581605  13.532351 1.000000 
2107.582286  13.531580 1.000000 
2107.582967  13.533253 1.000000 
2107.583648  13.533018 1.000000 
2107.584329  13.531883 1.000000 
2107.585010  13.533738 1.000000 
2107.585692  13.533517 1.000000 
2107.586373  13.533855 1.000000 
2107.587054  13.533460 1.000000 
2107.587735  13.532613 1.000000 
2107.588416  13.533480 1.000000 
2107.589097  13.531265 1.000000 
2107.589778  13.532612 1.000000 
2107.590460  13.534233 1.000000 
2107.591141  13.531332 1.000000 
2107.591822  13.530909 1.000000 
2107.592503  13.534029 1.000000 
2107.593184  13.534676 1.000000 
2107.593865  13.531810 1.000000 
2107.594546  13.532562 1.000000 
2107.595228  13.531898 1.000000 
2107.595909  13.535011 1.000000 
2107.596590  13.531942 1.000000 
2107.597271  13.532915 1.000000 
2107.597952  13.533847 1.000000 
2107.598633  13.532848 1.000000 
2107.599314  13.532926 1.000000 
2107.599995  13.531950 1.000000 
2107.600677  13.534000 1.000000 
2107.601358  13.531574 1.000000 
2107.602039  13.532249 1.000000 
2107.602720  13.531988 1.000000 
2107.603401  13.532527 1.000000 
2107.604082  13.532282 1.000000 
2107.604763  13.532308 1.000000 
2107.605445  13.535213 1.000000 
2107.606126  13.532307 1.000000 
2107.606807  13.532321 1.000000 
2107.607488  13.531791 1.000000 
2107.608169  13.532894 1.000000 
2107.608850  13.531697 1.000000 
2107.609531  13.532125 1.000000 
2107.610213  13.532982 1.000000 
2107.610894  13.532801 1.000000 
2107.611575  13.533949 1.000000 
2107.612256  13.533080 1.000000 
2107.612937  13.531491 1.000000 
2107.613618  13.534457 1.000000 
2107.614299  13.533037 1.000000 
2107.614981  13.533535 1.000000 
2107.615662  13.533663 1.000000 
2107.616343  13.533064 1.000000 
2107.617024  13.532727 1.000000 
2107.617705  13.532166 1.000000 
2107.618386  13.533381 1.000000 
2107.619068  13.532240 1.000000 
2107.619749  13.534288 1.000000 
2107.620430  13.531057 1.000000 
2107.621111  13.531336 1.000000 
2107.621792  13.533464 1.000000 
2107.622473  13.532336 1.000000 
2107.623154  13.532946 1.000000 
2107.623836  13.532474 1.000000 
2107.624517  13.532114 1.000000 
2107.625198  13.533283 1.000000 
2107.625879  13.532999 1.000000 
2107.626560  13.533545 1.000000 
2107.627241  13.532975 1.000000 
2107.627922  13.532087 1.000000 
2107.628603  13.531949 1.000000 
2107.629285  13.532722 1.000000 
2107.629966  13.534544 1.000000 
2107.630647  13.533341 1.000000 
2107.631328  13.532779 1.000000 
2107.632009  13.533403 1.000000 
2107.632690  13.532144 1.000000 
2107.633371  13.534686 1.000000 
2107.634053  13.530934 1.000000 
2107.634734  13.532471 1.000000 
2107.635415  13.533230 1.000000 
2107.636096  13.532858 1.000000 
2107.636777  13.532830 1.000000 
2107.637458  13.537251 1.000000 
2107.638139  13.533663 1.000000 
2107.638821  13.532632 1.000000 
2107.639502  13.532092 1.000000 
2107.640183  13.531886 1.000000 
2107.640864  13.533122 1.000000 
2107.641545  13.533327 1.000000 
2107.642226  13.532375 1.000000 
2107.642907  13.533475 1.000000 
2107.643589  13.531086 1.000000 
2107.644270  13.532855 1.000000 
2107.644951  13.532689 1.000000 
2107.645632  13.531549 1.000000 
2107.646313  13.533010 1.000000 
2107.646994  13.532394 1.000000 
2107.647675  13.532016 1.000000 
2107.648357  13.533831 1.000000 
2107.649038  13.533156 1.000000 
2107.649719  13.532725 1.000000 
2107.650400  13.532171 1.000000 
2107.651081  13.532055 1.000000 
2107.651762  13.533712 1.000000 
2107.652443  13.532261 1.000000 
2107.653125  13.532307 1.000000 
2107.653806  13.533900 1.000000 
2107.654487  13.532768 1.000000 
2107.655168  13.532565 1.000000 
2107.655849  13.532309 1.000000 
2107.656530  13.533580 1.000000 
2107.657211  13.533240 1.000000 
2107.657893  13.533449 1.000000 
2107.658574  13.533723 1.000000 
2107.659255  13.532506 1.000000 
2107.659936  13.531230 1.000000 
2107.660617  13.533885 1.000000 
2107.661298  13.532130 1.000000 
2107.661979  13.533587 1.000000 
2107.662661  13.532277 1.000000 
2107.663342  13.531711 1.000000 
2107.664023  13.532547 1.000000 
2107.664704  13.531704 1.000000 
2107.665385  13.532804 1.000000 
2107.666066  13.530652 1.000000 
2107.666747  13.531711 1.000000 
2107.667429  13.532040 1.000000 
2107.668110  13.533562 1.000000 
2107.668791  13.531730 1.000000 
2107.669472  13.534231 1.000000 
2107.670153  13.532625 1.000000 
2107.670834  13.532843 1.000000 
2107.671515  13.533490 1.000000 
2107.672197  13.531764 1.000000 
2107.672878  13.532280 1.000000 
2107.673559  13.537362 1.000000 
2107.674240  13.531955 1.000000 
2107.674921  13.531012 1.000000 
2107.675602  13.532726 1.000000 
2107.676283  13.531721 1.000000 
2107.676965  13.531824 1.000000 
2107.677646  13.532479 1.000000 
2107.678327  13.533799 1.000000 
2107.679008  13.533766 1.000000 
2107.679689  13.533043 1.000000 
2107.680370  13.532339 1.000000 
2107.681051  13.533926 1.000000 
2107.681732  13.532125 1.000000 
2107.682414  13.533837 1.000000 
2107.683095  13.532994 1.000000 
2107.683776  13.532880 1.000000 
2107.684457  13.534254 1.000000 
2107.685138  13.531199 1.000000 
2107.685819  13.532169 1.000000 
2107.686501  13.533701 1.000000 
2107.687182  13.533803 1.000000 
2107.687863  13.531538 1.000000 
2107.688544  13.533253 1.000000 
2107.689225  13.533541 1.000000 
2107.689906  13.531072 1.000000 
2107.690587  13.534162 1.000000 
2107.691268  13.532293 1.000000 
2107.691950  13.534175 1.000000 
2107.692631  13.533169 1.000000 
2107.693312  13.531898 1.000000 
2107.693993  13.533878 1.000000 
2107.694674  13.531039 1.000000 
2107.695355  13.532204 1.000000 
2107.696037  13.532782 1.000000 
2107.696718  13.533465 1.000000 
2107.697399  13.534035 1.000000 
2107.698080  13.532648 1.000000 
2107.698761  13.532841 1.000000 
2107.699442  13.532015 1.000000 
2107.700123  13.533924 1.000000 
2107.700804  13.536928 1.000000 
2107.701486  13.534212 1.000000 
2107.702167  13.532789 1.000000 
2107.702848  13.533142 1.000000 
2107.703529  13.532524 1.000000 
2107.704210  13.531950 1.000000 
2107.704891  13.532196 1.000000 
2107.705572  13.533588 1.000000 
2107.706254  13.532039 1.000000 
2107.706935  13.531916 1.000000 
2107.707616  13.534291 1.000000 
2107.708297  13.530956 1.000000 
2107.708978  13.533829 1.000000 
2107.709659  13.531545 1.000000 
2107.710340  13.531986 1.000000 
2107.711022  13.533794 1.000000 
2107.711703  13.532639 1.000000 
2107.712384  13.533125 1.000000 
2107.713065  13.533037 1.000000 
2107.713746  13.531183 1.000000 
2107.714427  13.531616 1.000000 
2107.715109  13.533289 1.000000 
2107.715790  13.532639 1.000000 
2107.716471  13.532798 1.000000 
2107.717152  13.532445 1.000000 
2107.717833  13.532411 1.000000 
2107.718514  13.533560 1.000000 
2107.719195  13.531492 1.000000 
2107.719876  13.532717 1.000000 
2107.720558  13.531727 1.000000 
2107.721239  13.531510 1.000000 
2107.721920  13.533371 1.000000 
2107.722601  13.530353 1.000000 
2107.723282  13.531964 1.000000 
2107.723963  13.533050 1.000000 
2107.724644  13.532900 1.000000 
2107.725326  13.532625 1.000000 
2107.726007  13.533573 1.000000 
2107.726688  13.532959 1.000000 
2107.727369  13.531008 1.000000 
2107.728050  13.531425 1.000000 
2107.728731  13.532309 1.000000 
2107.729412  13.533161 1.000000 
2107.730094  13.533851 1.000000 
2107.730775  13.533061 1.000000 
2107.731456  13.532070 1.000000 
2107.732137  13.532333 1.000000 
2107.732818  13.533341 1.000000 
2107.733499  13.531564 1.000000 
2107.734180  13.531625 1.000000 
2107.734862  13.532932 1.000000 
2107.735543  13.533347 1.000000 
2107.736224  13.534048 1.000000 
2107.736905  13.532441 1.000000 
2107.737586  13.532103 1.000000 
2107.738267  13.534746 1.000000 
2107.738948  13.532795 1.000000 
2107.739630  13.532788 1.000000 
2107.740311  13.532623 1.000000 
2107.740992  13.534019 1.000000 
2107.741673  13.532896 1.000000 
2107.742354  13.533478 1.000000 
2107.743035  13.532511 1.000000 
2107.743716  13.531267 1.000000 
2107.744398  13.534655 1.000000 
2107.745079  13.532060 1.000000 
2107.745760  13.531234 1.000000 
2107.746441  13.532904 1.000000 
2107.747122  13.532162 1.000000 
2107.747803  13.535475 1.000000 
2107.748484  13.530798 1.000000 
2107.749165  13.532726 1.000000 
2107.749847  13.532387 1.000000 
2107.750528  13.533012 1.000000 
2107.751209  13.531892 1.000000 
2107.751890  13.532277 1.000000 
2107.752571  13.532804 1.000000 
2107.753252  13.528292 1.000000 
2107.753934  13.531832 1.000000 
2107.754615  13.532565 1.000000 
2107.755296  13.532080 1.000000 
2107.755977  13.533297 1.000000 
2107.756658  13.532744 1.000000 
2107.757339  13.532458 1.000000 
2107.758020  13.531439 1.000000 
2107.758702  13.530857 1.000000 
2107.759383  13.533754 1.000000 
2107.760064  13.532724 1.000000 
2107.760745  13.533092 1.000000 
2107.761426  13.532150 1.000000 
2107.762107  13.533669 1.000000 
2107.762788  13.531829 1.000000 
2107.763470  13.533550 1.000000 
2107.764151  13.533009 1.000000 
2107.764832  13.532356 1.000000 
2107.765513  13.531466 1.000000 
2107.766194  13.533665 1.000000 
2107.766875  13.532845 1.000000 
2107.767556  13.533245 1.000000 
2107.768238  13.532640 1.000000 
2107.768919  13.532603 1.000000 
2107.769600  13.531788 1.000000 
2107.770281  13.533465 1.000000 
2107.770962  13.532258 1.000000 
2107.771643  13.533901 1.000000 
2107.772324  13.531717 1.000000 
2107.773005  13.531744 1.000000 
2107.773687  13.532165 1.000000 
2107.774368  13.532724 1.000000 
2107.775049  13.534050 1.000000 
2107.775730  13.531235 1.000000 
2107.776411  13.532421 1.000000 
2107.777092  13.533790 1.000000 
2107.777774  13.531934 1.000000 
2107.778455  13.532998 1.000000 
2107.779136  13.533118 1.000000 
2107.779817  13.533803 1.000000 
2107.780498  13.531681 1.000000 
2107.781179  13.533695 1.000000 
2107.781860  13.532394 1.000000 
2107.782542  13.533892 1.000000 
2107.783223  13.533415 1.000000 
2107.783904  13.530733 1.000000 
2107.784585  13.532587 1.000000 
2107.785266  13.533023 1.000000 
2107.785947  13.531467 1.000000 
2107.786628  13.532116 1.000000 
2107.787310  13.532133 1.000000 
2107.787991  13.533340 1.000000 
2107.788672  13.532422 1.000000 
2107.789353  13.530627 1.000000 
2107.790034  13.532393 1.000000 
2107.790715  13.533288 1.000000 
2107.791396  13.531996 1.000000 
2107.792078  13.532969 1.000000 
2107.792759  13.531090 1.000000 
2107.793440  13.533733 1.000000 
2107.794121  13.532774 1.000000 
2107.794802  13.531811 1.000000 
2107.795483  13.532711 1.000000 
2107.796164  13.532238 1.000000 
2107.796846  13.531829 1.000000 
2107.797527  13.531723 1.000000 
2107.798208  13.533182 1.000000 
2107.798889  13.531488 1.000000 
2107.799570  13.534062 1.000000 
2107.800251  13.531802 1.000000 
2107.800932  13.534351 1.000000 
2107.801613  13.533198 1.000000 
2107.802295  13.532791 1.000000 
2107.802976  13.533259 1.000000 
2107.803657  13.533208 1.000000 
2107.804338  13.532645 1.000000 
2107.805019  13.533600 1.000000 
2107.805700  13.534479 1.000000 
2107.806381  13.531012 1.000000 
2107.807063  13.533007 1.000000 
2107.807744  13.532724 1.000000 
2107.808425  13.532799 1.000000 
2107.809106  13.532134 1.000000 
2107.809787  13.532854 1.000000 
2107.810468  13.532860 1.000000 
2107.811149  13.533327 1.000000 
2107.811831  13.532076 1.000000 
2107.812512  13.532650 1.000000 
2107.813193  13.532085 1.000000 
2107.813874  13.531316 1.000000 
2107.814555  13.532513 1.000000 
2107.815236  13.531141 1.000000 
2107.815918  13.531973 1.000000 
2107.816599  13.532093 1.000000 
2107.817280  13.534185 1.000000 
2107.817961  13.531584 1.000000 
2107.818642  13.531464 1.000000 
2107.819323  13.532708 1.000000 
2107.820004  13.533357 1.000000 
2107.820685  13.534077 1.000000 
2107.821367  13.532687 1.000000 
2107.822048  13.531562 1.000000 
2107.822729  13.534229 1.000000 
2107.823410  13.532145 1.000000 
2107.824091  13.531679 1.000000 
2107.824772  13.532840 1.000000 
2107.825453  13.532896 1.000000 
2107.826135  13.530661 1.000000 
2107.826816  13.534671 1.000000 
2107.827497  13.532964 1.000000 
2107.828178  13.533428 1.000000 
2107.828859  13.533046 1.000000 
2107.829540  13.532477 1.000000 
2107.830221  13.532595 1.000000 
2107.830903  13.530613 1.000000 
2107.831584  13.533173 1.000000 
2107.832265  13.531328 1.000000 
2107.832946  13.531853 1.000000 
2107.833627  13.531794 1.000000 
2107.834308  13.532423 1.000000 
2107.834989  13.534353 1.000000 
2107.835671  13.531424 1.000000 
2107.836352  13.530878 1.000000 
2107.837033  13.532454 1.000000 
2107.837714  13.532989 1.000000 
2107.838395  13.533552 1.000000 
2107.839076  13.532258 1.000000 
2107.839757  13.531414 1.000000 
2107.840438  13.531863 1.000000 
2107.841120  13.532448 1.000000 
2107.841801  13.531469 1.000000 
2107.842482  13.534277 1.000000 
2107.843163  13.532475 1.000000 
2107.843844  13.534286 1.000000 
2107.844525  13.532969 1.000000 
2107.845206  13.533074 1.000000 
2107.845888  13.532906 1.000000 
2107.846569  13.532461 1.000000 
2107.847250  13.532511 1.000000 
2107.847931  13.531507 1.000000 
2107.848612  13.532955 1.000000 
2107.849293  13.530451 1.000000 
2107.849975  13.533825 1.000000 
2107.850656  13.532146 1.000000 
2107.851337  13.532337 1.000000 
2107.852018  13.530610 1.000000 
2107.852699  13.532792 1.000000 
2107.853380  13.532549 1.000000 
2107.854061  13.532259 1.000000 
2107.854743  13.532228 1.000000 
2107.855424  13.530805 1.000000 
2107.856105  13.532792 1.000000 
2107.856786  13.530388 1.000000 
2107.857467  13.532073 1.000000 
2107.858148  13.531895 1.000000 
2107.858829  13.533037 1.000000 
2107.859510  13.532531 1.000000 
2107.860192  13.533409 1.000000 
2107.860873  13.530214 1.000000 
2107.861554  13.533468 1.000000 
2107.862235  13.531745 1.000000 
2107.862916  13.532368 1.000000 
2107.863597  13.532457 1.000000 
2107.864278  13.532904 1.000000 
2107.864960  13.532309 1.000000 
2107.865641  13.532488 1.000000 
2107.866322  13.533208 1.000000 
2107.867003  13.532063 1.000000 
2107.867684  13.533785 1.000000 
2107.868365  13.531292 1.000000 
2107.869046  13.533186 1.000000 
2107.869728  13.532520 1.000000 
2107.870409  13.532350 1.000000 
2107.871090  13.533621 1.000000 
2107.871771  13.532410 1.000000 
2107.872452  13.534229 1.000000 
2107.873133  13.532840 1.000000 
2107.873814  13.533054 1.000000 
2107.874496  13.533852 1.000000 
2107.875177  13.530490 1.000000 
2107.875858  13.531292 1.000000 
2107.876539  13.532651 1.000000 
2107.877220  13.532541 1.000000 
2107.877901  13.531626 1.000000 
2107.878582  13.531918 1.000000 
2107.879264  13.532985 1.000000 
2107.879945  13.532049 1.000000 
2107.880626  13.532803 1.000000 
2107.881307  13.531523 1.000000 
2107.881988  13.533079 1.000000 
2107.882669  13.533222 1.000000 
2107.883351  13.532598 1.000000 
2107.884032  13.533084 1.000000 
2107.884713  13.533672 1.000000 
2107.885394  13.534428 1.000000 
2107.886075  13.533304 1.000000 
2107.886756  13.532513 1.000000 
2107.887437  13.533867 1.000000 
2107.888118  13.532372 1.000000 
2107.888800  13.533829 1.000000 
2107.889481  13.531639 1.000000 
2107.890162  13.532622 1.000000 
2107.890843  13.532550 1.000000 
2107.891524  13.532843 1.000000 
2107.892205  13.532296 1.000000 
2107.892886  13.533298 1.000000 
2107.893568  13.532644 1.000000 
2107.894249  13.531549 1.000000 
2107.894930  13.531721 1.000000 
2107.895611  13.534822 1.000000 
2107.896292  13.532069 1.000000 
2107.896973  13.531596 1.000000 
2107.897654  13.533531 1.000000 
2107.898336  13.531400 1.000000 
2107.899017  13.531630 1.000000 
2107.899698  13.531898 1.000000 
2107.900379  13.532922 1.000000 
2107.901060  13.531727 1.000000 
2107.901741  13.534567 1.000000 
2107.902422  13.532121 1.000000 
2107.903104  13.532644 1.000000 
2107.903785  13.533543 1.000000 
2107.904466  13.532121 1.000000 
2107.905147  13.531816 1.000000 
2107.905828  13.533365 1.000000 
2107.906509  13.533136 1.000000 
2107.907190  13.532583 1.000000 
2107.907872  13.532595 1.000000 
2107.908553  13.533784 1.000000 
2107.909234  13.531925 1.000000 
2107.909915  13.532439 1.000000 
2107.910596  13.532907 1.000000 
2107.911277  13.533503 1.000000 
2107.911958  13.533284 1.000000 
2107.912640  13.532182 1.000000 
2107.913321  13.533141 1.000000 
2107.914002  13.534329 1.000000 
2107.914683  13.533265 1.000000 
2107.915364  13.533777 1.000000 
2107.916045  13.532948 1.000000 
2107.916726  13.533904 1.000000 
2107.917408  13.532484 1.000000 
2107.918089  13.533026 1.000000 
2107.918770  13.533859 1.000000 
2107.919451  13.532040 1.000000 
2107.920132  13.531979 1.000000 
2107.920813  13.533257 1.000000 
2107.921494  13.532311 1.000000 
2107.922176  13.533169 1.000000 
2107.922857  13.533650 1.000000 
2107.923538  13.533129 1.000000 
2107.924219  13.532291 1.000000 
2107.924900  13.533723 1.000000 
2107.925581  13.532193 1.000000 
2107.926262  13.530773 1.000000 
2107.926944  13.532702 1.000000 
2107.927625  13.533933 1.000000 
2107.928306  13.533570 1.000000 
2107.928987  13.532026 1.000000 
2107.929668  13.533147 1.000000 
2107.930349  13.534021 1.000000 
2107.931030  13.533394 1.000000 
2107.931712  13.534401 1.000000 
2107.932393  13.532961 1.000000 
2107.933074  13.532907 1.000000 
2107.933755  13.533031 1.000000 
2107.934436  13.533885 1.000000 
2107.935117  13.533183 1.000000 
2107.935798  13.534042 1.000000 
2107.936480  13.532822 1.000000 
2107.937161  13.534452 1.000000 
2107.937842  13.533539 1.000000 
2107.938523  13.532331 1.000000 
2107.939204  13.531904 1.000000 
2107.939885  13.533730 1.000000 
2107.940566  13.532326 1.000000 
2107.941247  13.533107 1.000000 
2107.941929  13.531857 1.000000 
2107.942610  13.531891 1.000000 
2107.943291  13.532129 1.000000 
2107.943972  13.533663 1.000000 
2107.944653  13.532792 1.000000 
2107.945334  13.533608 1.000000 
2107.946015  13.531172 1.000000 
2107.946697  13.531730 1.000000 
2107.947378  13.534111 1.000000 
2107.948059  13.532763 1.000000 
2107.948740  13.532909 1.000000 
2107.949421  13.533178 1.000000 
2107.950102  13.533294 1.000000 
2107.950784  13.532210 1.000000 
2107.951465  13.533898 1.000000 
2107.952146  13.532631 1.000000 
2107.952827  13.533736 1.000000 
2107.953508  13.533641 1.000000 
2107.954189  13.533335 1.000000 
2107.954870  13.532163 1.000000 
2107.955552  13.531930 1.000000 
2107.956233  13.533842 1.000000 
2107.956914  13.531088 1.000000 
2107.957595  13.533978 1.000000 
2107.958276  13.531625 1.000000 
2107.958957  13.533981 1.000000 
2107.959638  13.531404 1.000000 
2107.960319  13.533910 1.000000 
2107.961001  13.532198 1.000000 
2107.961682  13.532315 1.000000 
2107.962363  13.532264 1.000000 
2107.963044  13.533584 1.000000 
2107.963725  13.532947 1.000000 
2107.964406  13.530685 1.000000 
2107.965088  13.532185 1.000000 
2107.965769  13.532363 1.000000 
2107.966450  13.533018 1.000000 
2107.967131  13.532324 1.000000 
2107.967812  13.533481 1.000000 
2107.968493  13.533669 1.000000 
2107.969174  13.532291 1.000000 
2107.969855  13.532339 1.000000 
2107.970537  13.532543 1.000000 
2107.971218  13.532725 1.000000 
2107.971899  13.532258 1.000000 
2107.972580  13.532073 1.000000 
2107.973261  13.532454 1.000000 
2107.973942  13.530895 1.000000 
2107.974623  13.532310 1.000000 
2107.975305  13.533405 1.000000 
2107.975986  13.530958 1.000000 
2107.976667  13.532168 1.000000 
2107.977348  13.533669 1.000000 
2107.978029  13.532518 1.000000 
2107.978710  13.532160 1.000000 
2107.979391  13.534203 1.000000 
2107.980073  13.532469 1.000000 
2107.980754  13.533386 1.000000 
2107.981435  13.533445 1.000000 
2107.982116  13.532983 1.000000 
2107.982797  13.531902 1.000000 
2107.983478  13.533065 1.000000 
2107.984159  13.531659 1.000000 
2107.984841  13.532650 1.000000 
2107.985522  13.532001 1.000000 
2107.986203  13.530912 1.000000 
2107.986884  13.533972 1.000000 
2107.987565  13.532031 1.000000 
2107.988246  13.531931 1.000000 
2107.988927  13.531599 1.000000 
2107.989609  13.533026 1.000000 
2107.990290  13.532990 1.000000 
2107.990971  13.533443 1.000000 
2107.991652  13.531719 1.000000 
2107.992333  13.534117 1.000000 
2107.993014  13.532944 1.000000 
2107.993695  13.533451 1.000000 
2107.994377  13.531403 1.000000 
2107.995058  13.530758 1.000000 
2107.995739  13.530963 1.000000 
2107.996420  13.531408 1.000000 
2107.997101  13.532372 1.000000 
2107.997782  13.533762 1.000000 
2107.998463  13.531971 1.000000 
2107.999145  13.532975 1.000000 
2107.999826  13.534189 1.000000 
2108.000507  13.532693 1.000000 
2108.001188  13.537509 1.000000 
2108.001869  13.531507 1.000000 
2108.002550  13.531723 1.000000 
2108.003231  13.532973 1.000000 
2108.003913  13.532576 1.000000 
2108.004594  13.532129 1.000000 
2108.005275  13.531500 1.000000 
2108.005956  13.531231 1.000000 
2108.006637  13.530942 1.000000 
2108.007318  13.532810 1.000000 
2108.007999  13.532480 1.000000 
2108.008681  13.532740 1.000000 
2108.009362  13.533764 1.000000 
2108.010043  13.530712 1.000000 
2108.010724  13.532766 1.000000 
2108.011405  13.527115 1.000000 
2108.012086  13.532352 1.000000 
2108.012767  13.531400 1.000000 
2108.013448  13.533533 1.000000 
2108.014130  13.532507 1.000000 
2108.014811  13.532502 1.000000 
2108.015492  13.533520 1.000000 
2108.016173  13.533213 1.000000 
2108.016854  13.533274 1.000000 
2108.017535  13.533380 1.000000 
2108.018217  13.533481 1.000000 
2108.018898  13.531304 1.000000 
2108.019579  13.532250 1.000000 
2108.020260  13.532358 1.000000 
2108.020941  13.531620 1.000000 
2108.021622  13.531863 1.000000 
2108.022303  13.533370 1.000000 
2108.022985  13.533414 1.000000 
2108.023666  13.532130 1.000000 
2108.024347  13.531372 1.000000 
2108.025028  13.533538 1.000000 
2108.025709  13.531130 1.000000 
2108.026390  13.532167 1.000000 
2108.027071  13.531845 1.000000 
2108.027753  13.532320 1.000000 
2108.028434  13.532518 1.000000 
2108.029115  13.534063 1.000000 
2108.029796  13.531171 1.000000 
2108.030477  13.532220 1.000000 
2108.031158  13.532439 1.000000 
2108.031839  13.532839 1.000000 
2108.032520  13.532255 1.000000 
2108.033202  13.533615 1.000000 
2108.033883  13.534002 1.000000 
2108.034564  13.531937 1.000000 
2108.035245  13.532406 1.000000 
2108.035926  13.533313 1.000000 
2108.036607  13.532403 1.000000 
2108.037288  13.534184 1.000000 
2108.037970  13.532849 1.000000 
2108.038651  13.533228 1.000000 
2108.039332  13.531969 1.000000 
2108.040013  13.534634 1.000000 
2108.040694  13.533365 1.000000 
2108.041375  13.533727 1.000000 
2108.042056  13.530916 1.000000 
2108.042738  13.532077 1.000000 
2108.043419  13.531872 1.000000 
2108.044100  13.533291 1.000000 
2108.044781  13.532897 1.000000 
2108.045462  13.532581 1.000000 
2108.046143  13.532187 1.000000 
2108.046825  13.533220 1.000000 
2108.047506  13.532219 1.000000 
2108.048187  13.532476 1.000000 
2108.048868  13.532096 1.000000 
2108.049549  13.532197 1.000000 
2108.050230  13.532435 1.000000 
2108.050911  13.532063 1.000000 
2108.051593  13.531555 1.000000 
2108.052274  13.533623 1.000000 
2108.052955  13.531917 1.000000 
2108.053636  13.534513 1.000000 
2108.054317  13.533395 1.000000 
2108.054998  13.531776 1.000000 
2108.055679  13.530828 1.000000 
2108.056361  13.532875 1.000000 
2108.057042  13.533228 1.000000 
2108.057723  13.531538 1.000000 
2108.058404  13.532223 1.000000 
2108.059085  13.532049 1.000000 
2108.059766  13.531900 1.000000 
2108.060447  13.533065 1.000000 
2108.061128  13.531956 1.000000 
2108.061810  13.532479 1.000000 
2108.062491  13.531596 1.000000 
2108.063172  13.533997 1.000000 
2108.063853  13.531487 1.000000 
2108.064534  13.531490 1.000000 
2108.065215  13.533240 1.000000 
2108.065896  13.533202 1.000000 
2108.066578  13.532556 1.000000 
2108.067259  13.533205 1.000000 
2108.067940  13.532888 1.000000 
2108.068621  13.532183 1.000000 
2108.069302  13.534852 1.000000 
2108.069983  13.533615 1.000000 
2108.070664  13.531257 1.000000 
2108.071346  13.532679 1.000000 
2108.072027  13.532159 1.000000 
2108.072708  13.533364 1.000000 
2108.073389  13.533561 1.000000 
2108.074070  13.534014 1.000000 
2108.074751  13.532531 1.000000 
2108.075432  13.532290 1.000000 
2108.076114  13.534219 1.000000 
2108.076795  13.532646 1.000000 
2108.077476  13.533179 1.000000 
2108.078157  13.533013 1.000000 
2108.078838  13.531260 1.000000 
2108.079519  13.534467 1.000000 
2108.080200  13.533199 1.000000 
2108.080881  13.532384 1.000000 
2108.081563  13.531597 1.000000 
2108.082244  13.531883 1.000000 
2108.082925  13.531269 1.000000 
2108.083606  13.533919 1.000000 
2108.084287  13.533205 1.000000 
2108.084968  13.535187 1.000000 
2108.085650  13.532312 1.000000 
2108.086331  13.532889 1.000000 
2108.087012  13.532263 1.000000 
2108.087693  13.531055 1.000000 
2108.088374  13.533986 1.000000 
2108.089055  13.533075 1.000000 
2108.089736  13.540532 1.000000 
2108.090418  13.535101 1.000000 
2108.091099  13.532967 1.000000 
2108.091780  13.532988 1.000000 
2108.092461  13.532520 1.000000 
2108.093142  13.531904 1.000000 
2108.093823  13.531896 1.000000 
2108.094504  13.533333 1.000000 
2108.095186  13.532296 1.000000 
2108.095867  13.533278 1.000000 
2108.096548  13.532508 1.000000 
2108.097229  13.534471 1.000000 
2108.097910  13.532039 1.000000 
2108.098591  13.531631 1.000000 
2108.099272  13.533955 1.000000 
2108.099953  13.533239 1.000000 
2108.100635  13.531574 1.000000 
2108.101316  13.533670 1.000000 
2108.101997  13.532397 1.000000 
2108.102678  13.532855 1.000000 
2108.103359  13.531286 1.000000 
2108.104040  13.530951 1.000000 
2108.104722  13.531478 1.000000 
2108.105403  13.531549 1.000000 
2108.106084  13.532202 1.000000 
2108.106765  13.534749 1.000000 
2108.107446  13.532345 1.000000 
2108.108127  13.534184 1.000000 
2108.108808  13.533104 1.000000 
2108.109489  13.532681 1.000000 
2108.110171  13.533375 1.000000 
2108.110852  13.532166 1.000000 
2108.111533  13.531723 1.000000 
2108.112214  13.532501 1.000000 
2108.112895  13.532258 1.000000 
2108.113576  13.532916 1.000000 
2108.114258  13.538428 1.000000 
2108.114939  13.532512 1.000000 
2108.115620  13.531836 1.000000 
2108.116301  13.532754 1.000000 
2108.116982  13.532587 1.000000 
2108.117663  13.533024 1.000000 
2108.118344  13.533211 1.000000 
2108.119025  13.532575 1.000000 
2108.119707  13.532718 1.000000 
2108.120388  13.532558 1.000000 
2108.121069  13.532391 1.000000 
2108.121750  13.531701 1.000000 
2108.122431  13.533309 1.000000 
2108.123112  13.533624 1.000000 
2108.123793  13.532640 1.000000 
2108.124475  13.531424 1.000000 
2108.125156  13.533144 1.000000 
2108.125837  13.532365 1.000000 
2108.126518  13.533284 1.000000 
2108.127199  13.531160 1.000000 
2108.127880  13.532625 1.000000 
2108.128561  13.532992 1.000000 
2108.129243  13.533336 1.000000 
2108.129924  13.532930 1.000000 
2108.130605  13.533340 1.000000 
2108.131286  13.533399 1.000000 
2108.131967  13.533543 1.000000 
2108.132648  13.533022 1.000000 
2108.133329  13.533580 1.000000 
2108.134011  13.531402 1.000000 
2108.134692  13.533103 1.000000 
2108.135373  13.531796 1.000000 
2108.136054  13.532522 1.000000 
2108.136735  13.533624 1.000000 
2108.137416  13.532698 1.000000 
2108.138097  13.531543 1.000000 
2108.138779  13.532209 1.000000 
2108.139460  13.531416 1.000000 
2108.140141  13.533599 1.000000 
2108.140822  13.531025 1.000000 
2108.141503  13.533194 1.000000 
2108.142184  13.532759 1.000000 
2108.142865  13.534749 1.000000 
2108.143547  13.531835 1.000000 
2108.144228  13.531885 1.000000 
2108.144909  13.533237 1.000000 
2108.145590  13.532116 1.000000 
2108.146271  13.533991 1.000000 
2108.146952  13.530919 1.000000 
2108.147633  13.532678 1.000000 
2108.148315  13.532692 1.000000 
2108.148996  13.533260 1.000000 
2108.149677  13.532480 1.000000 
2108.150358  13.533137 1.000000 
2108.151039  13.531780 1.000000 
2108.151720  13.533080 1.000000 
2108.152401  13.531310 1.000000 
2108.153083  13.532897 1.000000 
2108.153764  13.531199 1.000000 
2108.154445  13.533856 1.000000 
2108.155126  13.532649 1.000000 
2108.155807  13.532178 1.000000 
2108.156488  13.532469 1.000000 
2108.157169  13.532232 1.000000 
2108.157851  13.532335 1.000000 
2108.158532  13.531214 1.000000 
2108.159213  13.532440 1.000000 
2108.159894  13.532848 1.000000 
2108.160575  13.534743 1.000000 
2108.161256  13.533134 1.000000 
2108.161937  13.532581 1.000000 
2108.162619  13.533628 1.000000 
2108.163300  13.533007 1.000000 
2108.163981  13.532346 1.000000 
2108.164662  13.531679 1.000000 
2108.165343  13.532797 1.000000 
2108.166024  13.531959 1.000000 
2108.166705  13.532825 1.000000 
2108.167387  13.532804 1.000000 
2108.168068  13.533980 1.000000 
2108.168749  13.532034 1.000000 
2108.169430  13.533265 1.000000 
2108.170111  13.531118 1.000000 
2108.170792  13.532814 1.000000 
2108.171473  13.533910 1.000000 
2108.172155  13.533336 1.000000 
2108.172836  13.531935 1.000000 
2108.173517  13.533478 1.000000 
2108.174198  13.534307 1.000000 
2108.174879  13.532995 1.000000 
2108.175560  13.533447 1.000000 
2108.176241  13.533148 1.000000 
2108.176923  13.533160 1.000000 
2108.177604  13.534056 1.000000 
2108.178285  13.533138 1.000000 
2108.178966  13.534243 1.000000 
2108.179647  13.532640 1.000000 
2108.180328  13.532455 1.000000 
2108.181009  13.532960 1.000000 
2108.181691  13.531885 1.000000 
2108.182372  13.532749 1.000000 
2108.183053  13.532154 1.000000 
2108.183734  13.532207 1.000000 
2108.184415  13.534548 1.000000 
2108.185096  13.533446 1.000000 
2108.185777  13.532146 1.000000 
2108.186459  13.533121 1.000000 
2108.187140  13.533498 1.000000 
2108.187821  13.532618 1.000000 
2108.188502  13.534343 1.000000 
2108.189183  13.533042 1.000000 
2108.189864  13.533755 1.000000 
2108.190545  13.534537 1.000000 
2108.191227  13.533590 1.000000 
2108.191908  13.531590 1.000000 
2108.192589  13.532345 1.000000 
2108.193270  13.532747 1.000000 
2108.193951  13.534458 1.000000 
2108.194632  13.533638 1.000000 
2108.195313  13.531029 1.000000 
2108.195995  13.532477 1.000000 
2108.196676  13.531911 1.000000 
2108.197357  13.534033 1.000000 
2108.198038  13.532516 1.000000 
2108.198719  13.532678 1.000000 
2108.199400  13.532584 1.000000 
2108.200081  13.532598 1.000000 
2108.200762  13.531605 1.000000 
2108.201444  13.531571 1.000000 
2108.202125  13.533550 1.000000 
2108.202806  13.533585 1.000000 
2108.203487  13.533047 1.000000 
2108.204168  13.531072 1.000000 
2108.204849  13.533697 1.000000 
2108.205530  13.533919 1.000000 
2108.206212  13.532410 1.000000 
2108.206893  13.532992 1.000000 
2108.207574  13.532028 1.000000 
2108.208255  13.533062 1.000000 
2108.208936  13.532553 1.000000 
2108.209617  13.532230 1.000000 
2108.210298  13.533767 1.000000 
2108.210980  13.532287 1.000000 
2108.211661  13.531743 1.000000 
2108.212342  13.532993 1.000000 
2108.213023  13.533141 1.000000 
2108.213704  13.533113 1.000000 
2108.214385  13.533169 1.000000 
2108.215067  13.530385 1.000000 
2108.215748  13.532242 1.000000 
2108.216429  13.531694 1.000000 
2108.217110  13.532488 1.000000 
2108.217791  13.530392 1.000000 
2108.218472  13.531252 1.000000 
2108.219153  13.532694 1.000000 
2108.219834  13.533460 1.000000 
2108.220516  13.533002 1.000000 
2108.221197  13.531739 1.000000 
2108.221878  13.531704 1.000000 
2108.222559  13.533519 1.000000 
2108.223240  13.531663 1.000000 
2108.223921  13.532402 1.000000 
2108.224603  13.532607 1.000000 
2108.225284  13.532450 1.000000 
2108.225965  13.531479 1.000000 
2108.226646  13.533134 1.000000 
2108.227327  13.533967 1.000000 
2108.228008  13.533752 1.000000 
2108.228689  13.532343 1.000000 
2108.229370  13.533806 1.000000 
2108.230052  13.533624 1.000000 
2108.230733  13.533145 1.000000 
2108.231414  13.532911 1.000000 
2108.232095  13.532495 1.000000 
2108.232776  13.533910 1.000000 
2108.233457  13.533052 1.000000 
2108.234138  13.532576 1.000000 
2108.234820  13.533562 1.000000 
2108.235501  13.533859 1.000000 
2108.236182  13.532251 1.000000 
2108.236863  13.532545 1.000000 
2108.237544  13.533183 1.000000 
2108.238225  13.532912 1.000000 
2108.238906  13.532366 1.000000 
2108.239587  13.532604 1.000000 
2108.240269  13.532713 1.000000 
2108.240950  13.531878 1.000000 
2108.241631  13.531640 1.000000 
2108.242312  13.533777 1.000000 
2108.242993  13.532908 1.000000 
2108.243675  13.533411 1.000000 
2108.244356  13.533718 1.000000 
2108.245037  13.533596 1.000000 
2108.245718  13.532013 1.000000 
2108.246399  13.533699 1.000000 
2108.247080  13.533036 1.000000 
2108.247761  13.532868 1.000000 
2108.248442  13.533409 1.000000 
2108.249124  13.532416 1.000000 
2108.249805  13.533042 1.000000 
2108.250486  13.533653 1.000000 
2108.251167  13.532766 1.000000 
2108.251848  13.533183 1.000000 
2108.252529  13.531253 1.000000 
2108.253210  13.532701 1.000000 
2108.253892  13.533643 1.000000 
2108.254573  13.533013 1.000000 
2108.255254  13.532881 1.000000 
2108.255935  13.532957 1.000000 
2108.256616  13.532736 1.000000 
2108.257297  13.531552 1.000000 
2108.257978  13.531977 1.000000 
2108.258659  13.534363 1.000000 
2108.259341  13.531885 1.000000 
2108.260022  13.533350 1.000000 
2108.260703  13.532568 1.000000 
2108.261384  13.532597 1.000000 
2108.262065  13.533904 1.000000 
2108.262746  13.533908 1.000000 
2108.263428  13.533916 1.000000 
2108.264109  13.531386 1.000000 
2108.264790  13.532041 1.000000 
2108.265471  13.532575 1.000000 
2108.266152  13.527988 1.000000 
2108.266833  13.533886 1.000000 
2108.267514  13.531538 1.000000 
2108.268195  13.532116 1.000000 
2108.268877  13.529336 1.000000 
2108.269558  13.532059 1.000000 
2108.270239  13.532642 1.000000 
