1568.354066  13.710940 1.000000 
1568.354747  13.710518 1.000000 
1568.355428  13.710117 1.000000 
1568.356109  13.711243 1.000000 
1568.356790  13.709745 1.000000 
1568.357471  13.711463 1.000000 
1568.358153  13.709367 1.000000 
1568.358834  13.709686 1.000000 
1568.359515  13.710433 1.000000 
1568.360196  13.710352 1.000000 
1568.360877  13.711717 1.000000 
1568.361558  13.710815 1.000000 
1568.362239  13.710802 1.000000 
1568.362920  13.711043 1.000000 
1568.363601  13.709603 1.000000 
1568.364282  13.711177 1.000000 
1568.364964  13.711758 1.000000 
1568.365645  13.709488 1.000000 
1568.366326  13.712073 1.000000 
1568.367007  13.709575 1.000000 
1568.367688  13.710443 1.000000 
1568.368369  13.710891 1.000000 
1568.369050  13.708684 1.000000 
1568.369731  13.709816 1.000000 
1568.370412  13.710972 1.000000 
1568.371094  13.709104 1.000000 
1568.371775  13.708964 1.000000 
1568.372456  13.710534 1.000000 
1568.373137  13.709837 1.000000 
1568.373818  13.709928 1.000000 
1568.374499  13.709386 1.000000 
1568.375180  13.709963 1.000000 
1568.375861  13.710649 1.000000 
1568.376542  13.710714 1.000000 
1568.377223  13.711140 1.000000 
1568.377905  13.710305 1.000000 
1568.378586  13.710099 1.000000 
1568.379267  13.711150 1.000000 
1568.379948  13.712855 1.000000 
1568.380629  13.710436 1.000000 
1568.381310  13.708862 1.000000 
1568.381991  13.710299 1.000000 
1568.382672  13.709351 1.000000 
1568.383353  13.709929 1.000000 
1568.384035  13.708714 1.000000 
1568.384716  13.710156 1.000000 
1568.385397  13.711125 1.000000 
1568.386078  13.710869 1.000000 
1568.386759  13.711296 1.000000 
1568.387440  13.711769 1.000000 
1568.388121  13.710931 1.000000 
1568.388802  13.708861 1.000000 
1568.389483  13.709872 1.000000 
1568.390164  13.712486 1.000000 
1568.390846  13.710197 1.000000 
1568.391527  13.709233 1.000000 
1568.392208  13.711513 1.000000 
1568.392889  13.709800 1.000000 
1568.393570  13.709845 1.000000 
1568.394251  13.711767 1.000000 
1568.394932  13.710792 1.000000 
1568.395613  13.710154 1.000000 
1568.396294  13.712193 1.000000 
1568.396976  13.710001 1.000000 
1568.397657  13.710289 1.000000 
1568.398338  13.712169 1.000000 
1568.399019  13.710314 1.000000 
1568.399700  13.710440 1.000000 
1568.400381  13.708281 1.000000 
1568.401062  13.708699 1.000000 
1568.401743  13.710400 1.000000 
1568.402424  13.710218 1.000000 
1568.403105  13.710552 1.000000 
1568.403787  13.711029 1.000000 
1568.404468  13.712065 1.000000 
1568.405149  13.710300 1.000000 
1568.405830  13.711217 1.000000 
1568.406511  13.711679 1.000000 
1568.407192  13.711023 1.000000 
1568.407873  13.709343 1.000000 
1568.408554  13.710385 1.000000 
1568.409235  13.709908 1.000000 
1568.409917  13.709901 1.000000 
1568.410598  13.711443 1.000000 
1568.411279  13.709648 1.000000 
1568.411960  13.710480 1.000000 
1568.412641  13.711116 1.000000 
1568.413322  13.710038 1.000000 
1568.414003  13.710277 1.000000 
1568.414684  13.712198 1.000000 
1568.415365  13.712004 1.000000 
1568.416046  13.710973 1.000000 
1568.416727  13.708798 1.000000 
1568.417409  13.709381 1.000000 
1568.418090  13.710857 1.000000 
1568.418771  13.711083 1.000000 
1568.419452  13.711252 1.000000 
1568.420133  13.710850 1.000000 
1568.420814  13.710481 1.000000 
1568.421495  13.711334 1.000000 
1568.422176  13.710318 1.000000 
1568.422857  13.710855 1.000000 
1568.423539  13.712593 1.000000 
1568.424220  13.712104 1.000000 
1568.424901  13.711145 1.000000 
1568.425582  13.710014 1.000000 
1568.426263  13.710661 1.000000 
1568.426944  13.711250 1.000000 
1568.427625  13.710670 1.000000 
1568.428306  13.712541 1.000000 
1568.428987  13.711714 1.000000 
1568.429668  13.709806 1.000000 
1568.430350  13.711707 1.000000 
1568.431031  13.710391 1.000000 
1568.431712  13.712452 1.000000 
1568.432393  13.711974 1.000000 
1568.433074  13.710506 1.000000 
1568.433755  13.712146 1.000000 
1568.434436  13.708493 1.000000 
1568.435117  13.709652 1.000000 
1568.435799  13.709131 1.000000 
1568.436480  13.710871 1.000000 
1568.437161  13.709742 1.000000 
1568.437842  13.710274 1.000000 
1568.438523  13.710140 1.000000 
1568.439204  13.710491 1.000000 
1568.439885  13.712309 1.000000 
1568.440566  13.711571 1.000000 
1568.441247  13.710858 1.000000 
1568.441928  13.709507 1.000000 
1568.442610  13.711412 1.000000 
1568.443291  13.710407 1.000000 
1568.443972  13.710707 1.000000 
1568.444653  13.711964 1.000000 
1568.445334  13.709673 1.000000 
1568.446015  13.711073 1.000000 
1568.446696  13.709710 1.000000 
1568.447377  13.711083 1.000000 
1568.448058  13.709101 1.000000 
1568.448739  13.709257 1.000000 
1568.449421  13.710970 1.000000 
1568.450102  13.710705 1.000000 
1568.450783  13.710893 1.000000 
1568.451464  13.710049 1.000000 
1568.452145  13.710413 1.000000 
1568.452826  13.710454 1.000000 
1568.453507  13.712826 1.000000 
1568.454188  13.709259 1.000000 
1568.454869  13.711379 1.000000 
1568.455551  13.712799 1.000000 
1568.456232  13.711250 1.000000 
1568.456913  13.710880 1.000000 
1568.457594  13.709332 1.000000 
1568.458275  13.711384 1.000000 
1568.458956  13.711691 1.000000 
1568.459637  13.708656 1.000000 
1568.460318  13.711541 1.000000 
1568.460999  13.710077 1.000000 
1568.461680  13.711855 1.000000 
1568.462362  13.711290 1.000000 
1568.463043  13.710486 1.000000 
1568.463724  13.708761 1.000000 
1568.464405  13.711850 1.000000 
1568.465086  13.710839 1.000000 
1568.465767  13.712581 1.000000 
1568.466448  13.710522 1.000000 
1568.467129  13.712016 1.000000 
1568.467810  13.712051 1.000000 
1568.468491  13.710658 1.000000 
1568.469173  13.711401 1.000000 
1568.469854  13.709466 1.000000 
1568.470535  13.711737 1.000000 
1568.471216  13.710409 1.000000 
1568.471897  13.712761 1.000000 
1568.472578  13.710816 1.000000 
1568.473259  13.710789 1.000000 
1568.473940  13.711580 1.000000 
1568.474621  13.710205 1.000000 
1568.475303  13.709444 1.000000 
1568.475984  13.711233 1.000000 
1568.476665  13.709757 1.000000 
1568.477346  13.709740 1.000000 
1568.478027  13.710073 1.000000 
1568.478708  13.711421 1.000000 
1568.479389  13.709606 1.000000 
1568.480070  13.710749 1.000000 
1568.480751  13.712934 1.000000 
1568.481432  13.711954 1.000000 
1568.482114  13.708899 1.000000 
1568.482795  13.710253 1.000000 
1568.483476  13.711221 1.000000 
1568.484157  13.708082 1.000000 
1568.484838  13.711560 1.000000 
1568.485519  13.712164 1.000000 
1568.486200  13.711487 1.000000 
1568.486881  13.709955 1.000000 
1568.487562  13.709281 1.000000 
1568.488244  13.711408 1.000000 
1568.488925  13.710756 1.000000 
1568.489606  13.710944 1.000000 
1568.490287  13.710929 1.000000 
1568.490968  13.710711 1.000000 
1568.491649  13.712078 1.000000 
1568.492330  13.709923 1.000000 
1568.493011  13.709933 1.000000 
1568.493692  13.710245 1.000000 
1568.494374  13.710560 1.000000 
1568.495054  13.710362 1.000000 
1568.495736  13.710922 1.000000 
1568.496417  13.712588 1.000000 
1568.497098  13.710452 1.000000 
1568.497779  13.711510 1.000000 
1568.498460  13.710658 1.000000 
1568.499141  13.711230 1.000000 
1568.499822  13.710306 1.000000 
1568.500503  13.711220 1.000000 
1568.501184  13.711775 1.000000 
1568.501866  13.710586 1.000000 
1568.502547  13.709782 1.000000 
1568.503228  13.711360 1.000000 
1568.503909  13.711189 1.000000 
1568.504590  13.712826 1.000000 
1568.505271  13.712276 1.000000 
1568.505952  13.711005 1.000000 
1568.506633  13.709890 1.000000 
1568.507314  13.710897 1.000000 
1568.507995  13.710211 1.000000 
1568.508677  13.711985 1.000000 
1568.509358  13.710296 1.000000 
1568.510039  13.710739 1.000000 
1568.510720  13.711139 1.000000 
1568.511401  13.711583 1.000000 
1568.512082  13.710929 1.000000 
1568.512763  13.709805 1.000000 
1568.513444  13.712372 1.000000 
1568.514125  13.710106 1.000000 
1568.514807  13.712063 1.000000 
1568.515488  13.711706 1.000000 
1568.516169  13.709186 1.000000 
1568.516850  13.710187 1.000000 
1568.517531  13.710639 1.000000 
1568.518212  13.710201 1.000000 
1568.518893  13.709455 1.000000 
1568.519574  13.712151 1.000000 
1568.520255  13.712132 1.000000 
1568.520937  13.709033 1.000000 
1568.521618  13.709854 1.000000 
1568.522299  13.709734 1.000000 
1568.522980  13.712448 1.000000 
1568.523661  13.711706 1.000000 
1568.524342  13.711124 1.000000 
1568.525023  13.711168 1.000000 
1568.525704  13.709787 1.000000 
1568.526385  13.709088 1.000000 
1568.527067  13.710769 1.000000 
1568.527748  13.710630 1.000000 
1568.528429  13.710471 1.000000 
1568.529110  13.712565 1.000000 
1568.529791  13.711234 1.000000 
1568.530472  13.710949 1.000000 
1568.531153  13.712886 1.000000 
1568.531834  13.710403 1.000000 
1568.532515  13.711105 1.000000 
1568.533196  13.709561 1.000000 
1568.533878  13.711342 1.000000 
1568.534559  13.711088 1.000000 
1568.535240  13.712283 1.000000 
1568.535921  13.712369 1.000000 
1568.536602  13.710632 1.000000 
1568.537283  13.709894 1.000000 
1568.537964  13.708431 1.000000 
1568.538645  13.709443 1.000000 
1568.539326  13.710433 1.000000 
1568.540007  13.710019 1.000000 
1568.540689  13.710750 1.000000 
1568.541370  13.710639 1.000000 
1568.542051  13.708916 1.000000 
1568.542732  13.711597 1.000000 
1568.543413  13.709373 1.000000 
1568.544094  13.711082 1.000000 
1568.544775  13.710281 1.000000 
1568.545456  13.711996 1.000000 
1568.546137  13.711353 1.000000 
1568.546819  13.711263 1.000000 
1568.547500  13.712112 1.000000 
1568.548181  13.713024 1.000000 
1568.548862  13.712147 1.000000 
1568.549543  13.711806 1.000000 
1568.550224  13.710872 1.000000 
1568.550905  13.711111 1.000000 
1568.551586  13.710150 1.000000 
1568.552267  13.709646 1.000000 
1568.552948  13.712908 1.000000 
1568.553630  13.709337 1.000000 
1568.554311  13.708842 1.000000 
1568.554992  13.711063 1.000000 
1568.555673  13.711215 1.000000 
1568.556354  13.711210 1.000000 
1568.557035  13.710296 1.000000 
1568.557716  13.709672 1.000000 
1568.558397  13.710688 1.000000 
1568.559078  13.709633 1.000000 
1568.559760  13.710006 1.000000 
1568.560441  13.711564 1.000000 
1568.561122  13.712346 1.000000 
1568.561803  13.711922 1.000000 
1568.562484  13.710764 1.000000 
1568.563165  13.711985 1.000000 
1568.563846  13.709415 1.000000 
1568.564527  13.710414 1.000000 
1568.565208  13.710062 1.000000 
1568.565889  13.711004 1.000000 
1568.566571  13.709291 1.000000 
1568.567252  13.710293 1.000000 
1568.567933  13.711425 1.000000 
1568.568614  13.710233 1.000000 
1568.569295  13.711777 1.000000 
1568.569976  13.709533 1.000000 
1568.570657  13.710169 1.000000 
1568.571338  13.711310 1.000000 
1568.572019  13.710470 1.000000 
1568.572701  13.710150 1.000000 
1568.573382  13.711258 1.000000 
1568.574063  13.711916 1.000000 
1568.574744  13.710391 1.000000 
1568.575425  13.707239 1.000000 
1568.576106  13.709810 1.000000 
1568.576787  13.710760 1.000000 
1568.577468  13.710442 1.000000 
1568.578149  13.711033 1.000000 
1568.578830  13.710283 1.000000 
1568.579511  13.709791 1.000000 
1568.580193  13.711094 1.000000 
1568.580874  13.710224 1.000000 
1568.581555  13.710970 1.000000 
1568.582236  13.712064 1.000000 
1568.582917  13.711145 1.000000 
1568.583598  13.712368 1.000000 
1568.584279  13.713858 1.000000 
1568.584960  13.711226 1.000000 
1568.585641  13.711851 1.000000 
1568.586323  13.711535 1.000000 
1568.587004  13.711177 1.000000 
1568.587685  13.711529 1.000000 
1568.588366  13.709322 1.000000 
1568.589047  13.711981 1.000000 
1568.589728  13.709981 1.000000 
1568.590409  13.710285 1.000000 
1568.591090  13.710320 1.000000 
1568.591771  13.709862 1.000000 
1568.592453  13.708941 1.000000 
1568.593134  13.711984 1.000000 
1568.593815  13.710534 1.000000 
1568.594496  13.708900 1.000000 
1568.595177  13.710855 1.000000 
1568.595858  13.711254 1.000000 
1568.596539  13.710001 1.000000 
1568.597220  13.712606 1.000000 
1568.597901  13.711044 1.000000 
1568.598582  13.710979 1.000000 
1568.599264  13.711649 1.000000 
1568.599945  13.710867 1.000000 
1568.600626  13.710334 1.000000 
1568.601307  13.712161 1.000000 
1568.601988  13.711046 1.000000 
1568.602669  13.710067 1.000000 
1568.603350  13.711177 1.000000 
1568.604031  13.711748 1.000000 
1568.604712  13.711494 1.000000 
1568.605394  13.711545 1.000000 
1568.606075  13.709637 1.000000 
1568.606756  13.710457 1.000000 
1568.607437  13.710958 1.000000 
1568.608118  13.710776 1.000000 
1568.608799  13.709961 1.000000 
1568.609480  13.711759 1.000000 
1568.610161  13.711164 1.000000 
1568.610842  13.712208 1.000000 
1568.611524  13.710978 1.000000 
1568.612205  13.711731 1.000000 
1568.612886  13.710935 1.000000 
1568.613567  13.711083 1.000000 
1568.614248  13.710060 1.000000 
1568.614929  13.710795 1.000000 
1568.615610  13.712426 1.000000 
1568.616291  13.711160 1.000000 
1568.616972  13.711465 1.000000 
1568.617653  13.711459 1.000000 
1568.618335  13.711141 1.000000 
1568.619016  13.710606 1.000000 
1568.619697  13.712848 1.000000 
1568.620378  13.710261 1.000000 
1568.621059  13.711319 1.000000 
1568.621740  13.711016 1.000000 
1568.622421  13.710884 1.000000 
1568.623102  13.710075 1.000000 
1568.623783  13.710082 1.000000 
1568.624464  13.711298 1.000000 
1568.625146  13.709394 1.000000 
1568.625827  13.710566 1.000000 
1568.626508  13.710211 1.000000 
1568.627189  13.711077 1.000000 
1568.627870  13.711098 1.000000 
1568.628551  13.709734 1.000000 
1568.629232  13.710858 1.000000 
1568.629913  13.711101 1.000000 
1568.630594  13.710433 1.000000 
1568.631275  13.709789 1.000000 
1568.631957  13.710100 1.000000 
1568.632638  13.710146 1.000000 
1568.633319  13.710419 1.000000 
1568.634000  13.709866 1.000000 
1568.634681  13.709688 1.000000 
1568.635362  13.711708 1.000000 
1568.636043  13.710687 1.000000 
1568.636724  13.709261 1.000000 
1568.637405  13.710305 1.000000 
1568.638087  13.711433 1.000000 
1568.638768  13.710101 1.000000 
1568.639449  13.710639 1.000000 
1568.640130  13.709696 1.000000 
1568.640811  13.712700 1.000000 
1568.641492  13.710586 1.000000 
1568.642173  13.709635 1.000000 
1568.642854  13.709728 1.000000 
1568.643535  13.711691 1.000000 
1568.644216  13.709352 1.000000 
1568.644898  13.709828 1.000000 
1568.645579  13.711132 1.000000 
1568.646260  13.711071 1.000000 
1568.646941  13.711309 1.000000 
1568.647622  13.710432 1.000000 
1568.648303  13.708469 1.000000 
1568.648984  13.713299 1.000000 
1568.649665  13.710955 1.000000 
1568.650346  13.711458 1.000000 
1568.651028  13.711598 1.000000 
1568.651709  13.709829 1.000000 
1568.652390  13.710829 1.000000 
1568.653071  13.708674 1.000000 
1568.653752  13.708952 1.000000 
1568.654433  13.710540 1.000000 
1568.655114  13.709251 1.000000 
1568.655795  13.709961 1.000000 
1568.656476  13.709717 1.000000 
1568.657157  13.709957 1.000000 
1568.657839  13.711235 1.000000 
1568.658520  13.710865 1.000000 
1568.659201  13.709192 1.000000 
1568.659882  13.703906 1.000000 
1568.660563  13.711183 1.000000 
1568.661244  13.710632 1.000000 
1568.661925  13.710442 1.000000 
1568.662606  13.709094 1.000000 
1568.663287  13.709757 1.000000 
1568.663968  13.712177 1.000000 
1568.664650  13.711630 1.000000 
1568.665331  13.710539 1.000000 
1568.666012  13.709738 1.000000 
1568.666693  13.711285 1.000000 
1568.667374  13.712275 1.000000 
1568.668055  13.709457 1.000000 
1568.668736  13.710438 1.000000 
1568.669417  13.710597 1.000000 
1568.670098  13.710509 1.000000 
1568.670780  13.711000 1.000000 
1568.671461  13.710484 1.000000 
1568.672142  13.711154 1.000000 
1568.672823  13.710999 1.000000 
1568.673504  13.710793 1.000000 
1568.674185  13.709860 1.000000 
1568.674866  13.711334 1.000000 
1568.675547  13.710271 1.000000 
1568.676228  13.710805 1.000000 
1568.676910  13.712011 1.000000 
1568.677591  13.711473 1.000000 
1568.678272  13.710875 1.000000 
1568.678953  13.708885 1.000000 
1568.679634  13.710821 1.000000 
1568.680315  13.710778 1.000000 
1568.680996  13.710503 1.000000 
1568.681677  13.711627 1.000000 
1568.682358  13.709003 1.000000 
1568.683039  13.709969 1.000000 
1568.683721  13.709631 1.000000 
1568.684402  13.710562 1.000000 
1568.685083  13.712835 1.000000 
1568.685764  13.711329 1.000000 
1568.686445  13.712256 1.000000 
1568.687126  13.710554 1.000000 
1568.687807  13.710557 1.000000 
1568.688488  13.708027 1.000000 
1568.689169  13.709981 1.000000 
1568.689851  13.710775 1.000000 
1568.690532  13.709584 1.000000 
1568.691213  13.711941 1.000000 
1568.691894  13.712757 1.000000 
1568.692575  13.710922 1.000000 
1568.693256  13.711513 1.000000 
1568.693937  13.711611 1.000000 
1568.694618  13.710567 1.000000 
1568.695299  13.711744 1.000000 
1568.695981  13.711735 1.000000 
1568.696662  13.708899 1.000000 
1568.697343  13.711168 1.000000 
1568.698024  13.710632 1.000000 
1568.698705  13.708693 1.000000 
1568.699386  13.709471 1.000000 
1568.700067  13.711582 1.000000 
1568.700748  13.708527 1.000000 
1568.701429  13.710798 1.000000 
1568.702110  13.708626 1.000000 
1568.702792  13.711736 1.000000 
1568.703473  13.711055 1.000000 
1568.704154  13.710424 1.000000 
1568.704835  13.709900 1.000000 
1568.705516  13.710112 1.000000 
1568.706197  13.710805 1.000000 
1568.706878  13.712040 1.000000 
1568.707559  13.710938 1.000000 
1568.708240  13.710282 1.000000 
1568.708921  13.711464 1.000000 
1568.709602  13.711340 1.000000 
1568.710284  13.711082 1.000000 
1568.710965  13.711128 1.000000 
1568.711646  13.708537 1.000000 
1568.712327  13.712228 1.000000 
1568.713008  13.711268 1.000000 
1568.713689  13.710334 1.000000 
1568.714370  13.710489 1.000000 
1568.715051  13.710063 1.000000 
1568.715732  13.710924 1.000000 
1568.716414  13.710833 1.000000 
1568.717095  13.711481 1.000000 
1568.717776  13.710630 1.000000 
1568.718457  13.710049 1.000000 
1568.719138  13.711926 1.000000 
1568.719819  13.711771 1.000000 
1568.720500  13.711189 1.000000 
1568.721181  13.709278 1.000000 
1568.721862  13.711254 1.000000 
1568.722543  13.712425 1.000000 
1568.723225  13.709605 1.000000 
1568.723906  13.708649 1.000000 
1568.724587  13.710239 1.000000 
1568.725268  13.710964 1.000000 
1568.725949  13.710578 1.000000 
1568.726630  13.712155 1.000000 
1568.727311  13.711136 1.000000 
1568.727992  13.711620 1.000000 
1568.728673  13.709237 1.000000 
1568.729355  13.710576 1.000000 
1568.730036  13.711322 1.000000 
1568.730717  13.711818 1.000000 
1568.731398  13.711559 1.000000 
1568.732079  13.711368 1.000000 
1568.732760  13.710564 1.000000 
1568.733441  13.709835 1.000000 
1568.734122  13.709749 1.000000 
1568.734803  13.710201 1.000000 
1568.735485  13.710274 1.000000 
1568.736166  13.710882 1.000000 
1568.736847  13.710180 1.000000 
1568.737528  13.711836 1.000000 
1568.738209  13.710282 1.000000 
1568.738890  13.707905 1.000000 
1568.739571  13.713161 1.000000 
1568.740252  13.711533 1.000000 
1568.740933  13.709232 1.000000 
1568.741614  13.710156 1.000000 
1568.742295  13.711952 1.000000 
1568.742977  13.709837 1.000000 
1568.743658  13.709409 1.000000 
1568.744339  13.709555 1.000000 
1568.745020  13.708908 1.000000 
1568.745701  13.710253 1.000000 
1568.746382  13.710958 1.000000 
1568.747063  13.710690 1.000000 
1568.747744  13.710045 1.000000 
1568.748425  13.710473 1.000000 
1568.749107  13.710148 1.000000 
1568.749788  13.710398 1.000000 
1568.750469  13.710869 1.000000 
1568.751150  13.710729 1.000000 
1568.751831  13.710496 1.000000 
1568.752512  13.710929 1.000000 
1568.753193  13.709660 1.000000 
1568.753874  13.709997 1.000000 
1568.754555  13.710251 1.000000 
1568.755237  13.710941 1.000000 
1568.755918  13.710926 1.000000 
1568.756599  13.710043 1.000000 
1568.757280  13.709614 1.000000 
1568.757961  13.711692 1.000000 
1568.758642  13.711069 1.000000 
1568.759323  13.712143 1.000000 
1568.760004  13.710525 1.000000 
1568.760685  13.711249 1.000000 
1568.761367  13.710405 1.000000 
1568.762048  13.710916 1.000000 
1568.762729  13.710909 1.000000 
1568.763410  13.710025 1.000000 
1568.764091  13.711823 1.000000 
1568.764772  13.709213 1.000000 
1568.765453  13.709793 1.000000 
1568.766134  13.712088 1.000000 
1568.766815  13.709410 1.000000 
1568.767496  13.710274 1.000000 
1568.768178  13.710519 1.000000 
1568.768859  13.709682 1.000000 
1568.769540  13.710247 1.000000 
1568.770221  13.711253 1.000000 
1568.770902  13.711293 1.000000 
1568.771583  13.711183 1.000000 
1568.772264  13.711115 1.000000 
1568.772945  13.711960 1.000000 
1568.773626  13.709317 1.000000 
1568.774308  13.710492 1.000000 
1568.774989  13.710120 1.000000 
1568.775670  13.708252 1.000000 
1568.776351  13.709568 1.000000 
1568.777032  13.710442 1.000000 
1568.777713  13.711086 1.000000 
1568.778394  13.709437 1.000000 
1568.779075  13.710778 1.000000 
1568.779756  13.711731 1.000000 
1568.780437  13.710673 1.000000 
1568.781119  13.710635 1.000000 
1568.781800  13.710302 1.000000 
1568.782481  13.710978 1.000000 
1568.783162  13.708999 1.000000 
1568.783843  13.710863 1.000000 
1568.784524  13.709316 1.000000 
1568.785205  13.711142 1.000000 
1568.785886  13.711049 1.000000 
1568.786567  13.712607 1.000000 
1568.787248  13.711720 1.000000 
1568.787930  13.712356 1.000000 
1568.788611  13.709326 1.000000 
1568.789292  13.709975 1.000000 
1568.789973  13.712981 1.000000 
1568.790654  13.710687 1.000000 
1568.791335  13.709616 1.000000 
1568.792016  13.709338 1.000000 
1568.792697  13.709805 1.000000 
1568.793378  13.711656 1.000000 
1568.794059  13.711975 1.000000 
1568.794741  13.710682 1.000000 
1568.795422  13.709094 1.000000 
1568.796103  13.709367 1.000000 
1568.796784  13.711558 1.000000 
1568.797465  13.711837 1.000000 
1568.798146  13.711067 1.000000 
1568.798827  13.711199 1.000000 
1568.799508  13.709437 1.000000 
1568.800189  13.711096 1.000000 
1568.800871  13.710320 1.000000 
1568.801552  13.712421 1.000000 
1568.802233  13.709024 1.000000 
1568.802914  13.710549 1.000000 
1568.803595  13.709009 1.000000 
1568.804276  13.710846 1.000000 
1568.804957  13.709003 1.000000 
1568.805638  13.712549 1.000000 
1568.806319  13.710205 1.000000 
1568.807000  13.710827 1.000000 
1568.807682  13.710609 1.000000 
1568.808363  13.710977 1.000000 
1568.809044  13.709461 1.000000 
1568.809725  13.710267 1.000000 
1568.810406  13.710130 1.000000 
1568.811087  13.709885 1.000000 
1568.811768  13.709675 1.000000 
1568.812449  13.711312 1.000000 
1568.813130  13.710781 1.000000 
1568.813812  13.709877 1.000000 
1568.814493  13.710811 1.000000 
1568.815174  13.711145 1.000000 
1568.815855  13.709232 1.000000 
1568.816536  13.712019 1.000000 
1568.817217  13.712923 1.000000 
1568.817898  13.711733 1.000000 
1568.818579  13.710052 1.000000 
1568.819260  13.708775 1.000000 
1568.819941  13.709377 1.000000 
1568.820623  13.712314 1.000000 
1568.821304  13.710464 1.000000 
1568.821985  13.709546 1.000000 
1568.822666  13.709465 1.000000 
1568.823347  13.711380 1.000000 
1568.824028  13.710792 1.000000 
1568.824709  13.711196 1.000000 
1568.825390  13.710379 1.000000 
1568.826071  13.710337 1.000000 
1568.826752  13.711535 1.000000 
1568.827434  13.709204 1.000000 
1568.828115  13.711081 1.000000 
1568.828796  13.711283 1.000000 
1568.829477  13.710812 1.000000 
1568.830158  13.710226 1.000000 
1568.830839  13.712761 1.000000 
1568.831520  13.712503 1.000000 
1568.832201  13.713186 1.000000 
1568.832882  13.711492 1.000000 
1568.833564  13.712263 1.000000 
1568.834245  13.711802 1.000000 
1568.834926  13.712538 1.000000 
1568.835607  13.711082 1.000000 
1568.836288  13.710068 1.000000 
1568.836969  13.711196 1.000000 
1568.837650  13.709749 1.000000 
1568.838331  13.710905 1.000000 
1568.839012  13.710636 1.000000 
1568.839694  13.712328 1.000000 
1568.840375  13.711174 1.000000 
1568.841056  13.709482 1.000000 
1568.841737  13.708710 1.000000 
1568.842418  13.710308 1.000000 
1568.843099  13.710629 1.000000 
1568.843780  13.709823 1.000000 
1568.844461  13.711060 1.000000 
1568.845142  13.711549 1.000000 
1568.845823  13.711147 1.000000 
1568.846505  13.710147 1.000000 
1568.847186  13.711921 1.000000 
1568.847867  13.711258 1.000000 
1568.848548  13.711067 1.000000 
1568.849229  13.710204 1.000000 
1568.849910  13.710192 1.000000 
1568.850591  13.710911 1.000000 
1568.851272  13.710271 1.000000 
1568.851953  13.711477 1.000000 
1568.852635  13.711224 1.000000 
1568.853316  13.706978 1.000000 
1568.853997  13.710023 1.000000 
1568.854678  13.710602 1.000000 
1568.855359  13.709850 1.000000 
1568.856040  13.710076 1.000000 
1568.856721  13.710236 1.000000 
1568.857402  13.710730 1.000000 
1568.858083  13.710305 1.000000 
1568.858765  13.710916 1.000000 
1568.859446  13.711279 1.000000 
1568.860127  13.710354 1.000000 
1568.860808  13.711320 1.000000 
1568.861489  13.709404 1.000000 
1568.862170  13.709904 1.000000 
1568.862851  13.711033 1.000000 
1568.863532  13.711355 1.000000 
1568.864213  13.711258 1.000000 
1568.864894  13.711670 1.000000 
1568.865576  13.710033 1.000000 
1568.866257  13.711842 1.000000 
1568.866938  13.710530 1.000000 
1568.867619  13.710396 1.000000 
1568.868300  13.708064 1.000000 
1568.868981  13.711125 1.000000 
1568.869662  13.712747 1.000000 
1568.870343  13.711052 1.000000 
1568.871024  13.710730 1.000000 
1568.871705  13.710979 1.000000 
1568.872386  13.710731 1.000000 
1568.873068  13.712082 1.000000 
1568.873749  13.709785 1.000000 
1568.874430  13.710350 1.000000 
1568.875111  13.709952 1.000000 
1568.875792  13.710398 1.000000 
1568.876473  13.712017 1.000000 
1568.877154  13.710346 1.000000 
1568.877835  13.711658 1.000000 
1568.878516  13.711301 1.000000 
1568.879198  13.711197 1.000000 
1568.879879  13.710213 1.000000 
1568.880560  13.709471 1.000000 
1568.881241  13.711274 1.000000 
1568.881922  13.710779 1.000000 
1568.882603  13.709511 1.000000 
1568.883284  13.710899 1.000000 
1568.883965  13.711054 1.000000 
1568.884646  13.712111 1.000000 
1568.885328  13.712177 1.000000 
1568.886009  13.711522 1.000000 
1568.886690  13.711353 1.000000 
1568.887371  13.711683 1.000000 
1568.888052  13.710861 1.000000 
1568.888733  13.711695 1.000000 
1568.889414  13.709971 1.000000 
1568.890095  13.710243 1.000000 
1568.890776  13.711799 1.000000 
1568.891457  13.710733 1.000000 
1568.892139  13.711440 1.000000 
1568.892820  13.712191 1.000000 
1568.893501  13.709415 1.000000 
1568.894182  13.711093 1.000000 
1568.894863  13.710949 1.000000 
1568.895544  13.711374 1.000000 
1568.896225  13.708830 1.000000 
1568.896906  13.710577 1.000000 
1568.897587  13.709737 1.000000 
1568.898269  13.709310 1.000000 
1568.898950  13.710083 1.000000 
1568.899631  13.710644 1.000000 
1568.900312  13.710249 1.000000 
1568.900993  13.710331 1.000000 
1568.901674  13.709862 1.000000 
1568.902355  13.711468 1.000000 
1568.903036  13.710795 1.000000 
1568.903717  13.711012 1.000000 
1568.904398  13.708879 1.000000 
1568.905080  13.711100 1.000000 
1568.905761  13.709633 1.000000 
1568.906442  13.710445 1.000000 
1568.907123  13.710209 1.000000 
1568.907804  13.712154 1.000000 
1568.908485  13.710405 1.000000 
1568.909166  13.710629 1.000000 
1568.909847  13.713210 1.000000 
1568.910528  13.712064 1.000000 
1568.911209  13.711215 1.000000 
1568.911891  13.711020 1.000000 
1568.912572  13.711144 1.000000 
1568.913253  13.711684 1.000000 
1568.913934  13.709902 1.000000 
1568.914615  13.711060 1.000000 
1568.915296  13.710808 1.000000 
1568.915977  13.708509 1.000000 
1568.916658  13.710554 1.000000 
1568.917339  13.709994 1.000000 
1568.918021  13.710429 1.000000 
1568.918702  13.709707 1.000000 
1568.919383  13.698154 1.000000 
1568.920064  13.709303 1.000000 
1568.920745  13.711435 1.000000 
1568.921426  13.710476 1.000000 
1568.922107  13.712003 1.000000 
1568.922788  13.710652 1.000000 
1568.923469  13.711669 1.000000 
1568.924151  13.709724 1.000000 
1568.924832  13.709606 1.000000 
1568.925513  13.711090 1.000000 
1568.926194  13.710419 1.000000 
1568.926875  13.710154 1.000000 
1568.927556  13.710681 1.000000 
1568.928237  13.710950 1.000000 
1568.928918  13.711020 1.000000 
1568.929599  13.711139 1.000000 
1568.930280  13.708939 1.000000 
1568.930962  13.710935 1.000000 
1568.931643  13.711551 1.000000 
1568.932324  13.709959 1.000000 
1568.933005  13.708015 1.000000 
1568.933686  13.710569 1.000000 
1568.934367  13.710242 1.000000 
1568.935048  13.710060 1.000000 
1568.935729  13.710260 1.000000 
1568.936410  13.710274 1.000000 
1568.937092  13.711233 1.000000 
1568.937773  13.710483 1.000000 
1568.938454  13.710934 1.000000 
1568.939135  13.711811 1.000000 
1568.939816  13.711827 1.000000 
1568.940497  13.709619 1.000000 
1568.941178  13.711752 1.000000 
1568.941859  13.710778 1.000000 
1568.942540  13.711258 1.000000 
1568.943221  13.712461 1.000000 
1568.943903  13.710111 1.000000 
1568.944584  13.711922 1.000000 
1568.945265  13.710409 1.000000 
1568.945946  13.711132 1.000000 
1568.946627  13.711207 1.000000 
1568.947308  13.711962 1.000000 
1568.947989  13.711367 1.000000 
1568.948670  13.711529 1.000000 
1568.949351  13.709285 1.000000 
1568.950033  13.708592 1.000000 
1568.950714  13.709675 1.000000 
1568.951395  13.710845 1.000000 
1568.952076  13.709862 1.000000 
1568.952757  13.711128 1.000000 
1568.953438  13.709887 1.000000 
1568.954119  13.710114 1.000000 
1568.954800  13.710655 1.000000 
1568.955481  13.710691 1.000000 
1568.956162  13.711840 1.000000 
1568.956843  13.711005 1.000000 
1568.957525  13.709215 1.000000 
1568.958206  13.708494 1.000000 
1568.958887  13.711472 1.000000 
1568.959568  13.709785 1.000000 
1568.960249  13.709454 1.000000 
1568.960930  13.710642 1.000000 
1568.961611  13.710013 1.000000 
1568.962292  13.711506 1.000000 
1568.962973  13.711790 1.000000 
1568.963655  13.712393 1.000000 
1568.964336  13.709999 1.000000 
1568.965017  13.711126 1.000000 
1568.965698  13.711236 1.000000 
1568.966379  13.712018 1.000000 
1568.967060  13.710137 1.000000 
1568.967741  13.710690 1.000000 
1568.968422  13.712402 1.000000 
1568.969103  13.711973 1.000000 
1568.969784  13.711336 1.000000 
1568.970466  13.711138 1.000000 
1568.971147  13.709968 1.000000 
1568.971828  13.709677 1.000000 
1568.972509  13.710148 1.000000 
1568.973190  13.710646 1.000000 
1568.973871  13.711284 1.000000 
1568.974552  13.710757 1.000000 
1568.975233  13.710836 1.000000 
1568.975914  13.711222 1.000000 
1568.976596  13.711290 1.000000 
1568.977277  13.708839 1.000000 
1568.977958  13.711560 1.000000 
1568.978639  13.708467 1.000000 
1568.979320  13.711985 1.000000 
1568.980001  13.710903 1.000000 
1568.980682  13.711155 1.000000 
1568.981363  13.709452 1.000000 
1568.982044  13.711292 1.000000 
1568.982726  13.710080 1.000000 
1568.983407  13.711840 1.000000 
1568.984088  13.710633 1.000000 
1568.984769  13.710187 1.000000 
1568.985450  13.710982 1.000000 
1568.986131  13.708842 1.000000 
1568.986812  13.712648 1.000000 
1568.987493  13.712251 1.000000 
1568.988174  13.710928 1.000000 
1568.988855  13.712293 1.000000 
1568.989537  13.709958 1.000000 
1568.990218  13.712846 1.000000 
1568.990899  13.711436 1.000000 
1568.991580  13.708652 1.000000 
1568.992261  13.712845 1.000000 
1568.992942  13.710947 1.000000 
1568.993623  13.709198 1.000000 
1568.994304  13.711184 1.000000 
1568.994985  13.711042 1.000000 
1568.995666  13.709549 1.000000 
1568.996348  13.710381 1.000000 
1568.997029  13.709814 1.000000 
1568.997710  13.710744 1.000000 
1568.998391  13.709681 1.000000 
1568.999072  13.711380 1.000000 
1568.999753  13.711474 1.000000 
1569.000434  13.711560 1.000000 
1569.001115  13.709908 1.000000 
1569.001796  13.710396 1.000000 
1569.002478  13.709247 1.000000 
1569.003159  13.712790 1.000000 
1569.003840  13.710899 1.000000 
1569.004521  13.708936 1.000000 
1569.005202  13.711539 1.000000 
1569.005883  13.712588 1.000000 
1569.006564  13.710382 1.000000 
1569.007245  13.711056 1.000000 
1569.007926  13.712060 1.000000 
1569.008608  13.708494 1.000000 
1569.009289  13.712700 1.000000 
1569.009970  13.711093 1.000000 
1569.010651  13.712684 1.000000 
1569.011332  13.711523 1.000000 
1569.012013  13.710068 1.000000 
1569.012694  13.709982 1.000000 
1569.013375  13.713133 1.000000 
1569.014056  13.710776 1.000000 
1569.014737  13.711752 1.000000 
1569.015419  13.711312 1.000000 
1569.016100  13.710960 1.000000 
1569.016781  13.710331 1.000000 
1569.017462  13.713034 1.000000 
1569.018143  13.711989 1.000000 
1569.018824  13.710748 1.000000 
1569.019505  13.709171 1.000000 
1569.020186  13.711214 1.000000 
1569.020867  13.708741 1.000000 
1569.021549  13.709938 1.000000 
1569.022230  13.712483 1.000000 
1569.022911  13.709966 1.000000 
1569.023592  13.711348 1.000000 
1569.024273  13.711054 1.000000 
1569.024954  13.710880 1.000000 
1569.025635  13.710285 1.000000 
1569.026316  13.711370 1.000000 
1569.026997  13.711293 1.000000 
1569.027678  13.710873 1.000000 
1569.028360  13.710616 1.000000 
1569.029041  13.708373 1.000000 
1569.029722  13.711927 1.000000 
1569.030403  13.711694 1.000000 
1569.031084  13.711605 1.000000 
1569.031765  13.710862 1.000000 
1569.032446  13.711092 1.000000 
1569.033127  13.710384 1.000000 
1569.033808  13.712439 1.000000 
1569.034489  13.712972 1.000000 
1569.035171  13.709389 1.000000 
1569.035852  13.711950 1.000000 
1569.036533  13.711388 1.000000 
1569.037214  13.710416 1.000000 
1569.037895  13.710731 1.000000 
1569.038576  13.710511 1.000000 
1569.039257  13.709158 1.000000 
1569.039938  13.711135 1.000000 
1569.040619  13.710737 1.000000 
1569.041300  13.711359 1.000000 
1569.041982  13.711822 1.000000 
1569.042663  13.711020 1.000000 
1569.043344  13.710638 1.000000 
1569.044025  13.712065 1.000000 
1569.044706  13.710123 1.000000 
1569.045387  13.710201 1.000000 
1569.046068  13.711865 1.000000 
1569.046749  13.710711 1.000000 
1569.047430  13.711113 1.000000 
1569.048112  13.712631 1.000000 
1569.048793  13.711860 1.000000 
1569.049474  13.710636 1.000000 
1569.050155  13.711522 1.000000 
1569.050836  13.710915 1.000000 
1569.051517  13.710184 1.000000 
1569.052198  13.711796 1.000000 
1569.052879  13.710100 1.000000 
1569.053560  13.711195 1.000000 
1569.054241  13.711494 1.000000 
1569.054923  13.712967 1.000000 
1569.055604  13.711326 1.000000 
1569.056285  13.711884 1.000000 
1569.056966  13.710642 1.000000 
1569.057647  13.710676 1.000000 
1569.058328  13.710677 1.000000 
1569.059009  13.711433 1.000000 
1569.059690  13.710340 1.000000 
1569.060371  13.711800 1.000000 
1569.061053  13.710409 1.000000 
1569.061734  13.711565 1.000000 
1569.062415  13.711416 1.000000 
1569.063096  13.712379 1.000000 
1569.063777  13.710484 1.000000 
1569.064458  13.709990 1.000000 
1569.065139  13.710226 1.000000 
1569.065820  13.709913 1.000000 
1569.066501  13.711625 1.000000 
1569.067183  13.708678 1.000000 
1569.067864  13.711466 1.000000 
1569.068545  13.710290 1.000000 
1569.069226  13.710702 1.000000 
1569.069907  13.710839 1.000000 
1569.070588  13.710417 1.000000 
1569.071269  13.711199 1.000000 
1569.071950  13.711345 1.000000 
1569.072631  13.710802 1.000000 
1569.073312  13.709647 1.000000 
1569.073994  13.710263 1.000000 
1569.074675  13.710423 1.000000 
1569.075356  13.710838 1.000000 
1569.076037  13.712323 1.000000 
1569.076718  13.710649 1.000000 
1569.077399  13.712555 1.000000 
1569.078080  13.711887 1.000000 
1569.078761  13.709986 1.000000 
1569.079442  13.709860 1.000000 
1569.080123  13.712447 1.000000 
1569.080805  13.710918 1.000000 
1569.081486  13.711511 1.000000 
1569.082167  13.712146 1.000000 
1569.082848  13.710175 1.000000 
1569.083529  13.710886 1.000000 
1569.084210  13.712097 1.000000 
1569.084891  13.711294 1.000000 
