2455326.104718  15.405336 1.000000 
2455326.125152  15.405926 1.000000 
2455326.145587  15.405520 1.000000 
2455326.166021  15.404957 1.000000 
2455326.186455  15.404294 1.000000 
2455326.206890  15.405468 1.000000 
2455326.227324  15.405220 1.000000 
2455326.247758  15.404642 1.000000 
2455326.268193  15.405108 1.000000 
2455326.288627  15.405365 1.000000 
2455326.309061  15.405566 1.000000 
2455326.329496  15.404687 1.000000 
2455326.349930  15.405616 1.000000 
2455326.370364  15.405062 1.000000 
2455326.390798  15.404494 1.000000 
2455326.411233  15.404366 1.000000 
2455326.431667  15.405111 1.000000 
2455326.452101  15.405086 1.000000 
2455326.492970  15.404938 1.000000 
2455326.513404  15.404996 1.000000 
2455326.533839  15.403952 1.000000 
2455326.554273  15.405574 1.000000 
2455326.574707  15.404646 1.000000 
2455326.595141  15.405636 1.000000 
2455326.615576  15.405677 1.000000 
2455326.636010  15.404059 1.000000 
2455326.656444  15.404449 1.000000 
2455326.676879  15.404449 1.000000 
2455326.697313  15.405391 1.000000 
2455326.717747  15.406546 1.000000 
2455326.738182  15.411554 1.000000 
2455326.758616  15.417450 1.000000 
2455326.779050  15.418385 1.000000 
2455326.799485  15.418118 1.000000 
2455326.819919  15.418253 1.000000 
2455326.840353  15.418821 1.000000 
2455326.860788  15.418369 1.000000 
2455326.881222  15.416553 1.000000 
2455326.901656  15.412157 1.000000 
2455326.922090  15.406731 1.000000 
2455326.942525  15.404404 1.000000 
2455326.962959  15.404955 1.000000 
2455326.983393  15.404750 1.000000 
2455327.003828  15.404897 1.000000 
2455327.024262  15.405928 1.000000 
2455327.044696  15.405156 1.000000 
2455327.065131  15.404601 1.000000 
2455327.085565  15.405589 1.000000 
2455327.105999  15.405360 1.000000 
2455327.126433  15.404814 1.000000 
2455327.146868  15.404859 1.000000 
2455327.167302  15.405502 1.000000 
2455327.187736  15.404761 1.000000 
2455327.208171  15.405119 1.000000 
2455327.228605  15.405527 1.000000 
2455327.249039  15.405100 1.000000 
2455327.269474  15.405077 1.000000 
2455327.289908  15.404535 1.000000 
2455327.310342  15.404685 1.000000 
2455327.330777  15.405407 1.000000 
2455327.351211  15.404958 1.000000 
2455327.371645  15.404631 1.000000 
2455327.392080  15.404091 1.000000 
2455327.412514  15.405342 1.000000 
2455327.432948  15.404650 1.000000 
2455327.453382  15.405200 1.000000 
2455327.473817  15.405235 1.000000 
2455327.494251  15.405336 1.000000 
2455327.514685  15.404919 1.000000 
2455327.535120  15.402855 1.000000 
2455327.555554  15.404951 1.000000 
2455327.575988  15.405648 1.000000 
2455327.596422  15.405385 1.000000 
2455327.616857  15.403596 1.000000 
2455327.637291  15.405624 1.000000 
2455327.657725  15.405082 1.000000 
2455327.678160  15.405217 1.000000 
2455327.698594  15.404853 1.000000 
2455327.719028  15.405134 1.000000 
2455327.739463  15.405209 1.000000 
2455327.759897  15.404763 1.000000 
2455327.780331  15.405632 1.000000 
2455327.800765  15.405423 1.000000 
2455327.821200  15.405267 1.000000 
2455327.841634  15.404513 1.000000 
2455327.862068  15.405992 1.000000 
2455327.882503  15.404187 1.000000 
2455327.902937  15.404517 1.000000 
2455327.923371  15.405203 1.000000 
2455327.943806  15.404836 1.000000 
2455327.964240  15.405077 1.000000 
2455327.984674  15.404315 1.000000 
2455328.005108  15.404781 1.000000 
2455328.025543  15.404841 1.000000 
2455328.045977  15.405647 1.000000 
2455328.066411  15.404891 1.000000 
2455328.086846  15.404912 1.000000 
2455328.107280  15.405645 1.000000 
2455328.127714  15.405445 1.000000 
2455328.148149  15.405013 1.000000 
2455328.168583  15.404404 1.000000 
