2455955.253317  15.399636 1.000000 
2455955.273750  15.399122 1.000000 
2455955.294183  15.398828 1.000000 
2455955.314617  15.396480 1.000000 
2455955.335050  15.398148 1.000000 
2455955.355483  15.398654 1.000000 
2455955.375917  15.398996 1.000000 
2455955.396350  15.399421 1.000000 
2455955.416783  15.397570 1.000000 
2455955.437216  15.398609 1.000000 
2455955.457650  15.397781 1.000000 
2455955.478083  15.398212 1.000000 
2455955.498516  15.398817 1.000000 
2455955.518950  15.399051 1.000000 
2455955.539383  15.398294 1.000000 
2455955.559816  15.400086 1.000000 
2455955.580250  15.406497 1.000000 
2455955.600683  15.410831 1.000000 
2455955.621116  15.412671 1.000000 
2455955.641550  15.412545 1.000000 
2455955.661983  15.412716 1.000000 
2455955.682416  15.412813 1.000000 
2455955.702850  15.412183 1.000000 
2455955.723283  15.410891 1.000000 
2455955.743716  15.405653 1.000000 
2455955.764150  15.399984 1.000000 
2455955.784583  15.398889 1.000000 
2455955.805016  15.396990 1.000000 
2455955.825450  15.399153 1.000000 
2455955.845883  15.397911 1.000000 
2455955.866317  15.398867 1.000000 
2455955.886750  15.398139 1.000000 
2455955.907183  15.398593 1.000000 
2455955.927616  15.397756 1.000000 
2455955.948050  15.398726 1.000000 
2455955.968483  15.397534 1.000000 
2455955.988916  15.398319 1.000000 
2455956.009350  15.398716 1.000000 
2455956.029783  15.397182 1.000000 
2455956.152383  15.397169 1.000000 
2455956.172816  15.397849 1.000000 
2455956.193250  15.397649 1.000000 
2455956.213683  15.398132 1.000000 
2455956.234116  15.398864 1.000000 
2455956.254550  15.398133 1.000000 
2455956.274983  15.398405 1.000000 
2455956.295416  15.397814 1.000000 
2455956.315850  15.398876 1.000000 
2455956.336283  15.397974 1.000000 
2455956.356717  15.397718 1.000000 
2455956.377150  15.398290 1.000000 
2455956.397583  15.398615 1.000000 
2455956.418016  15.398117 1.000000 
2455956.438450  15.399208 1.000000 
2455956.458883  15.397382 1.000000 
2455956.479317  15.397748 1.000000 
2455956.499750  15.399229 1.000000 
2455956.520183  15.398252 1.000000 
2455956.561050  15.396266 1.000000 
2455956.581483  15.397819 1.000000 
2455956.601917  15.398438 1.000000 
2455956.622350  15.397984 1.000000 
2455956.642783  15.398238 1.000000 
2455956.663217  15.397906 1.000000 
2455956.683650  15.398144 1.000000 
2455956.704083  15.397807 1.000000 
2455956.724517  15.397742 1.000000 
2455956.744950  15.398091 1.000000 
2455956.765383  15.398416 1.000000 
2455956.785817  15.397890 1.000000 
2455956.806250  15.398305 1.000000 
2455956.826683  15.398164 1.000000 
2455956.847117  15.398381 1.000000 
2455956.867550  15.398874 1.000000 
2455956.887984  15.398437 1.000000 
2455956.908417  15.397872 1.000000 
2455956.928850  15.399425 1.000000 
2455956.949284  15.398371 1.000000 
2455956.969717  15.398386 1.000000 
2455956.990150  15.398746 1.000000 
2455957.010584  15.398939 1.000000 
