2455502.324553  15.403186 1.000000 
2455502.344986  15.403880 1.000000 
2455502.365419  15.402780 1.000000 
2455502.385852  15.403566 1.000000 
2455502.406285  15.403193 1.000000 
2455502.426718  15.404086 1.000000 
2455502.447151  15.403204 1.000000 
2455502.467583  15.402655 1.000000 
2455502.488016  15.403964 1.000000 
2455502.508449  15.402490 1.000000 
2455502.528882  15.404613 1.000000 
2455502.569748  15.403342 1.000000 
2455502.590181  15.403842 1.000000 
2455502.610614  15.403055 1.000000 
2455502.631046  15.402878 1.000000 
2455502.651479  15.403554 1.000000 
2455502.671912  15.403835 1.000000 
2455502.692345  15.403730 1.000000 
2455502.712778  15.403818 1.000000 
2455502.733211  15.403396 1.000000 
2455502.753644  15.402122 1.000000 
2455502.774077  15.403625 1.000000 
2455502.794509  15.403769 1.000000 
2455502.814942  15.402924 1.000000 
2455502.835375  15.403415 1.000000 
2455502.855808  15.403246 1.000000 
2455502.876241  15.403667 1.000000 
2455502.896674  15.403284 1.000000 
2455502.917107  15.404225 1.000000 
2455502.937540  15.403896 1.000000 
2455502.957973  15.402897 1.000000 
2455502.978405  15.403313 1.000000 
2455502.998839  15.403056 1.000000 
2455503.019271  15.403260 1.000000 
2455503.039704  15.403337 1.000000 
2455503.060137  15.403659 1.000000 
2455503.080570  15.402779 1.000000 
2455503.101003  15.403818 1.000000 
2455503.121436  15.403718 1.000000 
2455503.141869  15.403401 1.000000 
2455503.162302  15.403631 1.000000 
2455503.182734  15.403424 1.000000 
2455503.203167  15.403705 1.000000 
2455503.223600  15.403161 1.000000 
2455503.244033  15.404083 1.000000 
2455503.264466  15.404148 1.000000 
2455503.284899  15.403041 1.000000 
2455503.305332  15.404020 1.000000 
2455503.325765  15.403914 1.000000 
2455503.346198  15.403726 1.000000 
2455503.366630  15.404169 1.000000 
2455503.387063  15.403094 1.000000 
2455503.407496  15.403712 1.000000 
2455503.427929  15.403361 1.000000 
2455503.448362  15.403203 1.000000 
2455503.468795  15.403433 1.000000 
2455503.489228  15.403798 1.000000 
2455503.509661  15.403771 1.000000 
2455503.530094  15.403092 1.000000 
2455503.550526  15.403670 1.000000 
2455503.570959  15.403918 1.000000 
2455503.591392  15.408380 1.000000 
2455503.611825  15.412684 1.000000 
2455503.632258  15.416261 1.000000 
2455503.652691  15.417392 1.000000 
2455503.673124  15.417594 1.000000 
2455503.693557  15.417243 1.000000 
2455503.713989  15.414702 1.000000 
2455503.734422  15.416556 1.000000 
2455503.754855  15.414391 1.000000 
2455503.775288  15.406868 1.000000 
2455503.795721  15.403263 1.000000 
2455503.816154  15.403249 1.000000 
2455503.836587  15.403663 1.000000 
2455503.857020  15.403064 1.000000 
2455503.877453  15.403473 1.000000 
2455503.897885  15.404422 1.000000 
2455503.918318  15.402728 1.000000 
2455503.938751  15.402049 1.000000 
2455503.959184  15.403632 1.000000 
2455503.979617  15.404074 1.000000 
2455504.000050  15.403208 1.000000 
2455504.020483  15.404388 1.000000 
2455504.040916  15.403767 1.000000 
2455504.061349  15.403696 1.000000 
2455504.081782  15.403770 1.000000 
2455504.102214  15.404546 1.000000 
2455504.122647  15.403482 1.000000 
2455504.143080  15.402900 1.000000 
2455504.163513  15.403437 1.000000 
2455504.183946  15.403014 1.000000 
2455504.204379  15.403295 1.000000 
2455504.224812  15.402581 1.000000 
2455504.245245  15.402671 1.000000 
2455504.265677  15.403403 1.000000 
2455504.286110  15.403527 1.000000 
2455504.306543  15.403452 1.000000 
2455504.326976  15.403352 1.000000 
2455504.347409  15.403441 1.000000 
2455504.367842  15.403494 1.000000 
2455504.388275  15.403802 1.000000 
2455504.408708  15.402975 1.000000 
2455504.429141  15.404372 1.000000 
2455504.449573  15.402789 1.000000 
2455504.470006  15.403803 1.000000 
2455504.490439  15.402963 1.000000 
2455504.510872  15.403101 1.000000 
2455504.531305  15.403785 1.000000 
2455504.551738  15.403621 1.000000 
2455504.572171  15.403246 1.000000 
2455504.592604  15.403066 1.000000 
2455504.613036  15.403984 1.000000 
2455504.633470  15.403033 1.000000 
2455504.653902  15.404207 1.000000 
2455504.674335  15.403358 1.000000 
2455504.694768  15.403783 1.000000 
2455504.715201  15.403806 1.000000 
2455504.735634  15.403118 1.000000 
2455504.756067  15.403693 1.000000 
2455504.776500  15.403666 1.000000 
2455504.796932  15.403818 1.000000 
2455504.817365  15.404096 1.000000 
2455504.837798  15.402899 1.000000 
2455504.858231  15.402980 1.000000 
2455504.878664  15.403422 1.000000 
2455504.899097  15.402615 1.000000 
2455504.919530  15.402293 1.000000 
2455504.939963  15.403735 1.000000 
2455504.960396  15.403666 1.000000 
2455504.980828  15.404241 1.000000 
2455505.001261  15.402585 1.000000 
2455505.021694  15.404063 1.000000 
2455505.042127  15.402299 1.000000 
