2455718.491825  15.400811 1.000000 
2455718.512259  15.401463 1.000000 
2455718.532694  15.401044 1.000000 
2455718.553128  15.400857 1.000000 
2455718.573562  15.401246 1.000000 
2455718.593996  15.401467 1.000000 
2455718.614431  15.401021 1.000000 
2455718.634865  15.400994 1.000000 
2455718.655299  15.401077 1.000000 
2455718.675734  15.401199 1.000000 
2455718.696168  15.402252 1.000000 
2455718.716602  15.401036 1.000000 
2455718.737036  15.401902 1.000000 
2455718.757470  15.400269 1.000000 
2455718.777905  15.401001 1.000000 
2455718.798339  15.401113 1.000000 
2455718.818773  15.401296 1.000000 
2455718.839208  15.401031 1.000000 
2455718.859642  15.400336 1.000000 
2455718.880076  15.400496 1.000000 
2455718.900510  15.401098 1.000000 
2455718.920945  15.401135 1.000000 
2455718.961813  15.401263 1.000000 
2455718.982247  15.401685 1.000000 
2455719.002682  15.400850 1.000000 
2455719.023116  15.401799 1.000000 
2455719.043550  15.400621 1.000000 
2455719.063984  15.401270 1.000000 
2455719.084419  15.399970 1.000000 
2455719.104853  15.401471 1.000000 
2455719.125287  15.400628 1.000000 
2455719.145721  15.400340 1.000000 
2455719.166156  15.400837 1.000000 
2455719.186590  15.400820 1.000000 
2455719.207024  15.401516 1.000000 
2455719.227458  15.401634 1.000000 
2455719.247893  15.401533 1.000000 
2455719.268327  15.401677 1.000000 
2455719.288761  15.400290 1.000000 
2455719.309195  15.400818 1.000000 
2455719.329630  15.400155 1.000000 
2455719.350064  15.400769 1.000000 
2455719.370498  15.400771 1.000000 
2455719.390933  15.400365 1.000000 
2455719.411367  15.400351 1.000000 
2455719.431801  15.399515 1.000000 
2455719.452235  15.400850 1.000000 
2455719.472670  15.401203 1.000000 
2455719.493104  15.401015 1.000000 
2455719.513538  15.400001 1.000000 
2455719.533972  15.401289 1.000000 
2455719.554407  15.401320 1.000000 
2455719.574841  15.400515 1.000000 
2455719.595275  15.400638 1.000000 
2455719.615709  15.400660 1.000000 
2455719.636144  15.401230 1.000000 
2455719.656578  15.400678 1.000000 
2455719.677012  15.401038 1.000000 
2455719.697446  15.400676 1.000000 
2455719.717881  15.401271 1.000000 
2455719.738315  15.401644 1.000000 
2455719.758749  15.407061 1.000000 
2455719.779183  15.411924 1.000000 
2455719.799618  15.413671 1.000000 
2455719.820052  15.414860 1.000000 
2455719.860921  15.414310 1.000000 
2455719.881355  15.411971 1.000000 
2455719.901789  15.413486 1.000000 
2455719.922223  15.407956 1.000000 
2455719.942658  15.404479 1.000000 
2455719.963092  15.402154 1.000000 
2455719.983526  15.402125 1.000000 
2455720.003960  15.400956 1.000000 
2455720.024395  15.400061 1.000000 
2455720.044829  15.398975 1.000000 
2455720.065263  15.398740 1.000000 
2455720.085697  15.399598 1.000000 
2455720.106132  15.400772 1.000000 
2455720.126566  15.402469 1.000000 
2455720.167434  15.400981 1.000000 
2455720.187869  15.401198 1.000000 
2455720.208303  15.401462 1.000000 
2455720.228737  15.401456 1.000000 
2455720.249171  15.399909 1.000000 
2455720.269606  15.399840 1.000000 
2455720.290040  15.401402 1.000000 
2455720.310474  15.401368 1.000000 
2455720.330908  15.400626 1.000000 
2455720.351343  15.401294 1.000000 
2455720.371777  15.401861 1.000000 
2455720.392211  15.398760 1.000000 
2455720.412645  15.399010 1.000000 
2455720.433080  15.401897 1.000000 
2455720.453514  15.399895 1.000000 
2455720.473948  15.399817 1.000000 
2455720.494382  15.401011 1.000000 
2455720.514817  15.401440 1.000000 
2455720.535251  15.400882 1.000000 
2455720.555685  15.401814 1.000000 
2455720.576119  15.400825 1.000000 
2455720.596554  15.401392 1.000000 
2455720.616988  15.401780 1.000000 
2455720.637422  15.401610 1.000000 
2455720.657856  15.401216 1.000000 
2455720.678291  15.400894 1.000000 
2455720.698725  15.401055 1.000000 
2455720.719159  15.400423 1.000000 
2455720.739593  15.401155 1.000000 
2455720.760028  15.400931 1.000000 
2455720.780462  15.401402 1.000000 
2455720.800896  15.400902 1.000000 
2455720.821330  15.401579 1.000000 
2455720.841765  15.400212 1.000000 
2455720.862199  15.401313 1.000000 
2455720.882633  15.400237 1.000000 
2455720.903067  15.400905 1.000000 
2455720.923502  15.399762 1.000000 
2455720.943936  15.400899 1.000000 
2455720.964370  15.401717 1.000000 
2455720.984804  15.401387 1.000000 
2455721.005239  15.400448 1.000000 
2455721.025673  15.400625 1.000000 
2455721.046107  15.400365 1.000000 
2455721.066541  15.399920 1.000000 
2455721.086976  15.400923 1.000000 
2455721.107410  15.400524 1.000000 
2455721.127844  15.400099 1.000000 
2455721.148278  15.400669 1.000000 
2455721.168713  15.401290 1.000000 
2455721.189147  15.399427 1.000000 
2455721.209581  15.401100 1.000000 
