2455600.587199  15.402268 1.000000 
2455600.607632  15.401071 1.000000 
2455600.628066  15.401776 1.000000 
2455600.648500  15.402213 1.000000 
2455600.668933  15.401616 1.000000 
2455600.689367  15.401871 1.000000 
2455600.709800  15.402865 1.000000 
2455600.730234  15.402586 1.000000 
2455600.750667  15.402128 1.000000 
2455600.771101  15.402841 1.000000 
2455600.791534  15.403284 1.000000 
2455600.811968  15.402349 1.000000 
2455600.832401  15.402909 1.000000 
2455600.852835  15.402127 1.000000 
2455600.873269  15.402494 1.000000 
2455600.893702  15.402550 1.000000 
2455600.914136  15.402310 1.000000 
2455600.934569  15.402214 1.000000 
2455600.955003  15.402025 1.000000 
2455600.975436  15.401795 1.000000 
2455600.995870  15.403023 1.000000 
2455601.016303  15.402811 1.000000 
2455601.036737  15.402152 1.000000 
2455601.057171  15.401978 1.000000 
2455601.077604  15.403093 1.000000 
2455601.098038  15.402744 1.000000 
2455601.118471  15.402852 1.000000 
2455601.138905  15.403298 1.000000 
2455601.159338  15.403059 1.000000 
2455601.179772  15.402647 1.000000 
2455601.200205  15.402214 1.000000 
2455601.220639  15.402687 1.000000 
2455601.241073  15.400301 1.000000 
2455601.261506  15.403136 1.000000 
2455601.281940  15.402595 1.000000 
2455601.302373  15.402692 1.000000 
2455601.322807  15.401863 1.000000 
2455601.343240  15.402439 1.000000 
2455601.363674  15.401964 1.000000 
2455601.384107  15.402020 1.000000 
2455601.404541  15.401313 1.000000 
2455601.424975  15.401886 1.000000 
2455601.445408  15.402711 1.000000 
2455601.465842  15.403446 1.000000 
2455601.486275  15.401536 1.000000 
2455601.506709  15.402201 1.000000 
2455601.527142  15.402134 1.000000 
2455601.547576  15.401896 1.000000 
2455601.568009  15.402456 1.000000 
2455601.588443  15.403056 1.000000 
2455601.608877  15.402377 1.000000 
2455601.629310  15.403313 1.000000 
2455601.649744  15.402443 1.000000 
2455601.670177  15.401488 1.000000 
2455601.690611  15.402038 1.000000 
2455601.711044  15.403257 1.000000 
2455601.731478  15.402852 1.000000 
2455601.751912  15.402203 1.000000 
2455601.772345  15.402097 1.000000 
2455601.792779  15.401658 1.000000 
2455601.813212  15.401591 1.000000 
2455601.833646  15.402667 1.000000 
2455601.854079  15.408152 1.000000 
2455601.874513  15.414854 1.000000 
2455601.894947  15.416126 1.000000 
2455601.935814  15.416424 1.000000 
2455601.956247  15.416379 1.000000 
2455601.976681  15.416425 1.000000 
2455601.997114  15.415701 1.000000 
2455602.017548  15.410753 1.000000 
2455602.037981  15.404602 1.000000 
2455602.058415  15.401432 1.000000 
2455602.078848  15.402155 1.000000 
2455602.099282  15.401990 1.000000 
2455602.119716  15.399710 1.000000 
2455602.140149  15.402916 1.000000 
2455602.160583  15.401899 1.000000 
2455602.181016  15.401676 1.000000 
2455602.201450  15.402596 1.000000 
2455602.221883  15.402192 1.000000 
2455602.242317  15.402129 1.000000 
2455602.262751  15.402585 1.000000 
2455602.283184  15.402067 1.000000 
2455602.303618  15.402082 1.000000 
2455602.324051  15.401234 1.000000 
2455602.344485  15.401728 1.000000 
2455602.364919  15.401360 1.000000 
2455602.385352  15.401792 1.000000 
2455602.405786  15.402491 1.000000 
2455602.426219  15.403040 1.000000 
2455602.446653  15.402790 1.000000 
2455602.467086  15.401802 1.000000 
2455602.487520  15.402455 1.000000 
2455602.528387  15.402946 1.000000 
2455602.548821  15.402524 1.000000 
2455602.569254  15.402128 1.000000 
2455602.589688  15.402552 1.000000 
2455602.610121  15.402601 1.000000 
2455602.630555  15.401351 1.000000 
2455602.650988  15.402587 1.000000 
2455602.671422  15.401979 1.000000 
2455602.691856  15.402681 1.000000 
2455602.712289  15.402256 1.000000 
2455602.732723  15.402594 1.000000 
2455602.753156  15.402436 1.000000 
2455602.773590  15.402299 1.000000 
2455602.794023  15.402987 1.000000 
2455602.814457  15.402671 1.000000 
2455602.834891  15.402331 1.000000 
2455602.855324  15.401836 1.000000 
2455602.875758  15.402428 1.000000 
2455602.896191  15.402033 1.000000 
2455602.916625  15.401227 1.000000 
2455602.937059  15.400237 1.000000 
2455602.957492  15.402637 1.000000 
2455602.977926  15.403148 1.000000 
2455602.998359  15.402885 1.000000 
2455603.018793  15.402537 1.000000 
2455603.039226  15.402513 1.000000 
2455603.059660  15.402435 1.000000 
2455603.080094  15.402178 1.000000 
2455603.100527  15.401672 1.000000 
2455603.120961  15.402289 1.000000 
2455603.141394  15.402334 1.000000 
2455603.161828  15.402854 1.000000 
2455603.182262  15.403330 1.000000 
2455603.202695  15.402491 1.000000 
2455603.223129  15.401564 1.000000 
2455603.243562  15.403020 1.000000 
2455603.263996  15.402259 1.000000 
2455603.284429  15.402507 1.000000 
2455603.304863  15.402650 1.000000 
