2456072.217218  15.397334 1.000000 
2456072.237653  15.396843 1.000000 
2456072.258087  15.396998 1.000000 
2456072.278521  15.397799 1.000000 
2456072.298955  15.396889 1.000000 
2456072.319390  15.398421 1.000000 
2456072.339824  15.396808 1.000000 
2456072.360258  15.397288 1.000000 
2456072.380693  15.396446 1.000000 
2456072.401127  15.397087 1.000000 
2456072.421561  15.396049 1.000000 
2456072.441996  15.397270 1.000000 
2456072.462430  15.397318 1.000000 
2456072.482864  15.396764 1.000000 
2456072.503299  15.396352 1.000000 
2456072.523733  15.396897 1.000000 
2456072.544167  15.396850 1.000000 
2456072.564601  15.397658 1.000000 
2456072.585036  15.397509 1.000000 
2456072.605470  15.396890 1.000000 
2456072.625904  15.397054 1.000000 
2456072.646339  15.397487 1.000000 
2456072.666773  15.397216 1.000000 
2456072.687207  15.396729 1.000000 
2456072.707642  15.397300 1.000000 
2456072.728076  15.396741 1.000000 
2456072.748510  15.397545 1.000000 
2456072.768944  15.396741 1.000000 
2456072.789379  15.397640 1.000000 
2456072.809813  15.397273 1.000000 
2456072.830247  15.397451 1.000000 
2456072.850682  15.397122 1.000000 
2456072.871116  15.397709 1.000000 
2456072.891550  15.397391 1.000000 
2456072.911985  15.396516 1.000000 
2456072.932419  15.396857 1.000000 
2456072.952853  15.396976 1.000000 
2456072.973287  15.396208 1.000000 
2456072.993722  15.396774 1.000000 
2456073.014156  15.397476 1.000000 
2456073.034590  15.397139 1.000000 
2456073.055025  15.396485 1.000000 
2456073.075459  15.397198 1.000000 
2456073.095893  15.397688 1.000000 
2456073.116328  15.396929 1.000000 
2456073.136762  15.397346 1.000000 
2456073.157196  15.397276 1.000000 
2456073.198065  15.396839 1.000000 
2456073.218499  15.397483 1.000000 
2456073.238933  15.396704 1.000000 
2456073.259368  15.397339 1.000000 
2456073.279802  15.397539 1.000000 
2456073.300236  15.396874 1.000000 
2456073.320671  15.395887 1.000000 
2456073.341105  15.397223 1.000000 
2456073.361539  15.396460 1.000000 
2456073.381974  15.397269 1.000000 
2456073.402408  15.396893 1.000000 
2456073.422842  15.394924 1.000000 
2456073.443277  15.396891 1.000000 
2456073.463711  15.397701 1.000000 
2456073.484145  15.403654 1.000000 
2456073.504579  15.408250 1.000000 
2456073.525014  15.409566 1.000000 
2456073.545448  15.411201 1.000000 
2456073.565882  15.410369 1.000000 
2456073.586317  15.411018 1.000000 
2456073.606751  15.410011 1.000000 
2456073.627185  15.410092 1.000000 
2456073.647620  15.404295 1.000000 
2456073.668054  15.399465 1.000000 
2456073.688488  15.396185 1.000000 
2456073.708922  15.396957 1.000000 
2456073.729357  15.396711 1.000000 
2456073.749791  15.397432 1.000000 
2456073.770226  15.396528 1.000000 
2456073.790660  15.396310 1.000000 
2456073.811094  15.396176 1.000000 
2456073.831528  15.397274 1.000000 
2456073.851963  15.397416 1.000000 
2456073.872397  15.398286 1.000000 
2456073.892831  15.397321 1.000000 
2456073.913266  15.398170 1.000000 
2456073.933700  15.396690 1.000000 
2456073.954134  15.396843 1.000000 
2456073.974568  15.397288 1.000000 
2456073.995003  15.396876 1.000000 
2456074.015437  15.396698 1.000000 
2456074.035871  15.397143 1.000000 
2456074.056306  15.397718 1.000000 
2456074.076740  15.397243 1.000000 
2456074.097174  15.396876 1.000000 
2456074.117609  15.396787 1.000000 
2456074.138043  15.397511 1.000000 
2456074.158477  15.396105 1.000000 
2456074.178912  15.396918 1.000000 
2456074.199346  15.397731 1.000000 
2456074.219780  15.397359 1.000000 
2456074.240215  15.397372 1.000000 
2456074.260649  15.396706 1.000000 
2456074.281083  15.397532 1.000000 
2456074.301517  15.397695 1.000000 
2456074.321952  15.397117 1.000000 
2456074.342386  15.396832 1.000000 
2456074.362820  15.397965 1.000000 
2456074.383255  15.397355 1.000000 
2456074.403689  15.396767 1.000000 
2456074.464992  15.397324 1.000000 
2456074.485426  15.397183 1.000000 
2456074.505860  15.397130 1.000000 
2456074.526295  15.396147 1.000000 
2456074.546729  15.396700 1.000000 
2456074.567163  15.395914 1.000000 
2456074.587598  15.396955 1.000000 
2456074.608032  15.397110 1.000000 
2456074.628466  15.396976 1.000000 
2456074.648900  15.397596 1.000000 
2456074.689769  15.396886 1.000000 
2456074.710203  15.396507 1.000000 
2456074.730638  15.397409 1.000000 
2456074.751072  15.396814 1.000000 
2456074.771506  15.397356 1.000000 
2456074.791941  15.396118 1.000000 
2456074.812375  15.396966 1.000000 
2456074.832809  15.397079 1.000000 
2456074.853243  15.397709 1.000000 
2456074.873678  15.396242 1.000000 
2456074.894112  15.396634 1.000000 
2456074.914546  15.396596 1.000000 
