2455384.423896  15.403958 1.000000 
2455384.444330  15.404813 1.000000 
2455384.464763  15.403835 1.000000 
2455384.485198  15.403784 1.000000 
2455384.505631  15.403618 1.000000 
2455384.526065  15.403354 1.000000 
2455384.546500  15.403792 1.000000 
2455384.566934  15.404721 1.000000 
2455384.587368  15.403819 1.000000 
2455384.607802  15.404329 1.000000 
2455384.628236  15.403771 1.000000 
2455384.648670  15.403801 1.000000 
2455384.669104  15.403571 1.000000 
2455384.689538  15.403904 1.000000 
2455384.709972  15.403932 1.000000 
2455384.730406  15.403918 1.000000 
2455384.750840  15.404199 1.000000 
2455384.771274  15.404166 1.000000 
2455384.791708  15.404027 1.000000 
2455384.812142  15.404090 1.000000 
2455384.832576  15.404272 1.000000 
2455384.853010  15.404126 1.000000 
2455384.873444  15.403376 1.000000 
2455384.893878  15.404446 1.000000 
2455384.914312  15.403487 1.000000 
2455384.934746  15.404034 1.000000 
2455384.955180  15.403816 1.000000 
2455384.975613  15.403993 1.000000 
2455384.996048  15.403963 1.000000 
2455385.016482  15.404328 1.000000 
2455385.036916  15.403384 1.000000 
2455385.057350  15.404519 1.000000 
2455385.077784  15.403384 1.000000 
2455385.098217  15.403556 1.000000 
2455385.118652  15.403521 1.000000 
2455385.139086  15.404896 1.000000 
2455385.159520  15.403658 1.000000 
2455385.179954  15.403251 1.000000 
2455385.200388  15.404404 1.000000 
2455385.220821  15.403930 1.000000 
2455385.241256  15.403791 1.000000 
2455385.261690  15.403297 1.000000 
2455385.282124  15.402847 1.000000 
2455385.302558  15.404308 1.000000 
2455385.322992  15.404644 1.000000 
2455385.343426  15.405056 1.000000 
2455385.363860  15.404824 1.000000 
2455385.384294  15.404300 1.000000 
2455385.404728  15.403338 1.000000 
2455385.425161  15.404016 1.000000 
2455385.445596  15.404154 1.000000 
2455385.466030  15.404043 1.000000 
2455385.486464  15.404062 1.000000 
2455385.506897  15.403461 1.000000 
2455385.527332  15.404016 1.000000 
2455385.547765  15.404505 1.000000 
2455385.568199  15.403661 1.000000 
2455385.588634  15.403907 1.000000 
2455385.609068  15.405136 1.000000 
2455385.629502  15.405001 1.000000 
2455385.649936  15.404297 1.000000 
2455385.670369  15.405085 1.000000 
2455385.690803  15.410834 1.000000 
2455385.711237  15.416309 1.000000 
2455385.731672  15.417604 1.000000 
2455385.752106  15.417645 1.000000 
2455385.772540  15.416287 1.000000 
2455385.792974  15.417643 1.000000 
2455385.813407  15.417308 1.000000 
2455385.833841  15.416059 1.000000 
2455385.854275  15.412732 1.000000 
2455385.874709  15.405855 1.000000 
2455385.895143  15.404427 1.000000 
2455385.915577  15.403303 1.000000 
2455385.936011  15.403633 1.000000 
2455385.956445  15.403932 1.000000 
2455385.976879  15.404360 1.000000 
2455385.997313  15.404333 1.000000 
2455386.017747  15.404401 1.000000 
2455386.058615  15.404208 1.000000 
2455386.079049  15.403289 1.000000 
2455386.099483  15.403105 1.000000 
2455386.119917  15.403789 1.000000 
2455386.140351  15.403807 1.000000 
2455386.160785  15.403469 1.000000 
2455386.181219  15.404526 1.000000 
2455386.201653  15.403481 1.000000 
2455386.222087  15.404040 1.000000 
2455386.242521  15.404404 1.000000 
2455386.262955  15.404288 1.000000 
2455386.283389  15.404531 1.000000 
2455386.303823  15.404586 1.000000 
2455386.324257  15.403971 1.000000 
2455386.344691  15.404276 1.000000 
2455386.365125  15.402576 1.000000 
2455386.385559  15.403818 1.000000 
2455386.405993  15.404279 1.000000 
2455386.426427  15.403482 1.000000 
2455386.446861  15.404415 1.000000 
2455386.467295  15.403371 1.000000 
2455386.487729  15.403382 1.000000 
2455386.508163  15.403846 1.000000 
2455386.528597  15.403927 1.000000 
2455386.549031  15.403906 1.000000 
2455386.569465  15.404222 1.000000 
2455386.589899  15.404648 1.000000 
2455386.610333  15.403251 1.000000 
2455386.630767  15.403790 1.000000 
2455386.651201  15.404368 1.000000 
2455386.671635  15.404102 1.000000 
2455386.692069  15.404920 1.000000 
2455386.712503  15.404493 1.000000 
2455386.732937  15.403949 1.000000 
2455386.753371  15.403584 1.000000 
2455386.773805  15.404829 1.000000 
2455386.794239  15.403376 1.000000 
2455386.814673  15.404250 1.000000 
2455386.835107  15.404181 1.000000 
2455386.855541  15.403421 1.000000 
2455386.875975  15.403327 1.000000 
2455386.896409  15.403949 1.000000 
2455386.916843  15.404431 1.000000 
2455386.937277  15.404591 1.000000 
2455386.957711  15.404744 1.000000 
2455386.978145  15.403638 1.000000 
2455386.998579  15.403584 1.000000 
2455387.019013  15.404394 1.000000 
2455387.039447  15.403794 1.000000 
2455387.059881  15.404181 1.000000 
2455387.080315  15.404490 1.000000 
2455387.100749  15.403695 1.000000 
2455387.121183  15.404223 1.000000 
