2455875.707658  15.399311 1.000000 
2455875.728091  15.399683 1.000000 
2455875.748524  15.399886 1.000000 
2455875.768957  15.399777 1.000000 
2455875.789389  15.399561 1.000000 
2455875.809822  15.399061 1.000000 
2455875.830255  15.399216 1.000000 
2455875.850688  15.398760 1.000000 
2455875.871121  15.399370 1.000000 
2455875.891554  15.400051 1.000000 
2455875.911987  15.399917 1.000000 
2455875.932420  15.399477 1.000000 
2455875.952853  15.400060 1.000000 
2455875.973285  15.401383 1.000000 
2455875.993718  15.398951 1.000000 
2455876.014151  15.398338 1.000000 
2455876.034584  15.399252 1.000000 
2455876.055017  15.398985 1.000000 
2455876.075450  15.400128 1.000000 
2455876.095883  15.398860 1.000000 
2455876.116316  15.399382 1.000000 
2455876.136749  15.398847 1.000000 
2455876.157181  15.398745 1.000000 
2455876.177614  15.400637 1.000000 
2455876.198047  15.399150 1.000000 
2455876.218480  15.399385 1.000000 
2455876.238913  15.398789 1.000000 
2455876.259346  15.398537 1.000000 
2455876.279779  15.399693 1.000000 
2455876.300212  15.399162 1.000000 
2455876.320645  15.399262 1.000000 
2455876.341078  15.399886 1.000000 
2455876.361510  15.398479 1.000000 
2455876.381943  15.400179 1.000000 
2455876.402376  15.399007 1.000000 
2455876.422809  15.399980 1.000000 
2455876.443242  15.399476 1.000000 
2455876.463675  15.398835 1.000000 
2455876.484108  15.399137 1.000000 
2455876.504541  15.400079 1.000000 
2455876.524973  15.398836 1.000000 
2455876.545406  15.399833 1.000000 
2455876.565839  15.399902 1.000000 
2455876.586272  15.399022 1.000000 
2455876.606705  15.399803 1.000000 
2455876.627138  15.399795 1.000000 
2455876.647571  15.398039 1.000000 
2455876.668003  15.400157 1.000000 
2455876.688436  15.399652 1.000000 
2455876.708869  15.400240 1.000000 
2455876.729302  15.398956 1.000000 
2455876.749735  15.400638 1.000000 
2455876.770168  15.399422 1.000000 
2455876.790601  15.399356 1.000000 
2455876.811034  15.399165 1.000000 
2455876.831467  15.399043 1.000000 
2455876.851900  15.399654 1.000000 
2455876.872332  15.399670 1.000000 
2455876.892765  15.400366 1.000000 
2455876.913198  15.398331 1.000000 
2455876.933631  15.399621 1.000000 
2455876.954064  15.401690 1.000000 
2455876.974497  15.407062 1.000000 
2455876.994930  15.411649 1.000000 
2455877.015363  15.412005 1.000000 
2455877.035796  15.414421 1.000000 
2455877.056228  15.413123 1.000000 
2455877.076661  15.412831 1.000000 
2455877.097094  15.412279 1.000000 
2455877.117527  15.411881 1.000000 
2455877.137960  15.407439 1.000000 
2455877.158393  15.401248 1.000000 
2455877.178826  15.399070 1.000000 
2455877.199259  15.400386 1.000000 
2455877.219691  15.399672 1.000000 
2455877.260557  15.399724 1.000000 
2455877.280990  15.399738 1.000000 
2455877.301423  15.399057 1.000000 
2455877.321856  15.399899 1.000000 
2455877.342289  15.399279 1.000000 
2455877.362722  15.399537 1.000000 
2455877.383154  15.400226 1.000000 
2455877.403587  15.399235 1.000000 
2455877.424020  15.400256 1.000000 
2455877.444453  15.399457 1.000000 
2455877.464886  15.399363 1.000000 
2455877.485319  15.399647 1.000000 
2455877.505752  15.399802 1.000000 
2455877.526185  15.400143 1.000000 
2455877.546618  15.399473 1.000000 
2455877.567050  15.399060 1.000000 
2455877.587483  15.397723 1.000000 
2455877.607916  15.399002 1.000000 
2455877.628349  15.400225 1.000000 
2455877.648782  15.398809 1.000000 
2455877.669215  15.399792 1.000000 
2455877.689648  15.399719 1.000000 
2455877.710081  15.399209 1.000000 
2455877.730514  15.399861 1.000000 
2455877.750946  15.399371 1.000000 
2455877.771379  15.399826 1.000000 
2455877.791812  15.399721 1.000000 
2455877.812245  15.399199 1.000000 
2455877.832678  15.399546 1.000000 
2455877.853111  15.399317 1.000000 
2455877.873544  15.399465 1.000000 
2455877.893977  15.398945 1.000000 
2455877.914410  15.399435 1.000000 
2455877.934842  15.399673 1.000000 
2455877.955275  15.399187 1.000000 
2455877.975708  15.399613 1.000000 
2455877.996141  15.399357 1.000000 
2455878.016574  15.398672 1.000000 
2455878.037007  15.399545 1.000000 
2455878.057440  15.399508 1.000000 
2455878.077872  15.399864 1.000000 
2455878.098305  15.399520 1.000000 
2455878.118738  15.399925 1.000000 
2455878.139171  15.398901 1.000000 
2455878.159604  15.400084 1.000000 
2455878.180037  15.399493 1.000000 
2455878.200470  15.399931 1.000000 
2455878.220903  15.399069 1.000000 
2455878.241336  15.399830 1.000000 
2455878.261768  15.399773 1.000000 
2455878.282201  15.397810 1.000000 
2455878.302634  15.398698 1.000000 
2455878.323067  15.398860 1.000000 
2455878.343500  15.399795 1.000000 
2455878.363933  15.398696 1.000000 
2455878.384366  15.399423 1.000000 
2455878.404799  15.399378 1.000000 
