2455443.375078  15.403971 1.000000 
2455443.395512  15.404818 1.000000 
2455443.415945  15.404643 1.000000 
2455443.436378  15.404659 1.000000 
2455443.456811  15.403955 1.000000 
2455443.477245  15.403490 1.000000 
2455443.497678  15.404033 1.000000 
2455443.518112  15.403206 1.000000 
2455443.538545  15.403234 1.000000 
2455443.558978  15.403939 1.000000 
2455443.579412  15.403740 1.000000 
2455443.599845  15.403410 1.000000 
2455443.620279  15.404337 1.000000 
2455443.640712  15.403472 1.000000 
2455443.661145  15.403462 1.000000 
2455443.681579  15.404176 1.000000 
2455443.702012  15.403651 1.000000 
2455443.722445  15.403796 1.000000 
2455443.742879  15.404470 1.000000 
2455443.763312  15.404148 1.000000 
2455443.783745  15.404168 1.000000 
2455443.804179  15.403963 1.000000 
2455443.824612  15.403572 1.000000 
2455443.845045  15.404738 1.000000 
2455443.865479  15.403520 1.000000 
2455443.885912  15.403644 1.000000 
2455443.906345  15.403911 1.000000 
2455443.926779  15.404125 1.000000 
2455443.947212  15.404902 1.000000 
2455443.967645  15.404687 1.000000 
2455443.988079  15.404095 1.000000 
2455444.008512  15.403884 1.000000 
2455444.028946  15.404051 1.000000 
2455444.049379  15.404855 1.000000 
2455444.069812  15.404969 1.000000 
2455444.090246  15.404946 1.000000 
2455444.110679  15.403766 1.000000 
2455444.131112  15.404184 1.000000 
2455444.151546  15.404400 1.000000 
2455444.171979  15.403844 1.000000 
2455444.192412  15.404099 1.000000 
2455444.212846  15.404369 1.000000 
2455444.233279  15.404325 1.000000 
2455444.253712  15.403085 1.000000 
2455444.274146  15.403679 1.000000 
2455444.294579  15.404326 1.000000 
2455444.315013  15.403302 1.000000 
2455444.335446  15.404108 1.000000 
2455444.355879  15.403339 1.000000 
2455444.376312  15.403069 1.000000 
2455444.396746  15.403368 1.000000 
2455444.417179  15.403843 1.000000 
2455444.437613  15.404709 1.000000 
2455444.458046  15.404634 1.000000 
2455444.478479  15.403675 1.000000 
2455444.498913  15.403804 1.000000 
2455444.519346  15.404349 1.000000 
2455444.539779  15.403680 1.000000 
2455444.560213  15.403912 1.000000 
2455444.580646  15.404008 1.000000 
2455444.601079  15.404636 1.000000 
2455444.621513  15.404222 1.000000 
2455444.641946  15.409124 1.000000 
2455444.662379  15.414620 1.000000 
2455444.682813  15.417085 1.000000 
2455444.703246  15.417729 1.000000 
2455444.723679  15.417772 1.000000 
2455444.744113  15.417026 1.000000 
2455444.764546  15.417150 1.000000 
2455444.784979  15.416447 1.000000 
2455444.805413  15.414183 1.000000 
2455444.825846  15.406124 1.000000 
2455444.846280  15.403371 1.000000 
2455444.866713  15.403944 1.000000 
2455444.887146  15.403728 1.000000 
2455444.907580  15.403234 1.000000 
2455444.928013  15.403632 1.000000 
2455444.948446  15.404562 1.000000 
2455444.968880  15.404197 1.000000 
2455444.989313  15.403942 1.000000 
2455445.009746  15.403866 1.000000 
2455445.030180  15.403914 1.000000 
2455445.050613  15.403830 1.000000 
2455445.071046  15.403834 1.000000 
2455445.091480  15.403564 1.000000 
2455445.111913  15.404259 1.000000 
2455445.132346  15.404747 1.000000 
2455445.152780  15.404747 1.000000 
2455445.173213  15.403959 1.000000 
2455445.193646  15.404223 1.000000 
2455445.214080  15.404223 1.000000 
2455445.234513  15.403162 1.000000 
2455445.254946  15.403531 1.000000 
2455445.275380  15.404297 1.000000 
2455445.295813  15.403448 1.000000 
2455445.316246  15.404167 1.000000 
2455445.336680  15.403315 1.000000 
2455445.357113  15.404040 1.000000 
2455445.377546  15.404106 1.000000 
2455445.397980  15.405138 1.000000 
2455445.418413  15.403942 1.000000 
2455445.438846  15.403381 1.000000 
2455445.459280  15.403757 1.000000 
2455445.479713  15.404010 1.000000 
2455445.500146  15.403894 1.000000 
2455445.520580  15.404650 1.000000 
2455445.541013  15.403803 1.000000 
2455445.561446  15.403458 1.000000 
2455445.581880  15.404205 1.000000 
2455445.602313  15.404039 1.000000 
2455445.622746  15.403735 1.000000 
2455445.643180  15.402318 1.000000 
2455445.663613  15.403296 1.000000 
2455445.684046  15.404065 1.000000 
2455445.704480  15.403343 1.000000 
2455445.724913  15.403429 1.000000 
2455445.745347  15.404351 1.000000 
2455445.765780  15.403887 1.000000 
2455445.786213  15.404194 1.000000 
2455445.806646  15.403932 1.000000 
2455445.827080  15.403940 1.000000 
2455445.847513  15.402653 1.000000 
2455445.867946  15.403939 1.000000 
2455445.888380  15.403992 1.000000 
2455445.908813  15.404247 1.000000 
2455445.929247  15.404640 1.000000 
2455445.949680  15.404287 1.000000 
2455445.970113  15.404011 1.000000 
2455445.990546  15.403694 1.000000 
2455446.010980  15.403698 1.000000 
2455446.031413  15.403739 1.000000 
2455446.051847  15.404135 1.000000 
2455446.072280  15.404464 1.000000 
2455446.092713  15.403522 1.000000 
