2455973.949918  15.398306 1.000000 
2455973.970351  15.398294 1.000000 
2455973.990785  15.397459 1.000000 
2455974.011218  15.396355 1.000000 
2455974.031652  15.398420 1.000000 
2455974.052086  15.397933 1.000000 
2455974.072519  15.398395 1.000000 
2455974.092953  15.397789 1.000000 
2455974.113386  15.398670 1.000000 
2455974.133820  15.398638 1.000000 
2455974.154254  15.398390 1.000000 
2455974.174687  15.398979 1.000000 
2455974.195120  15.398223 1.000000 
2455974.215554  15.398437 1.000000 
2455974.235988  15.398166 1.000000 
2455974.256421  15.398880 1.000000 
2455974.276855  15.399172 1.000000 
2455974.297288  15.399302 1.000000 
2455974.317722  15.398355 1.000000 
2455974.338156  15.398203 1.000000 
2455974.358589  15.398142 1.000000 
2455974.379023  15.397974 1.000000 
2455974.399456  15.398762 1.000000 
2455974.419890  15.397332 1.000000 
2455974.440323  15.398922 1.000000 
2455974.460757  15.398842 1.000000 
2455974.481191  15.399272 1.000000 
2455974.501624  15.397575 1.000000 
2455974.522058  15.398539 1.000000 
2455974.542491  15.398746 1.000000 
2455974.562925  15.398351 1.000000 
2455974.583358  15.398735 1.000000 
2455974.603792  15.397674 1.000000 
2455974.624226  15.397961 1.000000 
2455974.644659  15.398714 1.000000 
2455974.665093  15.398540 1.000000 
2455974.685526  15.396598 1.000000 
2455974.705960  15.398533 1.000000 
2455974.726393  15.398404 1.000000 
2455974.746827  15.398700 1.000000 
2455974.767261  15.398510 1.000000 
2455974.787694  15.398994 1.000000 
2455974.808128  15.398195 1.000000 
2455974.828561  15.398559 1.000000 
2455974.848995  15.398334 1.000000 
2455974.869428  15.399412 1.000000 
2455974.889862  15.397879 1.000000 
2455974.910295  15.397531 1.000000 
2455974.930729  15.398127 1.000000 
2455974.951163  15.398220 1.000000 
2455974.971596  15.398489 1.000000 
2455974.992030  15.398952 1.000000 
2455975.012463  15.398298 1.000000 
2455975.032897  15.398988 1.000000 
2455975.053331  15.398395 1.000000 
2455975.073764  15.398209 1.000000 
2455975.094198  15.398986 1.000000 
2455975.114631  15.398196 1.000000 
2455975.135065  15.398475 1.000000 
2455975.155498  15.397996 1.000000 
2455975.175932  15.397448 1.000000 
2455975.196366  15.398133 1.000000 
2455975.216799  15.401523 1.000000 
2455975.237233  15.408847 1.000000 
2455975.257666  15.411232 1.000000 
2455975.278100  15.411705 1.000000 
2455975.298534  15.412699 1.000000 
2455975.318967  15.412610 1.000000 
2455975.339401  15.412309 1.000000 
2455975.359834  15.411969 1.000000 
2455975.380268  15.410507 1.000000 
2455975.400701  15.403577 1.000000 
2455975.421135  15.398584 1.000000 
2455975.441569  15.398464 1.000000 
2455975.462002  15.397520 1.000000 
2455975.482436  15.397947 1.000000 
2455975.502869  15.398654 1.000000 
2455975.523303  15.398713 1.000000 
2455975.543737  15.399452 1.000000 
2455975.564170  15.398976 1.000000 
2455975.584604  15.397859 1.000000 
2455975.605037  15.398561 1.000000 
2455975.625471  15.398298 1.000000 
2455975.645904  15.398171 1.000000 
2455975.666338  15.397890 1.000000 
2455975.686772  15.396165 1.000000 
2455975.707205  15.398552 1.000000 
2455975.727639  15.397389 1.000000 
2455975.748072  15.398503 1.000000 
2455975.768506  15.398114 1.000000 
2455975.788939  15.398719 1.000000 
2455975.809373  15.398160 1.000000 
2455975.829807  15.399051 1.000000 
2455975.850240  15.398666 1.000000 
2455975.870674  15.398089 1.000000 
2455975.891107  15.399382 1.000000 
2455975.911541  15.398920 1.000000 
2455975.931975  15.398208 1.000000 
2455975.952408  15.399120 1.000000 
2455975.972842  15.398483 1.000000 
2455975.993275  15.398256 1.000000 
2455976.013709  15.397381 1.000000 
2455976.034143  15.398324 1.000000 
2455976.054576  15.398365 1.000000 
2455976.075010  15.397573 1.000000 
2455976.095443  15.398326 1.000000 
2455976.115877  15.397501 1.000000 
2455976.136311  15.399127 1.000000 
2455976.156744  15.398099 1.000000 
2455976.177178  15.398363 1.000000 
2455976.197611  15.399188 1.000000 
2455976.218045  15.398468 1.000000 
2455976.238478  15.398612 1.000000 
2455976.258912  15.398307 1.000000 
2455976.279346  15.398441 1.000000 
2455976.299779  15.398128 1.000000 
2455976.320213  15.398634 1.000000 
2455976.340646  15.398200 1.000000 
2455976.361080  15.398652 1.000000 
2455976.381514  15.397015 1.000000 
2455976.401947  15.398736 1.000000 
2455976.422381  15.397841 1.000000 
2455976.442814  15.397971 1.000000 
2455976.463248  15.397373 1.000000 
2455976.483682  15.397999 1.000000 
2455976.504115  15.398462 1.000000 
2455976.524549  15.398510 1.000000 
2455976.544982  15.398766 1.000000 
2455976.565416  15.398218 1.000000 
2455976.585850  15.398710 1.000000 
2455976.606283  15.399287 1.000000 
2455976.626717  15.398019 1.000000 
2455976.647150  15.398154 1.000000 
2455976.667584  15.397882 1.000000 
