2455679.176244  15.400562 1.000000 
2455679.196678  15.401027 1.000000 
2455679.217112  15.400461 1.000000 
2455679.237546  15.401040 1.000000 
2455679.257981  15.400877 1.000000 
2455679.278415  15.400240 1.000000 
2455679.298849  15.400820 1.000000 
2455679.319283  15.400588 1.000000 
2455679.339718  15.400613 1.000000 
2455679.360152  15.400481 1.000000 
2455679.380586  15.401203 1.000000 
2455679.401021  15.401628 1.000000 
2455679.421455  15.399982 1.000000 
2455679.441889  15.400481 1.000000 
2455679.462323  15.400806 1.000000 
2455679.482758  15.401401 1.000000 
2455679.503192  15.400953 1.000000 
2455679.523626  15.399774 1.000000 
2455679.544061  15.401055 1.000000 
2455679.564495  15.401737 1.000000 
2455679.584929  15.400306 1.000000 
2455679.605363  15.400994 1.000000 
2455679.625798  15.400656 1.000000 
2455679.646232  15.400078 1.000000 
2455679.666666  15.400613 1.000000 
2455679.687101  15.400555 1.000000 
2455679.707535  15.400390 1.000000 
2455679.727969  15.400691 1.000000 
2455679.748403  15.401270 1.000000 
2455679.768838  15.400201 1.000000 
2455679.789272  15.400599 1.000000 
2455679.809706  15.401017 1.000000 
2455679.830140  15.400633 1.000000 
2455679.850575  15.401380 1.000000 
2455679.871009  15.401114 1.000000 
2455679.891443  15.401492 1.000000 
2455679.911878  15.401829 1.000000 
2455679.932312  15.400315 1.000000 
2455679.952746  15.401141 1.000000 
2455679.973180  15.400859 1.000000 
2455679.993615  15.400181 1.000000 
2455680.014049  15.401231 1.000000 
2455680.034483  15.400310 1.000000 
2455680.054918  15.401629 1.000000 
2455680.075352  15.400488 1.000000 
2455680.095786  15.401238 1.000000 
2455680.116220  15.401397 1.000000 
2455680.136655  15.400743 1.000000 
2455680.157089  15.400374 1.000000 
2455680.177523  15.401307 1.000000 
2455680.197958  15.401167 1.000000 
2455680.218392  15.401033 1.000000 
2455680.238826  15.400876 1.000000 
2455680.259260  15.400428 1.000000 
2455680.279695  15.401642 1.000000 
2455680.300129  15.401111 1.000000 
2455680.320563  15.400572 1.000000 
2455680.340997  15.401290 1.000000 
2455680.361432  15.400438 1.000000 
2455680.381866  15.400841 1.000000 
2455680.402300  15.401032 1.000000 
2455680.422735  15.401461 1.000000 
2455680.443169  15.402619 1.000000 
2455680.463603  15.409450 1.000000 
2455680.484037  15.413384 1.000000 
2455680.504472  15.414321 1.000000 
2455680.524906  15.415048 1.000000 
2455680.545340  15.415012 1.000000 
2455680.565775  15.414289 1.000000 
2455680.586209  15.414187 1.000000 
2455680.606643  15.412715 1.000000 
2455680.627077  15.407672 1.000000 
2455680.647512  15.401874 1.000000 
2455680.667946  15.400524 1.000000 
2455680.688380  15.401032 1.000000 
2455680.708815  15.401147 1.000000 
2455680.729249  15.401206 1.000000 
2455680.749683  15.401297 1.000000 
2455680.770117  15.401340 1.000000 
2455680.790552  15.401662 1.000000 
2455680.810986  15.401709 1.000000 
2455680.831420  15.400783 1.000000 
2455680.851855  15.401470 1.000000 
2455680.872289  15.401065 1.000000 
2455680.892723  15.400470 1.000000 
2455680.913157  15.401418 1.000000 
2455680.954026  15.400998 1.000000 
2455680.974460  15.401616 1.000000 
2455680.994895  15.401309 1.000000 
2455681.015329  15.401616 1.000000 
2455681.035763  15.399766 1.000000 
2455681.056197  15.400583 1.000000 
2455681.076632  15.400634 1.000000 
2455681.097066  15.401040 1.000000 
2455681.117500  15.400876 1.000000 
2455681.137935  15.400708 1.000000 
2455681.158369  15.400497 1.000000 
2455681.178803  15.400186 1.000000 
2455681.199237  15.399456 1.000000 
2455681.219672  15.399781 1.000000 
2455681.240106  15.401267 1.000000 
2455681.260540  15.401486 1.000000 
2455681.280975  15.401198 1.000000 
2455681.301409  15.400941 1.000000 
2455681.321843  15.401191 1.000000 
2455681.342277  15.400879 1.000000 
2455681.362712  15.401179 1.000000 
2455681.383146  15.400822 1.000000 
2455681.403580  15.401142 1.000000 
2455681.424015  15.401278 1.000000 
2455681.444449  15.401115 1.000000 
2455681.464883  15.400965 1.000000 
2455681.485317  15.401225 1.000000 
2455681.505752  15.401251 1.000000 
2455681.526186  15.400925 1.000000 
2455681.546620  15.400806 1.000000 
2455681.567055  15.400726 1.000000 
2455681.587489  15.401176 1.000000 
2455681.607923  15.400472 1.000000 
2455681.628357  15.401320 1.000000 
2455681.648792  15.400495 1.000000 
2455681.669226  15.401639 1.000000 
2455681.689660  15.401406 1.000000 
2455681.710094  15.400203 1.000000 
2455681.730529  15.401095 1.000000 
2455681.750963  15.401435 1.000000 
2455681.771397  15.401410 1.000000 
2455681.791832  15.400897 1.000000 
2455681.812266  15.400734 1.000000 
2455681.832700  15.401632 1.000000 
2455681.853135  15.401327 1.000000 
2455681.873569  15.400854 1.000000 
2455681.894003  15.401076 1.000000 
