2455305.813468  15.404848 1.000000 
2455305.833902  15.405117 1.000000 
2455305.854336  15.405312 1.000000 
2455305.874771  15.404513 1.000000 
2455305.895205  15.405296 1.000000 
2455305.915639  15.403653 1.000000 
2455305.936074  15.404993 1.000000 
2455305.956508  15.404801 1.000000 
2455305.976942  15.404876 1.000000 
2455305.997376  15.404592 1.000000 
2455306.017811  15.406227 1.000000 
2455306.038245  15.405690 1.000000 
2455306.058679  15.404967 1.000000 
2455306.079114  15.405144 1.000000 
2455306.099548  15.404799 1.000000 
2455306.119982  15.404696 1.000000 
2455306.140416  15.405241 1.000000 
2455306.160851  15.404717 1.000000 
2455306.181285  15.405307 1.000000 
2455306.201719  15.404652 1.000000 
2455306.222153  15.405157 1.000000 
2455306.242588  15.405133 1.000000 
2455306.263022  15.404910 1.000000 
2455306.283456  15.405518 1.000000 
2455306.303890  15.404859 1.000000 
2455306.324325  15.405300 1.000000 
2455306.344759  15.405203 1.000000 
2455306.365193  15.404390 1.000000 
2455306.385627  15.406143 1.000000 
2455306.406062  15.405912 1.000000 
2455306.426496  15.405081 1.000000 
2455306.446930  15.405075 1.000000 
2455306.467365  15.404665 1.000000 
2455306.487799  15.405224 1.000000 
2455306.508233  15.404804 1.000000 
2455306.528667  15.405413 1.000000 
2455306.549102  15.405834 1.000000 
2455306.569536  15.405584 1.000000 
2455306.589970  15.404697 1.000000 
2455306.610404  15.403718 1.000000 
2455306.630839  15.405059 1.000000 
2455306.651273  15.405288 1.000000 
2455306.671707  15.405067 1.000000 
2455306.692142  15.405777 1.000000 
2455306.712576  15.404780 1.000000 
2455306.733010  15.404593 1.000000 
2455306.753444  15.405517 1.000000 
2455306.773879  15.405463 1.000000 
2455306.794313  15.405278 1.000000 
2455306.814747  15.405292 1.000000 
2455306.835182  15.404647 1.000000 
2455306.855616  15.405484 1.000000 
2455306.876050  15.405407 1.000000 
2455306.896484  15.404299 1.000000 
2455306.916919  15.405505 1.000000 
2455306.937353  15.405164 1.000000 
2455306.957787  15.405054 1.000000 
2455306.978221  15.405044 1.000000 
2455306.998656  15.405615 1.000000 
2455307.019090  15.405193 1.000000 
2455307.039524  15.405406 1.000000 
2455307.059958  15.405558 1.000000 
2455307.080393  15.410865 1.000000 
2455307.100827  15.416103 1.000000 
2455307.121261  15.418412 1.000000 
2455307.141696  15.418683 1.000000 
2455307.162130  15.418910 1.000000 
2455307.182564  15.418946 1.000000 
2455307.202998  15.418443 1.000000 
2455307.223433  15.417655 1.000000 
2455307.243867  15.414732 1.000000 
2455307.264301  15.408710 1.000000 
2455307.284736  15.404997 1.000000 
2455307.305170  15.404548 1.000000 
2455307.325604  15.405326 1.000000 
2455307.346038  15.404524 1.000000 
2455307.366473  15.405578 1.000000 
2455307.386907  15.405950 1.000000 
2455307.407341  15.405318 1.000000 
2455307.427776  15.404461 1.000000 
2455307.448210  15.405630 1.000000 
2455307.468644  15.405465 1.000000 
2455307.489078  15.404948 1.000000 
2455307.509513  15.403921 1.000000 
2455307.529947  15.404755 1.000000 
2455307.550381  15.404608 1.000000 
2455307.570815  15.405202 1.000000 
2455307.591250  15.404977 1.000000 
2455307.611684  15.405456 1.000000 
2455307.632118  15.406014 1.000000 
2455307.652552  15.404518 1.000000 
2455307.672987  15.405571 1.000000 
2455307.693421  15.405210 1.000000 
2455307.713855  15.404968 1.000000 
2455307.734290  15.405835 1.000000 
2455307.754724  15.404797 1.000000 
2455307.775158  15.405313 1.000000 
2455307.816027  15.404846 1.000000 
2455307.836461  15.405218 1.000000 
2455307.856895  15.404964 1.000000 
2455307.877329  15.405316 1.000000 
2455307.897764  15.404993 1.000000 
2455307.918198  15.405203 1.000000 
2455307.938632  15.405334 1.000000 
2455307.959067  15.405796 1.000000 
2455307.979501  15.405876 1.000000 
2455307.999935  15.405715 1.000000 
