2455286.155747  15.404756 1.000000 
2455286.176181  15.404857 1.000000 
2455286.196615  15.404856 1.000000 
2455286.217049  15.404611 1.000000 
2455286.237484  15.404116 1.000000 
2455286.257918  15.404791 1.000000 
2455286.278352  15.405423 1.000000 
2455286.298786  15.405591 1.000000 
2455286.319220  15.404518 1.000000 
2455286.339654  15.404280 1.000000 
2455286.360089  15.405653 1.000000 
2455286.380523  15.404945 1.000000 
2455286.400957  15.404641 1.000000 
2455286.421391  15.406364 1.000000 
2455286.441825  15.404738 1.000000 
2455286.462259  15.405711 1.000000 
2455286.482694  15.405258 1.000000 
2455286.503128  15.404443 1.000000 
2455286.523562  15.405252 1.000000 
2455286.543996  15.404617 1.000000 
2455286.564430  15.404638 1.000000 
2455286.584864  15.405406 1.000000 
2455286.605299  15.405170 1.000000 
2455286.625733  15.403215 1.000000 
2455286.646167  15.404628 1.000000 
2455286.666601  15.405180 1.000000 
2455286.687035  15.404499 1.000000 
2455286.707470  15.405502 1.000000 
2455286.727904  15.405187 1.000000 
2455286.748338  15.404792 1.000000 
2455286.768772  15.404495 1.000000 
2455286.789206  15.404881 1.000000 
2455286.809640  15.404671 1.000000 
2455286.830074  15.404929 1.000000 
2455286.850509  15.404928 1.000000 
2455286.870943  15.404630 1.000000 
2455286.911811  15.404698 1.000000 
2455286.932245  15.404901 1.000000 
2455286.952679  15.404977 1.000000 
2455286.973114  15.403658 1.000000 
2455286.993548  15.404448 1.000000 
2455287.013982  15.406062 1.000000 
2455287.034416  15.404539 1.000000 
2455287.054850  15.404495 1.000000 
2455287.075285  15.405814 1.000000 
2455287.095719  15.404382 1.000000 
2455287.116153  15.404770 1.000000 
2455287.136587  15.405690 1.000000 
2455287.157021  15.405761 1.000000 
2455287.177455  15.405604 1.000000 
2455287.197889  15.405216 1.000000 
2455287.218324  15.405588 1.000000 
2455287.238758  15.405406 1.000000 
2455287.259192  15.405465 1.000000 
2455287.279626  15.404813 1.000000 
2455287.300060  15.405702 1.000000 
2455287.320494  15.405777 1.000000 
2455287.340929  15.404579 1.000000 
2455287.361363  15.405863 1.000000 
2455287.381797  15.404910 1.000000 
2455287.402231  15.405139 1.000000 
2455287.422665  15.408072 1.000000 
2455287.443100  15.414915 1.000000 
2455287.463534  15.418109 1.000000 
2455287.483968  15.419358 1.000000 
2455287.504402  15.418910 1.000000 
2455287.524836  15.419294 1.000000 
2455287.545270  15.419380 1.000000 
2455287.565704  15.417940 1.000000 
2455287.586139  15.416219 1.000000 
2455287.606573  15.411138 1.000000 
2455287.627007  15.405082 1.000000 
2455287.647441  15.406339 1.000000 
2455287.667875  15.405122 1.000000 
2455287.688310  15.404706 1.000000 
2455287.708744  15.405553 1.000000 
2455287.729178  15.404655 1.000000 
2455287.749612  15.403677 1.000000 
2455287.770046  15.403881 1.000000 
2455287.790481  15.404619 1.000000 
2455287.810915  15.404665 1.000000 
2455287.831349  15.404922 1.000000 
2455287.851783  15.405237 1.000000 
2455287.872217  15.405121 1.000000 
2455287.892651  15.405207 1.000000 
2455287.913086  15.405241 1.000000 
2455287.933520  15.404710 1.000000 
2455287.953954  15.404978 1.000000 
2455287.974388  15.405534 1.000000 
2455287.994822  15.404238 1.000000 
2455288.015256  15.405527 1.000000 
2455288.035691  15.405358 1.000000 
2455288.056125  15.405680 1.000000 
2455288.076559  15.405738 1.000000 
2455288.096993  15.403899 1.000000 
2455288.117427  15.406066 1.000000 
2455288.137861  15.405198 1.000000 
2455288.158296  15.405017 1.000000 
2455288.178730  15.405815 1.000000 
2455288.199164  15.405008 1.000000 
2455288.219598  15.405280 1.000000 
2455288.240032  15.405084 1.000000 
2455288.260467  15.404688 1.000000 
2455288.280901  15.404431 1.000000 
2455288.301335  15.405217 1.000000 
2455288.321769  15.405881 1.000000 
2455288.342203  15.405945 1.000000 
2455288.362637  15.405016 1.000000 
2455288.383071  15.405147 1.000000 
2455288.403506  15.404688 1.000000 
2455288.423940  15.405006 1.000000 
2455288.444374  15.404510 1.000000 
2455288.464808  15.404490 1.000000 
2455288.485242  15.405282 1.000000 
2455288.505677  15.404786 1.000000 
2455288.526111  15.404993 1.000000 
2455288.546545  15.405577 1.000000 
2455288.566979  15.404953 1.000000 
2455288.587413  15.405418 1.000000 
2455288.607848  15.406157 1.000000 
2455288.628282  15.405244 1.000000 
2455288.648716  15.405239 1.000000 
2455288.669150  15.405415 1.000000 
2455288.689584  15.405601 1.000000 
2455288.710018  15.405766 1.000000 
2455288.730453  15.404944 1.000000 
2455288.750887  15.406141 1.000000 
2455288.771321  15.404603 1.000000 
2455288.791755  15.405441 1.000000 
2455288.812189  15.405147 1.000000 
2455288.832623  15.404994 1.000000 
2455288.853058  15.405823 1.000000 
2455288.873492  15.405854 1.000000 
