2455541.616993  15.404052 1.000000 
2455541.637426  15.403806 1.000000 
2455541.657859  15.403254 1.000000 
2455541.678292  15.403045 1.000000 
2455541.698725  15.403336 1.000000 
2455541.719158  15.403347 1.000000 
2455541.739591  15.402582 1.000000 
2455541.760024  15.402761 1.000000 
2455541.780457  15.403170 1.000000 
2455541.800890  15.402538 1.000000 
2455541.821323  15.403341 1.000000 
2455541.841756  15.403722 1.000000 
2455541.862188  15.402961 1.000000 
2455541.882621  15.403078 1.000000 
2455541.903054  15.403632 1.000000 
2455541.923487  15.404512 1.000000 
2455541.943920  15.404365 1.000000 
2455541.964353  15.403558 1.000000 
2455541.984786  15.403125 1.000000 
2455542.005219  15.403983 1.000000 
2455542.025652  15.403764 1.000000 
2455542.046085  15.403462 1.000000 
2455542.066518  15.403339 1.000000 
2455542.086951  15.403592 1.000000 
2455542.107384  15.403721 1.000000 
2455542.127817  15.403800 1.000000 
2455542.148250  15.402959 1.000000 
2455542.168682  15.402626 1.000000 
2455542.189116  15.403564 1.000000 
2455542.209548  15.402992 1.000000 
2455542.229981  15.403966 1.000000 
2455542.250414  15.403691 1.000000 
2455542.270847  15.403370 1.000000 
2455542.291280  15.403708 1.000000 
2455542.311713  15.402504 1.000000 
2455542.332146  15.402527 1.000000 
2455542.352579  15.404117 1.000000 
2455542.373012  15.403105 1.000000 
2455542.393445  15.403243 1.000000 
2455542.413878  15.404122 1.000000 
2455542.434311  15.402924 1.000000 
2455542.454744  15.403024 1.000000 
2455542.475177  15.402905 1.000000 
2455542.495610  15.403481 1.000000 
2455542.516042  15.403394 1.000000 
2455542.536476  15.402476 1.000000 
2455542.556908  15.402664 1.000000 
2455542.577341  15.403170 1.000000 
2455542.597774  15.402853 1.000000 
2455542.618207  15.403049 1.000000 
2455542.638640  15.403046 1.000000 
2455542.659073  15.403097 1.000000 
2455542.679506  15.402723 1.000000 
2455542.699939  15.402980 1.000000 
2455542.720372  15.403528 1.000000 
