2455404.060882  15.403472 1.000000 
2455404.081316  15.403555 1.000000 
2455404.101750  15.403857 1.000000 
2455404.122184  15.403878 1.000000 
2455404.142618  15.403596 1.000000 
2455404.163051  15.404251 1.000000 
2455404.183485  15.404462 1.000000 
2455404.203919  15.403770 1.000000 
2455404.224353  15.404807 1.000000 
2455404.244787  15.404306 1.000000 
2455404.265220  15.404922 1.000000 
2455404.285654  15.403690 1.000000 
2455404.306088  15.403835 1.000000 
2455404.326522  15.403493 1.000000 
2455404.346956  15.404335 1.000000 
2455404.367390  15.403790 1.000000 
2455404.387823  15.403687 1.000000 
2455404.408257  15.404788 1.000000 
2455404.428691  15.404281 1.000000 
2455404.449125  15.404179 1.000000 
2455404.469559  15.403547 1.000000 
2455404.489992  15.404545 1.000000 
2455404.510426  15.404657 1.000000 
2455404.530860  15.404322 1.000000 
2455404.551294  15.404432 1.000000 
2455404.571727  15.405006 1.000000 
2455404.592161  15.404132 1.000000 
2455404.612595  15.404408 1.000000 
2455404.633029  15.403749 1.000000 
2455404.653463  15.404443 1.000000 
2455404.673896  15.404727 1.000000 
2455404.694330  15.403570 1.000000 
2455404.714764  15.403889 1.000000 
2455404.735198  15.403654 1.000000 
2455404.755631  15.404297 1.000000 
2455404.776065  15.402849 1.000000 
2455404.796499  15.403879 1.000000 
2455404.816933  15.404552 1.000000 
2455404.837367  15.403777 1.000000 
2455404.857801  15.404011 1.000000 
2455404.878234  15.404219 1.000000 
2455404.898668  15.403694 1.000000 
2455404.919102  15.403841 1.000000 
2455404.939536  15.404449 1.000000 
2455404.959970  15.402666 1.000000 
2455404.980403  15.404041 1.000000 
2455405.000837  15.404268 1.000000 
2455405.021271  15.403510 1.000000 
2455405.041705  15.404261 1.000000 
2455405.062139  15.403948 1.000000 
2455405.082572  15.403536 1.000000 
2455405.103006  15.403117 1.000000 
2455405.123440  15.404177 1.000000 
2455405.143874  15.403208 1.000000 
2455405.164307  15.404058 1.000000 
2455405.184741  15.404617 1.000000 
2455405.205175  15.403585 1.000000 
2455405.225609  15.404846 1.000000 
2455405.246043  15.404813 1.000000 
2455405.266476  15.403952 1.000000 
2455405.286910  15.404691 1.000000 
2455405.307344  15.404740 1.000000 
2455405.327778  15.406277 1.000000 
2455405.348212  15.413133 1.000000 
2455405.368645  15.416285 1.000000 
2455405.389079  15.416988 1.000000 
2455405.409513  15.416761 1.000000 
2455405.429947  15.417622 1.000000 
2455405.470815  15.416866 1.000000 
2455405.491248  15.415009 1.000000 
2455405.511682  15.410027 1.000000 
2455405.532116  15.405006 1.000000 
2455405.552550  15.403412 1.000000 
2455405.572984  15.404379 1.000000 
2455405.593417  15.404048 1.000000 
2455405.613851  15.404359 1.000000 
2455405.634285  15.404043 1.000000 
2455405.654719  15.403771 1.000000 
2455405.675152  15.403957 1.000000 
2455405.695586  15.404175 1.000000 
2455405.716020  15.404329 1.000000 
2455405.736454  15.404177 1.000000 
2455405.756888  15.404394 1.000000 
2455405.777321  15.404172 1.000000 
2455405.797755  15.404281 1.000000 
2455405.818189  15.403544 1.000000 
2455405.838623  15.404737 1.000000 
2455405.859056  15.404127 1.000000 
2455405.879490  15.404117 1.000000 
2455405.899924  15.404293 1.000000 
2455405.920358  15.403353 1.000000 
2455405.940792  15.404082 1.000000 
2455405.961225  15.403525 1.000000 
2455405.981659  15.403903 1.000000 
2455406.002093  15.404965 1.000000 
2455406.022527  15.404193 1.000000 
2455406.042961  15.403358 1.000000 
2455406.063394  15.404266 1.000000 
2455406.083828  15.403242 1.000000 
2455406.104262  15.404597 1.000000 
2455406.124696  15.403428 1.000000 
2455406.145129  15.404292 1.000000 
2455406.165563  15.404005 1.000000 
2455406.185997  15.403753 1.000000 
2455406.206431  15.403528 1.000000 
2455406.226865  15.403780 1.000000 
2455406.247298  15.404816 1.000000 
2455406.267732  15.404383 1.000000 
2455406.288166  15.404548 1.000000 
2455406.308600  15.404372 1.000000 
2455406.329034  15.404411 1.000000 
2455406.349467  15.403477 1.000000 
2455406.369901  15.404068 1.000000 
2455406.390335  15.404126 1.000000 
2455406.410769  15.403737 1.000000 
2455406.431202  15.403965 1.000000 
2455406.451636  15.403188 1.000000 
2455406.472070  15.404250 1.000000 
2455406.492504  15.403965 1.000000 
2455406.512938  15.403586 1.000000 
2455406.533371  15.403864 1.000000 
2455406.553805  15.404503 1.000000 
2455406.574239  15.404049 1.000000 
2455406.594673  15.404217 1.000000 
2455406.615107  15.404710 1.000000 
2455406.635540  15.403545 1.000000 
2455406.655974  15.403847 1.000000 
2455406.676408  15.403479 1.000000 
2455406.696842  15.404057 1.000000 
2455406.717275  15.403548 1.000000 
2455406.737709  15.404350 1.000000 
2455406.758143  15.403981 1.000000 
2455406.778577  15.403725 1.000000 
