2455698.854473  15.400630 1.000000 
2455698.874907  15.400438 1.000000 
2455698.895342  15.401380 1.000000 
2455698.915776  15.401320 1.000000 
2455698.936210  15.399884 1.000000 
2455698.956644  15.400860 1.000000 
2455698.977079  15.400599 1.000000 
2455698.997513  15.401510 1.000000 
2455699.017947  15.400680 1.000000 
2455699.038382  15.401587 1.000000 
2455699.058816  15.400498 1.000000 
2455699.079250  15.400207 1.000000 
2455699.099685  15.401171 1.000000 
2455699.120119  15.400245 1.000000 
2455699.140553  15.401304 1.000000 
2455699.160988  15.400834 1.000000 
2455699.181422  15.401005 1.000000 
2455699.201856  15.401600 1.000000 
2455699.222291  15.401046 1.000000 
2455699.242725  15.400216 1.000000 
2455699.263159  15.400752 1.000000 
2455699.283593  15.400491 1.000000 
2455699.304028  15.400606 1.000000 
2455699.324462  15.401451 1.000000 
2455699.344896  15.400141 1.000000 
2455699.365331  15.400779 1.000000 
2455699.385765  15.401775 1.000000 
2455699.406199  15.400368 1.000000 
2455699.426634  15.401373 1.000000 
2455699.447068  15.400696 1.000000 
2455699.467502  15.400726 1.000000 
2455699.487936  15.401069 1.000000 
2455699.508371  15.400294 1.000000 
2455699.528805  15.401391 1.000000 
2455699.549239  15.400384 1.000000 
2455699.569674  15.401056 1.000000 
2455699.590108  15.400514 1.000000 
2455699.610542  15.401843 1.000000 
2455699.630976  15.401344 1.000000 
2455699.651411  15.400757 1.000000 
2455699.671845  15.401411 1.000000 
2455699.692279  15.400871 1.000000 
2455699.712714  15.401322 1.000000 
2455699.733148  15.400584 1.000000 
2455699.753582  15.401030 1.000000 
2455699.774017  15.400690 1.000000 
2455699.794451  15.400643 1.000000 
2455699.814885  15.400548 1.000000 
2455699.835320  15.400753 1.000000 
2455699.855754  15.401163 1.000000 
2455699.876188  15.400758 1.000000 
2455699.896622  15.400981 1.000000 
2455699.917057  15.401350 1.000000 
2455699.937491  15.401399 1.000000 
2455699.957925  15.401127 1.000000 
2455699.978360  15.401306 1.000000 
2455699.998794  15.401189 1.000000 
2455700.019228  15.399925 1.000000 
2455700.039663  15.401153 1.000000 
2455700.060097  15.400151 1.000000 
2455700.080531  15.400617 1.000000 
2455700.100966  15.405789 1.000000 
2455700.121400  15.410477 1.000000 
2455700.141834  15.413691 1.000000 
2455700.162268  15.415729 1.000000 
2455700.182703  15.414523 1.000000 
2455700.203137  15.415267 1.000000 
2455700.223571  15.414606 1.000000 
2455700.244006  15.413435 1.000000 
2455700.264440  15.411920 1.000000 
2455700.284874  15.405736 1.000000 
2455700.305309  15.401576 1.000000 
2455700.325743  15.400726 1.000000 
2455700.346177  15.401158 1.000000 
2455700.366611  15.400917 1.000000 
2455700.387046  15.401081 1.000000 
2455700.407480  15.401272 1.000000 
2455700.427914  15.400777 1.000000 
2455700.448349  15.401268 1.000000 
2455700.468783  15.401122 1.000000 
2455700.489217  15.400237 1.000000 
2455700.509652  15.400314 1.000000 
2455700.530086  15.401090 1.000000 
2455700.550520  15.400498 1.000000 
2455700.570955  15.401093 1.000000 
2455700.591389  15.401083 1.000000 
2455700.611823  15.401047 1.000000 
2455700.632257  15.401393 1.000000 
2455700.652692  15.401373 1.000000 
2455700.673126  15.399718 1.000000 
2455700.693560  15.401063 1.000000 
2455700.713995  15.400536 1.000000 
2455700.734429  15.400602 1.000000 
2455700.754863  15.401820 1.000000 
2455700.775298  15.400965 1.000000 
2455700.795732  15.400243 1.000000 
2455700.816166  15.401731 1.000000 
2455700.836601  15.401101 1.000000 
2455700.857035  15.399871 1.000000 
2455700.877469  15.400173 1.000000 
2455700.897904  15.400062 1.000000 
2455700.918338  15.400934 1.000000 
2455700.938772  15.401360 1.000000 
2455700.959206  15.400458 1.000000 
2455700.979641  15.400726 1.000000 
2455701.000075  15.400511 1.000000 
2455701.020509  15.400813 1.000000 
2455701.040944  15.400811 1.000000 
2455701.061378  15.400685 1.000000 
2455701.081812  15.400923 1.000000 
2455701.102247  15.400959 1.000000 
2455701.122681  15.400307 1.000000 
2455701.143115  15.401190 1.000000 
2455701.163550  15.401232 1.000000 
2455701.183984  15.401731 1.000000 
2455701.204418  15.401361 1.000000 
2455701.224852  15.400730 1.000000 
2455701.245287  15.400903 1.000000 
2455701.265721  15.400687 1.000000 
2455701.286155  15.400826 1.000000 
2455701.306590  15.400622 1.000000 
2455701.327024  15.400457 1.000000 
2455701.347458  15.400880 1.000000 
2455701.367892  15.401443 1.000000 
2455701.388327  15.400969 1.000000 
2455701.408761  15.400877 1.000000 
2455701.429195  15.400829 1.000000 
2455701.449630  15.401709 1.000000 
2455701.470064  15.401451 1.000000 
2455701.490498  15.401008 1.000000 
2455701.510933  15.401235 1.000000 
2455701.531367  15.400816 1.000000 
2455701.551801  15.401240 1.000000 
