2455345.108609  15.406318 1.000000 
2455345.129043  15.404853 1.000000 
2455345.149477  15.404521 1.000000 
2455345.169912  15.405389 1.000000 
2455345.190346  15.404710 1.000000 
2455345.210780  15.405494 1.000000 
2455345.231214  15.404256 1.000000 
2455345.251649  15.405758 1.000000 
2455345.272083  15.404914 1.000000 
2455345.292517  15.405027 1.000000 
2455345.312951  15.405328 1.000000 
2455345.333386  15.404909 1.000000 
2455345.353820  15.405274 1.000000 
2455345.374254  15.404630 1.000000 
2455345.394689  15.404867 1.000000 
2455345.415123  15.405023 1.000000 
2455345.435557  15.405381 1.000000 
2455345.455991  15.405426 1.000000 
2455345.476426  15.405097 1.000000 
2455345.496860  15.405283 1.000000 
2455345.517294  15.405729 1.000000 
2455345.537728  15.404930 1.000000 
2455345.558163  15.404554 1.000000 
2455345.578597  15.404579 1.000000 
2455345.599031  15.404833 1.000000 
2455345.619466  15.405516 1.000000 
2455345.639900  15.405415 1.000000 
2455345.660334  15.404735 1.000000 
2455345.680768  15.405889 1.000000 
2455345.701203  15.405012 1.000000 
2455345.721637  15.404185 1.000000 
2455345.742071  15.406407 1.000000 
2455345.762505  15.404788 1.000000 
2455345.782940  15.405453 1.000000 
2455345.823808  15.405386 1.000000 
2455345.844242  15.405392 1.000000 
2455345.864677  15.405220 1.000000 
2455345.885111  15.404640 1.000000 
2455345.905545  15.405051 1.000000 
2455345.925980  15.404980 1.000000 
2455345.946414  15.405032 1.000000 
2455345.966848  15.405535 1.000000 
2455345.987282  15.405234 1.000000 
2455346.007716  15.405321 1.000000 
2455346.028151  15.405887 1.000000 
2455346.048585  15.404434 1.000000 
2455346.069019  15.405197 1.000000 
2455346.089454  15.404441 1.000000 
2455346.109888  15.405098 1.000000 
2455346.130322  15.404558 1.000000 
2455346.150756  15.406220 1.000000 
2455346.171191  15.405117 1.000000 
2455346.191625  15.405960 1.000000 
2455346.212059  15.405307 1.000000 
2455346.232493  15.406036 1.000000 
2455346.252928  15.404371 1.000000 
2455346.273362  15.405976 1.000000 
2455346.293796  15.404373 1.000000 
2455346.314230  15.405159 1.000000 
2455346.334665  15.404862 1.000000 
2455346.355099  15.404475 1.000000 
2455346.375533  15.407661 1.000000 
2455346.395968  15.413836 1.000000 
2455346.416402  15.416902 1.000000 
2455346.436836  15.417836 1.000000 
2455346.457270  15.418974 1.000000 
2455346.477705  15.419377 1.000000 
2455346.498139  15.418283 1.000000 
2455346.518573  15.418442 1.000000 
2455346.539007  15.415583 1.000000 
2455346.559442  15.411296 1.000000 
2455346.579876  15.406476 1.000000 
2455346.600310  15.404194 1.000000 
2455346.620744  15.406288 1.000000 
2455346.641179  15.406287 1.000000 
2455346.661613  15.405720 1.000000 
2455346.682047  15.404863 1.000000 
2455346.702481  15.405370 1.000000 
2455346.722916  15.404770 1.000000 
2455346.743350  15.406171 1.000000 
2455346.763784  15.403448 1.000000 
2455346.784218  15.404756 1.000000 
2455346.804653  15.404464 1.000000 
2455346.825087  15.404274 1.000000 
2455346.845521  15.403248 1.000000 
2455346.865955  15.405213 1.000000 
2455346.886390  15.405034 1.000000 
2455346.906824  15.405269 1.000000 
2455346.927258  15.404949 1.000000 
2455346.947693  15.405001 1.000000 
2455346.968127  15.405844 1.000000 
2455346.988561  15.404899 1.000000 
2455347.008995  15.405443 1.000000 
2455347.029430  15.405694 1.000000 
2455347.049864  15.405120 1.000000 
2455347.070298  15.405722 1.000000 
2455347.090732  15.405327 1.000000 
2455347.111167  15.404970 1.000000 
2455347.131601  15.405193 1.000000 
2455347.152035  15.404773 1.000000 
2455347.172469  15.404946 1.000000 
2455347.192904  15.405063 1.000000 
2455347.213338  15.405575 1.000000 
2455347.233772  15.404865 1.000000 
2455347.254206  15.404860 1.000000 
2455347.274641  15.405205 1.000000 
2455347.295075  15.405607 1.000000 
2455347.315509  15.404727 1.000000 
2455347.335944  15.405238 1.000000 
2455347.356378  15.404186 1.000000 
2455347.376812  15.404375 1.000000 
2455347.397246  15.405651 1.000000 
2455347.417681  15.405015 1.000000 
2455347.438115  15.404626 1.000000 
2455347.458549  15.404359 1.000000 
2455347.478983  15.405070 1.000000 
2455347.499418  15.405078 1.000000 
2455347.519852  15.404003 1.000000 
2455347.540286  15.405509 1.000000 
2455347.560720  15.405546 1.000000 
2455347.581155  15.404765 1.000000 
2455347.601589  15.405032 1.000000 
2455347.622023  15.405394 1.000000 
2455347.642457  15.404614 1.000000 
2455347.662892  15.405000 1.000000 
2455347.683326  15.405844 1.000000 
2455347.703760  15.406188 1.000000 
2455347.724194  15.404288 1.000000 
2455347.744629  15.405229 1.000000 
2455347.765063  15.405783 1.000000 
2455347.785497  15.404853 1.000000 
2455347.805931  15.404644 1.000000 
2455347.826366  15.405440 1.000000 
