2455011.040695  15.406877 1.000000 
2455011.061129  15.407152 1.000000 
2455011.081563  15.406299 1.000000 
2455011.101997  15.406893 1.000000 
2455011.122431  15.407138 1.000000 
2455011.142865  15.406751 1.000000 
2455011.163299  15.406230 1.000000 
2455011.183733  15.407821 1.000000 
2455011.204167  15.407058 1.000000 
2455011.224601  15.407512 1.000000 
2455011.245035  15.407244 1.000000 
2455011.265469  15.406635 1.000000 
2455011.285903  15.406870 1.000000 
2455011.306337  15.407177 1.000000 
2455011.326771  15.407578 1.000000 
2455011.347206  15.406924 1.000000 
2455011.367640  15.407085 1.000000 
2455011.388073  15.407006 1.000000 
2455011.408507  15.407148 1.000000 
2455011.428942  15.406186 1.000000 
2455011.449376  15.407071 1.000000 
2455011.469810  15.406570 1.000000 
2455011.490244  15.406858 1.000000 
2455011.510678  15.407225 1.000000 
2455011.531112  15.407451 1.000000 
2455011.551546  15.406595 1.000000 
2455011.571980  15.406709 1.000000 
2455011.592414  15.407066 1.000000 
2455011.612848  15.407233 1.000000 
2455011.633282  15.407089 1.000000 
2455011.653716  15.406657 1.000000 
2455011.674150  15.407455 1.000000 
2455011.694584  15.407309 1.000000 
2455011.715018  15.406478 1.000000 
2455011.735452  15.406625 1.000000 
2455011.755886  15.406061 1.000000 
2455011.776320  15.406843 1.000000 
2455011.796754  15.407238 1.000000 
2455011.817188  15.406511 1.000000 
2455011.837622  15.407122 1.000000 
2455011.858056  15.406079 1.000000 
2455011.878490  15.405293 1.000000 
2455011.898924  15.406499 1.000000 
2455011.919358  15.406775 1.000000 
2455011.939792  15.406947 1.000000 
2455011.960226  15.407760 1.000000 
2455011.980660  15.407001 1.000000 
2455012.001094  15.406598 1.000000 
2455012.021528  15.407457 1.000000 
2455012.041962  15.406519 1.000000 
2455012.062396  15.406623 1.000000 
2455012.082830  15.408180 1.000000 
2455012.123698  15.407661 1.000000 
2455012.144132  15.406548 1.000000 
2455012.164566  15.406738 1.000000 
2455012.185000  15.406384 1.000000 
2455012.205434  15.406471 1.000000 
2455012.225868  15.407112 1.000000 
2455012.246302  15.406260 1.000000 
2455012.266736  15.406071 1.000000 
2455012.287170  15.406715 1.000000 
2455012.307604  15.409720 1.000000 
2455012.328038  15.416775 1.000000 
2455012.348472  15.418882 1.000000 
2455012.368906  15.421271 1.000000 
2455012.409774  15.420557 1.000000 
2455012.430209  15.420542 1.000000 
2455012.450643  15.420333 1.000000 
2455012.471077  15.418414 1.000000 
2455012.491511  15.410065 1.000000 
2455012.511944  15.407989 1.000000 
2455012.532378  15.406132 1.000000 
2455012.552813  15.405945 1.000000 
2455012.573247  15.407897 1.000000 
2455012.593681  15.406401 1.000000 
2455012.614115  15.405777 1.000000 
2455012.634549  15.406559 1.000000 
2455012.654983  15.406791 1.000000 
2455012.675417  15.406965 1.000000 
2455012.695851  15.406342 1.000000 
2455012.716285  15.407172 1.000000 
2455012.736719  15.407069 1.000000 
2455012.757153  15.406924 1.000000 
2455012.777587  15.407331 1.000000 
2455012.798021  15.405973 1.000000 
2455012.818455  15.406132 1.000000 
2455012.838889  15.406485 1.000000 
2455012.859323  15.407935 1.000000 
2455012.879757  15.406755 1.000000 
2455012.900191  15.407125 1.000000 
2455012.920625  15.406752 1.000000 
2455012.941059  15.406815 1.000000 
2455012.961493  15.407592 1.000000 
2455012.981927  15.406629 1.000000 
2455013.002361  15.406653 1.000000 
2455013.022795  15.406783 1.000000 
2455013.043229  15.406898 1.000000 
2455013.063663  15.406818 1.000000 
2455013.084097  15.407299 1.000000 
2455013.104531  15.407147 1.000000 
2455013.124965  15.407647 1.000000 
2455013.145399  15.406456 1.000000 
2455013.165833  15.406565 1.000000 
2455013.186267  15.407041 1.000000 
2455013.206701  15.407159 1.000000 
2455013.227135  15.406530 1.000000 
2455013.247569  15.406847 1.000000 
2455013.268003  15.405777 1.000000 
2455013.288437  15.407660 1.000000 
2455013.308871  15.406753 1.000000 
2455013.329305  15.406111 1.000000 
2455013.349739  15.406775 1.000000 
2455013.370173  15.406323 1.000000 
2455013.390607  15.406782 1.000000 
2455013.411041  15.407502 1.000000 
2455013.431475  15.406991 1.000000 
2455013.451909  15.406709 1.000000 
2455013.472343  15.407079 1.000000 
2455013.492777  15.408033 1.000000 
2455013.513211  15.405902 1.000000 
2455013.533645  15.406897 1.000000 
2455013.554079  15.406822 1.000000 
2455013.574513  15.406769 1.000000 
2455013.594947  15.407089 1.000000 
2455013.615381  15.406667 1.000000 
2455013.635815  15.406366 1.000000 
2455013.656249  15.407573 1.000000 
2455013.676683  15.406915 1.000000 
2455013.697117  15.406849 1.000000 
2455013.717551  15.406619 1.000000 
2455013.737985  15.407719 1.000000 
2455013.758419  15.406896 1.000000 
