2455482.668070  15.403745 1.000000 
2455482.688503  15.402974 1.000000 
2455482.708936  15.402997 1.000000 
2455482.729369  15.403807 1.000000 
2455482.749802  15.403859 1.000000 
2455482.770235  15.402719 1.000000 
2455482.790668  15.404036 1.000000 
2455482.811101  15.403637 1.000000 
2455482.831534  15.404012 1.000000 
2455482.851967  15.403995 1.000000 
2455482.872400  15.403205 1.000000 
2455482.892833  15.403520 1.000000 
2455482.913266  15.403146 1.000000 
2455482.933699  15.403256 1.000000 
2455482.954132  15.404053 1.000000 
2455482.974565  15.403106 1.000000 
2455482.994997  15.403301 1.000000 
2455483.015431  15.403201 1.000000 
2455483.035864  15.404489 1.000000 
2455483.056296  15.402278 1.000000 
2455483.076730  15.403621 1.000000 
2455483.097163  15.403488 1.000000 
2455483.117595  15.403615 1.000000 
2455483.158461  15.403366 1.000000 
2455483.178894  15.403554 1.000000 
2455483.199328  15.402766 1.000000 
2455483.219760  15.403773 1.000000 
2455483.240193  15.402516 1.000000 
2455483.260626  15.403485 1.000000 
2455483.281059  15.403519 1.000000 
2455483.301492  15.404172 1.000000 
2455483.321925  15.404149 1.000000 
2455483.342358  15.403302 1.000000 
2455483.362791  15.403815 1.000000 
2455483.383224  15.403451 1.000000 
2455483.403657  15.404099 1.000000 
2455483.424090  15.403579 1.000000 
2455483.444523  15.403986 1.000000 
2455483.464956  15.402183 1.000000 
2455483.485389  15.400914 1.000000 
2455483.505822  15.403886 1.000000 
2455483.526255  15.402950 1.000000 
2455483.546688  15.402904 1.000000 
2455483.567121  15.403196 1.000000 
2455483.587554  15.403430 1.000000 
2455483.607987  15.403702 1.000000 
2455483.628420  15.403465 1.000000 
2455483.648853  15.405046 1.000000 
2455483.669286  15.403780 1.000000 
2455483.689719  15.404416 1.000000 
2455483.710152  15.403236 1.000000 
2455483.730585  15.403573 1.000000 
2455483.751018  15.403967 1.000000 
2455483.771451  15.403968 1.000000 
2455483.791884  15.404219 1.000000 
2455483.812317  15.404149 1.000000 
2455483.832750  15.403081 1.000000 
2455483.853183  15.403299 1.000000 
2455483.873616  15.403910 1.000000 
2455483.894049  15.402936 1.000000 
2455483.914482  15.402617 1.000000 
2455483.934915  15.405991 1.000000 
2455483.955348  15.412366 1.000000 
2455483.975781  15.415439 1.000000 
2455483.996214  15.417149 1.000000 
2455484.016647  15.416862 1.000000 
2455484.037080  15.416957 1.000000 
2455484.057513  15.416895 1.000000 
2455484.077946  15.416374 1.000000 
2455484.098379  15.413914 1.000000 
2455484.118812  15.409793 1.000000 
2455484.139245  15.403503 1.000000 
2455484.159678  15.403251 1.000000 
2455484.180111  15.404169 1.000000 
2455484.200544  15.404435 1.000000 
2455484.220977  15.403887 1.000000 
2455484.241410  15.403489 1.000000 
2455484.261842  15.403675 1.000000 
2455484.282276  15.402135 1.000000 
2455484.302709  15.403551 1.000000 
2455484.323141  15.403661 1.000000 
2455484.343575  15.402986 1.000000 
2455484.364008  15.403157 1.000000 
2455484.384441  15.402801 1.000000 
2455484.404874  15.402789 1.000000 
2455484.425306  15.403658 1.000000 
2455484.445740  15.403903 1.000000 
2455484.466172  15.402802 1.000000 
2455484.486605  15.402873 1.000000 
2455484.507038  15.403375 1.000000 
2455484.527471  15.403307 1.000000 
2455484.547904  15.403234 1.000000 
2455484.568337  15.404371 1.000000 
2455484.588770  15.403643 1.000000 
2455484.609203  15.403073 1.000000 
2455484.629636  15.403546 1.000000 
2455484.650069  15.403378 1.000000 
2455484.670502  15.403735 1.000000 
2455484.690935  15.403673 1.000000 
2455484.711368  15.404464 1.000000 
2455484.731801  15.404067 1.000000 
2455484.752234  15.402808 1.000000 
2455484.772667  15.403236 1.000000 
2455484.793100  15.403893 1.000000 
2455484.813533  15.403589 1.000000 
2455484.833966  15.403338 1.000000 
2455484.854399  15.403650 1.000000 
2455484.874832  15.403664 1.000000 
2455484.895265  15.403654 1.000000 
2455484.915698  15.403245 1.000000 
2455484.936131  15.403345 1.000000 
2455484.956564  15.402957 1.000000 
2455484.976997  15.404211 1.000000 
2455484.997430  15.403399 1.000000 
2455485.017863  15.402300 1.000000 
2455485.038296  15.403758 1.000000 
2455485.058729  15.402898 1.000000 
2455485.079162  15.403613 1.000000 
2455485.099595  15.403436 1.000000 
2455485.120028  15.401822 1.000000 
2455485.140461  15.402868 1.000000 
2455485.160894  15.403699 1.000000 
2455485.181327  15.404026 1.000000 
2455485.201760  15.402770 1.000000 
2455485.222193  15.403720 1.000000 
2455485.242626  15.402916 1.000000 
2455485.263058  15.403729 1.000000 
2455485.283492  15.403230 1.000000 
2455485.303924  15.403737 1.000000 
2455485.324357  15.403618 1.000000 
2455485.344790  15.403184 1.000000 
2455485.365223  15.404427 1.000000 
2455485.385656  15.402980 1.000000 
