2455856.051180  15.398986 1.000000 
2455856.071613  15.399848 1.000000 
2455856.092046  15.399445 1.000000 
2455856.112479  15.399842 1.000000 
2455856.132912  15.399388 1.000000 
2455856.153345  15.399860 1.000000 
2455856.173778  15.399503 1.000000 
2455856.194211  15.400188 1.000000 
2455856.214644  15.399689 1.000000 
2455856.235077  15.399251 1.000000 
2455856.255510  15.399299 1.000000 
2455856.275943  15.399467 1.000000 
2455856.296376  15.399764 1.000000 
2455856.316809  15.398888 1.000000 
2455856.337242  15.399661 1.000000 
2455856.357675  15.398748 1.000000 
2455856.378108  15.399236 1.000000 
2455856.398541  15.399680 1.000000 
2455856.418974  15.399495 1.000000 
2455856.439407  15.400016 1.000000 
2455856.459840  15.399602 1.000000 
2455856.480273  15.399542 1.000000 
2455856.500706  15.400437 1.000000 
2455856.521139  15.400183 1.000000 
2455856.541572  15.398977 1.000000 
2455856.562005  15.399950 1.000000 
2455856.582438  15.400623 1.000000 
2455856.602871  15.400282 1.000000 
2455856.623304  15.399979 1.000000 
2455856.643737  15.399320 1.000000 
2455856.664170  15.399919 1.000000 
2455856.684603  15.399030 1.000000 
2455856.705036  15.399713 1.000000 
2455856.725469  15.400059 1.000000 
2455856.745901  15.400496 1.000000 
2455856.766335  15.399652 1.000000 
2455856.786767  15.400450 1.000000 
2455856.807200  15.399842 1.000000 
2455856.827634  15.400217 1.000000 
2455856.848066  15.399978 1.000000 
2455856.868499  15.399867 1.000000 
2455856.888932  15.398963 1.000000 
2455856.909365  15.399462 1.000000 
2455856.929798  15.399648 1.000000 
2455856.950231  15.400838 1.000000 
2455856.970664  15.399296 1.000000 
2455856.991097  15.399083 1.000000 
2455857.011530  15.399951 1.000000 
2455857.031963  15.400302 1.000000 
2455857.052396  15.399383 1.000000 
2455857.072829  15.399285 1.000000 
2455857.093262  15.398933 1.000000 
2455857.113695  15.399494 1.000000 
2455857.134128  15.400215 1.000000 
2455857.174994  15.398900 1.000000 
2455857.195427  15.399190 1.000000 
2455857.215860  15.398117 1.000000 
2455857.236293  15.399695 1.000000 
2455857.256726  15.399089 1.000000 
2455857.277159  15.400485 1.000000 
2455857.297592  15.400153 1.000000 
2455857.318025  15.405314 1.000000 
2455857.338458  15.411503 1.000000 
2455857.358891  15.411989 1.000000 
2455857.379324  15.413043 1.000000 
2455857.399757  15.412768 1.000000 
2455857.420190  15.413704 1.000000 
2455857.440623  15.413130 1.000000 
2455857.461056  15.411556 1.000000 
2455857.481489  15.408184 1.000000 
2455857.501922  15.401438 1.000000 
2455857.522355  15.399022 1.000000 
2455857.542788  15.399953 1.000000 
2455857.563221  15.400534 1.000000 
2455857.583653  15.399172 1.000000 
2455857.604087  15.399516 1.000000 
2455857.624520  15.399371 1.000000 
2455857.644952  15.399442 1.000000 
2455857.665385  15.399409 1.000000 
2455857.685818  15.398872 1.000000 
2455857.706251  15.398937 1.000000 
2455857.726684  15.399086 1.000000 
2455857.747117  15.399057 1.000000 
2455857.767550  15.399841 1.000000 
2455857.787983  15.400482 1.000000 
2455857.808416  15.399583 1.000000 
2455857.828849  15.399607 1.000000 
2455857.849282  15.399416 1.000000 
2455857.869715  15.398981 1.000000 
2455857.890148  15.399437 1.000000 
2455857.910581  15.398991 1.000000 
2455857.931014  15.399683 1.000000 
2455857.951447  15.400201 1.000000 
2455857.971880  15.398386 1.000000 
2455857.992313  15.400506 1.000000 
2455858.012746  15.399394 1.000000 
2455858.033179  15.399053 1.000000 
2455858.053612  15.399802 1.000000 
2455858.074045  15.400026 1.000000 
2455858.094478  15.399212 1.000000 
2455858.114911  15.398745 1.000000 
2455858.135344  15.399756 1.000000 
2455858.155777  15.399997 1.000000 
2455858.176210  15.400179 1.000000 
2455858.196643  15.400212 1.000000 
2455858.217076  15.399426 1.000000 
2455858.237509  15.399136 1.000000 
2455858.257942  15.399127 1.000000 
2455858.278375  15.398711 1.000000 
2455858.298807  15.400539 1.000000 
2455858.319241  15.399330 1.000000 
2455858.339673  15.399950 1.000000 
2455858.360106  15.399492 1.000000 
2455858.380539  15.399933 1.000000 
2455858.400972  15.400862 1.000000 
2455858.421405  15.399964 1.000000 
2455858.441838  15.399541 1.000000 
2455858.462271  15.399441 1.000000 
2455858.482704  15.398850 1.000000 
2455858.503137  15.398959 1.000000 
2455858.523570  15.399817 1.000000 
2455858.544003  15.399425 1.000000 
2455858.564436  15.398759 1.000000 
2455858.584869  15.399121 1.000000 
2455858.605302  15.400362 1.000000 
2455858.625735  15.399657 1.000000 
2455858.646168  15.399844 1.000000 
2455858.666601  15.399256 1.000000 
2455858.687034  15.399268 1.000000 
2455858.707467  15.399425 1.000000 
2455858.727900  15.399797 1.000000 
2455858.748333  15.400092 1.000000 
2455858.768766  15.399557 1.000000 
