2455777.444054  15.399561 1.000000 
2455777.464488  15.400463 1.000000 
2455777.484921  15.400159 1.000000 
2455777.505355  15.399384 1.000000 
2455777.525789  15.400677 1.000000 
2455777.546223  15.400174 1.000000 
2455777.566657  15.400007 1.000000 
2455777.587091  15.400537 1.000000 
2455777.607524  15.399835 1.000000 
2455777.627958  15.399883 1.000000 
2455777.648392  15.399329 1.000000 
2455777.668826  15.399594 1.000000 
2455777.689259  15.400050 1.000000 
2455777.709693  15.400588 1.000000 
2455777.730127  15.399154 1.000000 
2455777.750561  15.400146 1.000000 
2455777.770995  15.398911 1.000000 
2455777.791428  15.400042 1.000000 
2455777.811862  15.400331 1.000000 
2455777.832296  15.400421 1.000000 
2455777.852730  15.400336 1.000000 
2455777.873163  15.400100 1.000000 
2455777.893597  15.400438 1.000000 
2455777.914031  15.399893 1.000000 
2455777.934465  15.400067 1.000000 
2455777.954899  15.400607 1.000000 
2455777.975332  15.400943 1.000000 
2455777.995766  15.400347 1.000000 
2455778.016200  15.400538 1.000000 
2455778.036634  15.400418 1.000000 
2455778.057068  15.399084 1.000000 
2455778.077501  15.400750 1.000000 
2455778.097935  15.399440 1.000000 
2455778.118369  15.400033 1.000000 
2455778.138803  15.400853 1.000000 
2455778.159237  15.400046 1.000000 
2455778.200104  15.400800 1.000000 
2455778.220538  15.400982 1.000000 
2455778.240972  15.401008 1.000000 
2455778.261405  15.400531 1.000000 
2455778.281839  15.400461 1.000000 
2455778.302273  15.400543 1.000000 
2455778.322707  15.400382 1.000000 
2455778.343141  15.399802 1.000000 
2455778.363574  15.400113 1.000000 
2455778.384008  15.399999 1.000000 
2455778.404442  15.400335 1.000000 
2455778.424876  15.400752 1.000000 
2455778.445309  15.400367 1.000000 
2455778.465743  15.399905 1.000000 
2455778.486177  15.399658 1.000000 
2455778.506611  15.401083 1.000000 
2455778.527045  15.398950 1.000000 
2455778.547478  15.400223 1.000000 
2455778.567912  15.400590 1.000000 
2455778.588346  15.399998 1.000000 
2455778.608780  15.398580 1.000000 
2455778.629213  15.399780 1.000000 
2455778.649647  15.400240 1.000000 
2455778.670081  15.400008 1.000000 
2455778.690515  15.400147 1.000000 
2455778.710949  15.405374 1.000000 
2455778.731382  15.411451 1.000000 
2455778.751816  15.413089 1.000000 
2455778.772250  15.413944 1.000000 
2455778.792684  15.413701 1.000000 
2455778.813117  15.414399 1.000000 
2455778.833551  15.412573 1.000000 
2455778.853985  15.412863 1.000000 
2455778.874419  15.409529 1.000000 
2455778.894853  15.403290 1.000000 
2455778.915286  15.399406 1.000000 
2455778.956154  15.399951 1.000000 
2455778.976588  15.400051 1.000000 
2455778.997022  15.399749 1.000000 
2455779.017455  15.399531 1.000000 
2455779.037889  15.400991 1.000000 
2455779.058323  15.400259 1.000000 
2455779.078757  15.400083 1.000000 
2455779.099190  15.400250 1.000000 
2455779.119624  15.400431 1.000000 
2455779.140058  15.398859 1.000000 
2455779.160492  15.399768 1.000000 
2455779.180926  15.400615 1.000000 
2455779.201359  15.400641 1.000000 
2455779.221793  15.399214 1.000000 
2455779.242227  15.400126 1.000000 
2455779.262661  15.400706 1.000000 
2455779.283094  15.400127 1.000000 
2455779.303528  15.399831 1.000000 
2455779.323962  15.399713 1.000000 
2455779.344396  15.399957 1.000000 
2455779.364829  15.400541 1.000000 
2455779.385263  15.400068 1.000000 
2455779.405697  15.400636 1.000000 
2455779.426131  15.400392 1.000000 
2455779.446565  15.399424 1.000000 
2455779.466998  15.400748 1.000000 
2455779.487432  15.400388 1.000000 
2455779.507866  15.399770 1.000000 
2455779.528299  15.400256 1.000000 
2455779.548733  15.400107 1.000000 
2455779.569167  15.399903 1.000000 
2455779.589601  15.400191 1.000000 
2455779.610035  15.400235 1.000000 
2455779.630468  15.399825 1.000000 
2455779.650902  15.400726 1.000000 
2455779.671336  15.400134 1.000000 
2455779.691770  15.400397 1.000000 
2455779.712203  15.399733 1.000000 
2455779.732637  15.400151 1.000000 
2455779.753071  15.400524 1.000000 
2455779.773505  15.399961 1.000000 
2455779.793938  15.400357 1.000000 
2455779.814372  15.399626 1.000000 
2455779.834806  15.400801 1.000000 
2455779.855240  15.400486 1.000000 
2455779.875674  15.399489 1.000000 
2455779.896107  15.399925 1.000000 
2455779.916541  15.399759 1.000000 
2455779.936975  15.400383 1.000000 
2455779.957409  15.399666 1.000000 
2455779.977842  15.400478 1.000000 
2455779.998276  15.399847 1.000000 
2455780.018710  15.399993 1.000000 
2455780.039144  15.400168 1.000000 
2455780.059577  15.399916 1.000000 
2455780.080011  15.400367 1.000000 
2455780.100445  15.400500 1.000000 
2455780.120879  15.399907 1.000000 
2455780.141313  15.400502 1.000000 
2455780.161746  15.400479 1.000000 
