2455423.718100  15.404106 1.000000 
2455423.738533  15.403513 1.000000 
2455423.758967  15.404136 1.000000 
2455423.779400  15.404449 1.000000 
2455423.799834  15.404282 1.000000 
2455423.820267  15.403341 1.000000 
2455423.840701  15.404456 1.000000 
2455423.861134  15.404424 1.000000 
2455423.881568  15.404114 1.000000 
2455423.902002  15.404259 1.000000 
2455423.922435  15.404390 1.000000 
2455423.942869  15.404357 1.000000 
2455423.963303  15.404583 1.000000 
2455423.983736  15.403423 1.000000 
2455424.106338  15.404842 1.000000 
2455424.126771  15.404014 1.000000 
2455424.147205  15.403719 1.000000 
2455424.167638  15.403584 1.000000 
2455424.188072  15.404316 1.000000 
2455424.208506  15.404506 1.000000 
2455424.228939  15.405459 1.000000 
2455424.249373  15.404145 1.000000 
2455424.269806  15.404782 1.000000 
2455424.290240  15.404430 1.000000 
2455424.310673  15.404956 1.000000 
2455424.331107  15.404839 1.000000 
2455424.351541  15.403396 1.000000 
2455424.371974  15.404214 1.000000 
2455424.392408  15.404267 1.000000 
2455424.412841  15.404111 1.000000 
2455424.433275  15.403349 1.000000 
2455424.453709  15.402848 1.000000 
2455424.474142  15.403862 1.000000 
2455424.515009  15.404230 1.000000 
2455424.535443  15.404116 1.000000 
2455424.555876  15.404566 1.000000 
2455424.576310  15.404095 1.000000 
2455424.596743  15.403638 1.000000 
2455424.617177  15.404583 1.000000 
2455424.637611  15.404010 1.000000 
2455424.658044  15.404127 1.000000 
2455424.678478  15.404225 1.000000 
2455424.698911  15.403652 1.000000 
2455424.719345  15.404374 1.000000 
2455424.739779  15.404158 1.000000 
2455424.760212  15.404122 1.000000 
2455424.780646  15.403830 1.000000 
2455424.801079  15.404879 1.000000 
2455424.821513  15.404583 1.000000 
2455424.841946  15.404152 1.000000 
2455424.862380  15.404473 1.000000 
2455424.882814  15.404370 1.000000 
2455424.903247  15.404142 1.000000 
2455424.923681  15.404536 1.000000 
2455424.944114  15.404505 1.000000 
2455424.964548  15.404417 1.000000 
2455424.984981  15.407576 1.000000 
2455425.005415  15.414282 1.000000 
2455425.025848  15.416396 1.000000 
2455425.046282  15.418056 1.000000 
2455425.066716  15.416892 1.000000 
2455425.087149  15.417612 1.000000 
2455425.107583  15.417422 1.000000 
2455425.128016  15.416623 1.000000 
2455425.148450  15.415180 1.000000 
2455425.168884  15.407407 1.000000 
2455425.189317  15.405120 1.000000 
2455425.209751  15.404195 1.000000 
2455425.230184  15.404106 1.000000 
2455425.250618  15.403959 1.000000 
2455425.271051  15.404188 1.000000 
2455425.291485  15.404452 1.000000 
2455425.311918  15.405005 1.000000 
2455425.332352  15.404830 1.000000 
2455425.352786  15.404311 1.000000 
2455425.373219  15.404499 1.000000 
2455425.393653  15.404629 1.000000 
2455425.414086  15.405087 1.000000 
2455425.434520  15.404612 1.000000 
2455425.454954  15.404138 1.000000 
2455425.475387  15.403222 1.000000 
2455425.495821  15.404079 1.000000 
2455425.516254  15.404572 1.000000 
2455425.536688  15.404103 1.000000 
2455425.557121  15.404479 1.000000 
2455425.577555  15.403969 1.000000 
2455425.597988  15.404192 1.000000 
2455425.618422  15.404228 1.000000 
2455425.638856  15.403720 1.000000 
2455425.659289  15.404490 1.000000 
2455425.679723  15.404444 1.000000 
2455425.700156  15.404303 1.000000 
2455425.720590  15.404241 1.000000 
2455425.741023  15.404886 1.000000 
2455425.761457  15.404334 1.000000 
2455425.781891  15.404806 1.000000 
2455425.802324  15.404188 1.000000 
2455425.822758  15.404654 1.000000 
2455425.843191  15.404699 1.000000 
2455425.863625  15.404460 1.000000 
2455425.884058  15.403772 1.000000 
2455425.904492  15.404279 1.000000 
2455425.924925  15.404967 1.000000 
2455425.945359  15.404153 1.000000 
2455425.965793  15.404207 1.000000 
2455425.986226  15.404325 1.000000 
2455426.006660  15.403985 1.000000 
2455426.027093  15.403413 1.000000 
2455426.047527  15.404433 1.000000 
2455426.067960  15.403641 1.000000 
2455426.088394  15.404466 1.000000 
2455426.108828  15.404345 1.000000 
2455426.129261  15.404566 1.000000 
2455426.149695  15.403672 1.000000 
2455426.170128  15.404293 1.000000 
2455426.190562  15.404960 1.000000 
2455426.210995  15.403050 1.000000 
2455426.231429  15.405046 1.000000 
2455426.251862  15.404429 1.000000 
2455426.272296  15.403809 1.000000 
2455426.292730  15.404341 1.000000 
2455426.313163  15.404293 1.000000 
2455426.354030  15.403816 1.000000 
2455426.374464  15.404146 1.000000 
2455426.394897  15.403393 1.000000 
2455426.415331  15.402400 1.000000 
2455426.435764  15.404540 1.000000 
