2455659.538944  15.401298 1.000000 
2455659.559378  15.400653 1.000000 
2455659.579813  15.401323 1.000000 
2455659.600247  15.401591 1.000000 
2455659.620681  15.401778 1.000000 
2455659.641115  15.400049 1.000000 
2455659.661549  15.401265 1.000000 
2455659.681983  15.400421 1.000000 
2455659.702418  15.401128 1.000000 
2455659.722852  15.401320 1.000000 
2455659.743286  15.400335 1.000000 
2455659.763720  15.400628 1.000000 
2455659.784154  15.401153 1.000000 
2455659.804588  15.401046 1.000000 
2455659.825023  15.401505 1.000000 
2455659.845457  15.400512 1.000000 
2455659.865891  15.401216 1.000000 
2455659.886325  15.400903 1.000000 
2455659.906760  15.401000 1.000000 
2455659.927194  15.401566 1.000000 
2455659.947628  15.400808 1.000000 
2455659.968062  15.400440 1.000000 
2455659.988496  15.401049 1.000000 
2455660.008930  15.400977 1.000000 
2455660.029365  15.401336 1.000000 
2455660.049799  15.400600 1.000000 
2455660.070233  15.400610 1.000000 
2455660.090667  15.401111 1.000000 
2455660.111101  15.400615 1.000000 
2455660.131535  15.400569 1.000000 
2455660.151970  15.400928 1.000000 
2455660.172404  15.400303 1.000000 
2455660.192838  15.402104 1.000000 
2455660.213272  15.400897 1.000000 
2455660.233706  15.400911 1.000000 
2455660.254141  15.402119 1.000000 
2455660.274575  15.400975 1.000000 
2455660.295009  15.399395 1.000000 
2455660.315443  15.400809 1.000000 
2455660.335877  15.401293 1.000000 
2455660.356312  15.401062 1.000000 
2455660.376746  15.401960 1.000000 
2455660.397180  15.401060 1.000000 
2455660.417614  15.400919 1.000000 
2455660.438048  15.400960 1.000000 
2455660.458482  15.400918 1.000000 
2455660.478917  15.400953 1.000000 
2455660.499351  15.400638 1.000000 
2455660.519785  15.399667 1.000000 
2455660.540219  15.400518 1.000000 
2455660.560653  15.400889 1.000000 
2455660.581087  15.401375 1.000000 
2455660.601522  15.400645 1.000000 
2455660.621956  15.401029 1.000000 
2455660.642390  15.401696 1.000000 
2455660.662824  15.401661 1.000000 
2455660.683258  15.400159 1.000000 
2455660.703693  15.401249 1.000000 
2455660.724127  15.401413 1.000000 
2455660.744561  15.400915 1.000000 
2455660.764995  15.401361 1.000000 
2455660.785429  15.401478 1.000000 
2455660.805864  15.407640 1.000000 
2455660.826298  15.412068 1.000000 
2455660.846732  15.413467 1.000000 
2455660.867166  15.413805 1.000000 
2455660.887600  15.414448 1.000000 
2455660.908035  15.415675 1.000000 
2455660.928469  15.414790 1.000000 
2455660.948903  15.414056 1.000000 
2455660.969337  15.409157 1.000000 
2455660.989771  15.405023 1.000000 
2455661.010205  15.401639 1.000000 
2455661.030640  15.400578 1.000000 
2455661.051074  15.402088 1.000000 
2455661.071508  15.401014 1.000000 
2455661.091942  15.400984 1.000000 
2455661.112376  15.401267 1.000000 
2455661.132811  15.402219 1.000000 
2455661.153245  15.401031 1.000000 
2455661.173679  15.400829 1.000000 
2455661.194113  15.399640 1.000000 
2455661.214547  15.400699 1.000000 
2455661.234982  15.401556 1.000000 
2455661.255416  15.401617 1.000000 
2455661.275850  15.401194 1.000000 
2455661.296284  15.400865 1.000000 
2455661.316718  15.400405 1.000000 
2455661.337153  15.401016 1.000000 
2455661.357587  15.401114 1.000000 
2455661.378021  15.400858 1.000000 
2455661.398455  15.400651 1.000000 
2455661.418889  15.401050 1.000000 
2455661.439323  15.400929 1.000000 
2455661.459758  15.401564 1.000000 
2455661.480192  15.401155 1.000000 
2455661.500626  15.400627 1.000000 
2455661.521060  15.400805 1.000000 
2455661.561929  15.401719 1.000000 
2455661.582363  15.401195 1.000000 
2455661.602797  15.400383 1.000000 
2455661.623231  15.400708 1.000000 
2455661.664100  15.401020 1.000000 
2455661.684534  15.401330 1.000000 
2455661.704968  15.400636 1.000000 
2455661.725402  15.400524 1.000000 
2455661.745836  15.401420 1.000000 
2455661.766271  15.400848 1.000000 
2455661.786705  15.400429 1.000000 
2455661.807139  15.400807 1.000000 
2455661.827573  15.401457 1.000000 
2455661.848007  15.401292 1.000000 
2455661.868441  15.400466 1.000000 
2455661.888876  15.400717 1.000000 
2455661.909310  15.401440 1.000000 
2455661.929744  15.401032 1.000000 
2455661.950178  15.400705 1.000000 
2455661.970612  15.401074 1.000000 
2455661.991047  15.401239 1.000000 
2455662.011481  15.400029 1.000000 
2455662.031915  15.401217 1.000000 
2455662.052349  15.399373 1.000000 
2455662.072783  15.400544 1.000000 
2455662.093218  15.401029 1.000000 
2455662.113652  15.401521 1.000000 
2455662.134086  15.400877 1.000000 
2455662.154520  15.401063 1.000000 
2455662.174955  15.400893 1.000000 
2455662.195389  15.400644 1.000000 
2455662.215823  15.401809 1.000000 
2455662.236257  15.400674 1.000000 
2455662.256691  15.401271 1.000000 
