2455521.980978  15.403142 1.000000 
2455522.001411  15.404171 1.000000 
2455522.021844  15.403567 1.000000 
2455522.042277  15.404651 1.000000 
2455522.062710  15.403293 1.000000 
2455522.083142  15.403311 1.000000 
2455522.103575  15.403632 1.000000 
2455522.124008  15.404169 1.000000 
2455522.144441  15.404128 1.000000 
2455522.164874  15.403357 1.000000 
2455522.185307  15.404371 1.000000 
2455522.205740  15.403604 1.000000 
2455522.226173  15.403934 1.000000 
2455522.246605  15.403887 1.000000 
2455522.267038  15.403437 1.000000 
2455522.287471  15.403302 1.000000 
2455522.307904  15.403260 1.000000 
2455522.328337  15.403087 1.000000 
2455522.348770  15.403872 1.000000 
2455522.369203  15.403036 1.000000 
2455522.389636  15.404550 1.000000 
2455522.410068  15.404244 1.000000 
2455522.430501  15.403021 1.000000 
2455522.450934  15.403222 1.000000 
2455522.471367  15.402429 1.000000 
2455522.491800  15.403659 1.000000 
2455522.512233  15.402038 1.000000 
2455522.532666  15.403025 1.000000 
2455522.553098  15.403258 1.000000 
2455522.573532  15.402610 1.000000 
2455522.593964  15.404481 1.000000 
2455522.614397  15.402824 1.000000 
2455522.634830  15.402615 1.000000 
2455522.655263  15.403583 1.000000 
2455522.675696  15.403417 1.000000 
2455522.696129  15.404947 1.000000 
2455522.716561  15.403615 1.000000 
2455522.736994  15.404785 1.000000 
