2455934.656641  15.398545 1.000000 
2455934.677074  15.398948 1.000000 
2455934.697508  15.398370 1.000000 
2455934.717941  15.398800 1.000000 
2455934.738374  15.398756 1.000000 
2455934.758807  15.399446 1.000000 
2455934.779240  15.398883 1.000000 
2455934.799673  15.398402 1.000000 
2455934.820106  15.398264 1.000000 
2455934.840539  15.397602 1.000000 
2455934.860972  15.397887 1.000000 
2455934.881405  15.398939 1.000000 
2455934.901839  15.398085 1.000000 
2455934.922272  15.399675 1.000000 
2455934.942705  15.398945 1.000000 
2455934.963138  15.399122 1.000000 
2455934.983571  15.398292 1.000000 
2455935.004004  15.398738 1.000000 
2455935.024437  15.397942 1.000000 
2455935.044870  15.398872 1.000000 
2455935.065303  15.398593 1.000000 
2455935.085737  15.399405 1.000000 
2455935.106170  15.398307 1.000000 
2455935.126603  15.398247 1.000000 
2455935.147036  15.398486 1.000000 
2455935.167469  15.398671 1.000000 
2455935.187902  15.398749 1.000000 
2455935.208335  15.398388 1.000000 
2455935.228768  15.397753 1.000000 
2455935.249201  15.398451 1.000000 
2455935.269635  15.398187 1.000000 
2455935.290067  15.398464 1.000000 
2455935.310501  15.399099 1.000000 
2455935.330934  15.397732 1.000000 
2455935.351367  15.398916 1.000000 
2455935.371800  15.398694 1.000000 
2455935.392233  15.398151 1.000000 
2455935.412666  15.399312 1.000000 
2455935.433099  15.397414 1.000000 
2455935.453532  15.399492 1.000000 
2455935.576131  15.398335 1.000000 
2455935.596564  15.399354 1.000000 
2455935.616997  15.398338 1.000000 
2455935.637430  15.398003 1.000000 
2455935.657864  15.399271 1.000000 
2455935.678296  15.398250 1.000000 
2455935.698730  15.397850 1.000000 
2455935.719163  15.398258 1.000000 
2455935.739596  15.398752 1.000000 
2455935.760029  15.398607 1.000000 
2455935.780462  15.398939 1.000000 
2455935.800895  15.398895 1.000000 
2455935.821328  15.398689 1.000000 
2455935.841762  15.398950 1.000000 
2455935.862195  15.398313 1.000000 
2455935.882628  15.397016 1.000000 
2455935.903061  15.399633 1.000000 
2455935.923494  15.405383 1.000000 
2455935.943927  15.410736 1.000000 
2455935.984793  15.412332 1.000000 
2455936.005226  15.412336 1.000000 
2455936.025660  15.411728 1.000000 
2455936.046093  15.412249 1.000000 
2455936.066526  15.411645 1.000000 
2455936.086959  15.407600 1.000000 
2455936.107392  15.401403 1.000000 
2455936.127825  15.398189 1.000000 
2455936.148258  15.398000 1.000000 
2455936.168691  15.398681 1.000000 
2455936.189124  15.397679 1.000000 
2455936.209558  15.399368 1.000000 
2455936.229991  15.399312 1.000000 
2455936.250424  15.398061 1.000000 
2455936.270857  15.399477 1.000000 
2455936.291290  15.398004 1.000000 
2455936.311723  15.398235 1.000000 
2455936.332156  15.397570 1.000000 
2455936.352589  15.397604 1.000000 
2455936.373022  15.396535 1.000000 
2455936.393455  15.398817 1.000000 
2455936.413889  15.398783 1.000000 
2455936.434322  15.398513 1.000000 
2455936.454755  15.399000 1.000000 
2455936.475188  15.398728 1.000000 
2455936.495621  15.397928 1.000000 
2455936.516054  15.398872 1.000000 
2455936.536487  15.397357 1.000000 
2455936.556921  15.397666 1.000000 
2455936.577354  15.397960 1.000000 
2455936.597787  15.398536 1.000000 
2455936.618220  15.398805 1.000000 
2455936.638653  15.398641 1.000000 
2455936.659086  15.397913 1.000000 
2455936.679519  15.398941 1.000000 
2455936.699952  15.399313 1.000000 
2455936.720386  15.399242 1.000000 
2455936.842984  15.397915 1.000000 
2455936.863417  15.398676 1.000000 
2455936.883850  15.397842 1.000000 
2455936.904283  15.397723 1.000000 
2455936.924717  15.398675 1.000000 
2455936.945150  15.398351 1.000000 
2455936.965583  15.398685 1.000000 
2455936.986016  15.398723 1.000000 
2455937.006449  15.398153 1.000000 
2455937.026882  15.398312 1.000000 
2455937.047315  15.398064 1.000000 
2455937.067749  15.399099 1.000000 
2455937.088182  15.399210 1.000000 
2455937.108615  15.398292 1.000000 
2455937.129048  15.397838 1.000000 
2455937.149481  15.398812 1.000000 
2455937.169914  15.398781 1.000000 
2455937.190347  15.398650 1.000000 
2455937.210780  15.398532 1.000000 
2455937.251647  15.398651 1.000000 
2455937.272080  15.398613 1.000000 
2455937.292513  15.398636 1.000000 
2455937.312946  15.399017 1.000000 
2455937.353812  15.398289 1.000000 
2455937.374246  15.399403 1.000000 
