2456013.264556  15.399702 1.000000 
2456013.284990  15.397922 1.000000 
2456013.305424  15.398551 1.000000 
2456013.325858  15.398754 1.000000 
2456013.346292  15.398221 1.000000 
2456013.366726  15.399250 1.000000 
2456013.387160  15.398769 1.000000 
2456013.407594  15.397304 1.000000 
2456013.428028  15.398283 1.000000 
2456013.448462  15.398800 1.000000 
2456013.468896  15.398283 1.000000 
2456013.489330  15.397974 1.000000 
2456013.509764  15.398893 1.000000 
2456013.530198  15.397599 1.000000 
2456013.550632  15.397892 1.000000 
2456013.571066  15.398365 1.000000 
2456013.591500  15.399066 1.000000 
2456013.611934  15.396630 1.000000 
2456013.632368  15.397976 1.000000 
2456013.652802  15.398602 1.000000 
2456013.673236  15.398447 1.000000 
2456013.693671  15.398397 1.000000 
2456013.714105  15.398720 1.000000 
2456013.734539  15.398473 1.000000 
2456013.754973  15.398997 1.000000 
2456013.775407  15.398261 1.000000 
2456013.795841  15.398928 1.000000 
2456013.816275  15.398439 1.000000 
2456013.836709  15.398315 1.000000 
2456013.857143  15.399342 1.000000 
2456013.898011  15.399136 1.000000 
2456013.918445  15.398787 1.000000 
2456013.938879  15.397627 1.000000 
2456013.959313  15.398883 1.000000 
2456013.979747  15.398450 1.000000 
2456014.000181  15.397561 1.000000 
2456014.020615  15.398311 1.000000 
2456014.041049  15.397968 1.000000 
2456014.061483  15.397923 1.000000 
2456014.081917  15.398050 1.000000 
2456014.102351  15.398000 1.000000 
2456014.122785  15.398278 1.000000 
2456014.143219  15.398533 1.000000 
2456014.163653  15.397945 1.000000 
2456014.184087  15.398083 1.000000 
2456014.204521  15.398397 1.000000 
2456014.224955  15.397079 1.000000 
2456014.245389  15.398158 1.000000 
2456014.265823  15.397506 1.000000 
2456014.286257  15.398440 1.000000 
2456014.306691  15.398053 1.000000 
2456014.327125  15.398302 1.000000 
2456014.347560  15.398017 1.000000 
2456014.367994  15.398306 1.000000 
2456014.388428  15.397865 1.000000 
2456014.408862  15.397742 1.000000 
2456014.429296  15.398712 1.000000 
2456014.449730  15.398042 1.000000 
2456014.470164  15.399396 1.000000 
2456014.490598  15.398211 1.000000 
2456014.511032  15.399229 1.000000 
2456014.531466  15.404658 1.000000 
2456014.551900  15.409708 1.000000 
2456014.572334  15.411968 1.000000 
2456014.592768  15.411980 1.000000 
2456014.613202  15.411727 1.000000 
2456014.633636  15.412459 1.000000 
2456014.654070  15.410723 1.000000 
2456014.674504  15.410491 1.000000 
2456014.694938  15.405171 1.000000 
2456014.715372  15.399492 1.000000 
2456014.735806  15.396949 1.000000 
2456014.756240  15.398230 1.000000 
2456014.776674  15.398002 1.000000 
2456014.797108  15.398571 1.000000 
2456014.817542  15.398149 1.000000 
2456014.837976  15.397767 1.000000 
2456014.858410  15.398276 1.000000 
2456014.878844  15.396986 1.000000 
2456014.899279  15.398988 1.000000 
2456014.919713  15.397180 1.000000 
2456014.940146  15.396693 1.000000 
2456014.960581  15.397367 1.000000 
2456014.981015  15.397922 1.000000 
2456015.001449  15.397200 1.000000 
2456015.021883  15.397439 1.000000 
