2455915.000078  15.400129 1.000000 
2455915.020511  15.399831 1.000000 
2455915.040944  15.399578 1.000000 
2455915.061377  15.399781 1.000000 
2455915.081810  15.399717 1.000000 
2455915.102243  15.399871 1.000000 
2455915.122676  15.399382 1.000000 
2455915.143109  15.399843 1.000000 
2455915.163542  15.399699 1.000000 
2455915.183975  15.399251 1.000000 
2455915.204408  15.400395 1.000000 
2455915.224841  15.399191 1.000000 
2455915.245274  15.399957 1.000000 
2455915.265707  15.399784 1.000000 
2455915.286140  15.399509 1.000000 
2455915.306573  15.399728 1.000000 
2455915.327005  15.399678 1.000000 
2455915.347438  15.399819 1.000000 
2455915.367871  15.398549 1.000000 
2455915.388304  15.398736 1.000000 
2455915.408737  15.399492 1.000000 
2455915.429170  15.398814 1.000000 
2455915.551768  15.399086 1.000000 
2455915.572201  15.399217 1.000000 
2455915.592634  15.399411 1.000000 
2455915.613067  15.398924 1.000000 
2455915.633500  15.398829 1.000000 
2455915.653933  15.399968 1.000000 
2455915.674366  15.399244 1.000000 
2455915.694798  15.399414 1.000000 
2455915.715232  15.398763 1.000000 
2455915.735664  15.399330 1.000000 
2455915.756097  15.399445 1.000000 
2455915.776530  15.399477 1.000000 
2455915.796963  15.400392 1.000000 
2455915.817396  15.399868 1.000000 
2455915.837829  15.399592 1.000000 
2455915.858262  15.399805 1.000000 
2455915.878695  15.400872 1.000000 
2455915.899128  15.400433 1.000000 
2455915.919561  15.399962 1.000000 
2455915.939994  15.398860 1.000000 
2455915.980860  15.399007 1.000000 
2455916.001293  15.399439 1.000000 
2455916.021726  15.399968 1.000000 
2455916.042159  15.399966 1.000000 
2455916.062592  15.399937 1.000000 
2455916.083025  15.399502 1.000000 
2455916.103458  15.400904 1.000000 
2455916.123891  15.399757 1.000000 
2455916.144323  15.399210 1.000000 
2455916.164756  15.399395 1.000000 
2455916.185189  15.398966 1.000000 
2455916.205622  15.398774 1.000000 
2455916.226055  15.398269 1.000000 
2455916.246488  15.399933 1.000000 
2455916.266921  15.403467 1.000000 
2455916.287354  15.409777 1.000000 
2455916.307787  15.412031 1.000000 
2455916.328220  15.413948 1.000000 
2455916.348653  15.414225 1.000000 
2455916.369086  15.413067 1.000000 
2455916.389519  15.412956 1.000000 
2455916.409952  15.411786 1.000000 
2455916.430385  15.408951 1.000000 
2455916.450818  15.402907 1.000000 
2455916.471251  15.399871 1.000000 
2455916.491684  15.399692 1.000000 
2455916.512117  15.400660 1.000000 
2455916.532550  15.398859 1.000000 
2455916.552983  15.399105 1.000000 
2455916.573416  15.399415 1.000000 
2455916.593848  15.400147 1.000000 
2455916.614281  15.399785 1.000000 
2455916.634715  15.398899 1.000000 
2455916.655147  15.399830 1.000000 
2455916.675580  15.399245 1.000000 
2455916.696013  15.397192 1.000000 
2455916.716446  15.399573 1.000000 
2455916.736879  15.398428 1.000000 
2455916.757312  15.399800 1.000000 
2455916.777745  15.399912 1.000000 
2455916.798178  15.399587 1.000000 
2455916.818611  15.399929 1.000000 
2455916.839044  15.399365 1.000000 
2455916.859477  15.399030 1.000000 
2455916.879910  15.400127 1.000000 
2455916.900343  15.399327 1.000000 
2455916.920776  15.399315 1.000000 
2455916.941209  15.399066 1.000000 
2455916.961642  15.399155 1.000000 
2455916.982075  15.398732 1.000000 
2455917.002508  15.398798 1.000000 
2455917.022941  15.399803 1.000000 
2455917.043373  15.399558 1.000000 
2455917.063807  15.399710 1.000000 
2455917.084240  15.399457 1.000000 
2455917.104672  15.400218 1.000000 
2455917.125106  15.398996 1.000000 
2455917.145538  15.399735 1.000000 
2455917.165971  15.399318 1.000000 
2455917.186404  15.398921 1.000000 
2455917.206837  15.399298 1.000000 
2455917.227270  15.399539 1.000000 
2455917.247703  15.399731 1.000000 
2455917.268136  15.398700 1.000000 
2455917.288569  15.399008 1.000000 
2455917.309002  15.399721 1.000000 
2455917.329435  15.396764 1.000000 
2455917.349868  15.399341 1.000000 
2455917.370301  15.399403 1.000000 
2455917.390734  15.398746 1.000000 
2455917.411167  15.398907 1.000000 
2455917.431600  15.399108 1.000000 
2455917.452033  15.399690 1.000000 
2455917.472466  15.399123 1.000000 
2455917.492899  15.399610 1.000000 
2455917.513332  15.399280 1.000000 
2455917.533765  15.399463 1.000000 
2455917.554197  15.399971 1.000000 
2455917.574631  15.397992 1.000000 
2455917.595064  15.398832 1.000000 
2455917.615496  15.399723 1.000000 
2455917.635930  15.399893 1.000000 
2455917.676795  15.400561 1.000000 
2455917.697228  15.400123 1.000000 
2455917.717661  15.400246 1.000000 
