2455463.767484  15.403348 1.000000 
2455463.787917  15.403184 1.000000 
2455463.808351  15.402574 1.000000 
2455463.828784  15.403086 1.000000 
2455463.849217  15.402745 1.000000 
2455463.869650  15.403382 1.000000 
2455463.890083  15.403982 1.000000 
2455463.910516  15.404295 1.000000 
2455463.930950  15.403544 1.000000 
2455463.951383  15.403399 1.000000 
2455463.971816  15.403960 1.000000 
2455463.992249  15.403303 1.000000 
2455464.012682  15.401967 1.000000 
2455464.033115  15.403414 1.000000 
2455464.053548  15.401301 1.000000 
2455464.073982  15.402958 1.000000 
2455464.094415  15.401287 1.000000 
2455464.114848  15.403116 1.000000 
2455464.135281  15.402924 1.000000 
2455464.155714  15.403813 1.000000 
2455464.176147  15.403490 1.000000 
2455464.196580  15.403624 1.000000 
2455464.217014  15.403685 1.000000 
2455464.237447  15.403466 1.000000 
2455464.257880  15.403489 1.000000 
2455464.278313  15.404989 1.000000 
2455464.298746  15.411559 1.000000 
2455464.319179  15.414530 1.000000 
2455464.339612  15.415707 1.000000 
2455464.360046  15.416426 1.000000 
2455464.380479  15.416900 1.000000 
2455464.400912  15.416055 1.000000 
2455464.421345  15.416299 1.000000 
2455464.441778  15.415286 1.000000 
2455464.462211  15.409898 1.000000 
2455464.482644  15.404427 1.000000 
2455464.503078  15.403694 1.000000 
2455464.523511  15.402827 1.000000 
2455464.543944  15.402988 1.000000 
2455464.564377  15.403366 1.000000 
2455464.584810  15.403104 1.000000 
2455464.605243  15.403516 1.000000 
2455464.625676  15.403091 1.000000 
2455464.646109  15.403635 1.000000 
2455464.666543  15.402709 1.000000 
2455464.686976  15.403663 1.000000 
2455464.707409  15.403532 1.000000 
2455464.727842  15.403399 1.000000 
2455464.748275  15.403333 1.000000 
2455464.768708  15.402562 1.000000 
2455464.789142  15.403900 1.000000 
2455464.809575  15.404357 1.000000 
2455464.830008  15.403901 1.000000 
2455464.850441  15.402958 1.000000 
2455464.870874  15.403503 1.000000 
2455464.891307  15.403949 1.000000 
2455464.911740  15.403103 1.000000 
2455464.932173  15.403003 1.000000 
2455464.952607  15.403715 1.000000 
2455464.973040  15.403804 1.000000 
2455464.993473  15.403470 1.000000 
2455465.013906  15.403205 1.000000 
2455465.034339  15.403757 1.000000 
2455465.054772  15.403767 1.000000 
2455465.075205  15.403028 1.000000 
2455465.095639  15.402664 1.000000 
2455465.116072  15.402819 1.000000 
2455465.136505  15.402655 1.000000 
2455465.156938  15.403578 1.000000 
2455465.177371  15.402595 1.000000 
2455465.197804  15.403203 1.000000 
2455465.218237  15.403262 1.000000 
2455465.259104  15.403476 1.000000 
2455465.279537  15.403392 1.000000 
2455465.299970  15.403635 1.000000 
2455465.320403  15.403335 1.000000 
2455465.340836  15.403692 1.000000 
2455465.361269  15.403790 1.000000 
2455465.381702  15.402892 1.000000 
2455465.402136  15.403315 1.000000 
2455465.422569  15.403697 1.000000 
2455465.443002  15.403934 1.000000 
2455465.463435  15.402223 1.000000 
2455465.483868  15.403421 1.000000 
2455465.504301  15.402785 1.000000 
2455465.524734  15.402515 1.000000 
2455465.545168  15.403187 1.000000 
2455465.565601  15.402666 1.000000 
2455465.586034  15.402618 1.000000 
2455465.606467  15.403137 1.000000 
2455465.626900  15.404230 1.000000 
2455465.647333  15.404279 1.000000 
2455465.667766  15.402041 1.000000 
2455465.688199  15.403611 1.000000 
2455465.708632  15.402483 1.000000 
2455465.729066  15.403352 1.000000 
