2455738.129104  15.401696 1.000000 
2455738.149538  15.401244 1.000000 
2455738.169972  15.400854 1.000000 
2455738.190406  15.401397 1.000000 
2455738.210840  15.401293 1.000000 
2455738.231275  15.400843 1.000000 
2455738.251709  15.402000 1.000000 
2455738.272143  15.400495 1.000000 
2455738.292577  15.401795 1.000000 
2455738.313011  15.401831 1.000000 
2455738.333445  15.400661 1.000000 
2455738.353880  15.401736 1.000000 
2455738.374313  15.400817 1.000000 
2455738.394748  15.401708 1.000000 
2455738.415182  15.400727 1.000000 
2455738.435616  15.400176 1.000000 
2455738.456050  15.401235 1.000000 
2455738.476484  15.401198 1.000000 
2455738.496918  15.401418 1.000000 
2455738.517353  15.402122 1.000000 
2455738.537787  15.401752 1.000000 
2455738.558221  15.400801 1.000000 
2455738.578655  15.400326 1.000000 
2455738.599089  15.399734 1.000000 
2455738.619523  15.400970 1.000000 
2455738.639958  15.401115 1.000000 
2455738.660392  15.400682 1.000000 
2455738.680826  15.401401 1.000000 
2455738.701260  15.401017 1.000000 
2455738.721694  15.401664 1.000000 
2455738.742128  15.401909 1.000000 
2455738.762562  15.401074 1.000000 
2455738.782997  15.401316 1.000000 
2455738.803431  15.401641 1.000000 
2455738.823865  15.400306 1.000000 
2455738.844299  15.401621 1.000000 
2455738.864733  15.400887 1.000000 
2455738.885167  15.400177 1.000000 
2455738.905601  15.401203 1.000000 
2455738.926036  15.400817 1.000000 
2455740.356386  15.401120 1.000000 
2455740.376820  15.400594 1.000000 
2455740.397254  15.400364 1.000000 
2455740.417689  15.400617 1.000000 
2455740.438123  15.400580 1.000000 
2455740.458557  15.399870 1.000000 
2455740.478991  15.400026 1.000000 
2455740.499425  15.400250 1.000000 
2455740.519859  15.399911 1.000000 
2455740.540293  15.400696 1.000000 
2455740.560727  15.400402 1.000000 
2455740.581161  15.400037 1.000000 
2455740.601596  15.400988 1.000000 
2455740.622030  15.400145 1.000000 
2455740.642464  15.400046 1.000000 
2455740.662898  15.400216 1.000000 
2455740.683332  15.400673 1.000000 
2455740.703766  15.398759 1.000000 
2455740.724201  15.400317 1.000000 
2455740.744635  15.400383 1.000000 
2455740.765069  15.400243 1.000000 
2455740.785503  15.399429 1.000000 
2455740.805937  15.400846 1.000000 
2455740.826371  15.400704 1.000000 
2455740.846805  15.400297 1.000000 
