2456032.901682  15.396211 1.000000 
2456032.942551  15.396976 1.000000 
2456032.983419  15.396558 1.000000 
2456033.003853  15.396832 1.000000 
2456033.024287  15.396575 1.000000 
2456033.044722  15.396818 1.000000 
2456033.065156  15.396878 1.000000 
2456033.085590  15.396941 1.000000 
2456033.106024  15.397516 1.000000 
2456033.146893  15.397652 1.000000 
2456033.167327  15.397139 1.000000 
2456033.187761  15.397876 1.000000 
2456033.208195  15.396651 1.000000 
2456033.228629  15.396156 1.000000 
2456033.249064  15.397237 1.000000 
2456033.269498  15.397400 1.000000 
2456033.289932  15.396362 1.000000 
2456033.310366  15.397391 1.000000 
2456033.330800  15.396804 1.000000 
2456033.351234  15.397997 1.000000 
2456033.371669  15.397224 1.000000 
2456033.392103  15.396894 1.000000 
2456033.412537  15.397482 1.000000 
2456033.432971  15.396831 1.000000 
2456033.453405  15.396722 1.000000 
2456033.473840  15.396927 1.000000 
2456033.494274  15.396819 1.000000 
2456033.514708  15.397489 1.000000 
2456033.535142  15.397238 1.000000 
2456033.555576  15.396624 1.000000 
2456033.576011  15.396829 1.000000 
2456033.596445  15.397108 1.000000 
2456033.616879  15.397234 1.000000 
2456033.637313  15.396977 1.000000 
2456033.657747  15.397331 1.000000 
2456033.678182  15.396342 1.000000 
2456033.698616  15.396784 1.000000 
2456033.719050  15.396822 1.000000 
2456033.739484  15.398000 1.000000 
2456033.759918  15.397813 1.000000 
2456033.780352  15.396959 1.000000 
2456033.800787  15.395227 1.000000 
2456033.821221  15.396923 1.000000 
2456033.841655  15.397219 1.000000 
2456033.862089  15.396879 1.000000 
2456033.902958  15.397153 1.000000 
2456033.923392  15.396796 1.000000 
2456033.943826  15.396409 1.000000 
2456033.964260  15.397537 1.000000 
2456033.984694  15.397000 1.000000 
2456034.005129  15.396984 1.000000 
2456034.025563  15.397164 1.000000 
2456034.045997  15.396065 1.000000 
2456034.066431  15.397301 1.000000 
2456034.086865  15.397146 1.000000 
2456034.107300  15.396760 1.000000 
2456034.127734  15.396157 1.000000 
2456034.148168  15.396462 1.000000 
2456034.168602  15.399296 1.000000 
2456034.189036  15.405598 1.000000 
2456034.209470  15.409486 1.000000 
2456034.229905  15.411170 1.000000 
2456034.250339  15.411410 1.000000 
2456034.270773  15.410691 1.000000 
2456034.291207  15.409539 1.000000 
2456034.311642  15.410714 1.000000 
2456034.332076  15.407467 1.000000 
2456034.352510  15.401969 1.000000 
2456034.372944  15.397199 1.000000 
2456034.393378  15.397388 1.000000 
2456034.413812  15.396552 1.000000 
2456034.434247  15.397341 1.000000 
2456034.454681  15.397253 1.000000 
2456034.475115  15.396984 1.000000 
2456034.495549  15.397256 1.000000 
2456034.515984  15.396636 1.000000 
2456034.536418  15.396184 1.000000 
2456034.556852  15.396283 1.000000 
2456034.577286  15.397342 1.000000 
2456034.597720  15.397546 1.000000 
2456034.618155  15.397003 1.000000 
2456034.638589  15.397011 1.000000 
2456034.659023  15.396805 1.000000 
2456034.679457  15.396965 1.000000 
2456034.699891  15.396864 1.000000 
2456034.720325  15.396447 1.000000 
2456034.740760  15.396574 1.000000 
2456034.761194  15.397139 1.000000 
2456034.781628  15.396720 1.000000 
2456034.802062  15.397801 1.000000 
2456034.822497  15.397280 1.000000 
2456034.842931  15.396641 1.000000 
2456034.863365  15.396900 1.000000 
2456034.883799  15.396688 1.000000 
2456034.904233  15.396595 1.000000 
2456034.924667  15.396848 1.000000 
2456034.945102  15.397388 1.000000 
2456034.965536  15.396440 1.000000 
2456034.985970  15.397321 1.000000 
2456035.006404  15.396840 1.000000 
2456035.026838  15.396356 1.000000 
2456035.047273  15.396438 1.000000 
2456035.067707  15.396294 1.000000 
2456035.088141  15.397289 1.000000 
2456035.129010  15.396897 1.000000 
2456035.149444  15.397145 1.000000 
2456035.169878  15.396231 1.000000 
2456035.190312  15.397393 1.000000 
2456035.210746  15.396757 1.000000 
2456035.231180  15.396347 1.000000 
2456035.251615  15.397320 1.000000 
2456035.272049  15.397780 1.000000 
2456035.292483  15.396619 1.000000 
2456035.312917  15.397885 1.000000 
2456035.333351  15.396544 1.000000 
2456035.353786  15.396945 1.000000 
2456035.374220  15.396417 1.000000 
2456035.394654  15.396931 1.000000 
2456035.415088  15.397696 1.000000 
2456035.435522  15.397487 1.000000 
2456035.455957  15.396860 1.000000 
2456035.476391  15.396892 1.000000 
2456035.496825  15.396665 1.000000 
2456035.517259  15.396646 1.000000 
2456035.537694  15.397040 1.000000 
2456035.558128  15.396321 1.000000 
2456035.578562  15.397023 1.000000 
2456035.598996  15.397530 1.000000 
2456035.619430  15.397375 1.000000 
