2455797.101256  15.400438 1.000000 
2455797.121690  15.399865 1.000000 
2455797.142123  15.399844 1.000000 
2455797.162557  15.399806 1.000000 
2455797.182990  15.399439 1.000000 
2455797.203424  15.400380 1.000000 
2455797.223858  15.400046 1.000000 
2455797.244291  15.399280 1.000000 
2455797.264725  15.401195 1.000000 
2455797.285158  15.399575 1.000000 
2455797.305592  15.400309 1.000000 
2455797.326025  15.400424 1.000000 
2455797.346459  15.400638 1.000000 
2455797.366892  15.401120 1.000000 
2455797.387326  15.400694 1.000000 
2455797.407760  15.399512 1.000000 
2455797.428193  15.400081 1.000000 
2455797.448627  15.400677 1.000000 
2455797.469060  15.400540 1.000000 
2455797.489494  15.400924 1.000000 
2455797.509928  15.399744 1.000000 
2455797.530361  15.400301 1.000000 
2455797.550795  15.399954 1.000000 
2455797.571228  15.400013 1.000000 
2455797.591662  15.400350 1.000000 
2455797.612095  15.400766 1.000000 
2455797.632529  15.400244 1.000000 
2455797.652963  15.399713 1.000000 
2455797.673396  15.400664 1.000000 
2455797.693830  15.399592 1.000000 
2455797.714263  15.400556 1.000000 
2455797.734697  15.400280 1.000000 
2455797.755130  15.400347 1.000000 
2455797.775564  15.399854 1.000000 
2455797.795997  15.400140 1.000000 
2455797.816431  15.399886 1.000000 
2455797.836864  15.400172 1.000000 
2455797.857298  15.400607 1.000000 
2455797.877732  15.400313 1.000000 
2455797.898165  15.398339 1.000000 
2455797.918599  15.399810 1.000000 
2455797.939032  15.400315 1.000000 
2455797.959466  15.400307 1.000000 
2455797.979899  15.399866 1.000000 
2455798.000333  15.400452 1.000000 
2455798.020766  15.399765 1.000000 
2455798.041200  15.400179 1.000000 
2455798.061634  15.400168 1.000000 
2455798.082067  15.399923 1.000000 
2455798.102501  15.400184 1.000000 
2455798.122934  15.400071 1.000000 
2455798.143368  15.399850 1.000000 
2455798.163802  15.400816 1.000000 
2455798.184235  15.400329 1.000000 
2455798.204668  15.400696 1.000000 
2455798.225102  15.400806 1.000000 
2455798.245536  15.399996 1.000000 
2455798.265969  15.401032 1.000000 
2455798.286403  15.400524 1.000000 
2455798.306836  15.400702 1.000000 
2455798.327270  15.399694 1.000000 
2455798.347704  15.401726 1.000000 
2455798.368137  15.407289 1.000000 
2455798.388571  15.412269 1.000000 
2455798.409004  15.412995 1.000000 
2455798.429438  15.413176 1.000000 
2455798.449871  15.413645 1.000000 
2455798.470305  15.414281 1.000000 
2455798.490738  15.413406 1.000000 
2455798.511172  15.412902 1.000000 
2455798.531605  15.407471 1.000000 
2455798.552039  15.401745 1.000000 
2455798.572473  15.399742 1.000000 
2455798.592906  15.400360 1.000000 
2455798.613340  15.399876 1.000000 
2455798.633773  15.400381 1.000000 
2455798.654207  15.400450 1.000000 
2455798.674640  15.400476 1.000000 
2455798.695074  15.400594 1.000000 
2455798.715507  15.400422 1.000000 
2455798.735941  15.399878 1.000000 
2455798.756375  15.400545 1.000000 
2455798.776808  15.400335 1.000000 
2455798.797242  15.399869 1.000000 
2455798.817675  15.400084 1.000000 
2455798.838109  15.400216 1.000000 
2455798.858542  15.399782 1.000000 
2455798.878976  15.400994 1.000000 
2455798.899409  15.399942 1.000000 
2455798.919843  15.400047 1.000000 
2455798.940276  15.400613 1.000000 
2455798.960710  15.399802 1.000000 
2455798.981144  15.399289 1.000000 
2455799.001577  15.399739 1.000000 
2455799.022011  15.400737 1.000000 
2455799.042444  15.400278 1.000000 
2455799.062878  15.400397 1.000000 
2455799.083311  15.400470 1.000000 
2455799.103745  15.399696 1.000000 
2455799.124178  15.400410 1.000000 
2455799.144612  15.399745 1.000000 
2455799.165045  15.400307 1.000000 
2455799.185479  15.401099 1.000000 
2455799.226346  15.399821 1.000000 
2455799.246780  15.400128 1.000000 
2455799.267213  15.399618 1.000000 
2455799.287647  15.399647 1.000000 
2455799.308080  15.400174 1.000000 
2455799.328514  15.399372 1.000000 
2455799.348947  15.399854 1.000000 
2455799.369381  15.399837 1.000000 
2455799.389815  15.400533 1.000000 
2455799.410248  15.399813 1.000000 
2455799.430682  15.399560 1.000000 
2455799.451115  15.399711 1.000000 
2455799.471549  15.399850 1.000000 
2455799.491982  15.400845 1.000000 
2455799.512416  15.399989 1.000000 
2455799.532849  15.399971 1.000000 
2455799.553283  15.400138 1.000000 
2455799.573716  15.400757 1.000000 
2455799.594150  15.400563 1.000000 
2455799.614583  15.400108 1.000000 
2455799.635017  15.400372 1.000000 
2455799.655451  15.400393 1.000000 
2455799.675884  15.400094 1.000000 
2455799.737185  15.400021 1.000000 
2455799.757618  15.399549 1.000000 
2455799.778052  15.400133 1.000000 
2455799.798485  15.400462 1.000000 
