2455364.766329  15.403992 1.000000 
2455364.786763  15.404672 1.000000 
2455364.807197  15.405153 1.000000 
2455364.827631  15.405220 1.000000 
2455364.848065  15.405247 1.000000 
2455364.868500  15.405175 1.000000 
2455364.888934  15.405367 1.000000 
2455364.909368  15.404919 1.000000 
2455364.929802  15.405706 1.000000 
2455364.950236  15.404188 1.000000 
2455364.970670  15.405454 1.000000 
2455364.991104  15.404764 1.000000 
2455365.011539  15.405577 1.000000 
2455365.031973  15.404604 1.000000 
2455365.052407  15.405391 1.000000 
2455365.072841  15.405107 1.000000 
2455365.093275  15.404557 1.000000 
2455365.113709  15.404645 1.000000 
2455365.134144  15.405789 1.000000 
2455365.154578  15.405215 1.000000 
2455365.175012  15.404850 1.000000 
2455365.195446  15.404747 1.000000 
2455365.215880  15.405025 1.000000 
2455365.236314  15.404233 1.000000 
2455365.256748  15.405394 1.000000 
2455365.277183  15.404844 1.000000 
2455365.297617  15.402906 1.000000 
2455365.318051  15.405186 1.000000 
2455365.358919  15.405224 1.000000 
2455365.379353  15.405601 1.000000 
2455365.399788  15.405218 1.000000 
2455365.420222  15.404405 1.000000 
2455365.440656  15.405190 1.000000 
2455365.461090  15.405461 1.000000 
2455365.481524  15.405518 1.000000 
2455365.501958  15.405471 1.000000 
2455365.522393  15.405378 1.000000 
2455365.542827  15.402838 1.000000 
2455365.563261  15.404205 1.000000 
2455365.583695  15.404891 1.000000 
2455365.604129  15.404371 1.000000 
2455365.624563  15.405650 1.000000 
2455365.644997  15.404636 1.000000 
2455365.665432  15.404468 1.000000 
2455365.685866  15.404831 1.000000 
2455365.706300  15.404596 1.000000 
2455365.726734  15.405056 1.000000 
2455365.747168  15.405517 1.000000 
2455365.767603  15.405702 1.000000 
2455365.788037  15.404660 1.000000 
2455365.808471  15.404855 1.000000 
2455365.828905  15.405594 1.000000 
2455365.849339  15.405029 1.000000 
2455365.869773  15.406257 1.000000 
2455365.890207  15.404374 1.000000 
2455365.910641  15.405438 1.000000 
2455365.931076  15.405625 1.000000 
2455365.951510  15.405838 1.000000 
2455365.971944  15.405368 1.000000 
2455365.992378  15.405752 1.000000 
2455366.012812  15.405737 1.000000 
2455366.033246  15.410349 1.000000 
2455366.053681  15.414917 1.000000 
2455366.094549  15.417926 1.000000 
2455366.114983  15.420287 1.000000 
2455366.135417  15.418025 1.000000 
2455366.155851  15.418787 1.000000 
2455366.176286  15.416826 1.000000 
2455366.196720  15.414944 1.000000 
2455366.217154  15.408549 1.000000 
2455366.237588  15.404742 1.000000 
2455366.258022  15.404924 1.000000 
2455366.278456  15.404230 1.000000 
2455366.298890  15.405405 1.000000 
2455366.319325  15.405184 1.000000 
2455366.339759  15.405306 1.000000 
2455366.360193  15.404943 1.000000 
2455366.380627  15.405271 1.000000 
2455366.401061  15.405012 1.000000 
2455366.421495  15.405471 1.000000 
2455366.441930  15.404583 1.000000 
2455366.462364  15.404780 1.000000 
2455366.482798  15.404221 1.000000 
2455366.503232  15.404231 1.000000 
2455366.523666  15.404533 1.000000 
2455366.544100  15.405415 1.000000 
2455366.564534  15.405159 1.000000 
2455366.584969  15.405037 1.000000 
2455366.605403  15.405445 1.000000 
2455366.625837  15.405508 1.000000 
2455366.646271  15.405091 1.000000 
2455366.666705  15.405434 1.000000 
2455366.707573  15.404933 1.000000 
2455366.728008  15.404434 1.000000 
2455366.748442  15.405488 1.000000 
2455366.768876  15.404170 1.000000 
2455366.789310  15.405308 1.000000 
2455366.809744  15.405898 1.000000 
2455366.830178  15.405909 1.000000 
2455366.850613  15.405309 1.000000 
2455366.871047  15.405543 1.000000 
2455366.891481  15.405139 1.000000 
2455366.911915  15.405103 1.000000 
2455366.932349  15.404581 1.000000 
2455366.952783  15.404977 1.000000 
2455366.973217  15.405685 1.000000 
2455366.993651  15.404514 1.000000 
2455367.014086  15.405950 1.000000 
2455367.034520  15.404937 1.000000 
2455367.054954  15.404867 1.000000 
2455367.075388  15.405036 1.000000 
2455367.095822  15.405277 1.000000 
2455367.116257  15.404819 1.000000 
2455367.136691  15.404882 1.000000 
2455367.157125  15.405079 1.000000 
2455367.177559  15.404742 1.000000 
2455367.197993  15.404929 1.000000 
2455367.218427  15.404571 1.000000 
2455367.238861  15.404862 1.000000 
2455367.259295  15.405794 1.000000 
2455367.279730  15.405778 1.000000 
2455367.300164  15.404510 1.000000 
2455367.320598  15.405291 1.000000 
2455367.341032  15.404857 1.000000 
2455367.361466  15.405846 1.000000 
2455367.381900  15.405599 1.000000 
2455367.402335  15.404608 1.000000 
2455367.422769  15.405256 1.000000 
2455367.443203  15.405225 1.000000 
2455367.463637  15.404728 1.000000 
2455367.484071  15.404635 1.000000 
