2455836.394578  15.399490 1.000000 
2455836.415012  15.398956 1.000000 
2455836.435444  15.398694 1.000000 
2455836.455878  15.399889 1.000000 
2455836.476311  15.398813 1.000000 
2455836.496744  15.399428 1.000000 
2455836.517177  15.399795 1.000000 
2455836.537610  15.399491 1.000000 
2455836.558043  15.399349 1.000000 
2455836.578477  15.399495 1.000000 
2455836.598910  15.399192 1.000000 
2455836.619343  15.398965 1.000000 
2455836.639776  15.399041 1.000000 
2455836.660209  15.399327 1.000000 
2455836.680642  15.399457 1.000000 
2455836.701075  15.398758 1.000000 
2455836.721509  15.399538 1.000000 
2455836.741942  15.399631 1.000000 
2455836.762375  15.398633 1.000000 
2455836.782808  15.399109 1.000000 
2455836.803241  15.399144 1.000000 
2455836.823674  15.399726 1.000000 
2455836.844107  15.399241 1.000000 
2455836.864541  15.399933 1.000000 
2455836.884974  15.399876 1.000000 
2455836.905407  15.399276 1.000000 
2455836.925840  15.400205 1.000000 
2455836.946273  15.399917 1.000000 
2455836.966706  15.399449 1.000000 
2455836.987139  15.399106 1.000000 
2455837.007573  15.399139 1.000000 
2455837.028006  15.399321 1.000000 
2455837.048439  15.399910 1.000000 
2455837.068872  15.399731 1.000000 
2455837.089305  15.399988 1.000000 
2455837.109738  15.399111 1.000000 
2455837.130171  15.400202 1.000000 
2455837.171038  15.399028 1.000000 
2455837.191471  15.398808 1.000000 
2455837.211904  15.398352 1.000000 
2455837.232337  15.399279 1.000000 
2455837.252770  15.399193 1.000000 
2455837.273203  15.399123 1.000000 
2455837.334503  15.399216 1.000000 
2455837.354936  15.398862 1.000000 
2455837.375369  15.398822 1.000000 
2455837.395802  15.399047 1.000000 
2455837.416235  15.399851 1.000000 
2455837.436668  15.399559 1.000000 
2455837.457101  15.399504 1.000000 
2455837.477535  15.398818 1.000000 
2455837.497968  15.399787 1.000000 
2455837.518401  15.400152 1.000000 
2455837.538834  15.399627 1.000000 
2455837.559267  15.398976 1.000000 
2455837.579700  15.399109 1.000000 
2455837.600133  15.399391 1.000000 
2455837.620566  15.399975 1.000000 
2455837.641000  15.399241 1.000000 
2455837.661433  15.403157 1.000000 
2455837.681866  15.410101 1.000000 
2455837.702299  15.412343 1.000000 
2455837.722732  15.414066 1.000000 
2455837.743165  15.413037 1.000000 
2455837.763598  15.412923 1.000000 
2455837.784032  15.412674 1.000000 
2455837.804465  15.411547 1.000000 
2455837.824898  15.410046 1.000000 
2455837.845331  15.402887 1.000000 
2455837.865764  15.400467 1.000000 
2455837.886197  15.399108 1.000000 
2455837.906630  15.400301 1.000000 
2455837.927063  15.399221 1.000000 
2455837.947497  15.399942 1.000000 
2455837.967930  15.398690 1.000000 
2455837.988363  15.400165 1.000000 
2455838.008796  15.399675 1.000000 
2455838.029229  15.399469 1.000000 
2455838.049662  15.399639 1.000000 
2455838.070095  15.400029 1.000000 
2455838.090528  15.399022 1.000000 
2455838.110962  15.400109 1.000000 
2455838.131395  15.399270 1.000000 
2455838.151828  15.399783 1.000000 
2455838.172261  15.399428 1.000000 
2455838.192694  15.399494 1.000000 
2455838.213127  15.399062 1.000000 
2455838.233560  15.399724 1.000000 
2455838.253994  15.398736 1.000000 
2455838.274427  15.399559 1.000000 
2455838.294860  15.398563 1.000000 
2455838.315293  15.399565 1.000000 
2455838.335726  15.399726 1.000000 
2455838.356159  15.399688 1.000000 
2455838.376592  15.399250 1.000000 
2455838.397025  15.399155 1.000000 
2455838.417458  15.399170 1.000000 
2455838.437892  15.399034 1.000000 
2455838.458325  15.399846 1.000000 
2455838.478758  15.399368 1.000000 
2455838.499191  15.399054 1.000000 
2455838.519624  15.398774 1.000000 
2455838.540057  15.399071 1.000000 
2455838.560490  15.398472 1.000000 
2455838.580924  15.399301 1.000000 
2455838.601357  15.397818 1.000000 
2455838.621790  15.399148 1.000000 
2455838.642223  15.399786 1.000000 
2455838.662656  15.399454 1.000000 
2455838.683089  15.398974 1.000000 
2455838.703522  15.399096 1.000000 
2455838.723955  15.400333 1.000000 
2455838.744389  15.399613 1.000000 
2455838.764822  15.399724 1.000000 
2455838.785255  15.399253 1.000000 
2455838.805688  15.398643 1.000000 
2455838.826121  15.399518 1.000000 
2455838.846554  15.398190 1.000000 
2455838.866987  15.398978 1.000000 
2455838.887420  15.399749 1.000000 
2455838.907853  15.399483 1.000000 
2455838.928287  15.399885 1.000000 
2455838.948720  15.399060 1.000000 
2455838.969153  15.399865 1.000000 
2455838.989586  15.399616 1.000000 
2455839.010019  15.398612 1.000000 
2455839.030452  15.399484 1.000000 
2455839.050885  15.398853 1.000000 
2455839.071319  15.398777 1.000000 
2455839.091752  15.399405 1.000000 
2455839.112185  15.399350 1.000000 
