2455757.786647  15.400922 1.000000 
2455757.807081  15.400422 1.000000 
2455757.827515  15.400320 1.000000 
2455757.847949  15.400975 1.000000 
2455757.868383  15.400434 1.000000 
2455757.888817  15.400480 1.000000 
2455757.909251  15.399515 1.000000 
2455757.929685  15.401299 1.000000 
2455757.950119  15.400428 1.000000 
2455757.970553  15.399955 1.000000 
2455757.990987  15.400442 1.000000 
2455758.011421  15.398741 1.000000 
2455758.031855  15.400780 1.000000 
2455758.052289  15.400565 1.000000 
2455758.072723  15.400281 1.000000 
2455758.093157  15.400023 1.000000 
2455758.113591  15.400144 1.000000 
2455758.134025  15.400722 1.000000 
2455758.154459  15.400093 1.000000 
2455758.174893  15.400334 1.000000 
2455758.195327  15.400182 1.000000 
2455758.215761  15.400066 1.000000 
2455758.236195  15.399726 1.000000 
2455758.256629  15.400176 1.000000 
2455758.277063  15.399895 1.000000 
2455758.297497  15.399994 1.000000 
2455758.317931  15.399892 1.000000 
2455758.338365  15.400653 1.000000 
2455758.358799  15.399893 1.000000 
2455758.379233  15.400680 1.000000 
2455758.399666  15.400426 1.000000 
2455758.420100  15.400971 1.000000 
2455758.440534  15.400964 1.000000 
2455758.460968  15.400152 1.000000 
2455758.481403  15.399399 1.000000 
2455758.501836  15.399790 1.000000 
2455758.522271  15.399896 1.000000 
2455758.542704  15.399845 1.000000 
2455758.563138  15.400066 1.000000 
2455758.583572  15.400568 1.000000 
2455758.604006  15.400459 1.000000 
2455758.624440  15.399516 1.000000 
2455758.644874  15.399611 1.000000 
2455758.665308  15.399632 1.000000 
2455758.685742  15.398371 1.000000 
2455758.706176  15.399823 1.000000 
2455758.726610  15.400861 1.000000 
2455758.747044  15.400588 1.000000 
2455758.767478  15.399519 1.000000 
2455758.787912  15.400809 1.000000 
2455758.808346  15.400088 1.000000 
2455758.828780  15.400161 1.000000 
2455758.849214  15.400946 1.000000 
2455758.869648  15.400620 1.000000 
2455758.890082  15.400351 1.000000 
2455758.910516  15.399733 1.000000 
2455758.930950  15.400121 1.000000 
2455758.951384  15.400846 1.000000 
2455758.971818  15.400592 1.000000 
2455758.992252  15.400637 1.000000 
2455759.012686  15.400744 1.000000 
2455759.033120  15.400780 1.000000 
2455759.053554  15.404275 1.000000 
2455759.073988  15.409692 1.000000 
2455759.094422  15.412658 1.000000 
2455759.114856  15.413461 1.000000 
2455759.135290  15.414592 1.000000 
2455759.155724  15.414453 1.000000 
2455759.176158  15.413771 1.000000 
2455759.196592  15.411307 1.000000 
2455759.217026  15.411042 1.000000 
2455759.237460  15.405097 1.000000 
2455759.257894  15.400639 1.000000 
2455759.278328  15.400415 1.000000 
2455759.298762  15.399741 1.000000 
2455759.319196  15.401169 1.000000 
2455759.339630  15.400500 1.000000 
2455759.360064  15.400164 1.000000 
2455759.380498  15.400199 1.000000 
2455759.400932  15.400420 1.000000 
2455759.421366  15.399627 1.000000 
2455759.441800  15.400027 1.000000 
2455759.462234  15.400004 1.000000 
2455759.482668  15.399992 1.000000 
2455759.503102  15.400738 1.000000 
2455759.523535  15.399367 1.000000 
2455759.543969  15.399873 1.000000 
2455759.564403  15.399520 1.000000 
2455759.584837  15.400641 1.000000 
2455759.605271  15.400289 1.000000 
2455759.625705  15.400256 1.000000 
2455759.646139  15.400085 1.000000 
2455759.666573  15.399966 1.000000 
2455759.687007  15.400244 1.000000 
2455759.707441  15.399713 1.000000 
2455759.727875  15.401172 1.000000 
2455759.748309  15.399655 1.000000 
2455759.768743  15.400829 1.000000 
2455759.789177  15.399940 1.000000 
2455759.809611  15.399658 1.000000 
2455759.830045  15.400058 1.000000 
2455759.870913  15.399737 1.000000 
2455759.891347  15.400293 1.000000 
2455759.911781  15.399094 1.000000 
2455759.932215  15.399327 1.000000 
2455759.952649  15.399648 1.000000 
2455759.973083  15.400906 1.000000 
2455759.993517  15.400490 1.000000 
2455760.013951  15.400288 1.000000 
2455760.034385  15.399630 1.000000 
2455760.054819  15.400880 1.000000 
2455760.075253  15.399861 1.000000 
2455760.095687  15.400537 1.000000 
2455760.116121  15.399771 1.000000 
2455760.136555  15.400944 1.000000 
2455760.156989  15.399544 1.000000 
2455760.177423  15.398630 1.000000 
2455760.197857  15.400247 1.000000 
2455760.218291  15.399915 1.000000 
2455760.238724  15.400232 1.000000 
2455760.259159  15.399868 1.000000 
2455760.279593  15.399976 1.000000 
2455760.300027  15.400528 1.000000 
2455760.320460  15.400441 1.000000 
2455760.340894  15.399907 1.000000 
2455760.361328  15.400615 1.000000 
2455760.381762  15.400257 1.000000 
2455760.402196  15.399603 1.000000 
2455760.422630  15.399763 1.000000 
2455760.443064  15.400095 1.000000 
2455760.463498  15.400346 1.000000 
2455760.483932  15.400102 1.000000 
2455760.504366  15.399859 1.000000 
