2455620.223957  15.401502 1.000000 
2455620.244391  15.403398 1.000000 
2455620.264825  15.403033 1.000000 
2455620.285259  15.401369 1.000000 
2455620.326126  15.402643 1.000000 
2455620.346560  15.402947 1.000000 
2455620.366994  15.401486 1.000000 
2455620.387428  15.401506 1.000000 
2455620.407862  15.402693 1.000000 
2455620.428295  15.402554 1.000000 
2455620.448729  15.402554 1.000000 
2455620.469163  15.402284 1.000000 
2455620.489597  15.402814 1.000000 
2455620.510030  15.402520 1.000000 
2455620.530464  15.402929 1.000000 
2455620.550898  15.402437 1.000000 
2455620.571332  15.402217 1.000000 
2455620.591766  15.403293 1.000000 
2455620.612200  15.402237 1.000000 
2455620.632633  15.402692 1.000000 
2455620.653067  15.402755 1.000000 
2455620.673501  15.402538 1.000000 
2455620.693935  15.402473 1.000000 
2455620.714368  15.403314 1.000000 
2455620.734802  15.402103 1.000000 
2455620.755236  15.402496 1.000000 
2455620.775670  15.403026 1.000000 
2455620.796104  15.403096 1.000000 
2455620.816537  15.402609 1.000000 
2455620.836971  15.402309 1.000000 
2455620.857405  15.403017 1.000000 
2455620.877839  15.401861 1.000000 
2455620.898273  15.401687 1.000000 
2455620.918706  15.401928 1.000000 
2455620.939140  15.402905 1.000000 
2455620.959574  15.402580 1.000000 
2455620.980008  15.403326 1.000000 
2455621.000442  15.402856 1.000000 
2455621.020876  15.402011 1.000000 
2455621.041309  15.402719 1.000000 
2455621.061743  15.401987 1.000000 
2455621.082177  15.402452 1.000000 
2455621.102611  15.402936 1.000000 
2455621.123045  15.403017 1.000000 
2455621.143478  15.402718 1.000000 
2455621.163912  15.402880 1.000000 
2455621.184346  15.402914 1.000000 
2455621.204780  15.402097 1.000000 
2455621.225214  15.401533 1.000000 
2455621.245647  15.402287 1.000000 
2455621.266081  15.402283 1.000000 
2455621.286515  15.402719 1.000000 
2455621.306949  15.402686 1.000000 
2455621.327382  15.402683 1.000000 
2455621.347816  15.402487 1.000000 
2455621.368250  15.402075 1.000000 
2455621.388684  15.402340 1.000000 
2455621.409118  15.401592 1.000000 
2455621.429552  15.400582 1.000000 
2455621.449985  15.402138 1.000000 
2455621.470419  15.401451 1.000000 
2455621.490853  15.405376 1.000000 
2455621.511287  15.410944 1.000000 
2455621.531721  15.415594 1.000000 
2455621.552154  15.417109 1.000000 
2455621.572588  15.416581 1.000000 
2455621.593022  15.417570 1.000000 
2455621.613456  15.417062 1.000000 
2455621.633890  15.415676 1.000000 
2455621.654323  15.415124 1.000000 
2455621.674757  15.408184 1.000000 
2455621.695191  15.403625 1.000000 
2455621.715625  15.401882 1.000000 
2455621.736059  15.402601 1.000000 
2455621.756493  15.401738 1.000000 
2455621.776926  15.403255 1.000000 
2455621.797360  15.402313 1.000000 
2455621.817794  15.402410 1.000000 
2455621.838228  15.401469 1.000000 
2455621.858662  15.400970 1.000000 
2455621.879095  15.402733 1.000000 
2455621.899529  15.402225 1.000000 
2455621.919963  15.403148 1.000000 
2455621.940397  15.400570 1.000000 
2455621.960831  15.402735 1.000000 
2455621.981264  15.402822 1.000000 
2455622.001698  15.402522 1.000000 
2455622.022132  15.403031 1.000000 
2455622.042566  15.403868 1.000000 
2455622.063000  15.402385 1.000000 
2455622.103867  15.403042 1.000000 
2455622.124301  15.402382 1.000000 
2455622.144735  15.402487 1.000000 
2455622.165169  15.402630 1.000000 
2455622.185603  15.402037 1.000000 
2455622.206037  15.403704 1.000000 
2455622.226470  15.402866 1.000000 
2455622.246904  15.402221 1.000000 
2455622.267338  15.401305 1.000000 
2455622.287772  15.402584 1.000000 
2455622.308205  15.402983 1.000000 
2455622.328639  15.402969 1.000000 
2455622.349073  15.401875 1.000000 
2455622.369507  15.402752 1.000000 
2455622.389941  15.401910 1.000000 
2455622.410375  15.402005 1.000000 
2455622.430808  15.402054 1.000000 
2455622.451242  15.402962 1.000000 
2455622.471676  15.402717 1.000000 
2455622.492110  15.401960 1.000000 
2455622.512544  15.402099 1.000000 
2455622.532978  15.402764 1.000000 
2455622.553411  15.402814 1.000000 
2455622.573845  15.400472 1.000000 
2455622.594279  15.402806 1.000000 
2455622.614713  15.403131 1.000000 
2455622.635147  15.402704 1.000000 
2455622.655581  15.401879 1.000000 
2455622.676014  15.401839 1.000000 
2455622.696448  15.402666 1.000000 
2455622.716882  15.402568 1.000000 
2455622.737316  15.403111 1.000000 
2455622.757750  15.402020 1.000000 
2455622.798617  15.403522 1.000000 
2455622.819051  15.402151 1.000000 
2455622.839485  15.402872 1.000000 
2455622.859919  15.402796 1.000000 
2455622.880352  15.402335 1.000000 
2455622.900786  15.401559 1.000000 
2455622.921220  15.403796 1.000000 
2455622.941654  15.402601 1.000000 
