2455895.343650  15.400118 1.000000 
2455895.364082  15.399935 1.000000 
2455895.384515  15.400828 1.000000 
2455895.404948  15.399374 1.000000 
2455895.425381  15.399086 1.000000 
2455895.445814  15.400711 1.000000 
2455895.466247  15.400441 1.000000 
2455895.486680  15.400139 1.000000 
2455895.507113  15.400392 1.000000 
2455895.527546  15.398863 1.000000 
2455895.547978  15.399538 1.000000 
2455895.568411  15.400569 1.000000 
2455895.588844  15.399580 1.000000 
2455895.609277  15.401189 1.000000 
2455895.629710  15.400198 1.000000 
2455895.650143  15.399716 1.000000 
2455895.670576  15.398806 1.000000 
2455895.691008  15.399601 1.000000 
2455895.711441  15.400422 1.000000 
2455897.836461  15.399780 1.000000 
2455897.856893  15.399518 1.000000 
2455897.877326  15.399234 1.000000 
2455897.897759  15.399136 1.000000 
2455897.918192  15.399662 1.000000 
2455897.938625  15.399413 1.000000 
2455897.959058  15.400029 1.000000 
2455897.979491  15.399817 1.000000 
2455897.999924  15.399221 1.000000 
2455898.020356  15.400463 1.000000 
2455898.040789  15.399848 1.000000 
2455898.061222  15.398781 1.000000 
