2455641.516061  15.402224 1.000000 
2455641.536495  15.401781 1.000000 
2455641.556929  15.401591 1.000000 
2455641.577363  15.401639 1.000000 
2455641.597797  15.400410 1.000000 
2455641.618231  15.400990 1.000000 
2455641.638665  15.400486 1.000000 
2455641.659099  15.401659 1.000000 
2455641.679533  15.401945 1.000000 
2455641.699967  15.400832 1.000000 
2455641.720401  15.401626 1.000000 
2455641.740835  15.402133 1.000000 
2455641.761269  15.401931 1.000000 
2455641.781703  15.400949 1.000000 
2455641.802138  15.401458 1.000000 
2455641.822572  15.402185 1.000000 
2455641.843006  15.402050 1.000000 
2455641.863440  15.401616 1.000000 
2455641.883874  15.401741 1.000000 
2455641.904308  15.401995 1.000000 
2455641.924742  15.401245 1.000000 
2455641.945176  15.401771 1.000000 
2455641.965610  15.401673 1.000000 
2455641.986044  15.401031 1.000000 
2455642.006478  15.400567 1.000000 
2455642.026912  15.401471 1.000000 
2455642.047346  15.401609 1.000000 
2455642.067780  15.401363 1.000000 
2455642.088214  15.400269 1.000000 
2455642.108648  15.401097 1.000000 
2455642.129082  15.401544 1.000000 
2455642.149516  15.401418 1.000000 
2455642.169950  15.401823 1.000000 
2455642.190384  15.401222 1.000000 
2455642.210818  15.400497 1.000000 
2455642.231252  15.401985 1.000000 
2455642.251686  15.401635 1.000000 
2455642.272120  15.401318 1.000000 
2455642.292554  15.401362 1.000000 
2455642.312988  15.401991 1.000000 
2455642.333422  15.400489 1.000000 
2455642.353856  15.401178 1.000000 
2455642.374290  15.401685 1.000000 
2455642.394724  15.401962 1.000000 
2455642.415158  15.400991 1.000000 
2455642.435593  15.401804 1.000000 
2455642.456027  15.401134 1.000000 
2455642.476461  15.401716 1.000000 
2455642.496895  15.401745 1.000000 
2455642.517329  15.402125 1.000000 
2455642.537763  15.401311 1.000000 
2455642.558197  15.400912 1.000000 
2455642.578631  15.401585 1.000000 
2455642.599065  15.401251 1.000000 
