2456091.854568  15.397015 1.000000 
2456091.875002  15.396978 1.000000 
2456091.895437  15.396749 1.000000 
2456091.915871  15.396975 1.000000 
2456091.936305  15.396800 1.000000 
2456091.956739  15.398028 1.000000 
2456091.977174  15.397954 1.000000 
2456091.997608  15.396515 1.000000 
2456092.018042  15.396369 1.000000 
2456092.038476  15.398335 1.000000 
2456092.058911  15.396464 1.000000 
2456092.079345  15.397189 1.000000 
2456092.099779  15.397299 1.000000 
2456092.120214  15.396135 1.000000 
2456092.140648  15.397769 1.000000 
2456092.161082  15.397422 1.000000 
2456092.181516  15.397042 1.000000 
2456092.201950  15.396960 1.000000 
2456092.222385  15.396452 1.000000 
2456092.242819  15.397683 1.000000 
2456092.263253  15.397358 1.000000 
2456092.283687  15.396662 1.000000 
2456092.304122  15.397086 1.000000 
2456092.324556  15.396461 1.000000 
2456092.344990  15.397060 1.000000 
2456092.365424  15.396242 1.000000 
2456092.385859  15.397224 1.000000 
2456092.406293  15.396593 1.000000 
2456092.426727  15.396345 1.000000 
2456092.447162  15.396719 1.000000 
2456092.467596  15.397065 1.000000 
2456092.488030  15.396996 1.000000 
2456092.508464  15.397022 1.000000 
2456092.528899  15.396786 1.000000 
2456092.569767  15.397079 1.000000 
2456092.590201  15.397517 1.000000 
2456092.610635  15.396934 1.000000 
2456092.631070  15.396843 1.000000 
2456092.651504  15.396760 1.000000 
2456092.671938  15.397168 1.000000 
2456092.692373  15.396239 1.000000 
2456092.712807  15.396768 1.000000 
2456092.733241  15.397016 1.000000 
2456092.753675  15.398302 1.000000 
2456092.774110  15.396943 1.000000 
2456092.794544  15.396380 1.000000 
2456092.814978  15.396894 1.000000 
2456092.835412  15.396365 1.000000 
2456092.855847  15.395530 1.000000 
2456092.876281  15.397144 1.000000 
2456092.896715  15.396870 1.000000 
2456092.917149  15.396073 1.000000 
2456092.937584  15.397278 1.000000 
2456092.958018  15.397023 1.000000 
2456092.978452  15.397269 1.000000 
2456092.998886  15.397131 1.000000 
2456093.019321  15.397394 1.000000 
2456093.039755  15.397417 1.000000 
2456093.060189  15.397749 1.000000 
2456093.080624  15.396660 1.000000 
2456093.101058  15.396506 1.000000 
2456093.121492  15.399070 1.000000 
2456093.141926  15.406487 1.000000 
2456093.162361  15.409925 1.000000 
2456093.182795  15.410136 1.000000 
2456093.203229  15.410644 1.000000 
2456093.223663  15.411147 1.000000 
2456093.244098  15.410079 1.000000 
2456093.264532  15.409701 1.000000 
2456093.284966  15.408812 1.000000 
2456093.305400  15.400932 1.000000 
2456093.325834  15.397604 1.000000 
2456093.346269  15.396898 1.000000 
2456093.366703  15.396845 1.000000 
2456093.387137  15.396228 1.000000 
2456093.407571  15.396373 1.000000 
2456093.428006  15.397480 1.000000 
2456093.448440  15.396832 1.000000 
2456093.468874  15.397264 1.000000 
2456093.489309  15.396945 1.000000 
2456093.509743  15.397496 1.000000 
2456093.530177  15.396850 1.000000 
2456093.550611  15.396932 1.000000 
2456093.571045  15.396625 1.000000 
2456093.591480  15.396910 1.000000 
2456093.611914  15.397629 1.000000 
2456093.632348  15.396935 1.000000 
2456093.652782  15.396690 1.000000 
2456093.673217  15.396403 1.000000 
2456093.693651  15.396906 1.000000 
2456093.714085  15.396355 1.000000 
2456093.734519  15.396249 1.000000 
2456093.754954  15.397246 1.000000 
2456093.775388  15.397668 1.000000 
2456093.795822  15.396028 1.000000 
2456093.816256  15.395992 1.000000 
2456093.836691  15.396066 1.000000 
2456093.857125  15.397693 1.000000 
2456093.877559  15.395927 1.000000 
2456093.897993  15.396522 1.000000 
2456093.918428  15.397330 1.000000 
2456093.938862  15.396685 1.000000 
2456093.959296  15.396556 1.000000 
2456093.979730  15.397664 1.000000 
2456094.000165  15.396626 1.000000 
2456094.020599  15.396766 1.000000 
2456094.041033  15.396739 1.000000 
2456094.061467  15.397037 1.000000 
2456094.081902  15.396449 1.000000 
2456094.102336  15.397200 1.000000 
2456094.122770  15.396242 1.000000 
2456094.143204  15.396878 1.000000 
2456094.163639  15.396838 1.000000 
2456094.184073  15.396737 1.000000 
2456094.204507  15.396619 1.000000 
2456094.224941  15.396526 1.000000 
2456094.245376  15.396508 1.000000 
2456094.265810  15.397361 1.000000 
2456094.286244  15.396729 1.000000 
2456094.306678  15.397017 1.000000 
2456094.327113  15.397037 1.000000 
2456094.347547  15.397498 1.000000 
2456094.367981  15.396163 1.000000 
2456094.388415  15.396710 1.000000 
2456094.408850  15.395992 1.000000 
2456094.429284  15.396388 1.000000 
2456094.449718  15.396914 1.000000 
2456094.470152  15.396304 1.000000 
2456094.490587  15.397712 1.000000 
2456094.511021  15.397091 1.000000 
2456094.531455  15.397547 1.000000 
2456094.551890  15.396573 1.000000 
2456094.572324  15.397380 1.000000 
