2455580.930263  15.402321 1.000000 
2455580.950696  15.402037 1.000000 
2455580.971130  15.402744 1.000000 
2455580.991563  15.402852 1.000000 
2455581.011996  15.401503 1.000000 
2455581.032430  15.402697 1.000000 
2455581.052863  15.402675 1.000000 
2455581.073296  15.402351 1.000000 
2455581.093730  15.401937 1.000000 
2455581.114163  15.402343 1.000000 
2455581.134596  15.402691 1.000000 
2455581.155029  15.403469 1.000000 
2455581.175463  15.402419 1.000000 
2455581.195896  15.402668 1.000000 
2455581.216329  15.402752 1.000000 
2455581.236763  15.402625 1.000000 
2455581.257196  15.402591 1.000000 
2455581.277629  15.403232 1.000000 
2455581.298063  15.401911 1.000000 
2455581.318496  15.402528 1.000000 
2455581.338929  15.401866 1.000000 
2455581.359362  15.402442 1.000000 
2455581.379796  15.402273 1.000000 
2455581.400229  15.403079 1.000000 
2455581.420662  15.402628 1.000000 
2455581.441096  15.402128 1.000000 
2455581.461529  15.402540 1.000000 
2455581.481962  15.401544 1.000000 
2455581.502396  15.402869 1.000000 
2455581.522829  15.401714 1.000000 
2455581.543262  15.401860 1.000000 
2455581.563696  15.402740 1.000000 
2455581.584129  15.402428 1.000000 
2455581.604562  15.402607 1.000000 
2455581.624995  15.402721 1.000000 
2455581.645429  15.401867 1.000000 
2455581.665862  15.402490 1.000000 
2455581.686295  15.402380 1.000000 
2455581.706729  15.402316 1.000000 
2455581.727162  15.402605 1.000000 
2455581.747595  15.402834 1.000000 
2455581.768029  15.402319 1.000000 
2455581.788462  15.403246 1.000000 
2455581.808895  15.402503 1.000000 
2455581.829329  15.402049 1.000000 
2455581.849762  15.403691 1.000000 
2455581.870195  15.403535 1.000000 
2455581.890629  15.401030 1.000000 
2455581.911062  15.402226 1.000000 
2455581.931495  15.401984 1.000000 
2455581.951929  15.403023 1.000000 
2455581.972362  15.402509 1.000000 
2455581.992795  15.402638 1.000000 
2455582.013228  15.402629 1.000000 
2455582.033662  15.403067 1.000000 
2455582.054095  15.401384 1.000000 
2455582.074528  15.402710 1.000000 
2455582.094962  15.402685 1.000000 
2455582.115395  15.402447 1.000000 
2455582.135828  15.403024 1.000000 
2455582.156262  15.402098 1.000000 
2455582.176695  15.403211 1.000000 
2455582.197128  15.407752 1.000000 
2455582.217562  15.414083 1.000000 
2455582.258428  15.415940 1.000000 
2455582.278862  15.417067 1.000000 
2455582.299295  15.416682 1.000000 
2455582.319728  15.415524 1.000000 
2455582.340162  15.415616 1.000000 
2455582.360595  15.412922 1.000000 
2455582.381028  15.406412 1.000000 
2455582.401461  15.402772 1.000000 
2455582.421895  15.401972 1.000000 
2455582.442328  15.402714 1.000000 
2455582.462761  15.402253 1.000000 
2455582.483195  15.401902 1.000000 
2455582.503628  15.402109 1.000000 
2455582.524061  15.401937 1.000000 
2455582.544495  15.402688 1.000000 
2455582.564928  15.403028 1.000000 
2455582.585361  15.401575 1.000000 
2455582.605795  15.401797 1.000000 
2455582.626228  15.402951 1.000000 
2455582.646661  15.401668 1.000000 
2455582.667095  15.402413 1.000000 
2455582.687528  15.401765 1.000000 
2455582.707961  15.402620 1.000000 
2455582.728395  15.401871 1.000000 
2455582.748828  15.401971 1.000000 
2455582.769261  15.402443 1.000000 
2455582.789695  15.401871 1.000000 
2455582.810128  15.403145 1.000000 
2455582.830561  15.402942 1.000000 
2455582.850994  15.402593 1.000000 
2455582.871428  15.402076 1.000000 
2455582.891861  15.402274 1.000000 
2455582.912294  15.402286 1.000000 
2455582.932728  15.402055 1.000000 
2455582.953161  15.402089 1.000000 
2455582.973594  15.401951 1.000000 
2455582.994028  15.402471 1.000000 
2455583.014461  15.401903 1.000000 
2455583.034894  15.401734 1.000000 
2455583.055328  15.402765 1.000000 
2455583.075761  15.403528 1.000000 
2455583.096194  15.401700 1.000000 
2455583.116628  15.402891 1.000000 
2455583.137061  15.402354 1.000000 
2455583.157494  15.400511 1.000000 
2455583.177928  15.402369 1.000000 
2455583.218794  15.402118 1.000000 
2455583.239228  15.401829 1.000000 
2455583.259661  15.402845 1.000000 
2455583.280094  15.403045 1.000000 
2455583.300528  15.401840 1.000000 
2455583.320961  15.402503 1.000000 
2455583.341394  15.402060 1.000000 
2455583.361828  15.401937 1.000000 
2455583.382261  15.402861 1.000000 
2455583.402694  15.401480 1.000000 
2455583.423128  15.402631 1.000000 
2455583.443561  15.402461 1.000000 
2455583.463994  15.402243 1.000000 
2455583.484428  15.402472 1.000000 
2455583.504861  15.403446 1.000000 
2455583.525294  15.401529 1.000000 
2455583.545728  15.402709 1.000000 
2455583.566161  15.402793 1.000000 
2455583.586594  15.402011 1.000000 
2455583.607028  15.401642 1.000000 
2455583.627461  15.402763 1.000000 
2455583.647894  15.402212 1.000000 
