2455816.737808  15.400185 1.000000 
2455816.758242  15.400371 1.000000 
2455816.778675  15.399758 1.000000 
2455816.799109  15.400523 1.000000 
2455816.819542  15.400143 1.000000 
2455816.839975  15.400476 1.000000 
2455816.860408  15.400143 1.000000 
2455816.880842  15.399998 1.000000 
2455816.901275  15.401306 1.000000 
2455816.942142  15.400211 1.000000 
2455816.962575  15.400246 1.000000 
2455816.983009  15.399730 1.000000 
2455817.003442  15.400152 1.000000 
2455817.023875  15.400227 1.000000 
2455817.044309  15.400791 1.000000 
2455817.064742  15.399287 1.000000 
2455817.085175  15.401053 1.000000 
2455817.105609  15.399907 1.000000 
2455817.126042  15.400008 1.000000 
2455817.146475  15.400553 1.000000 
2455817.166909  15.400702 1.000000 
2455817.187342  15.400423 1.000000 
2455817.207775  15.399936 1.000000 
2455817.228209  15.399963 1.000000 
2455817.248642  15.399599 1.000000 
2455817.269075  15.400426 1.000000 
2455817.289509  15.399808 1.000000 
2455817.309942  15.400286 1.000000 
2455817.330375  15.399804 1.000000 
2455817.350809  15.400132 1.000000 
2455817.371242  15.400222 1.000000 
2455817.391676  15.399401 1.000000 
2455817.412109  15.400227 1.000000 
2455817.432542  15.399241 1.000000 
2455817.452975  15.400281 1.000000 
2455817.473409  15.399750 1.000000 
2455817.493842  15.400970 1.000000 
2455817.514276  15.400351 1.000000 
2455817.534709  15.399781 1.000000 
2455817.555142  15.399004 1.000000 
2455817.575575  15.400737 1.000000 
2455817.596009  15.399781 1.000000 
2455817.616442  15.400632 1.000000 
2455817.636875  15.399363 1.000000 
2455817.657309  15.400677 1.000000 
2455817.677742  15.400481 1.000000 
2455817.698176  15.400270 1.000000 
2455817.718609  15.400195 1.000000 
2455817.739042  15.399885 1.000000 
2455817.759475  15.399725 1.000000 
2455817.779909  15.400727 1.000000 
2455817.800342  15.400085 1.000000 
2455817.820776  15.400126 1.000000 
2455817.841209  15.399767 1.000000 
2455817.861642  15.399755 1.000000 
2455817.882076  15.399990 1.000000 
2455817.902509  15.400435 1.000000 
2455817.922942  15.400822 1.000000 
2455817.943375  15.400545 1.000000 
2455817.963809  15.400545 1.000000 
2455817.984242  15.400256 1.000000 
2455818.004676  15.402724 1.000000 
2455818.025109  15.409010 1.000000 
2455818.045542  15.411823 1.000000 
2455818.065975  15.414392 1.000000 
2455818.086409  15.413560 1.000000 
2455818.106842  15.414028 1.000000 
2455818.127275  15.413184 1.000000 
2455818.147709  15.412483 1.000000 
2455818.168142  15.411850 1.000000 
2455818.188575  15.405949 1.000000 
2455818.209009  15.400522 1.000000 
2455818.229442  15.399690 1.000000 
2455818.249875  15.399576 1.000000 
2455818.270309  15.399911 1.000000 
2455818.290742  15.399451 1.000000 
2455818.311175  15.398654 1.000000 
2455818.331609  15.399888 1.000000 
2455818.352042  15.400006 1.000000 
2455818.372475  15.399337 1.000000 
2455818.392909  15.400157 1.000000 
2455818.413342  15.399574 1.000000 
2455818.433775  15.399998 1.000000 
2455818.454209  15.399989 1.000000 
2455818.474642  15.399035 1.000000 
2455818.495075  15.399808 1.000000 
2455818.515509  15.399976 1.000000 
2455818.535942  15.400268 1.000000 
2455818.556375  15.399744 1.000000 
2455818.576809  15.400748 1.000000 
2455818.597242  15.400059 1.000000 
2455818.617675  15.400211 1.000000 
2455818.638109  15.399914 1.000000 
2455818.658542  15.400019 1.000000 
2455818.678975  15.400818 1.000000 
2455818.699409  15.399817 1.000000 
2455818.719842  15.400349 1.000000 
2455818.740275  15.401330 1.000000 
2455818.760709  15.400559 1.000000 
2455818.781142  15.400202 1.000000 
2455818.801575  15.400359 1.000000 
2455818.822008  15.400043 1.000000 
2455818.842442  15.399480 1.000000 
2455818.862875  15.399437 1.000000 
2455818.883309  15.399529 1.000000 
2455818.903742  15.400167 1.000000 
2455818.924175  15.400219 1.000000 
2455818.944609  15.399911 1.000000 
2455818.965042  15.399990 1.000000 
2455818.985475  15.399737 1.000000 
2455819.005908  15.399899 1.000000 
2455819.026342  15.399954 1.000000 
2455819.046775  15.399882 1.000000 
2455819.067209  15.399568 1.000000 
2455819.087642  15.399653 1.000000 
2455819.108075  15.399796 1.000000 
2455819.128508  15.400550 1.000000 
2455819.148942  15.400435 1.000000 
2455819.169375  15.400706 1.000000 
2455819.189808  15.400600 1.000000 
2455819.210242  15.400438 1.000000 
2455819.230675  15.399947 1.000000 
2455819.251108  15.399910 1.000000 
2455819.271542  15.399282 1.000000 
2455819.291975  15.400126 1.000000 
2455819.312408  15.400103 1.000000 
2455819.332842  15.400154 1.000000 
2455819.353275  15.399728 1.000000 
2455819.373708  15.399858 1.000000 
2455819.394141  15.399243 1.000000 
2455819.414575  15.400006 1.000000 
2455819.435008  15.400308 1.000000 
2455819.455442  15.400076 1.000000 
