2456052.559422  15.396545 1.000000 
2456052.579856  15.397506 1.000000 
2456052.600290  15.397555 1.000000 
2456052.620725  15.397120 1.000000 
2456052.641159  15.396818 1.000000 
2456052.661593  15.397456 1.000000 
2456052.682027  15.396750 1.000000 
2456052.702462  15.396792 1.000000 
2456052.722896  15.397009 1.000000 
2456052.743330  15.397441 1.000000 
2456052.763764  15.397111 1.000000 
2456052.784199  15.396586 1.000000 
2456052.804633  15.396468 1.000000 
2456052.825067  15.397496 1.000000 
2456052.845502  15.396661 1.000000 
2456052.865936  15.396270 1.000000 
2456052.886370  15.396277 1.000000 
2456052.906804  15.395818 1.000000 
2456052.927239  15.397357 1.000000 
2456052.947673  15.396426 1.000000 
2456052.968107  15.397053 1.000000 
2456052.988542  15.397113 1.000000 
2456053.008976  15.397130 1.000000 
2456053.029410  15.396432 1.000000 
2456053.049844  15.397785 1.000000 
2456053.070279  15.397208 1.000000 
2456053.090713  15.396773 1.000000 
2456053.111147  15.397150 1.000000 
2456053.131582  15.396938 1.000000 
2456053.152016  15.396787 1.000000 
2456053.172450  15.396221 1.000000 
2456053.192884  15.397122 1.000000 
2456053.213319  15.397043 1.000000 
2456053.233753  15.397571 1.000000 
2456053.254187  15.396644 1.000000 
2456053.274622  15.396936 1.000000 
2456053.295056  15.396784 1.000000 
2456053.315490  15.396689 1.000000 
2456053.335924  15.397321 1.000000 
2456053.356359  15.397549 1.000000 
2456053.376793  15.397031 1.000000 
2456053.397227  15.396482 1.000000 
2456053.417662  15.396872 1.000000 
2456053.438096  15.398413 1.000000 
2456053.458530  15.396488 1.000000 
2456053.478964  15.397147 1.000000 
2456053.499399  15.397642 1.000000 
2456053.519833  15.397840 1.000000 
2456053.540267  15.396638 1.000000 
2456053.601570  15.397167 1.000000 
2456053.622004  15.394446 1.000000 
2456053.662873  15.397117 1.000000 
2456053.683307  15.396997 1.000000 
2456053.724176  15.396979 1.000000 
2456053.744610  15.397486 1.000000 
2456053.765044  15.397067 1.000000 
2456053.805913  15.397554 1.000000 
2456053.826347  15.402096 1.000000 
2456053.846782  15.407893 1.000000 
2456053.867216  15.409945 1.000000 
2456053.887650  15.410640 1.000000 
2456053.908084  15.411854 1.000000 
2456053.928519  15.410977 1.000000 
2456053.948953  15.409795 1.000000 
2456053.969387  15.409135 1.000000 
2456053.989822  15.406556 1.000000 
2456054.010256  15.400502 1.000000 
2456054.030690  15.396796 1.000000 
2456054.051124  15.397251 1.000000 
2456054.071559  15.396212 1.000000 
2456054.091993  15.397334 1.000000 
2456054.112427  15.396472 1.000000 
2456054.132861  15.396367 1.000000 
2456054.153296  15.396827 1.000000 
2456054.173730  15.396018 1.000000 
2456054.194164  15.397692 1.000000 
2456054.214599  15.396903 1.000000 
2456054.235033  15.397322 1.000000 
2456054.255467  15.396570 1.000000 
2456054.275902  15.396339 1.000000 
2456054.296336  15.396657 1.000000 
2456054.316770  15.396340 1.000000 
2456054.337204  15.397189 1.000000 
2456054.357639  15.397024 1.000000 
2456054.378073  15.397189 1.000000 
2456054.398507  15.396879 1.000000 
2456054.418942  15.396626 1.000000 
2456054.439376  15.396926 1.000000 
2456054.459810  15.396841 1.000000 
2456054.480244  15.397388 1.000000 
2456054.500679  15.396642 1.000000 
2456054.521113  15.396522 1.000000 
2456054.541547  15.396813 1.000000 
2456054.561982  15.396080 1.000000 
2456054.582416  15.397262 1.000000 
2456054.602850  15.396361 1.000000 
2456054.623284  15.397096 1.000000 
2456054.643719  15.397197 1.000000 
2456054.664153  15.397068 1.000000 
2456054.684587  15.397240 1.000000 
2456054.705022  15.397439 1.000000 
2456054.725456  15.397162 1.000000 
2456054.745890  15.397444 1.000000 
2456054.766325  15.396345 1.000000 
2456054.786759  15.397578 1.000000 
2456054.807193  15.397191 1.000000 
2456054.827627  15.397504 1.000000 
2456054.848062  15.396805 1.000000 
2456054.868496  15.397191 1.000000 
2456054.888930  15.396522 1.000000 
2456054.909365  15.396574 1.000000 
2456054.929799  15.396718 1.000000 
2456054.950233  15.397367 1.000000 
2456054.970667  15.397346 1.000000 
2456054.991102  15.397121 1.000000 
2456055.011536  15.395957 1.000000 
2456055.031970  15.396799 1.000000 
2456055.052405  15.396977 1.000000 
2456055.072839  15.396872 1.000000 
2456055.093273  15.396693 1.000000 
2456055.113707  15.397904 1.000000 
2456055.134142  15.397301 1.000000 
2456055.154576  15.397603 1.000000 
2456055.175010  15.395918 1.000000 
2456055.195444  15.397037 1.000000 
2456055.215879  15.396953 1.000000 
2456055.236313  15.397967 1.000000 
2456055.256747  15.397769 1.000000 
2456055.277182  15.396125 1.000000 
