#KIC     Period     rpstar   ootv       ranking    comments
#[1]      [2]         [3]     [4]          [5]       [6]
#D means drop
9278553 18.6100931 0.061765 0.0010196 1.91854386056 #ch@D, hot star
8949247 23.799932 0.059578 0.0010095 1.65281834624 #ch@D, hot star
11391018 30.360447 0.021338 0.0003359 1.57515397091 #
2987027 17.2762904 0.01047 0.000299 1.15102201893 #
6522242 41.4083 0.022982 0.0004462 1.09357340509 # ch@D?, hot star, 
8219673 20.13151 0.008198 0.0002698 0.925254442987 #
10799735 37.590272 0.019652 0.0004844 0.904062120479 #ch@D, hot star
6061119 27.807543 0.025583 0.0008363 0.792576974787 #ch@D, hot star
5972334 15.3587794 0.014611 0.0007132 0.714206241306 #
2309719 54.356319 0.010337 0.0002794 0.685608954754 #
8506766 48.937964 0.006948 0.0002046 0.663230695565 #ch@D?, valiable
4815520 31.57868 0.002152 8.87e-05 0.589868285946  #
8053552 29.481015 0.011908 0.0005282 0.567286696993 #
6526710 39.748877 0.015032 0.0006009 0.542107627101 #
7906882 52.513565 0.014351 0.0005127 0.527735709562 #ch@uploaded
9846086 37.865195 0.007017 0.0002954 0.527417180623 #ch@uploaded
3453214 19.620342 0.02075 0.0012422 0.515236564361 #ch@D?,hot star
6879865 19.193091 0.006847 0.0004167 0.512433781561 #
9478990 21.087174 0.00894 0.000593 0.448546033719 #
10811496 19.899147 0.009041 0.0006711 0.412615355696 #
5796675 16.080672 0.003016 0.0002604 0.39461323462 #
5812701 17.855149 0.009155 0.00083 0.356641520787 #
8684730 46.15159 0.001793 0.0001034 0.348738425984 #
3323887 19.273938 0.006727 0.0006011 0.348275445996 #ch@D? valiable
10187017 16.145685 0.000951 9.35e-05 0.345839069955 #
7672940 580.0 0.023291 0.0004 0.330329631911  #ch@D? hot star 
6152974 20.172011 0.005243 0.0004834 0.329937743323 #
9846348 26.893084 0.002216 0.0001777 0.328545414557 # 
9946525 51.846913 0.009881 0.0005751 0.326008907336 #
8672910 39.643231 0.015511 0.0010495 0.320705360812 # 
12365184 69.73297 0.004439 0.0002391 0.303752508878 #ch@uploaded
8478994 39.792196 0.000609 4.41e-05 0.299097742945
5383248 16.238465 0.000652 7.41e-05 0.298325438124
9583881 18.009297 0.002986 0.0003308 0.290609166267
3832474 60.322931 0.020046 0.0012743 0.276724882374 #ch@, big, but confirmed
11075279 345.1613 0.005101 0.000136 0.275828255875 #
6289650 166.78821 0.004735 0.0001835 0.272982387012
10910878 16.068618 0.004922 0.0006255 0.268199780632
8890783 58.36209 0.00546 0.0003661 0.266723254678
10005758 134.47972 0.004042 0.0001909 0.249456812559
7109675 33.601789 0.00736 0.0006964 0.249098571985
3545478 75.112019 0.003786 0.0002451 0.243509532306
11773022 45.155503 0.006079 0.0005083 0.243158848255
5088536 27.508682 0.000642 6.95e-05 0.240629416624
3441784 52.56909 0.026336 0.0020937 0.237030109435
12314973 28.454993 0.001414 0.0001528 0.23701738366
9214713 480.0 0.016409 0.0004327 0.236487389491
5436502 23.653593 0.0034 0.0004186 0.228173140169
3323887 38.907202 0.006034 0.0005848 0.226004105349
5695396 16.091941 0.000445 6.75e-05 0.224535703682
6508221 18.20801 0.001603 0.0002311 0.222093435127
10656508 124.0 0.007828 0.0004362 0.220184984674
6603043 110.321605 0.007287 0.0004332 0.218808113591
11194032 28.511096 0.001835 0.0002146 0.218792676416
6607447 99.64357 0.003249 0.0002034 0.218628869669
8866102 17.834381 0.000331 5.01e-05 0.213744345192
11074541 29.88571 0.001285 0.0001512 0.212399227901
5563300 71.054512 0.005159 0.0003986 0.209780825047
3217264 29.199 0.002075 0.0002524 0.207863457843
#-------------------------------------------------------------------------
#Let's draw an arbitrary line here first
6867155 235.97424 0.020652 0.0009305 0.19739985396
7951018 52.75886 0.005814 0.0005603 0.195182146443
9512981 281.5635 0.020822 0.0009105 0.186203440234
7619236 562.1424 0.005512 0.0001745 0.182022046123
10790387 117.93119 0.008497 0.0005895 0.181343024403
4914423 15.965349 0.000482 9.11e-05 0.180914276248
7303287 125.86546 0.012588 0.000848 0.18077608818
6471021 125.63064 0.007787 0.0005254 0.180661539314
10616571 23.673188 0.022335 0.0034878 0.179820580813
7825899 16.23952 0.002542 0.0004991 0.17267710872
5792202 31.330554 0.004889 0.0006939 0.171977843461
7898352 127.28144 0.00825 0.0005961 0.167604499245
6621116 137.759611 0.081176 0.0056578 0.16701385031
3239945 341.0 0.019393 0.0008627 0.166318820371
12403119 76.13354 0.002973 0.0002804 0.16602071281
10723750 50.790563 0.005723 0.0006649 0.165009628166
4544670 34.84409 0.004778 0.000672 0.164568115163
11122894 74.91699 0.004354 0.0004199 0.163676291403
8800954 362.0 0.00297 0.000131 0.162803693915
8018547 83.91089 0.007928 0.0007309 0.161781888994
11818800 40.41943 0.006061 0.0008074 0.161322087346
8845205 18.477659 0.002612 0.0005175 0.160425252155
11773022 130.1831 0.01145 0.0008616 0.159131397951
4247092 21.056478 0.001454 0.0002721 0.159102273453
8802165 17.421125 0.000929 0.0001919 0.15846597495
7700622 35.58944 0.000954 0.0001384 0.157864723587
7504328 53.71798 0.003153 0.0003734 0.157406697307
4150804 160.8857 0.007796 0.0005363 0.156580868426
11122894 150.02701 0.004565 0.0003271 0.15567142356
11623629 81.73747 0.00065 6.32e-05 0.155424353305
5184584 53.44965 0.003553 0.0004362 0.152219573069
12116489 25.302868 0.00213 0.0003808 0.151925675125
7941200 65.70462 0.000653 7.29e-05 0.150980578518
8394721 52.09043 0.002927 0.0003681 0.15052593027
8751933 86.64774 0.007248 0.0007084 0.150173878897
3942446 119.06285 0.00527 0.0004401 0.149935508119
10676014 16.781774 0.000919 0.0002048 0.149658025517
7811397 339.0781 0.012792 0.0006347 0.149538654294
9002278 18.16406 0.000966 0.0002073 0.149384227832
9002278 18.16406 0.000966 0.0002073 0.149384227832
9663113 20.740555 0.001102 0.0002239 0.147655864373
11566064 152.10452 0.003664 0.0002806 0.144653892464
5031857 24.811944 0.001983 0.0003763 0.144541143391
11253827 88.51658 0.002743 0.0002795 0.142516473896
3230491 414.0 0.00864 0.0004075 0.142370281908
6071903 24.307983 0.000681 0.0001331 0.141784246855
9589524 22.184312 0.001586 0.0003248 0.141643798975
5792202 15.335244 0.002968 0.0007369 0.140521695421
3247268 86.67831 0.008117 0.0008484 0.140401922548
8806123 49.41243 0.003183 0.000441 0.140285675998
5966322 60.9292 0.00075 9.4e-05 0.139654218222
8813698 268.9424 0.0097 0.0005806 0.139186928395
8043638 17.587568 0.001408 0.0003321 0.138122449156
8242434 44.96393 0.000835 0.0001244 0.136762600366
11133306 41.74591 0.000434 6.74e-05 0.136162103779
6048024 62.81557 0.00164 0.0002089 0.135333446405
10189546 24.614847 0.001583 0.0003228 0.135046149109
9266431 18.396319 0.000694 0.0001649 0.134062321324
11187837 17.604437 0.002218 0.0005394 0.133897637859
7366258 51.53005 0.003603 0.0005141 0.133388921911
6541920 31.99547 0.001343 0.0002449 0.13245744287
8559644 224.79712 0.00348 0.00024 0.132131394012
11015108 39.30924 0.001123 0.0001853 0.132065810019
6185476 17.660113 0.001887 0.0004672 0.131312392176
6766634 321.2139 0.002373 0.0001401 0.129120685748
5812960 18.492336 0.001641 0.0004083 0.127692885043
9757613 17.251048 0.001936 0.0005056 0.125957470959
4449034 38.13819 0.001166 0.0002048 0.125956894732
10723750 18.795909 0.002403 0.0006143 0.123274989657
3128793 24.678853 0.008335 0.0018665 0.122814179319
6678383 23.66834 0.000455 0.0001042 0.122628993621
9963524 18.370081 0.001088 0.0002829 0.122595293702
3662838 24.8548 0.000746 0.000168 0.121690813811
5791986 15.228997 0.001108 0.0003197 0.121337448891
9347899 20.861145 0.001954 0.0004822 0.121216480059
9480189 24.66454 0.002417 0.0005547 0.119871340112
10984090 51.07931 0.000768 0.000123 0.119362246426
7761545 85.35172 0.004834 0.0005997 0.11920647468
7761918 89.19284 0.000902 0.0001096 0.119059587422
11709124 20.5497551 0.001462 0.000374 0.117816422512
3534076 272.07 0.005378 0.000381 0.11692001975
9471974 49.18431 0.00159 0.0002652 0.116800230322
6863998 16.085351 0.001481 0.0004374 0.11534383712
7977197 19.446313 0.000957 0.0002574 0.115190893108
5094751 21.222534 0.000362 9.34e-05 0.11494668777
4049131 20.505935 0.002229 0.0005857 0.114822881772
5113822 23.636883 0.001058 0.0002591 0.114751015646
10843590 18.870214 0.001118 0.0003069 0.114575005979
6850504 77.61153 0.000825 0.0001126 0.113628120111
11904151 45.29404 0.00049 8.78e-05 0.113295959194
11442793 331.643 0.008423 0.000558 0.113248007669
6504954 130.35148 0.005099 0.0005467 0.111612115792
11401755 16.230685 0.000415 0.0001262 0.111520242046
11401755 16.230685 0.000415 0.0001262 0.111520242046
8583696 50.28578 0.0011 0.0001911 0.110902870909
7434875 20.476536 0.002853 0.0007821 0.110139887181
4918309 186.3986 0.004125 0.000379 0.10891728473
6185331 49.76999 0.003622 0.000651 0.107749947397
7115785 41.74999 0.001058 0.0002086 0.107244878579
6425957 20.306591 0.0007 0.000198 0.107188384401
5020319 16.71979 0.00054 0.0001701 0.106073628004
7603200 23.089447 0.000619 0.000166 0.106025219772
6020753 16.28247 0.000816 0.0002616 0.105615014235
11304958 41.43954 0.002791 0.000572 0.103559448963
5113822 67.0935 0.001144 0.0001847 0.103312362099
7419318 18.735721 0.00056 0.0001715 0.103067581057
7626506 28.57414 0.000851 0.0002131 0.102068777319
4143755 19.55663 0.000295 9.03e-05 0.10093008574
8022489 197.5103 0.002689 0.0002599 0.10058264096
10002866 28.08209 0.001811 0.0004643 0.100563050615
11018648 32.62501 0.001827 0.0004364 0.10014098638
