#[1]      [2]         [3]     [4]          [5]       [6]
#KIC     Period     rpstar   ootv       ranking    comments
#D means drop
11147814 95.178324 0.132647 0.0003206 5.79426393445 #ch@D, EB,and grazing
9278553 18.6100931 0.061765 0.0008706 2.24689561248 #ch@D, hot star
6137704 178.267938 0.047882 0.0002207 2.22007023792 #ch@D, grazing
10259301 244.83271 0.039786 0.0001638 2.12087487454 #ch@D? EB?
11391018 30.360447 0.021338 0.0002845 1.85973363384 #ch@G, uploaded 
3534118 178.412863 0.035182 0.000239 1.50571552481
6522242 41.4083 0.022982 0.0003714 1.31381920665 #ch@D?, hot star
5972334 15.3587794 0.014611 0.0004163 1.22356928009
2987027 17.2762904 0.01047 0.000298 1.15488450892
10799735 37.590272 0.019652 0.0003851 1.13717915129 #ch@D, hotstar
4044005 17.5120092 0.003675 0.0001162 1.03256312912 #ch@D, grazing
6061119 27.807543 0.025583 0.000667 0.993751310366 #ch@D,hotstar
8949247 23.799932 0.059578 0.0017735 0.940806383156 #ch@D, hotstar
8219673 20.13151 0.008198 0.0002727 0.915414920125
2309719 54.356319 0.010337 0.0002104 0.910452195619
4815520 31.57868 0.002152 6.02e-05 0.869124866501
6690171 85.062486 0.046351 0.0008318 0.825476174496
3453214 19.620342 0.02075 0.0007862 0.814076393092 #ch@D?, hot star
6775985 27.95538 0.006011 0.0001981 0.784084626139
5812701 17.855149 0.009155 0.0003984 0.743003168306
6526710 39.748877 0.015032 0.0004427 0.735831201999
7906882 52.513565 0.014351 0.0003781 0.715604597442 #ch@D, uploaded
6023859 27.0098008 0.081968 0.0030186 0.713857400791
9478990 21.087174 0.00894 0.0003765 0.706474895074
9478990 21.087174 0.00894 0.0003765 0.706474895074
5688997 23.86779 0.006196 0.0002453 0.706384470597
6025124 26.837724 0.007464 0.0002962 0.664579776827
8506766 48.937964 0.006948 0.0002093 0.648337316352 #ch@D,valiable
5283458 30.693946 0.01822 0.0007195 0.624488719896
11045383 41.166759 0.005424 0.0001909 0.605025668411
8053552 29.481015 0.011908 0.0005108 0.586610871871
7672940 580.0 0.023291 0.0002271 0.581822337139 #ch@D? valiable
6973796 115.99434 0.04331 0.0009559 0.574765522836
6879865 19.193091 0.006847 0.0003825 0.558251390266
5103998 174.769882 0.067578 0.0012976 0.538225893341
9025971 141.241 0.013555 0.000292 0.533666159827
11242721 19.651221 0.011784 0.0006829 0.531831721219
3323887 19.273938 0.006727 0.000416 0.503241275453 #ch@D? valiable
9846086 37.865195 0.007017 0.0003242 0.480564574818 #ch@uploaded
6462863 22.343001 0.00549 0.0003311 0.479265091687
6621116 137.759611 0.081176 0.0019913 0.474529685272
10811496 19.899147 0.009041 0.0005969 0.463907128845
10019763 32.504651 0.006961 0.0003619 0.460939241776
5796675 16.080672 0.003016 0.0002358 0.43578153645
8672910 39.643231 0.015511 0.000788 0.427132330167
3832474 60.322931 0.020046 0.0008404 0.419598426475 #ch@, big, but confirmed
12735740 282.52605 0.009845 0.0001911 0.418754194996
12735740 282.52605 0.009845 0.0001911 0.418754194996
6867155 235.97424 0.020652 0.0004387 0.418692874651
6152974 20.172011 0.005243 0.0003948 0.4039815226
6603043 110.321605 0.007287 0.000236 0.401642689863 #ch@K368
10187017 16.145685 0.000951 8.28e-05 0.390530833826
12365184 69.73297 0.004439 0.0001903 0.381645953089 #ch@uploaded
7303287 125.86546 0.012588 0.000405 0.378513883399
2576107 205.5818 0.023746 0.0006016 0.376117629163
7109675 33.601789 0.00736 0.0004618 0.375643667238
7109675 33.601789 0.00736 0.0004618 0.375643667238
11357192 186.51697 0.005748 0.0001619 0.355176416381
7813039 141.73403 0.005906 0.0001916 0.353748214194
11853130 76.879388 0.023103 0.0010616 0.33910632919
7984047 77.63367 0.015887 0.0007271 0.33880988951
5383248 16.238465 0.000652 6.63e-05 0.333422548492
8684730 46.15159 0.001793 0.0001091 0.330518361565
8890783 58.36209 0.00546 0.0003032 0.322056014306
8751933 86.64774 0.007248 0.0003399 0.312983747604
11909686 185.95187 0.011043 0.0003609 0.306572574658
11075279 345.1613 0.005101 0.0001232 0.304485737005
6607447 99.64357 0.003249 0.0001486 0.299253782575 #ch@uploaded
9583881 18.009297 0.002986 0.0003254 0.295431813771
9946525 51.846913 0.009881 0.000638 0.293867903776
11773022 130.1831 0.01145 0.0004686 0.292589868703
11773022 45.155503 0.006079 0.0004304 0.287169243885
11773022 45.155503 0.006079 0.0004304 0.287169243885
10656508 124.0 0.007828 0.0003351 0.286615011384
11875511 67.4512 0.007174 0.0004183 0.285306754621
3545478 75.112019 0.003786 0.0002099 0.284345814046
10616571 23.673188 0.022335 0.002218 0.282767457962
8478994 39.792196 0.000609 4.67e-05 0.282445620211
8478994 39.792196 0.000609 4.67e-05 0.282445620211
9846348 26.893084 0.002216 0.0002084 0.280146449937
12314973 28.454993 0.001414 0.0001305 0.277519204776
12403119 76.13354 0.002973 0.0001712 0.271917102056
2975770 71.52623 0.005645 0.0003431 0.265793249611
10910878 16.068618 0.004922 0.0006367 0.263481958199
8866102 17.834381 0.000331 4.2e-05 0.254966468908
11194032 28.511096 0.001835 0.0001861 0.252299346367
8494263 78.92509 0.011269 0.0006926 0.250223868991
3441784 52.56909 0.026336 0.0020165 0.246104607054
9214713 480.0 0.016409 0.0004247 0.240942061296
11122894 74.91699 0.004354 0.0002868 0.239636243933
10005758 134.47972 0.004042 0.0002001 0.237987533821
10790387 117.93119 0.008497 0.0004553 0.234794010291
5695396 16.091941 0.000445 6.49e-05 0.233530970701
5436502 23.653593 0.0034 0.0004106 0.232618793168
6508221 18.20801 0.001603 0.000221 0.232243406596
5088536 27.508682 0.000642 7.32e-05 0.228466454308
10723750 50.790563 0.005723 0.0004821 0.227577062368
6289650 166.78821 0.004735 0.0002237 0.223926097526
6611330 35.145723 0.005676 0.0005867 0.222958197049
11253827 88.51658 0.002743 0.0001797 0.221665856728
6470149 165.72106 0.006998 0.0003354 0.221439664491
6471021 125.63064 0.007787 0.0004288 0.221360943926 #ch@uploaded
3239945 341.0 0.019393 0.0006517 0.220167632858
7951018 52.75886 0.005814 0.0004999 0.218764866278
11074541 29.88571 0.001285 0.0001478 0.217285272386
3323887 38.907202 0.006034 0.000612 0.215959478445
3323887 38.907202 0.006034 0.000612 0.215959478445
5563300 71.054512 0.005159 0.0003955 0.211425124813
9512981 281.5635 0.020822 0.0008222 0.206200720425
2581316 217.83189 0.009448 0.000428 0.204347237933
3217264 29.199 0.002075 0.0002618 0.200400064017
#---------------------------------------------------------
4914423 15.965349 0.000482 8.3e-05 0.198569765858
11465813 670.65 0.01676 0.0004549 0.194376384223
4247092 21.056478 0.001454 0.0002263 0.191302380056
10795103 214.30748 0.004568 0.0002252 0.189309509587
8845205 18.477659 0.002612 0.0004478 0.185395417576 #ch@D? varing
3247268 86.67831 0.008117 0.0006515 0.182834982486
7825899 16.23952 0.002542 0.0004729 0.182243909837
6048024 62.81557 0.00164 0.0001553 0.182042221211
8394721 52.09043 0.002927 0.000307 0.180484022581 #ch@uploaded
7700622 35.58944 0.000954 0.0001213 0.18011935486
8018547 83.91089 0.007928 0.0006588 0.179487526815
7199397 105.88531 0.001628 0.0001213 0.178200586723
5864975 98.7187 0.007119 0.0005508 0.177729178577
4638237 290.13856 0.004738 0.0002143 0.177338710357
9471974 49.18431 0.00159 0.0001753 0.176699492763
3329204 51.59845 0.006372 0.0006867 0.17649149342
3230491 414.0 0.00864 0.0003336 0.173908542798
8559644 224.79712 0.00348 0.0001826 0.1736666734
10028792 114.73653 0.004848 0.0003619 0.170866356412
7898352 127.28144 0.00825 0.0005854 0.170667991117
5384713 60.326606 0.003011 0.0003114 0.170086986724
7366258 51.53005 0.003603 0.0004093 0.167542743109
7366258 51.53005 0.003603 0.0004093 0.167542743109
5966322 60.9292 0.00075 7.93e-05 0.165542200667
5792202 31.330554 0.004889 0.000721 0.165513766404
5792202 31.330554 0.004889 0.000721 0.165513766404
4828341 36.12846 0.00381 0.0005318 0.162849077933
4150804 160.8857 0.007796 0.0005158 0.162804032061
8552719 88.407 0.001715 0.0001532 0.162665487276
8800954 362.0 0.00297 0.0001318 0.161815507609
5184584 53.44965 0.003553 0.0004136 0.160537180302
7761545 85.35172 0.004834 0.0004459 0.160323217908
8802165 17.421125 0.000929 0.0001914 0.158879940401
3128793 24.678853 0.008335 0.0014445 0.158693434198
11122894 150.02701 0.004565 0.0003225 0.157891853167
11401755 16.230685 0.000415 8.99e-05 0.156550106187
11401755 16.230685 0.000415 8.99e-05 0.156550106187
5031857 24.811944 0.001983 0.0003487 0.155981738624
9002278 18.16406 0.000966 0.0001988 0.155771380431
9002278 18.16406 0.000966 0.0001988 0.155771380431
4544670 34.84409 0.004778 0.0007104 0.15567254137
3962440 288.8824 0.003239 0.0001682 0.154795310956
8022489 197.5103 0.002689 0.0001696 0.154135780575
11623629 81.73747 0.00065 6.38e-05 0.153962682271
9663113 20.740555 0.001102 0.0002151 0.153696643575
5792202 15.335244 0.002968 0.0006742 0.153590088039
5792202 15.335244 0.002968 0.0006742 0.153590088039
8813698 268.9424 0.0097 0.0005274 0.153227020528
6185476 17.660113 0.001887 0.0004024 0.15245812531
12116489 25.302868 0.00213 0.0003814 0.151686673014
7941200 65.70462 0.000653 7.34e-05 0.149952100463
9425139 508.0 0.004209 0.0001702 0.14990665035
10723750 18.795909 0.002403 0.0005114 0.148079441036
6541920 31.99547 0.001343 0.0002193 0.147919871222
6541920 31.99547 0.001343 0.0002193 0.147919871222
7697568 22.84145 0.00311 0.0006063 0.14663727181
11904151 45.29404 0.00049 6.85e-05 0.145217302441
11904151 45.29404 0.00049 6.85e-05 0.145217302441
8827930 288.3138 0.012642 0.0007027 0.144759309715
7619236 562.1424 0.005512 0.0002196 0.144639558509
9589524 22.184312 0.001586 0.0003183 0.144536305081
8806123 49.41243 0.003183 0.0004286 0.144344337646
11133306 41.74591 0.000434 6.39e-05 0.143620121983
8043638 17.587568 0.001408 0.0003197 0.143479716499
5780460 35.61758 0.004026 0.0006466 0.142540819787
11442793 331.643 0.008423 0.0004439 0.142357261273 #ch@uploaded
7603200 23.089447 0.000619 0.0001243 0.141594420613
8242434 44.96393 0.000835 0.0001203 0.141423669871
6504954 130.35148 0.005099 0.000435 0.140272054491
7504328 53.71798 0.003153 0.0004246 0.138425955663
11566064 152.10452 0.003664 0.0002979 0.136253381086
10676014 16.781774 0.000919 0.0002254 0.135980317772
8678594 133.461 0.005192 0.0004524 0.135727636444
11818800 40.41943 0.006061 0.0009636 0.135171703324
11493732 61.25714 0.005073 0.0006565 0.134891678829
7811397 339.0781 0.012792 0.0007057 0.134493671363
6766634 321.2139 0.002373 0.0001348 0.134197389267
10984090 51.07931 0.000768 0.0001097 0.133833694717
11015108 39.30924 0.001123 0.0001837 0.133216083814
11709124 20.5497551 0.001462 0.0003348 0.131610937932
11187837 17.604437 0.002218 0.0005493 0.131484408995
5812960 18.492336 0.001641 0.0003968 0.131393661701
9757613 17.251048 0.001936 0.0004886 0.130339945388
9757613 17.251048 0.001936 0.0004886 0.130339945388
9480189 24.66454 0.002417 0.0005129 0.129640538818
6786037 127.90073 0.004051 0.0003784 0.129332594521
8156120 38.58336 0.001213 0.0002064 0.129266047998
7499398 23.02027 0.004664 0.0010296 0.128993607155
3662838 24.8548 0.000746 0.0001594 0.128256315686
10189546 24.614847 0.001583 0.000341 0.127838407426
7977197 19.446313 0.000957 0.0002328 0.127363126659
6291837 35.59743 0.000659 0.0001185 0.127347706563
7626506 28.57414 0.000851 0.0001713 0.12697522736
4820550 202.11762 0.00277 0.000212 0.125566909817
10843590 18.870214 0.001118 0.0002824 0.124515118042
9347899 20.861145 0.001954 0.0004704 0.124257199584
9347899 20.861145 0.001954 0.0004704 0.124257199584
3942446 119.06285 0.00527 0.000534 0.123570444051
3425851 110.37908 0.000496 5.22e-05 0.123566622097
10937029 328.2402 0.013332 0.0008223 0.122265102585
9266431 18.396319 0.000694 0.0001813 0.121935338038
6541920 22.68712 0.000914 0.000219 0.119714231777
6541920 22.68712 0.000914 0.000219 0.119714231777
11253827 42.99066 0.001134 0.0001981 0.11928199906
8631160 161.85932 0.004766 0.0004292 0.119250128338 #ch@uploaded
7093401 34.08439 0.003748 0.0007415 0.118288915479
6863998 16.085351 0.001481 0.0004278 0.117932198121
3832474 143.21295 0.010473 0.0010325 0.115803926222
3832474 143.21295 0.010473 0.0010325 0.115803926222
6071903 24.307983 0.000681 0.0001643 0.114859910264
5094751 21.222534 0.000362 9.35e-05 0.114823750136
7630229 278.1222 0.002243 0.0001606 0.114419301121
6191521 80.87159 0.0036 0.0004785 0.114302559117
10386922 296.6371 0.002762 0.0001918 0.114234089417
11304958 41.43954 0.002791 0.0005222 0.113435474544
5791986 15.228997 0.001108 0.0003442 0.112700704272
6425957 20.306591 0.0007 0.0001888 0.1124115472
11518142 240.7999 0.005364 0.0004204 0.112339192249
7115785 41.74999 0.001058 0.0001992 0.112305630881
6946199 104.8198 0.003848 0.0004595 0.111753535195
8367644 22.08515 0.002897 0.0007607 0.110718014359
12356617 600.0 0.004958 0.0002499 0.110661875725
5640085 43.60891 0.002098 0.0003936 0.110279849414
5113822 23.636883 0.001058 0.0002699 0.110159274375
10287242 22.34133 0.002781 0.0007329 0.109681944578
11709124 815.0 0.008233 0.0003597 0.109539879632
9776794 18.2225 0.003401 0.0009955 0.109343953962
9963524 18.370081 0.001088 0.0003189 0.108755749728
3534076 272.07 0.005378 0.0004104 0.108544170382
5020319 16.71979 0.00054 0.0001665 0.108367111853
11442793 210.605 0.00415 0.0003617 0.108018622654
9932970 52.97116 0.004097 0.000714 0.107716292399
4049131 20.505935 0.002229 0.000627 0.107259588284
4143755 19.55663 0.000295 8.54e-05 0.106721156234
12417486 155.0429 0.004485 0.0004613 0.10668084264
11018648 32.62501 0.001827 0.0004098 0.106641108971
7021681 27.521741 0.002423 0.0005958 0.105912775634
4918309 186.3986 0.004125 0.0003954 0.104399724109
9533489 197.14488 0.004685 0.0004392 0.103797740227
7761918 89.19284 0.000902 0.0001266 0.103072123076
7366258 26.44288 0.001766 0.0004559 0.102920080236
7366258 26.44288 0.001766 0.0004559 0.102920080236
6020753 16.28247 0.000816 0.0002691 0.102671451965
3833007 16.217504 0.000791 0.0002623 0.102310350428
9458613 21.775769 0.000824 0.0002361 0.102182814435
9458613 21.775769 0.000824 0.0002361 0.102182814435
4449034 38.13819 0.001166 0.0002539 0.101598944628
8583696 50.28578 0.0011 0.000209 0.101404491056
8630788 36.33767 0.002863 0.0006437 0.100807463388
7434875 20.476536 0.002853 0.0008577 0.10043185935
6185331 49.76999 0.003622 0.0007 0.100207451079
