2455738.557637  14.697081 1.000000 
2455738.578071  14.697129 1.000000 
2455738.598505  14.696754 1.000000 
2455738.618939  14.696639 1.000000 
2455738.639373  14.696493 1.000000 
2455738.659807  14.697062 1.000000 
2455738.680241  14.697071 1.000000 
2455738.700676  14.697145 1.000000 
2455738.721109  14.697107 1.000000 
2455738.741543  14.697183 1.000000 
2455738.761977  14.696929 1.000000 
2455738.782411  14.696826 1.000000 
2455738.802845  14.697241 1.000000 
2455738.823280  14.697302 1.000000 
2455738.843714  14.697354 1.000000 
2455738.864148  14.697317 1.000000 
2455738.884582  14.697262 1.000000 
2455738.905016  14.696911 1.000000 
2455738.925450  14.696710 1.000000 
