2455465.319241  14.697937 1.000000 
2455465.339674  14.697743 1.000000 
2455465.360107  14.697957 1.000000 
2455465.380540  14.697896 1.000000 
2455465.400974  14.698259 1.000000 
2455465.421407  14.697759 1.000000 
2455465.441840  14.697731 1.000000 
2455465.462273  14.697330 1.000000 
2455465.482706  14.698280 1.000000 
2455465.503139  14.698368 1.000000 
2455465.523572  14.697835 1.000000 
2455465.544005  14.697805 1.000000 
2455465.564438  14.698096 1.000000 
2455465.584871  14.698364 1.000000 
2455465.605304  14.697600 1.000000 
2455465.625737  14.697657 1.000000 
2455465.646171  14.698354 1.000000 
2455465.666604  14.697820 1.000000 
2455465.687037  14.697604 1.000000 
2455465.707470  14.697794 1.000000 
2455465.727903  14.698294 1.000000 
2455465.748336  14.698008 1.000000 
2455465.768769  14.697381 1.000000 
2455465.789202  14.698195 1.000000 
2455465.809635  14.697561 1.000000 
2455465.830068  14.697628 1.000000 
2455465.850501  14.698601 1.000000 
2455465.870934  14.697910 1.000000 
2455465.891368  14.698075 1.000000 
2455465.911801  14.698680 1.000000 
2455465.932234  14.698147 1.000000 
2455465.952667  14.697876 1.000000 
2455465.973100  14.697852 1.000000 
2455465.993533  14.697689 1.000000 
2455466.013966  14.697327 1.000000 
2455466.034399  14.697698 1.000000 
2455466.054832  14.697804 1.000000 
2455466.075265  14.698110 1.000000 
2455466.095698  14.697909 1.000000 
2455466.116131  14.698515 1.000000 
2455466.136565  14.697794 1.000000 
2455466.156997  14.697938 1.000000 
2455466.177431  14.697736 1.000000 
2455466.197864  14.698105 1.000000 
2455466.218297  14.698081 1.000000 
2455466.238730  14.698257 1.000000 
2455466.259163  14.698373 1.000000 
2455466.279596  14.698128 1.000000 
2455466.300029  14.697807 1.000000 
2455466.320462  14.697805 1.000000 
2455466.340895  14.698357 1.000000 
2455466.361328  14.697681 1.000000 
2455466.381761  14.698122 1.000000 
2455466.402194  14.698867 1.000000 
2455466.422628  14.698242 1.000000 
2455466.443061  14.698123 1.000000 
2455466.463494  14.698209 1.000000 
2455466.483927  14.697994 1.000000 
2455466.504360  14.698093 1.000000 
2455466.524793  14.698062 1.000000 
2455466.545226  14.697639 1.000000 
2455466.565659  14.697605 1.000000 
2455466.586092  14.697982 1.000000 
2455466.606525  14.698370 1.000000 
2455466.626958  14.698511 1.000000 
2455466.647391  14.698482 1.000000 
2455466.667824  14.697958 1.000000 
2455466.688258  14.697499 1.000000 
2455466.708691  14.697402 1.000000 
2455466.729124  14.698101 1.000000 
2455466.749557  14.705623 1.000000 
2455466.769990  14.715327 1.000000 
2455466.790423  14.719882 1.000000 
2455466.810856  14.721687 1.000000 
2455466.831289  14.723161 1.000000 
2455466.851722  14.723079 1.000000 
2455466.872155  14.723271 1.000000 
2455466.892588  14.722104 1.000000 
2455466.913021  14.721311 1.000000 
2455466.933454  14.718684 1.000000 
2455466.953887  14.713193 1.000000 
2455466.974321  14.701824 1.000000 
2455466.994754  14.698494 1.000000 
2455467.015187  14.698500 1.000000 
2455467.035620  14.697723 1.000000 
2455467.056053  14.698652 1.000000 
2455467.076486  14.697623 1.000000 
2455467.096919  14.697851 1.000000 
2455467.117352  14.698296 1.000000 
2455467.137785  14.698132 1.000000 
2455467.158218  14.697650 1.000000 
2455467.178651  14.697632 1.000000 
2455467.199084  14.697604 1.000000 
2455467.219518  14.695255 1.000000 
2455467.239950  14.698572 1.000000 
2455467.260384  14.698383 1.000000 
2455467.280817  14.698077 1.000000 
2455467.301250  14.697474 1.000000 
2455467.321683  14.698036 1.000000 
2455467.342116  14.698077 1.000000 
2455467.362549  14.698256 1.000000 
2455467.382982  14.697817 1.000000 
2455467.403415  14.697417 1.000000 
2455467.423848  14.697534 1.000000 
2455467.444281  14.698096 1.000000 
2455467.464714  14.698043 1.000000 
2455467.485147  14.698499 1.000000 
2455467.505580  14.697773 1.000000 
2455467.526014  14.698087 1.000000 
2455467.546447  14.698301 1.000000 
2455467.566880  14.697639 1.000000 
2455467.587313  14.698139 1.000000 
2455467.607746  14.698033 1.000000 
2455467.628179  14.698013 1.000000 
2455467.648612  14.698114 1.000000 
2455467.669045  14.698262 1.000000 
2455467.689478  14.697941 1.000000 
2455467.709911  14.697967 1.000000 
2455467.730344  14.697750 1.000000 
2455467.750777  14.698103 1.000000 
2455467.771210  14.697676 1.000000 
2455467.791643  14.697748 1.000000 
2455467.812076  14.697836 1.000000 
2455467.832510  14.698004 1.000000 
2455467.852943  14.697951 1.000000 
2455467.873376  14.697120 1.000000 
2455467.893809  14.698080 1.000000 
2455467.914242  14.697959 1.000000 
2455467.934675  14.698201 1.000000 
2455467.955108  14.697738 1.000000 
2455467.975541  14.697121 1.000000 
2455467.995974  14.697608 1.000000 
2455468.016407  14.697918 1.000000 
2455468.036840  14.697715 1.000000 
2455468.057273  14.698272 1.000000 
2455468.077706  14.697120 1.000000 
2455468.098139  14.698004 1.000000 
2455468.118573  14.697875 1.000000 
2455468.139006  14.697937 1.000000 
2455468.159439  14.697744 1.000000 
2455468.179872  14.697867 1.000000 
2455468.200305  14.697790 1.000000 
2455468.241171  14.698137 1.000000 
2455468.261604  14.698452 1.000000 
2455468.282037  14.697927 1.000000 
2455468.302470  14.697658 1.000000 
2455468.322903  14.697986 1.000000 
2455468.343336  14.697741 1.000000 
2455468.363769  14.697687 1.000000 
2455468.384202  14.697762 1.000000 
2455468.404635  14.697741 1.000000 
