2455495.662245  14.697048 1.000000 
2455495.682678  14.697193 1.000000 
2455495.703111  14.697580 1.000000 
2455495.723544  14.697420 1.000000 
2455495.743977  14.696954 1.000000 
2455495.764410  14.696920 1.000000 
2455495.784843  14.696655 1.000000 
2455495.805276  14.697289 1.000000 
2455495.825709  14.696808 1.000000 
2455495.846142  14.697445 1.000000 
2455495.866575  14.697341 1.000000 
2455495.887008  14.697156 1.000000 
2455495.907441  14.696570 1.000000 
2455495.927874  14.696999 1.000000 
2455495.948307  14.697368 1.000000 
2455495.968739  14.697219 1.000000 
2455495.989173  14.697238 1.000000 
2455496.009605  14.697318 1.000000 
2455496.030038  14.696799 1.000000 
2455496.050471  14.697349 1.000000 
2455496.070904  14.697353 1.000000 
2455496.091337  14.696692 1.000000 
2455496.111770  14.697485 1.000000 
2455496.132203  14.696760 1.000000 
2455496.152636  14.696914 1.000000 
2455496.173069  14.697451 1.000000 
2455496.193502  14.697011 1.000000 
2455496.234368  14.697391 1.000000 
2455496.254801  14.697181 1.000000 
2455496.275234  14.697126 1.000000 
2455496.295667  14.696933 1.000000 
2455496.316099  14.697759 1.000000 
2455496.336533  14.697235 1.000000 
2455496.356965  14.697141 1.000000 
2455496.377398  14.697379 1.000000 
2455496.397831  14.696946 1.000000 
2455496.418264  14.697007 1.000000 
2455496.438697  14.696773 1.000000 
2455496.459130  14.697454 1.000000 
2455496.479563  14.697034 1.000000 
2455496.499996  14.697149 1.000000 
2455496.520429  14.696920 1.000000 
2455496.540862  14.697207 1.000000 
2455496.561295  14.697133 1.000000 
2455496.581728  14.697164 1.000000 
2455496.602161  14.696813 1.000000 
2455496.622594  14.696891 1.000000 
2455496.643027  14.697664 1.000000 
2455496.663459  14.696663 1.000000 
2455496.683892  14.697589 1.000000 
2455496.704325  14.697150 1.000000 
2455496.724758  14.697217 1.000000 
2455496.745191  14.697052 1.000000 
2455496.765624  14.696778 1.000000 
2455496.786057  14.697053 1.000000 
2455496.806490  14.696812 1.000000 
2455496.826923  14.696823 1.000000 
2455496.847356  14.697246 1.000000 
2455496.867789  14.697161 1.000000 
2455496.888222  14.697438 1.000000 
2455496.908655  14.697517 1.000000 
2455496.929088  14.697229 1.000000 
2455496.949520  14.697566 1.000000 
2455496.969954  14.697435 1.000000 
2455496.990386  14.697094 1.000000 
2455497.010819  14.697217 1.000000 
2455497.031252  14.697550 1.000000 
2455497.051685  14.697668 1.000000 
2455497.072118  14.697318 1.000000 
2455497.092551  14.697409 1.000000 
2455497.112984  14.705847 1.000000 
2455497.133417  14.716020 1.000000 
2455497.153850  14.718885 1.000000 
2455497.174283  14.720895 1.000000 
2455497.194716  14.721818 1.000000 
2455497.215149  14.722816 1.000000 
2455497.235582  14.722138 1.000000 
2455497.256015  14.721141 1.000000 
2455497.276448  14.719823 1.000000 
2455497.296880  14.716955 1.000000 
2455497.317314  14.710260 1.000000 
2455497.337746  14.699188 1.000000 
2455497.358179  14.697384 1.000000 
2455497.378612  14.697309 1.000000 
2455497.399045  14.697603 1.000000 
2455497.419478  14.697003 1.000000 
2455497.439911  14.697967 1.000000 
2455497.460344  14.697566 1.000000 
2455497.480777  14.697333 1.000000 
2455497.501210  14.697388 1.000000 
2455497.521643  14.696826 1.000000 
2455497.542076  14.697371 1.000000 
2455497.562509  14.696952 1.000000 
2455497.582942  14.697704 1.000000 
2455497.603375  14.697456 1.000000 
2455497.623808  14.697401 1.000000 
2455497.644240  14.697429 1.000000 
2455497.664673  14.697725 1.000000 
2455497.685106  14.696932 1.000000 
2455497.705539  14.697715 1.000000 
2455497.725972  14.697532 1.000000 
2455497.746405  14.697240 1.000000 
2455497.766838  14.697359 1.000000 
2455497.787271  14.697643 1.000000 
2455497.807704  14.697635 1.000000 
2455497.828137  14.697361 1.000000 
2455497.848570  14.696883 1.000000 
2455497.869003  14.697244 1.000000 
2455497.889436  14.697318 1.000000 
2455497.909869  14.696855 1.000000 
2455497.930302  14.697578 1.000000 
2455497.950734  14.697881 1.000000 
2455497.971167  14.697378 1.000000 
2455497.991600  14.697376 1.000000 
2455498.012033  14.697264 1.000000 
2455498.032466  14.697437 1.000000 
2455498.052899  14.697022 1.000000 
2455498.073332  14.697650 1.000000 
2455498.093765  14.697274 1.000000 
2455498.114198  14.697610 1.000000 
2455498.134631  14.697018 1.000000 
2455498.155064  14.697765 1.000000 
2455498.175497  14.697978 1.000000 
2455498.195930  14.697464 1.000000 
2455498.216363  14.696949 1.000000 
2455498.236796  14.697700 1.000000 
2455498.257228  14.697315 1.000000 
2455498.277662  14.696718 1.000000 
2455498.298094  14.697375 1.000000 
2455498.318527  14.697101 1.000000 
2455498.338960  14.697544 1.000000 
2455498.359393  14.697433 1.000000 
2455498.379826  14.697303 1.000000 
2455498.400259  14.697992 1.000000 
2455498.420692  14.697131 1.000000 
2455498.441125  14.697765 1.000000 
2455498.461558  14.696992 1.000000 
2455498.481991  14.697168 1.000000 
2455498.502424  14.697959 1.000000 
2455498.522857  14.697673 1.000000 
2455498.543290  14.697250 1.000000 
2455498.563723  14.698022 1.000000 
2455498.584155  14.696790 1.000000 
2455498.604588  14.697445 1.000000 
2455498.625021  14.697455 1.000000 
2455498.645454  14.697616 1.000000 
2455498.665887  14.697462 1.000000 
2455498.686320  14.697505 1.000000 
2455498.706753  14.697814 1.000000 
2455498.727186  14.697816 1.000000 
2455498.747619  14.697734 1.000000 
2455498.768052  14.697624 1.000000 
