2455708.192525  14.697501 1.000000 
2455708.212960  14.697460 1.000000 
2455708.233394  14.696883 1.000000 
2455708.253828  14.697239 1.000000 
2455708.274262  14.697325 1.000000 
2455708.294696  14.698036 1.000000 
2455708.315131  14.697300 1.000000 
2455708.335565  14.697210 1.000000 
2455708.355999  14.697082 1.000000 
2455708.376433  14.697526 1.000000 
2455708.396867  14.696702 1.000000 
2455708.417302  14.697630 1.000000 
2455708.437736  14.698088 1.000000 
2455708.458170  14.697128 1.000000 
2455708.478604  14.697405 1.000000 
2455708.499038  14.696887 1.000000 
2455708.519472  14.697101 1.000000 
2455708.539907  14.697010 1.000000 
2455708.560341  14.697583 1.000000 
2455708.580775  14.696973 1.000000 
2455708.601209  14.697043 1.000000 
2455708.621644  14.697427 1.000000 
2455708.642078  14.697498 1.000000 
2455708.662512  14.697189 1.000000 
2455708.682946  14.697428 1.000000 
2455708.703380  14.697454 1.000000 
2455708.723815  14.696903 1.000000 
2455708.744249  14.697126 1.000000 
2455708.764683  14.697176 1.000000 
2455708.785117  14.697363 1.000000 
2455708.805552  14.697560 1.000000 
2455708.825986  14.697086 1.000000 
2455708.846420  14.697622 1.000000 
2455708.866854  14.697431 1.000000 
2455708.887288  14.697857 1.000000 
2455708.907723  14.697045 1.000000 
2455708.928157  14.697321 1.000000 
2455708.948591  14.697268 1.000000 
2455708.969025  14.697478 1.000000 
2455708.989459  14.696987 1.000000 
2455709.009893  14.697035 1.000000 
2455709.030328  14.696959 1.000000 
2455709.050762  14.697708 1.000000 
2455709.071196  14.697811 1.000000 
2455709.091630  14.697053 1.000000 
2455709.112064  14.697293 1.000000 
2455709.132499  14.697246 1.000000 
2455709.152933  14.697498 1.000000 
2455709.173367  14.696921 1.000000 
2455709.193801  14.697550 1.000000 
2455709.214236  14.696691 1.000000 
2455709.234670  14.696804 1.000000 
2455709.255104  14.697703 1.000000 
2455709.275538  14.697664 1.000000 
2455709.295972  14.697474 1.000000 
2455709.316407  14.697304 1.000000 
2455709.336841  14.696917 1.000000 
2455709.357275  14.696893 1.000000 
2455709.377709  14.696815 1.000000 
2455709.398143  14.697024 1.000000 
2455709.418578  14.697247 1.000000 
2455709.439012  14.696729 1.000000 
2455709.459446  14.696815 1.000000 
2455709.479880  14.697042 1.000000 
2455709.500315  14.697117 1.000000 
2455709.520749  14.696750 1.000000 
2455709.541183  14.696214 1.000000 
2455709.561617  14.696762 1.000000 
2455709.582051  14.696814 1.000000 
2455709.602485  14.697274 1.000000 
2455709.622920  14.699571 1.000000 
2455709.643354  14.709986 1.000000 
2455709.663788  14.717019 1.000000 
2455709.684222  14.719276 1.000000 
2455709.704656  14.721399 1.000000 
2455709.725091  14.721333 1.000000 
2455709.745525  14.721813 1.000000 
2455709.765959  14.721448 1.000000 
2455709.786393  14.720800 1.000000 
2455709.806827  14.718116 1.000000 
2455709.827262  14.714516 1.000000 
2455709.847696  14.705261 1.000000 
2455709.868130  14.697905 1.000000 
2455709.888564  14.697309 1.000000 
2455709.908998  14.697129 1.000000 
2455709.929433  14.696929 1.000000 
2455709.949867  14.697287 1.000000 
2455709.970301  14.697680 1.000000 
2455710.011170  14.697501 1.000000 
2455710.031604  14.697036 1.000000 
2455710.052038  14.696665 1.000000 
2455710.072472  14.697174 1.000000 
2455710.092906  14.697144 1.000000 
2455710.113340  14.697325 1.000000 
2455710.133775  14.696434 1.000000 
2455710.154209  14.696515 1.000000 
2455710.174643  14.697249 1.000000 
2455710.195077  14.697018 1.000000 
2455710.215511  14.697351 1.000000 
2455710.235946  14.697161 1.000000 
2455710.256380  14.696998 1.000000 
2455710.276814  14.697062 1.000000 
2455710.297248  14.697157 1.000000 
2455710.317682  14.697403 1.000000 
2455710.338117  14.696872 1.000000 
2455710.358551  14.697254 1.000000 
2455710.378985  14.696951 1.000000 
2455710.399419  14.697836 1.000000 
2455710.419853  14.696748 1.000000 
2455710.440288  14.697015 1.000000 
2455710.460722  14.696788 1.000000 
2455710.481156  14.696789 1.000000 
2455710.501590  14.696740 1.000000 
2455710.522025  14.697049 1.000000 
2455710.542459  14.697258 1.000000 
2455710.562893  14.697054 1.000000 
2455710.583327  14.696792 1.000000 
2455710.603761  14.696808 1.000000 
2455710.624195  14.697064 1.000000 
2455710.644630  14.697248 1.000000 
2455710.665064  14.697224 1.000000 
2455710.685498  14.696896 1.000000 
2455710.705932  14.697380 1.000000 
2455710.726366  14.697456 1.000000 
2455710.746801  14.696924 1.000000 
2455710.767235  14.697058 1.000000 
2455710.787669  14.696833 1.000000 
2455710.808103  14.696821 1.000000 
2455710.828537  14.696959 1.000000 
2455710.848972  14.697341 1.000000 
2455710.869406  14.697313 1.000000 
2455710.889840  14.697198 1.000000 
2455710.910274  14.697109 1.000000 
2455710.930708  14.696511 1.000000 
2455710.951143  14.696913 1.000000 
2455710.992011  14.697001 1.000000 
2455711.012445  14.696842 1.000000 
2455711.032879  14.697112 1.000000 
2455711.053314  14.697342 1.000000 
2455711.073748  14.696468 1.000000 
2455711.094182  14.697180 1.000000 
2455711.114616  14.696844 1.000000 
2455711.135050  14.697176 1.000000 
2455711.155484  14.697073 1.000000 
2455711.175919  14.697656 1.000000 
2455711.196353  14.696778 1.000000 
2455711.216787  14.697110 1.000000 
2455711.237221  14.696886 1.000000 
2455711.257655  14.697039 1.000000 
2455711.278090  14.697074 1.000000 
2455711.298524  14.696556 1.000000 
