2454979.551203  14.699557 1.000000 
2454979.571638  14.699813 1.000000 
2454979.592072  14.699902 1.000000 
2454979.612506  14.699570 1.000000 
2454979.632940  14.699257 1.000000 
2454979.653374  14.699583 1.000000 
2454979.673808  14.699641 1.000000 
2454979.694242  14.699841 1.000000 
2454979.714676  14.699822 1.000000 
2454979.735111  14.699331 1.000000 
2454979.755545  14.699275 1.000000 
2454979.775979  14.699460 1.000000 
2454979.796413  14.699842 1.000000 
2454979.816847  14.699795 1.000000 
2454979.837281  14.699728 1.000000 
2454979.857715  14.699470 1.000000 
2454979.878150  14.699853 1.000000 
2454979.898584  14.699533 1.000000 
2454979.919018  14.700156 1.000000 
2454979.939452  14.699367 1.000000 
2454979.959886  14.699813 1.000000 
2454979.980320  14.699728 1.000000 
2454980.000754  14.699444 1.000000 
2454980.021188  14.699294 1.000000 
2454980.041623  14.699902 1.000000 
2454980.062057  14.700080 1.000000 
2454980.082491  14.699885 1.000000 
2454980.102925  14.699594 1.000000 
2454980.123359  14.699638 1.000000 
2454980.143793  14.700136 1.000000 
2454980.164227  14.699902 1.000000 
2454980.184662  14.699710 1.000000 
2454980.205096  14.699527 1.000000 
2454980.225530  14.699806 1.000000 
2454980.245964  14.699705 1.000000 
2454980.266398  14.699071 1.000000 
2454980.286832  14.699222 1.000000 
2454980.307266  14.699305 1.000000 
2454980.327700  14.698261 1.000000 
2454980.348134  14.699576 1.000000 
2454980.368569  14.699045 1.000000 
2454980.389003  14.699955 1.000000 
2454980.409437  14.699800 1.000000 
2454980.429871  14.699441 1.000000 
2454980.450305  14.699060 1.000000 
2454980.470739  14.699505 1.000000 
2454980.491174  14.699881 1.000000 
2454980.511608  14.699132 1.000000 
2454980.532042  14.700019 1.000000 
2454980.552476  14.699503 1.000000 
2454980.572910  14.699720 1.000000 
2454980.593344  14.699604 1.000000 
2454980.613778  14.699829 1.000000 
2454980.634212  14.700210 1.000000 
2454980.654646  14.699633 1.000000 
2454980.675081  14.699504 1.000000 
2454980.695515  14.700225 1.000000 
2454980.715949  14.699557 1.000000 
2454980.736383  14.699729 1.000000 
2454980.756817  14.699603 1.000000 
2454980.777251  14.699714 1.000000 
2454980.797685  14.699549 1.000000 
2454980.818120  14.699781 1.000000 
2454980.838554  14.699696 1.000000 
2454980.858988  14.699996 1.000000 
2454980.879422  14.699663 1.000000 
2454980.899856  14.699927 1.000000 
2454980.920290  14.699714 1.000000 
2454980.940724  14.699085 1.000000 
2454980.961159  14.700448 1.000000 
2454980.981593  14.706165 1.000000 
2454981.002027  14.717296 1.000000 
2454981.022461  14.721022 1.000000 
2454981.042895  14.722893 1.000000 
2454981.063329  14.724026 1.000000 
2454981.083763  14.724226 1.000000 
2454981.104197  14.724513 1.000000 
2454981.124631  14.723963 1.000000 
2454981.145065  14.723236 1.000000 
2454981.165500  14.720841 1.000000 
2454981.185934  14.714404 1.000000 
2454981.206368  14.703270 1.000000 
2454981.226802  14.699985 1.000000 
2454981.247236  14.699402 1.000000 
2454981.267670  14.699604 1.000000 
2454981.288104  14.699157 1.000000 
2454981.308539  14.698573 1.000000 
2454981.328973  14.699911 1.000000 
2454981.349407  14.699450 1.000000 
2454981.369841  14.699446 1.000000 
2454981.390275  14.699577 1.000000 
2454981.410709  14.699835 1.000000 
2454981.431143  14.700248 1.000000 
2454981.451577  14.699946 1.000000 
2454981.472012  14.699431 1.000000 
2454981.492446  14.699518 1.000000 
2454981.512880  14.699222 1.000000 
2454981.533314  14.699984 1.000000 
2454981.553748  14.699747 1.000000 
2454981.574182  14.699448 1.000000 
2454981.594616  14.699623 1.000000 
2454981.615050  14.700057 1.000000 
2454981.635485  14.699929 1.000000 
2454981.655919  14.698561 1.000000 
2454981.676353  14.699518 1.000000 
2454981.696787  14.700113 1.000000 
2454981.717221  14.700211 1.000000 
2454981.737655  14.699609 1.000000 
2454981.758089  14.699894 1.000000 
2454981.778523  14.699765 1.000000 
2454981.798958  14.699300 1.000000 
2454981.819392  14.699892 1.000000 
2454981.839826  14.699891 1.000000 
2454981.860260  14.699975 1.000000 
2454981.880694  14.699428 1.000000 
2454981.901128  14.699587 1.000000 
2454981.921562  14.700130 1.000000 
2454981.941996  14.699396 1.000000 
2454981.962430  14.699555 1.000000 
2454981.982865  14.699692 1.000000 
2454982.003299  14.699605 1.000000 
2454982.023733  14.699997 1.000000 
2454982.044167  14.699747 1.000000 
2454982.064601  14.699820 1.000000 
2454982.085035  14.699679 1.000000 
2454982.105469  14.699632 1.000000 
2454982.125903  14.700071 1.000000 
2454982.146338  14.699631 1.000000 
2454982.166772  14.699375 1.000000 
2454982.187206  14.699869 1.000000 
2454982.207640  14.699909 1.000000 
2454982.228074  14.699823 1.000000 
2454982.248508  14.699877 1.000000 
2454982.268942  14.699802 1.000000 
2454982.289376  14.699499 1.000000 
2454982.330245  14.699862 1.000000 
2454982.350679  14.700172 1.000000 
2454982.371113  14.700004 1.000000 
2454982.391547  14.699738 1.000000 
2454982.411981  14.699535 1.000000 
2454982.432415  14.699193 1.000000 
2454982.452849  14.699746 1.000000 
2454982.473283  14.699261 1.000000 
2454982.493718  14.699944 1.000000 
2454982.514152  14.699918 1.000000 
2454982.534586  14.699928 1.000000 
2454982.555020  14.699596 1.000000 
2454982.575454  14.699795 1.000000 
2454982.595888  14.700230 1.000000 
2454982.616322  14.699457 1.000000 
2454982.636756  14.699380 1.000000 
