2455434.955513  14.697951 1.000000 
2455434.975946  14.697807 1.000000 
2455434.996379  14.698423 1.000000 
2455435.016813  14.698498 1.000000 
2455435.037246  14.698601 1.000000 
2455435.057679  14.698739 1.000000 
2455435.078113  14.698850 1.000000 
2455435.098546  14.698711 1.000000 
2455435.118980  14.698157 1.000000 
2455435.139413  14.698612 1.000000 
2455435.159846  14.698532 1.000000 
2455435.180280  14.698334 1.000000 
2455435.200713  14.698643 1.000000 
2455435.221146  14.698468 1.000000 
2455435.241580  14.698671 1.000000 
2455435.262013  14.697992 1.000000 
2455435.282446  14.698171 1.000000 
2455435.302880  14.698339 1.000000 
2455435.323313  14.697880 1.000000 
2455435.343746  14.697436 1.000000 
2455435.364180  14.698400 1.000000 
2455435.384613  14.698141 1.000000 
2455435.405046  14.698134 1.000000 
2455435.425480  14.698708 1.000000 
2455435.445913  14.698395 1.000000 
2455435.466346  14.698190 1.000000 
2455435.486780  14.698547 1.000000 
2455435.507213  14.697989 1.000000 
2455435.527647  14.698566 1.000000 
2455435.548080  14.698339 1.000000 
2455435.568513  14.697935 1.000000 
2455435.588947  14.697839 1.000000 
2455435.609380  14.697725 1.000000 
2455435.629813  14.698269 1.000000 
2455435.650247  14.698524 1.000000 
2455435.670680  14.698539 1.000000 
2455435.691113  14.698033 1.000000 
2455435.711547  14.698029 1.000000 
2455435.731980  14.698248 1.000000 
2455435.752413  14.698708 1.000000 
2455435.772847  14.698110 1.000000 
2455435.793280  14.698208 1.000000 
2455435.813713  14.698068 1.000000 
2455435.834147  14.698734 1.000000 
2455435.854580  14.698237 1.000000 
2455435.875013  14.698013 1.000000 
2455435.895447  14.698304 1.000000 
2455435.915880  14.698421 1.000000 
2455435.936313  14.698396 1.000000 
2455435.956747  14.697954 1.000000 
2455435.977180  14.698624 1.000000 
2455435.997613  14.698053 1.000000 
2455436.018047  14.698243 1.000000 
2455436.038480  14.698540 1.000000 
2455436.058913  14.698615 1.000000 
2455436.079347  14.698523 1.000000 
2455436.099780  14.698797 1.000000 
2455436.120213  14.697939 1.000000 
2455436.140647  14.698081 1.000000 
2455436.161080  14.699040 1.000000 
2455436.181513  14.698252 1.000000 
2455436.201947  14.698506 1.000000 
2455436.222380  14.697950 1.000000 
2455436.242813  14.698068 1.000000 
2455436.263247  14.698530 1.000000 
2455436.283680  14.698606 1.000000 
2455436.304113  14.697814 1.000000 
2455436.324547  14.697909 1.000000 
2455436.344980  14.697700 1.000000 
2455436.365413  14.698439 1.000000 
2455436.385847  14.703470 1.000000 
2455436.406280  14.714613 1.000000 
2455436.426714  14.719802 1.000000 
2455436.447147  14.721050 1.000000 
2455436.467580  14.722464 1.000000 
2455436.488014  14.722683 1.000000 
2455436.508447  14.722914 1.000000 
2455436.528880  14.721931 1.000000 
2455436.549314  14.720964 1.000000 
2455436.569747  14.719379 1.000000 
2455436.590180  14.713966 1.000000 
2455436.610614  14.702649 1.000000 
2455436.631047  14.698118 1.000000 
2455436.651480  14.697844 1.000000 
2455436.671914  14.697937 1.000000 
2455436.692347  14.697741 1.000000 
2455436.712780  14.698096 1.000000 
2455436.733214  14.698256 1.000000 
2455436.753647  14.698017 1.000000 
2455436.774080  14.697687 1.000000 
2455436.794513  14.698237 1.000000 
2455436.814947  14.697763 1.000000 
2455436.835380  14.698180 1.000000 
2455436.855814  14.697938 1.000000 
2455436.876247  14.698967 1.000000 
2455436.896680  14.698066 1.000000 
2455436.917114  14.697645 1.000000 
2455436.937547  14.698201 1.000000 
2455436.957980  14.698076 1.000000 
2455436.978413  14.697542 1.000000 
2455436.998847  14.698129 1.000000 
2455437.019280  14.698018 1.000000 
2455437.039714  14.697486 1.000000 
2455437.060147  14.697967 1.000000 
2455437.080580  14.698185 1.000000 
2455437.101013  14.697820 1.000000 
2455437.121447  14.698126 1.000000 
2455437.141880  14.698014 1.000000 
2455437.162313  14.698037 1.000000 
2455437.182747  14.698786 1.000000 
2455437.203180  14.697968 1.000000 
2455437.244047  14.698167 1.000000 
2455437.264480  14.698323 1.000000 
2455437.284913  14.698065 1.000000 
2455437.305347  14.698027 1.000000 
2455437.325780  14.697780 1.000000 
2455437.346213  14.698288 1.000000 
2455437.366647  14.697857 1.000000 
2455437.387080  14.698084 1.000000 
2455437.407513  14.697179 1.000000 
2455437.427947  14.698137 1.000000 
2455437.448380  14.697700 1.000000 
2455437.468813  14.698119 1.000000 
2455437.489247  14.698373 1.000000 
2455437.509680  14.697513 1.000000 
2455437.530114  14.697985 1.000000 
2455437.550547  14.698021 1.000000 
2455437.570980  14.698469 1.000000 
2455437.591413  14.697964 1.000000 
2455437.611847  14.697985 1.000000 
2455437.632280  14.698183 1.000000 
2455437.652713  14.698076 1.000000 
2455437.673147  14.698202 1.000000 
2455437.693580  14.698418 1.000000 
2455437.714013  14.698157 1.000000 
2455437.734447  14.698004 1.000000 
2455437.754880  14.697690 1.000000 
2455437.775313  14.698339 1.000000 
2455437.795747  14.698076 1.000000 
2455437.816180  14.698380 1.000000 
2455437.836613  14.698332 1.000000 
2455437.857046  14.697819 1.000000 
2455437.877480  14.698484 1.000000 
2455437.897913  14.698382 1.000000 
2455437.918346  14.698158 1.000000 
2455437.938780  14.697897 1.000000 
2455437.959213  14.697961 1.000000 
2455437.979646  14.697941 1.000000 
2455438.000080  14.698172 1.000000 
2455438.020513  14.698114 1.000000 
2455438.040946  14.698335 1.000000 
