2455404.591342  14.698144 1.000000 
2455404.611776  14.698286 1.000000 
2455404.632209  14.698434 1.000000 
2455404.652643  14.698540 1.000000 
2455404.673077  14.698437 1.000000 
2455404.693510  14.698520 1.000000 
2455404.713944  14.698762 1.000000 
2455404.734378  14.698504 1.000000 
2455404.754811  14.698494 1.000000 
2455404.775245  14.698395 1.000000 
2455404.795679  14.698595 1.000000 
2455404.816112  14.698402 1.000000 
2455404.836546  14.698316 1.000000 
2455404.856980  14.698285 1.000000 
2455404.877413  14.698462 1.000000 
2455404.897847  14.698547 1.000000 
2455404.918281  14.697977 1.000000 
2455404.938714  14.698449 1.000000 
2455404.959148  14.698383 1.000000 
2455404.979582  14.698231 1.000000 
2455405.000015  14.698580 1.000000 
2455405.020449  14.697782 1.000000 
2455405.040883  14.698376 1.000000 
2455405.061316  14.697968 1.000000 
2455405.081750  14.698265 1.000000 
2455405.102184  14.698568 1.000000 
2455405.122617  14.698282 1.000000 
2455405.143051  14.698360 1.000000 
2455405.163484  14.698458 1.000000 
2455405.183918  14.698850 1.000000 
2455405.204352  14.698271 1.000000 
2455405.224786  14.698093 1.000000 
2455405.245219  14.698419 1.000000 
2455405.265653  14.698143 1.000000 
2455405.286087  14.698093 1.000000 
2455405.306520  14.697809 1.000000 
2455405.326954  14.698695 1.000000 
2455405.347388  14.698606 1.000000 
2455405.367821  14.697995 1.000000 
2455405.388255  14.698304 1.000000 
2455405.408689  14.698441 1.000000 
2455405.429122  14.698479 1.000000 
2455405.469990  14.698577 1.000000 
2455405.490423  14.698137 1.000000 
2455405.510857  14.698698 1.000000 
2455405.531290  14.698424 1.000000 
2455405.551724  14.698039 1.000000 
2455405.572158  14.698153 1.000000 
2455405.592591  14.697477 1.000000 
2455405.613025  14.698415 1.000000 
2455405.633459  14.698084 1.000000 
2455405.653892  14.698133 1.000000 
2455405.674326  14.698290 1.000000 
2455405.694760  14.698614 1.000000 
2455405.715193  14.698236 1.000000 
2455405.735627  14.698341 1.000000 
2455405.756061  14.698182 1.000000 
2455405.776494  14.698453 1.000000 
2455405.796928  14.698193 1.000000 
2455405.817362  14.697991 1.000000 
2455405.837795  14.698391 1.000000 
2455405.858229  14.698273 1.000000 
2455405.878663  14.697567 1.000000 
2455405.899096  14.697846 1.000000 
2455405.919530  14.698168 1.000000 
2455405.939964  14.698235 1.000000 
2455405.960397  14.698006 1.000000 
2455405.980831  14.698210 1.000000 
2455406.001264  14.698113 1.000000 
2455406.021698  14.701581 1.000000 
2455406.042132  14.712751 1.000000 
2455406.062565  14.718834 1.000000 
2455406.082999  14.719727 1.000000 
2455406.103433  14.722692 1.000000 
2455406.123866  14.722772 1.000000 
2455406.144300  14.722952 1.000000 
2455406.164734  14.721991 1.000000 
2455406.185167  14.721412 1.000000 
2455406.205601  14.719383 1.000000 
2455406.226035  14.714866 1.000000 
2455406.246468  14.705373 1.000000 
2455406.266902  14.698378 1.000000 
2455406.287336  14.698582 1.000000 
2455406.307769  14.697934 1.000000 
2455406.328203  14.698267 1.000000 
2455406.348637  14.698156 1.000000 
2455406.369070  14.698152 1.000000 
2455406.389504  14.698660 1.000000 
2455406.409938  14.698040 1.000000 
2455406.430371  14.698037 1.000000 
2455406.450805  14.698352 1.000000 
2455406.471238  14.698132 1.000000 
2455406.491672  14.698322 1.000000 
2455406.512106  14.698387 1.000000 
2455406.532539  14.698415 1.000000 
2455406.552973  14.698062 1.000000 
2455406.573407  14.697961 1.000000 
2455406.593840  14.698390 1.000000 
2455406.614274  14.698191 1.000000 
2455406.634708  14.698182 1.000000 
2455406.655141  14.698545 1.000000 
2455406.675575  14.698583 1.000000 
2455406.696009  14.698506 1.000000 
2455406.716442  14.698185 1.000000 
2455406.736876  14.697986 1.000000 
2455406.757310  14.698249 1.000000 
2455406.777743  14.698826 1.000000 
2455406.798177  14.698124 1.000000 
2455406.818610  14.698018 1.000000 
2455406.839044  14.698557 1.000000 
2455406.859478  14.698195 1.000000 
2455406.879911  14.698113 1.000000 
2455406.900345  14.698036 1.000000 
2455406.920779  14.698292 1.000000 
2455406.941212  14.698359 1.000000 
2455406.961646  14.698595 1.000000 
2455406.982080  14.698361 1.000000 
2455407.002513  14.698401 1.000000 
2455407.022947  14.697905 1.000000 
2455407.043380  14.699076 1.000000 
2455407.063814  14.698167 1.000000 
2455407.084248  14.698332 1.000000 
2455407.104681  14.697615 1.000000 
2455407.125115  14.698431 1.000000 
2455407.145549  14.698447 1.000000 
2455407.165982  14.698163 1.000000 
2455407.186416  14.698618 1.000000 
2455407.206850  14.698567 1.000000 
2455407.227283  14.698516 1.000000 
2455407.247717  14.697619 1.000000 
2455407.268151  14.698057 1.000000 
2455407.288584  14.698392 1.000000 
2455407.309018  14.698080 1.000000 
2455407.329451  14.698441 1.000000 
2455407.349885  14.697897 1.000000 
2455407.370319  14.698536 1.000000 
2455407.390752  14.698180 1.000000 
2455407.411186  14.698446 1.000000 
2455407.431620  14.698723 1.000000 
2455407.452053  14.698009 1.000000 
2455407.472487  14.698410 1.000000 
2455407.492921  14.698891 1.000000 
2455407.513354  14.698043 1.000000 
2455407.533788  14.698997 1.000000 
2455407.554222  14.698591 1.000000 
2455407.574655  14.697557 1.000000 
2455407.595089  14.698408 1.000000 
2455407.615522  14.698615 1.000000 
2455407.635956  14.698538 1.000000 
2455407.656390  14.698248 1.000000 
2455407.676823  14.697925 1.000000 
