2456133.233693  14.696516 1.000000 
2456133.254127  14.696973 1.000000 
2456133.274561  14.696686 1.000000 
2456133.294995  14.696919 1.000000 
2456133.315429  14.696934 1.000000 
2456133.335862  14.697133 1.000000 
2456133.356296  14.697598 1.000000 
2456133.376730  14.697204 1.000000 
2456133.397164  14.696600 1.000000 
2456133.417598  14.696919 1.000000 
2456133.438031  14.696671 1.000000 
2456133.458465  14.697080 1.000000 
2456133.478899  14.696790 1.000000 
2456133.499333  14.696429 1.000000 
2456133.519767  14.696391 1.000000 
2456133.540201  14.697083 1.000000 
2456133.560634  14.696754 1.000000 
2456133.581068  14.697333 1.000000 
2456133.601502  14.697133 1.000000 
2456133.621936  14.696977 1.000000 
2456133.642370  14.696666 1.000000 
2456133.662803  14.696635 1.000000 
2456133.683237  14.696565 1.000000 
2456133.703671  14.696877 1.000000 
2456133.724105  14.696304 1.000000 
2456133.744539  14.696920 1.000000 
2456133.764973  14.696952 1.000000 
2456133.785406  14.696548 1.000000 
2456133.805840  14.696740 1.000000 
2456133.826274  14.696504 1.000000 
2456133.846708  14.696892 1.000000 
2456133.867142  14.697060 1.000000 
2456133.887576  14.696576 1.000000 
2456133.908009  14.696208 1.000000 
2456133.928443  14.696844 1.000000 
2456133.948877  14.696392 1.000000 
2456133.969311  14.696631 1.000000 
2456133.989745  14.696323 1.000000 
2456134.010178  14.696453 1.000000 
2456134.030612  14.696969 1.000000 
2456134.051046  14.696831 1.000000 
2456134.071480  14.696305 1.000000 
2456134.091914  14.696542 1.000000 
2456134.112347  14.696733 1.000000 
2456134.132781  14.697429 1.000000 
2456134.153215  14.696716 1.000000 
2456134.173649  14.697028 1.000000 
2456134.194083  14.696123 1.000000 
2456134.214517  14.696695 1.000000 
2456134.234950  14.696557 1.000000 
2456134.275818  14.696863 1.000000 
2456134.296252  14.696745 1.000000 
2456134.316686  14.696783 1.000000 
2456134.337120  14.696735 1.000000 
2456134.357553  14.696600 1.000000 
2456134.377987  14.697083 1.000000 
2456134.398421  14.696492 1.000000 
2456134.418855  14.696122 1.000000 
2456134.439289  14.696682 1.000000 
2456134.459722  14.697366 1.000000 
2456134.480156  14.697373 1.000000 
2456134.500590  14.697696 1.000000 
2456134.521024  14.696749 1.000000 
2456134.541457  14.696445 1.000000 
2456134.561891  14.696763 1.000000 
2456134.582325  14.697051 1.000000 
2456134.602759  14.697160 1.000000 
2456134.623193  14.696807 1.000000 
2456134.643627  14.696744 1.000000 
2456134.664060  14.697641 1.000000 
2456134.684494  14.706317 1.000000 
2456134.704928  14.715775 1.000000 
2456134.725362  14.718987 1.000000 
2456134.745796  14.720630 1.000000 
2456134.766230  14.721306 1.000000 
2456134.786663  14.721601 1.000000 
2456134.807097  14.721672 1.000000 
2456134.827531  14.720861 1.000000 
2456134.847965  14.718716 1.000000 
2456134.868399  14.716820 1.000000 
2456134.888832  14.709060 1.000000 
2456134.909266  14.698627 1.000000 
2456134.929700  14.696811 1.000000 
2456134.950134  14.697149 1.000000 
2456134.970568  14.696534 1.000000 
2456134.991001  14.697192 1.000000 
2456135.011435  14.696753 1.000000 
2456135.031869  14.696987 1.000000 
2456135.052303  14.697174 1.000000 
2456135.072737  14.697600 1.000000 
2456135.093170  14.697501 1.000000 
2456135.113604  14.697230 1.000000 
2456135.134038  14.697144 1.000000 
2456135.154472  14.696724 1.000000 
2456135.174906  14.696513 1.000000 
2456135.195339  14.697178 1.000000 
2456135.215773  14.696239 1.000000 
2456135.236207  14.697215 1.000000 
2456135.256641  14.697152 1.000000 
2456135.277075  14.697044 1.000000 
2456135.297509  14.696739 1.000000 
2456135.317942  14.697204 1.000000 
2456135.338376  14.696896 1.000000 
2456135.358810  14.696809 1.000000 
2456135.379244  14.696945 1.000000 
2456135.399678  14.696805 1.000000 
2456135.420111  14.697050 1.000000 
2456135.440545  14.697085 1.000000 
2456135.460979  14.697029 1.000000 
2456135.481413  14.696870 1.000000 
2456135.501847  14.697158 1.000000 
2456135.522280  14.696872 1.000000 
2456135.542714  14.696805 1.000000 
2456135.563148  14.696988 1.000000 
2456135.583582  14.696644 1.000000 
2456135.604016  14.697183 1.000000 
2456135.624449  14.696192 1.000000 
2456135.644883  14.697527 1.000000 
2456135.665317  14.697272 1.000000 
2456135.685751  14.696658 1.000000 
2456135.706185  14.696882 1.000000 
2456135.726618  14.697384 1.000000 
2456135.747052  14.697121 1.000000 
2456135.767486  14.696942 1.000000 
2456135.787920  14.697043 1.000000 
2456135.808354  14.696858 1.000000 
2456135.828788  14.696973 1.000000 
2456135.849221  14.696670 1.000000 
2456135.869655  14.697130 1.000000 
2456135.890089  14.696830 1.000000 
2456135.910523  14.696883 1.000000 
2456135.930956  14.697384 1.000000 
2456135.951390  14.697241 1.000000 
2456135.971824  14.696968 1.000000 
2456135.992258  14.697352 1.000000 
2456136.012692  14.697063 1.000000 
2456136.033125  14.696726 1.000000 
2456136.053559  14.696988 1.000000 
2456136.073993  14.696762 1.000000 
2456136.094427  14.697330 1.000000 
2456136.114861  14.696606 1.000000 
2456136.135294  14.697202 1.000000 
2456136.155728  14.697297 1.000000 
2456136.176162  14.697152 1.000000 
2456136.196596  14.697050 1.000000 
2456136.217029  14.697655 1.000000 
2456136.237463  14.696905 1.000000 
2456136.257897  14.697364 1.000000 
2456136.278331  14.697236 1.000000 
2456136.298765  14.697228 1.000000 
2456136.319198  14.697194 1.000000 
2456136.339632  14.697174 1.000000 
