2455374.226687  14.697903 1.000000 
2455374.247121  14.698044 1.000000 
2455374.267555  14.698304 1.000000 
2455374.287989  14.698600 1.000000 
2455374.308423  14.698288 1.000000 
2455374.328856  14.698536 1.000000 
2455374.349291  14.698820 1.000000 
2455374.369724  14.698256 1.000000 
2455374.390158  14.698053 1.000000 
2455374.410592  14.698573 1.000000 
2455374.431026  14.698310 1.000000 
2455374.451460  14.698328 1.000000 
2455374.471894  14.698725 1.000000 
2455374.492328  14.698354 1.000000 
2455374.512762  14.698492 1.000000 
2455374.533196  14.698376 1.000000 
2455374.553630  14.698380 1.000000 
2455374.574064  14.698396 1.000000 
2455374.594498  14.698759 1.000000 
2455374.614932  14.698166 1.000000 
2455374.635366  14.698762 1.000000 
2455374.655800  14.698145 1.000000 
2455374.676234  14.697981 1.000000 
2455374.696668  14.697832 1.000000 
2455374.717102  14.698200 1.000000 
2455374.737536  14.697137 1.000000 
2455374.757970  14.698370 1.000000 
2455374.778404  14.698086 1.000000 
2455374.798838  14.697951 1.000000 
2455374.819272  14.697998 1.000000 
2455374.839705  14.697926 1.000000 
2455374.860139  14.698021 1.000000 
2455374.880573  14.697901 1.000000 
2455374.901007  14.698277 1.000000 
2455374.921441  14.698174 1.000000 
2455374.941875  14.698969 1.000000 
2455374.962309  14.698795 1.000000 
2455374.982743  14.698326 1.000000 
2455375.003177  14.697798 1.000000 
2455375.023611  14.698336 1.000000 
2455375.044045  14.698104 1.000000 
2455375.064479  14.698051 1.000000 
2455375.084913  14.698691 1.000000 
2455375.105347  14.697209 1.000000 
2455375.125781  14.697840 1.000000 
2455375.146215  14.698214 1.000000 
2455375.166649  14.697893 1.000000 
2455375.187083  14.698029 1.000000 
2455375.207517  14.698292 1.000000 
2455375.227951  14.697970 1.000000 
2455375.248385  14.697461 1.000000 
2455375.268819  14.698130 1.000000 
2455375.289253  14.698333 1.000000 
2455375.309687  14.698001 1.000000 
2455375.330121  14.698151 1.000000 
2455375.350554  14.697762 1.000000 
2455375.370988  14.697785 1.000000 
2455375.391422  14.697935 1.000000 
2455375.411856  14.698209 1.000000 
2455375.432290  14.697680 1.000000 
2455375.452724  14.698180 1.000000 
2455375.473158  14.698299 1.000000 
2455375.493592  14.698087 1.000000 
2455375.514026  14.697796 1.000000 
2455375.534460  14.697447 1.000000 
2455375.554894  14.698051 1.000000 
2455375.575328  14.698168 1.000000 
2455375.595762  14.697934 1.000000 
2455375.616196  14.698601 1.000000 
2455375.636630  14.698287 1.000000 
2455375.657064  14.699993 1.000000 
2455375.677498  14.710907 1.000000 
2455375.697932  14.717630 1.000000 
2455375.718366  14.720387 1.000000 
2455375.738799  14.721153 1.000000 
2455375.759233  14.722288 1.000000 
2455375.779667  14.722504 1.000000 
2455375.800101  14.722204 1.000000 
2455375.820535  14.721066 1.000000 
2455375.840969  14.719629 1.000000 
2455375.861403  14.716398 1.000000 
2455375.881837  14.707090 1.000000 
2455375.902271  14.699068 1.000000 
2455375.922705  14.697900 1.000000 
2455375.943139  14.697935 1.000000 
2455375.963573  14.698667 1.000000 
2455375.984007  14.698395 1.000000 
2455376.004441  14.698573 1.000000 
2455376.024875  14.697964 1.000000 
2455376.045309  14.697881 1.000000 
2455376.065743  14.698472 1.000000 
2455376.086177  14.698268 1.000000 
2455376.106610  14.698471 1.000000 
2455376.127044  14.698896 1.000000 
2455376.147478  14.698946 1.000000 
2455376.167912  14.698137 1.000000 
2455376.188346  14.698431 1.000000 
2455376.208780  14.697871 1.000000 
2455376.229214  14.698348 1.000000 
2455376.249648  14.697989 1.000000 
2455376.270082  14.698724 1.000000 
2455376.290516  14.698574 1.000000 
2455376.310950  14.697981 1.000000 
2455376.331384  14.697763 1.000000 
2455376.351818  14.698357 1.000000 
2455376.372252  14.698065 1.000000 
2455376.392686  14.698639 1.000000 
2455376.413120  14.698362 1.000000 
2455376.433554  14.698238 1.000000 
2455376.453988  14.698287 1.000000 
2455376.474422  14.698602 1.000000 
2455376.494855  14.698364 1.000000 
2455376.515289  14.698805 1.000000 
2455376.535723  14.698549 1.000000 
2455376.556157  14.697863 1.000000 
2455376.576591  14.698681 1.000000 
2455376.597025  14.697766 1.000000 
2455376.617459  14.698690 1.000000 
2455376.637893  14.698167 1.000000 
2455376.658327  14.698344 1.000000 
2455376.678761  14.698153 1.000000 
2455376.699195  14.698013 1.000000 
2455376.719629  14.698427 1.000000 
2455376.740063  14.698180 1.000000 
2455376.760497  14.698405 1.000000 
2455376.780931  14.698210 1.000000 
2455376.801365  14.697895 1.000000 
2455376.821799  14.698257 1.000000 
2455376.842233  14.698082 1.000000 
2455376.862666  14.698212 1.000000 
2455376.883100  14.698421 1.000000 
2455376.903534  14.698510 1.000000 
2455376.923968  14.698228 1.000000 
2455376.944402  14.698242 1.000000 
2455376.964836  14.698510 1.000000 
2455376.985270  14.698781 1.000000 
2455377.005704  14.699036 1.000000 
2455377.026138  14.698017 1.000000 
2455377.046572  14.697964 1.000000 
2455377.067006  14.698926 1.000000 
2455377.107874  14.698219 1.000000 
2455377.128308  14.698062 1.000000 
2455377.148741  14.698015 1.000000 
2455377.169176  14.698347 1.000000 
2455377.189609  14.698752 1.000000 
2455377.210043  14.698475 1.000000 
2455377.230477  14.698282 1.000000 
2455377.250911  14.698220 1.000000 
2455377.271345  14.698028 1.000000 
2455377.291779  14.698534 1.000000 
2455377.312213  14.698114 1.000000 
2455377.332647  14.698189 1.000000 
