2455647.482447  14.696977 1.000000 
2455647.502881  14.697312 1.000000 
2455647.523315  14.697363 1.000000 
2455647.543749  14.697134 1.000000 
2455647.564184  14.696769 1.000000 
2455647.584618  14.697097 1.000000 
2455647.605052  14.697279 1.000000 
2455647.625486  14.697552 1.000000 
2455647.645920  14.696757 1.000000 
2455647.666354  14.697558 1.000000 
2455647.686788  14.697838 1.000000 
2455647.707222  14.696726 1.000000 
2455647.727657  14.697098 1.000000 
2455647.748091  14.697390 1.000000 
2455647.768525  14.697388 1.000000 
2455647.788959  14.697363 1.000000 
2455647.809393  14.696424 1.000000 
2455647.829827  14.697172 1.000000 
2455647.850261  14.696859 1.000000 
2455647.870696  14.696557 1.000000 
2455647.891130  14.697354 1.000000 
2455647.911564  14.697206 1.000000 
2455647.931998  14.696414 1.000000 
2455647.952432  14.697360 1.000000 
2455647.972866  14.697097 1.000000 
2455647.993300  14.697380 1.000000 
2455648.013734  14.696827 1.000000 
2455648.034169  14.696617 1.000000 
2455648.054603  14.697145 1.000000 
2455648.075037  14.696769 1.000000 
2455648.095471  14.696740 1.000000 
2455648.115905  14.697497 1.000000 
2455648.136339  14.696716 1.000000 
2455648.156773  14.696634 1.000000 
2455648.177208  14.697027 1.000000 
2455648.197642  14.696756 1.000000 
2455648.218076  14.697015 1.000000 
2455648.238510  14.696966 1.000000 
2455648.258944  14.696824 1.000000 
2455648.279378  14.697460 1.000000 
2455648.299812  14.696741 1.000000 
2455648.320246  14.697226 1.000000 
2455648.340681  14.696859 1.000000 
2455648.361115  14.696979 1.000000 
2455648.381549  14.696772 1.000000 
2455648.401983  14.697560 1.000000 
2455648.422417  14.697199 1.000000 
2455648.442851  14.696538 1.000000 
2455648.463286  14.697217 1.000000 
2455648.483720  14.696712 1.000000 
2455648.504154  14.696673 1.000000 
2455648.524588  14.697214 1.000000 
2455648.545022  14.696747 1.000000 
2455648.565456  14.696815 1.000000 
2455648.585890  14.696640 1.000000 
2455648.606324  14.696538 1.000000 
2455648.626759  14.697246 1.000000 
2455648.647193  14.696688 1.000000 
2455648.667627  14.697129 1.000000 
2455648.688061  14.696769 1.000000 
2455648.708495  14.696712 1.000000 
2455648.728929  14.697053 1.000000 
2455648.749363  14.696651 1.000000 
2455648.769798  14.696652 1.000000 
2455648.790232  14.696728 1.000000 
2455648.810666  14.696665 1.000000 
2455648.831100  14.696538 1.000000 
2455648.851534  14.696503 1.000000 
2455648.871968  14.697119 1.000000 
2455648.892402  14.696953 1.000000 
2455648.912837  14.704494 1.000000 
2455648.933271  14.714945 1.000000 
2455648.953705  14.718297 1.000000 
2455648.974139  14.720201 1.000000 
2455648.994573  14.721127 1.000000 
2455649.015007  14.721987 1.000000 
2455649.035441  14.721654 1.000000 
2455649.055876  14.720936 1.000000 
2455649.076310  14.718454 1.000000 
2455649.096744  14.716809 1.000000 
2455649.117178  14.710273 1.000000 
2455649.137612  14.699352 1.000000 
2455649.158046  14.697098 1.000000 
2455649.178480  14.696750 1.000000 
2455649.198914  14.696535 1.000000 
2455649.219349  14.697062 1.000000 
2455649.239783  14.696874 1.000000 
2455649.260217  14.696947 1.000000 
2455649.280651  14.696915 1.000000 
2455649.301085  14.696613 1.000000 
2455649.321519  14.696996 1.000000 
2455649.341954  14.697001 1.000000 
2455649.362388  14.696410 1.000000 
2455649.382822  14.696974 1.000000 
2455649.403256  14.696810 1.000000 
2455649.423690  14.696787 1.000000 
2455649.444124  14.696075 1.000000 
2455649.464558  14.696944 1.000000 
2455649.484993  14.696802 1.000000 
2455649.505427  14.696902 1.000000 
2455649.525861  14.696703 1.000000 
2455649.546295  14.696297 1.000000 
2455649.566729  14.696857 1.000000 
2455649.587163  14.696668 1.000000 
2455649.628032  14.696836 1.000000 
2455649.648466  14.696495 1.000000 
2455649.668900  14.696334 1.000000 
2455649.689334  14.697001 1.000000 
2455649.709768  14.697084 1.000000 
2455649.730202  14.696745 1.000000 
2455649.750636  14.696662 1.000000 
2455649.771070  14.696710 1.000000 
2455649.791505  14.696493 1.000000 
2455649.811939  14.696930 1.000000 
2455649.852807  14.696751 1.000000 
2455649.873241  14.697078 1.000000 
2455649.893676  14.696468 1.000000 
2455649.914110  14.696391 1.000000 
2455649.934544  14.697197 1.000000 
2455649.954978  14.696820 1.000000 
2455649.975412  14.696787 1.000000 
2455649.995846  14.696511 1.000000 
2455650.016280  14.696646 1.000000 
2455650.036714  14.697234 1.000000 
2455650.057149  14.697226 1.000000 
2455650.077583  14.696785 1.000000 
2455650.098017  14.696573 1.000000 
2455650.118451  14.696997 1.000000 
2455650.138885  14.696778 1.000000 
2455650.159319  14.696766 1.000000 
2455650.179754  14.696242 1.000000 
2455650.200188  14.697002 1.000000 
2455650.220622  14.696632 1.000000 
2455650.241056  14.696992 1.000000 
2455650.261490  14.697030 1.000000 
2455650.281924  14.696177 1.000000 
2455650.302358  14.696760 1.000000 
2455650.322792  14.696350 1.000000 
2455650.343227  14.697183 1.000000 
2455650.363661  14.696838 1.000000 
2455650.384095  14.697193 1.000000 
2455650.404529  14.697069 1.000000 
2455650.424963  14.697188 1.000000 
2455650.445397  14.697097 1.000000 
2455650.465832  14.697225 1.000000 
2455650.486266  14.696533 1.000000 
2455650.506700  14.696207 1.000000 
2455650.527134  14.696778 1.000000 
2455650.547568  14.696869 1.000000 
2455650.568002  14.697380 1.000000 
