2455526.046028  14.698003 1.000000 
2455526.066460  14.698459 1.000000 
2455526.086893  14.698205 1.000000 
2455526.107327  14.698585 1.000000 
2455526.127759  14.698659 1.000000 
2455526.148192  14.698882 1.000000 
2455526.168625  14.698408 1.000000 
2455526.189058  14.699453 1.000000 
2455526.209491  14.698510 1.000000 
2455526.229924  14.698633 1.000000 
2455526.250357  14.698684 1.000000 
2455526.270790  14.698928 1.000000 
2455526.291223  14.698338 1.000000 
2455526.311656  14.698024 1.000000 
2455526.332089  14.698363 1.000000 
2455526.352522  14.698612 1.000000 
2455526.372955  14.698691 1.000000 
2455526.393388  14.698907 1.000000 
2455526.413821  14.698952 1.000000 
2455526.434254  14.698652 1.000000 
2455526.454687  14.698662 1.000000 
2455526.475120  14.699291 1.000000 
2455526.495553  14.698802 1.000000 
2455526.515986  14.698604 1.000000 
2455526.536419  14.698799 1.000000 
2455526.556852  14.699059 1.000000 
2455526.577285  14.698915 1.000000 
2455526.597718  14.698526 1.000000 
2455526.618151  14.698987 1.000000 
2455526.638584  14.698547 1.000000 
2455526.659017  14.699273 1.000000 
2455526.679450  14.699002 1.000000 
2455526.699883  14.698342 1.000000 
2455526.720316  14.698293 1.000000 
2455526.740749  14.698427 1.000000 
2455526.761181  14.698906 1.000000 
2455526.781615  14.698059 1.000000 
2455526.802047  14.698306 1.000000 
2455526.822481  14.698827 1.000000 
2455526.842913  14.698583 1.000000 
2455526.863346  14.698551 1.000000 
2455526.883780  14.698558 1.000000 
2455526.904212  14.698499 1.000000 
2455526.924645  14.697896 1.000000 
2455526.945078  14.698606 1.000000 
2455526.965511  14.698793 1.000000 
2455526.985944  14.698576 1.000000 
2455527.006377  14.698657 1.000000 
2455527.026810  14.698522 1.000000 
2455527.047243  14.698585 1.000000 
2455527.067676  14.698297 1.000000 
2455527.088109  14.698350 1.000000 
2455527.108542  14.698363 1.000000 
2455527.128975  14.699178 1.000000 
2455527.149408  14.698466 1.000000 
2455527.169841  14.698637 1.000000 
2455527.190274  14.697581 1.000000 
2455527.210707  14.698781 1.000000 
2455527.231140  14.698457 1.000000 
2455527.251573  14.698371 1.000000 
2455527.272006  14.698323 1.000000 
2455527.292439  14.698801 1.000000 
2455527.312872  14.698896 1.000000 
2455527.333305  14.697959 1.000000 
2455527.353738  14.698959 1.000000 
2455527.374171  14.699058 1.000000 
2455527.394604  14.698618 1.000000 
2455527.415037  14.698601 1.000000 
2455527.435470  14.698637 1.000000 
2455527.455903  14.699604 1.000000 
2455527.476336  14.709713 1.000000 
2455527.496769  14.717659 1.000000 
2455527.517202  14.721230 1.000000 
2455527.537635  14.722651 1.000000 
2455527.558068  14.722777 1.000000 
2455527.578501  14.724006 1.000000 
2455527.598934  14.723335 1.000000 
2455527.619367  14.722976 1.000000 
2455527.639799  14.720759 1.000000 
2455527.660233  14.718198 1.000000 
2455527.680666  14.709976 1.000000 
2455527.701098  14.699717 1.000000 
2455527.721532  14.698176 1.000000 
2455527.741964  14.699035 1.000000 
2455527.762397  14.698720 1.000000 
2455527.782831  14.698528 1.000000 
2455527.803263  14.699172 1.000000 
2455527.823696  14.698732 1.000000 
2455527.844129  14.699001 1.000000 
2455527.864562  14.698730 1.000000 
2455527.884995  14.698707 1.000000 
2455527.905428  14.699015 1.000000 
2455527.925861  14.698812 1.000000 
2455527.946294  14.698780 1.000000 
2455527.966727  14.698506 1.000000 
2455527.987160  14.698373 1.000000 
2455528.007593  14.698730 1.000000 
2455528.028026  14.699504 1.000000 
2455528.048459  14.698501 1.000000 
2455528.068892  14.698137 1.000000 
2455528.089325  14.699143 1.000000 
2455528.109758  14.698484 1.000000 
2455528.130191  14.698495 1.000000 
2455528.150624  14.698839 1.000000 
2455528.171057  14.698886 1.000000 
2455528.191490  14.698676 1.000000 
2455528.211923  14.698772 1.000000 
2455528.232356  14.698493 1.000000 
2455528.252789  14.699249 1.000000 
2455528.273222  14.698418 1.000000 
2455528.293655  14.698940 1.000000 
2455528.314088  14.699012 1.000000 
2455528.334521  14.698611 1.000000 
2455528.354954  14.698707 1.000000 
2455528.375387  14.698680 1.000000 
2455528.395820  14.698461 1.000000 
2455528.416253  14.698255 1.000000 
2455528.436686  14.699138 1.000000 
2455528.457119  14.698437 1.000000 
2455528.477552  14.699209 1.000000 
2455528.497985  14.698334 1.000000 
2455528.518418  14.699282 1.000000 
2455528.538851  14.699078 1.000000 
2455528.559284  14.698938 1.000000 
2455528.579717  14.699072 1.000000 
2455528.600150  14.698755 1.000000 
2455528.620583  14.698820 1.000000 
2455528.641016  14.699120 1.000000 
2455528.661449  14.698137 1.000000 
2455528.681882  14.699082 1.000000 
2455528.702315  14.698802 1.000000 
2455528.722748  14.699230 1.000000 
2455528.743181  14.698482 1.000000 
2455528.763614  14.698401 1.000000 
2455528.784046  14.698684 1.000000 
2455528.804479  14.698742 1.000000 
2455528.824913  14.699363 1.000000 
2455528.845345  14.699039 1.000000 
2455528.865778  14.698424 1.000000 
2455528.886211  14.698491 1.000000 
2455528.906644  14.698349 1.000000 
2455528.927077  14.698754 1.000000 
2455528.947510  14.699053 1.000000 
2455528.967943  14.698719 1.000000 
2455528.988376  14.699388 1.000000 
2455529.029242  14.698571 1.000000 
2455529.049675  14.698917 1.000000 
2455529.070108  14.698575 1.000000 
2455529.090541  14.698857 1.000000 
2455529.110974  14.698516 1.000000 
2455529.131407  14.698782 1.000000 
