2455283.151582  14.698450 1.000000 
2455283.172016  14.698342 1.000000 
2455283.192450  14.698415 1.000000 
2455283.212884  14.698448 1.000000 
2455283.233319  14.698320 1.000000 
2455283.253753  14.698672 1.000000 
2455283.274187  14.698164 1.000000 
2455283.294621  14.698954 1.000000 
2455283.315055  14.698286 1.000000 
2455283.335489  14.699211 1.000000 
2455283.355924  14.698577 1.000000 
2455283.376358  14.697948 1.000000 
2455283.396792  14.698116 1.000000 
2455283.417226  14.698830 1.000000 
2455283.437660  14.697953 1.000000 
2455283.458095  14.698592 1.000000 
2455283.478529  14.698692 1.000000 
2455283.498963  14.698347 1.000000 
2455283.519397  14.698198 1.000000 
2455283.539831  14.698545 1.000000 
2455283.560265  14.698757 1.000000 
2455283.580700  14.697630 1.000000 
2455283.601134  14.698317 1.000000 
2455283.621568  14.698423 1.000000 
2455283.642002  14.698186 1.000000 
2455283.662436  14.698524 1.000000 
2455283.682870  14.698310 1.000000 
2455283.703305  14.698300 1.000000 
2455283.723739  14.698777 1.000000 
2455283.744173  14.698444 1.000000 
2455283.764607  14.698381 1.000000 
2455283.785041  14.698119 1.000000 
2455283.805475  14.698287 1.000000 
2455283.825910  14.698773 1.000000 
2455283.846344  14.698043 1.000000 
2455283.866778  14.697791 1.000000 
2455283.887212  14.699016 1.000000 
2455283.928080  14.698806 1.000000 
2455283.948515  14.698126 1.000000 
2455283.968949  14.698992 1.000000 
2455283.989383  14.698848 1.000000 
2455284.009817  14.698110 1.000000 
2455284.030251  14.698844 1.000000 
2455284.050685  14.698668 1.000000 
2455284.071120  14.699183 1.000000 
2455284.091554  14.698757 1.000000 
2455284.111988  14.698573 1.000000 
2455284.132422  14.698797 1.000000 
2455284.152856  14.698360 1.000000 
2455284.173291  14.698529 1.000000 
2455284.193725  14.698792 1.000000 
2455284.214159  14.698391 1.000000 
2455284.234593  14.698816 1.000000 
2455284.255027  14.698419 1.000000 
2455284.275462  14.698606 1.000000 
2455284.295896  14.698343 1.000000 
2455284.316330  14.698757 1.000000 
2455284.336764  14.698545 1.000000 
2455284.357198  14.698278 1.000000 
2455284.377632  14.698510 1.000000 
2455284.398067  14.698253 1.000000 
2455284.418501  14.698277 1.000000 
2455284.438935  14.698792 1.000000 
2455284.459369  14.698736 1.000000 
2455284.479803  14.698393 1.000000 
2455284.500237  14.698097 1.000000 
2455284.520671  14.699025 1.000000 
2455284.541106  14.698492 1.000000 
2455284.561540  14.698950 1.000000 
2455284.581974  14.703096 1.000000 
2455284.602408  14.715047 1.000000 
2455284.622842  14.719751 1.000000 
2455284.643277  14.721189 1.000000 
2455284.663711  14.722849 1.000000 
2455284.684145  14.723314 1.000000 
2455284.704579  14.723866 1.000000 
2455284.725013  14.723395 1.000000 
2455284.745448  14.722311 1.000000 
2455284.765882  14.719955 1.000000 
2455284.786316  14.715567 1.000000 
2455284.806750  14.704242 1.000000 
2455284.827184  14.698626 1.000000 
2455284.847618  14.698549 1.000000 
2455284.868053  14.698848 1.000000 
2455284.888487  14.698032 1.000000 
2455284.908921  14.698692 1.000000 
2455284.929355  14.698774 1.000000 
2455284.949789  14.698923 1.000000 
2455284.970223  14.698359 1.000000 
2455284.990658  14.698377 1.000000 
2455285.011092  14.698600 1.000000 
2455285.031526  14.698832 1.000000 
2455285.051960  14.698234 1.000000 
2455285.072394  14.698485 1.000000 
2455285.092829  14.698915 1.000000 
2455285.113263  14.698752 1.000000 
2455285.133697  14.698926 1.000000 
2455285.154131  14.698887 1.000000 
2455285.174565  14.698482 1.000000 
2455285.194999  14.698840 1.000000 
2455285.215434  14.697802 1.000000 
2455285.235868  14.698441 1.000000 
2455285.256302  14.698679 1.000000 
2455285.276736  14.698144 1.000000 
2455285.297170  14.698625 1.000000 
2455285.317604  14.698399 1.000000 
2455285.338039  14.698344 1.000000 
2455285.358473  14.698685 1.000000 
2455285.378907  14.698866 1.000000 
2455285.399341  14.698945 1.000000 
2455285.419775  14.698695 1.000000 
2455285.440210  14.697881 1.000000 
2455285.460644  14.698862 1.000000 
2455285.481078  14.698539 1.000000 
2455285.501512  14.698586 1.000000 
2455285.521946  14.698619 1.000000 
2455285.542381  14.698586 1.000000 
2455285.562815  14.698725 1.000000 
2455285.583249  14.698957 1.000000 
2455285.603683  14.698602 1.000000 
2455285.624117  14.698790 1.000000 
2455285.644551  14.698757 1.000000 
2455285.664986  14.698732 1.000000 
2455285.685420  14.698306 1.000000 
2455285.705854  14.698524 1.000000 
2455285.726288  14.698667 1.000000 
2455285.746722  14.698698 1.000000 
2455285.767157  14.699045 1.000000 
2455285.787591  14.699024 1.000000 
2455285.808025  14.699070 1.000000 
2455285.828459  14.698631 1.000000 
2455285.848893  14.699130 1.000000 
2455285.869328  14.698875 1.000000 
2455285.889762  14.698726 1.000000 
2455285.910196  14.698211 1.000000 
2455285.930630  14.699207 1.000000 
2455285.951064  14.698447 1.000000 
2455285.971498  14.698551 1.000000 
2455285.991933  14.698349 1.000000 
2455286.012367  14.699126 1.000000 
2455286.032801  14.698496 1.000000 
2455286.053235  14.698593 1.000000 
2455286.073669  14.698415 1.000000 
2455286.094103  14.699073 1.000000 
2455286.114538  14.699203 1.000000 
2455286.134972  14.698637 1.000000 
2455286.155406  14.698761 1.000000 
2455286.175840  14.698805 1.000000 
2455286.196274  14.698652 1.000000 
2455286.216709  14.699516 1.000000 
2455286.237143  14.698487 1.000000 
