2455678.889822  14.697011 1.000000 
2455678.910256  14.696447 1.000000 
2455678.930691  14.697020 1.000000 
2455678.951125  14.696804 1.000000 
2455678.971559  14.697414 1.000000 
2455678.991993  14.696733 1.000000 
2455679.012428  14.696959 1.000000 
2455679.032862  14.697192 1.000000 
2455679.053296  14.696867 1.000000 
2455679.073730  14.696711 1.000000 
2455679.094165  14.697220 1.000000 
2455679.114599  14.697180 1.000000 
2455679.135033  14.696886 1.000000 
2455679.155467  14.697531 1.000000 
2455679.175902  14.696980 1.000000 
2455679.196336  14.697523 1.000000 
2455679.216770  14.696548 1.000000 
2455679.237205  14.697068 1.000000 
2455679.257639  14.698212 1.000000 
2455679.278073  14.707733 1.000000 
2455679.298507  14.716109 1.000000 
2455679.318941  14.719455 1.000000 
2455679.339376  14.720255 1.000000 
2455679.359810  14.721006 1.000000 
2455679.380244  14.721717 1.000000 
2455679.400679  14.721858 1.000000 
2455679.421113  14.720287 1.000000 
2455679.441547  14.719274 1.000000 
2455679.461981  14.716711 1.000000 
2455679.482416  14.708337 1.000000 
2455679.502850  14.698260 1.000000 
2455679.523284  14.696966 1.000000 
2455679.543718  14.697431 1.000000 
2455679.564152  14.696777 1.000000 
2455679.584587  14.696777 1.000000 
2455679.605021  14.696604 1.000000 
2455679.625455  14.696820 1.000000 
2455679.645889  14.696912 1.000000 
2455679.666324  14.696996 1.000000 
2455679.686758  14.697134 1.000000 
2455679.707192  14.696986 1.000000 
2455679.727626  14.696898 1.000000 
2455679.748061  14.697008 1.000000 
2455679.768495  14.696651 1.000000 
2455679.788929  14.697397 1.000000 
2455679.809364  14.696664 1.000000 
2455679.829798  14.697259 1.000000 
2455679.850232  14.696577 1.000000 
2455679.870666  14.697036 1.000000 
2455679.891100  14.696338 1.000000 
2455679.911535  14.696319 1.000000 
2455679.931969  14.696287 1.000000 
2455679.952403  14.696791 1.000000 
2455679.972837  14.696465 1.000000 
2455679.993272  14.696433 1.000000 
2455680.013706  14.696805 1.000000 
2455680.034140  14.696778 1.000000 
2455680.054574  14.695891 1.000000 
2455680.075009  14.697178 1.000000 
2455680.095443  14.696109 1.000000 
2455680.115877  14.696959 1.000000 
2455680.136312  14.696356 1.000000 
2455680.156746  14.696760 1.000000 
2455680.177180  14.696711 1.000000 
2455680.197614  14.696544 1.000000 
2455680.218048  14.696867 1.000000 
2455680.238483  14.696435 1.000000 
2455680.258917  14.696691 1.000000 
2455680.279351  14.696722 1.000000 
2455680.299786  14.696454 1.000000 
2455680.320220  14.696638 1.000000 
2455680.340654  14.696934 1.000000 
2455680.361088  14.696620 1.000000 
2455680.381523  14.696820 1.000000 
2455680.401957  14.696865 1.000000 
2455680.422391  14.696639 1.000000 
2455680.442825  14.696630 1.000000 
2455680.463260  14.696696 1.000000 
2455680.483694  14.696070 1.000000 
2455680.504128  14.696899 1.000000 
2455680.524562  14.696718 1.000000 
2455680.544997  14.696745 1.000000 
2455680.565431  14.697004 1.000000 
2455680.585865  14.697063 1.000000 
2455680.606299  14.696280 1.000000 
2455680.626734  14.696880 1.000000 
2455680.647168  14.696649 1.000000 
2455680.667602  14.696596 1.000000 
2455680.688036  14.696568 1.000000 
2455680.708471  14.696602 1.000000 
2455680.728905  14.697100 1.000000 
2455680.749339  14.696732 1.000000 
2455680.769773  14.697024 1.000000 
2455680.790208  14.696247 1.000000 
2455680.810642  14.696381 1.000000 
2455680.831076  14.697042 1.000000 
2455680.851511  14.696683 1.000000 
2455680.871945  14.696545 1.000000 
2455680.892379  14.697285 1.000000 
2455680.912813  14.696119 1.000000 
