2456224.325623  14.696549 1.000000 
2456224.346056  14.696493 1.000000 
2456224.366489  14.696102 1.000000 
2456224.386922  14.696553 1.000000 
2456224.407355  14.695766 1.000000 
2456224.448221  14.695922 1.000000 
2456224.468654  14.696078 1.000000 
2456224.489087  14.696609 1.000000 
2456224.509520  14.696260 1.000000 
2456224.529953  14.696522 1.000000 
2456224.550386  14.696227 1.000000 
2456224.570819  14.697114 1.000000 
2456224.591252  14.697068 1.000000 
2456224.611685  14.696487 1.000000 
2456224.632118  14.696701 1.000000 
2456224.652551  14.696951 1.000000 
2456224.672984  14.696525 1.000000 
2456224.693417  14.696529 1.000000 
2456224.713850  14.695992 1.000000 
2456224.734283  14.696369 1.000000 
2456224.754716  14.696300 1.000000 
2456224.775149  14.696510 1.000000 
2456224.795582  14.696401 1.000000 
2456224.816015  14.696326 1.000000 
2456224.836448  14.695963 1.000000 
2456224.856881  14.696649 1.000000 
2456224.877314  14.696153 1.000000 
2456224.897747  14.697056 1.000000 
2456224.918180  14.696682 1.000000 
2456224.938613  14.696827 1.000000 
2456224.959046  14.696169 1.000000 
2456224.979479  14.696559 1.000000 
2456224.999912  14.696463 1.000000 
2456225.020345  14.696755 1.000000 
2456225.040778  14.695798 1.000000 
2456225.061211  14.696453 1.000000 
2456225.081644  14.696734 1.000000 
2456225.102077  14.696301 1.000000 
2456225.122510  14.696745 1.000000 
2456225.142943  14.696471 1.000000 
2456225.163376  14.696971 1.000000 
2456225.183809  14.696507 1.000000 
2456225.204242  14.696157 1.000000 
2456225.224675  14.696605 1.000000 
2456225.265541  14.696783 1.000000 
2456225.285974  14.696383 1.000000 
2456225.306407  14.696153 1.000000 
2456225.326840  14.696634 1.000000 
2456225.347273  14.696177 1.000000 
2456225.367706  14.696824 1.000000 
2456225.388139  14.696347 1.000000 
2456225.408572  14.696220 1.000000 
2456225.429005  14.696158 1.000000 
2456225.449438  14.696348 1.000000 
2456225.469871  14.696317 1.000000 
2456225.490304  14.695957 1.000000 
2456225.510737  14.696806 1.000000 
2456225.531170  14.697006 1.000000 
2456225.551603  14.696559 1.000000 
2456225.572036  14.696231 1.000000 
2456225.592469  14.696113 1.000000 
2456225.612902  14.696425 1.000000 
2456225.633335  14.696361 1.000000 
2456225.653768  14.696529 1.000000 
2456225.674201  14.696005 1.000000 
2456225.694634  14.696312 1.000000 
2456225.715067  14.696851 1.000000 
2456225.735500  14.696650 1.000000 
2456225.755933  14.701091 1.000000 
2456225.776366  14.711990 1.000000 
2456225.796799  14.716738 1.000000 
2456225.817232  14.719369 1.000000 
2456225.837665  14.721251 1.000000 
2456225.858098  14.721373 1.000000 
2456225.878531  14.721130 1.000000 
2456225.898964  14.720500 1.000000 
2456225.919397  14.719975 1.000000 
2456225.939830  14.717764 1.000000 
2456225.960263  14.713485 1.000000 
2456225.980696  14.702756 1.000000 
2456226.001129  14.696526 1.000000 
2456226.021562  14.696262 1.000000 
2456226.041995  14.696234 1.000000 
2456226.062428  14.696090 1.000000 
2456226.082861  14.696404 1.000000 
2456226.103294  14.696549 1.000000 
2456226.123727  14.696074 1.000000 
2456226.144160  14.695902 1.000000 
2456226.164593  14.696107 1.000000 
2456226.185026  14.696045 1.000000 
2456226.205459  14.696433 1.000000 
2456226.225892  14.696250 1.000000 
2456226.246324  14.696748 1.000000 
2456226.266757  14.696458 1.000000 
2456226.287191  14.696774 1.000000 
2456226.307624  14.696130 1.000000 
2456226.328056  14.696113 1.000000 
2456226.348490  14.696069 1.000000 
2456226.368922  14.696440 1.000000 
2456226.389355  14.696392 1.000000 
2456226.430221  14.696860 1.000000 
2456226.450654  14.696168 1.000000 
2456226.471087  14.696407 1.000000 
2456226.491520  14.695910 1.000000 
2456226.511953  14.696492 1.000000 
2456226.532386  14.696517 1.000000 
2456226.552819  14.696877 1.000000 
2456226.573252  14.696216 1.000000 
2456226.593685  14.696662 1.000000 
2456226.614118  14.696401 1.000000 
2456226.634551  14.695838 1.000000 
2456226.654984  14.696226 1.000000 
2456226.675417  14.696479 1.000000 
2456226.695850  14.695560 1.000000 
2456226.716283  14.696636 1.000000 
2456226.736716  14.696298 1.000000 
2456226.757149  14.695735 1.000000 
2456226.777582  14.696421 1.000000 
2456226.798015  14.696181 1.000000 
2456226.818448  14.696287 1.000000 
2456226.838881  14.696459 1.000000 
2456226.859314  14.696240 1.000000 
2456226.879747  14.696452 1.000000 
2456226.900180  14.696405 1.000000 
2456226.920613  14.696433 1.000000 
2456226.941046  14.696167 1.000000 
2456226.961479  14.696113 1.000000 
2456226.981912  14.696554 1.000000 
2456227.002345  14.696029 1.000000 
2456227.022778  14.696173 1.000000 
2456227.043211  14.696497 1.000000 
2456227.063644  14.696634 1.000000 
2456227.084077  14.696160 1.000000 
2456227.104510  14.696578 1.000000 
2456227.124943  14.696376 1.000000 
2456227.145376  14.695985 1.000000 
2456227.165808  14.696200 1.000000 
2456227.186241  14.696025 1.000000 
2456227.206674  14.696722 1.000000 
2456227.227107  14.696444 1.000000 
2456227.247540  14.696148 1.000000 
2456227.267973  14.695714 1.000000 
2456227.288406  14.695973 1.000000 
2456227.308839  14.696242 1.000000 
2456227.329272  14.696720 1.000000 
2456227.349705  14.696004 1.000000 
2456227.370138  14.696521 1.000000 
2456227.390571  14.696606 1.000000 
2456227.411004  14.696421 1.000000 
