2455313.516836  14.698837 1.000000 
2455313.537270  14.698368 1.000000 
2455313.557705  14.698553 1.000000 
2455313.578139  14.698359 1.000000 
2455313.598573  14.698811 1.000000 
2455313.619008  14.698875 1.000000 
2455313.639442  14.698606 1.000000 
2455313.659876  14.698523 1.000000 
2455313.680310  14.698574 1.000000 
2455313.700745  14.698781 1.000000 
2455313.721179  14.698415 1.000000 
2455313.741613  14.698980 1.000000 
2455313.762047  14.698542 1.000000 
2455313.782482  14.698621 1.000000 
2455313.802916  14.698624 1.000000 
2455313.843784  14.698929 1.000000 
2455313.864219  14.698272 1.000000 
2455313.884653  14.699063 1.000000 
2455313.905087  14.698696 1.000000 
2455313.925521  14.698111 1.000000 
2455313.945956  14.698730 1.000000 
2455313.966390  14.698374 1.000000 
2455313.986824  14.698768 1.000000 
2455314.007258  14.698953 1.000000 
2455314.027693  14.698876 1.000000 
2455314.048127  14.698706 1.000000 
2455314.068561  14.698555 1.000000 
2455314.088995  14.699031 1.000000 
2455314.109430  14.698490 1.000000 
2455314.129864  14.698815 1.000000 
2455314.150298  14.698863 1.000000 
2455314.170732  14.698626 1.000000 
2455314.191167  14.698790 1.000000 
2455314.211601  14.699115 1.000000 
2455314.232035  14.698269 1.000000 
2455314.252469  14.698549 1.000000 
2455314.272904  14.698672 1.000000 
2455314.293338  14.698626 1.000000 
2455314.313772  14.698645 1.000000 
2455314.334206  14.698654 1.000000 
2455314.354641  14.698009 1.000000 
2455314.375075  14.698288 1.000000 
2455314.395509  14.698635 1.000000 
2455314.415943  14.698500 1.000000 
2455314.436378  14.698483 1.000000 
2455314.456812  14.698462 1.000000 
2455314.477246  14.698580 1.000000 
2455314.497681  14.698313 1.000000 
2455314.518115  14.698647 1.000000 
2455314.538549  14.698559 1.000000 
2455314.558983  14.698778 1.000000 
2455314.579417  14.698933 1.000000 
2455314.599852  14.698540 1.000000 
2455314.620286  14.699087 1.000000 
2455314.640720  14.698692 1.000000 
2455314.661154  14.698473 1.000000 
2455314.681589  14.698529 1.000000 
2455314.702023  14.699001 1.000000 
2455314.722457  14.698763 1.000000 
2455314.742891  14.699049 1.000000 
2455314.763326  14.699163 1.000000 
2455314.783760  14.698733 1.000000 
2455314.804194  14.699371 1.000000 
2455314.824628  14.698811 1.000000 
2455314.845063  14.699049 1.000000 
2455314.865497  14.698581 1.000000 
2455314.885931  14.699028 1.000000 
2455314.906365  14.698771 1.000000 
2455314.926800  14.698568 1.000000 
2455314.947234  14.706234 1.000000 
2455314.967668  14.716013 1.000000 
2455314.988102  14.720037 1.000000 
2455315.008537  14.722232 1.000000 
2455315.028971  14.723453 1.000000 
2455315.049405  14.723654 1.000000 
2455315.069839  14.723566 1.000000 
2455315.090274  14.722994 1.000000 
2455315.110708  14.721440 1.000000 
2455315.131142  14.718724 1.000000 
2455315.151576  14.713188 1.000000 
2455315.172011  14.701284 1.000000 
2455315.192445  14.698709 1.000000 
2455315.212879  14.698682 1.000000 
2455315.233313  14.698453 1.000000 
2455315.253748  14.698574 1.000000 
2455315.274182  14.698778 1.000000 
2455315.294616  14.698439 1.000000 
2455315.315050  14.698545 1.000000 
2455315.335485  14.698521 1.000000 
2455315.355919  14.698914 1.000000 
2455315.376353  14.698671 1.000000 
2455315.396788  14.698948 1.000000 
2455315.417222  14.698516 1.000000 
2455315.437656  14.697989 1.000000 
2455315.458090  14.699295 1.000000 
2455315.478525  14.698863 1.000000 
2455315.498959  14.698716 1.000000 
2455315.519393  14.698736 1.000000 
2455315.539827  14.698578 1.000000 
2455315.560262  14.698917 1.000000 
2455315.580696  14.698735 1.000000 
2455315.601130  14.698087 1.000000 
2455315.621564  14.698309 1.000000 
2455315.641999  14.698654 1.000000 
2455315.662433  14.698453 1.000000 
2455315.682867  14.698986 1.000000 
2455315.703301  14.698460 1.000000 
2455315.723736  14.698466 1.000000 
2455315.744170  14.698881 1.000000 
2455315.764604  14.698887 1.000000 
2455315.785038  14.698438 1.000000 
2455315.805473  14.698776 1.000000 
2455315.825907  14.698671 1.000000 
2455315.846341  14.698437 1.000000 
2455315.866775  14.698567 1.000000 
2455315.887210  14.698830 1.000000 
2455315.907644  14.698730 1.000000 
2455315.928078  14.698987 1.000000 
2455315.948512  14.698401 1.000000 
2455315.968947  14.698647 1.000000 
2455315.989381  14.698793 1.000000 
2455316.009815  14.699066 1.000000 
2455316.030249  14.698262 1.000000 
2455316.050684  14.698634 1.000000 
2455316.071118  14.698485 1.000000 
2455316.091552  14.698599 1.000000 
2455316.111986  14.698769 1.000000 
2455316.132421  14.698735 1.000000 
2455316.152855  14.698945 1.000000 
2455316.173289  14.698466 1.000000 
2455316.193723  14.699031 1.000000 
2455316.214158  14.699108 1.000000 
2455316.234592  14.698595 1.000000 
2455316.255026  14.698664 1.000000 
2455316.275460  14.698818 1.000000 
2455316.295895  14.698231 1.000000 
2455316.316329  14.698269 1.000000 
2455316.336763  14.697967 1.000000 
2455316.357197  14.698571 1.000000 
2455316.377632  14.697960 1.000000 
2455316.398066  14.698837 1.000000 
2455316.418500  14.698364 1.000000 
2455316.438934  14.698762 1.000000 
2455316.459369  14.698853 1.000000 
2455316.479803  14.698859 1.000000 
2455316.500237  14.698238 1.000000 
2455316.520671  14.698887 1.000000 
2455316.541106  14.698195 1.000000 
2455316.561540  14.698460 1.000000 
2455316.581974  14.698539 1.000000 
2455316.602408  14.698524 1.000000 
