2456285.052376  14.695527 1.000000 
2456285.072809  14.696084 1.000000 
2456285.093242  14.695967 1.000000 
2456285.113675  14.696389 1.000000 
2456285.134108  14.696269 1.000000 
2456285.154541  14.696336 1.000000 
2456285.174974  14.696198 1.000000 
2456285.195407  14.695806 1.000000 
2456285.215840  14.696501 1.000000 
2456285.236273  14.696303 1.000000 
2456285.256706  14.695983 1.000000 
2456285.277139  14.695604 1.000000 
2456285.297572  14.696198 1.000000 
2456285.318005  14.695758 1.000000 
2456285.338439  14.696650 1.000000 
2456285.358872  14.696113 1.000000 
2456285.379304  14.695937 1.000000 
2456285.399738  14.696063 1.000000 
2456285.420171  14.696273 1.000000 
2456285.440604  14.696544 1.000000 
2456285.461037  14.696162 1.000000 
2456285.481470  14.695876 1.000000 
2456285.501903  14.695889 1.000000 
2456285.522336  14.696305 1.000000 
2456285.542769  14.696332 1.000000 
2456285.563202  14.696129 1.000000 
2456285.583635  14.696731 1.000000 
2456285.604068  14.696101 1.000000 
2456285.624501  14.696013 1.000000 
2456285.644934  14.696167 1.000000 
2456285.665367  14.696519 1.000000 
2456285.685801  14.696297 1.000000 
2456285.706234  14.696342 1.000000 
2456285.726667  14.695811 1.000000 
2456285.747100  14.696198 1.000000 
2456285.787966  14.696217 1.000000 
2456285.808399  14.696516 1.000000 
2456285.828832  14.695953 1.000000 
2456285.849265  14.696208 1.000000 
2456285.869698  14.696463 1.000000 
2456285.890131  14.695739 1.000000 
2456285.910564  14.696137 1.000000 
2456285.930997  14.696034 1.000000 
2456285.951430  14.696093 1.000000 
2456285.971863  14.696298 1.000000 
2456285.992296  14.696077 1.000000 
2456286.012729  14.696054 1.000000 
2456286.033162  14.695766 1.000000 
2456286.053596  14.696109 1.000000 
2456286.074029  14.696112 1.000000 
2456286.094462  14.696110 1.000000 
2456286.114895  14.695849 1.000000 
2456286.135328  14.696281 1.000000 
2456286.155761  14.696163 1.000000 
2456286.176194  14.696290 1.000000 
2456286.196627  14.696591 1.000000 
2456286.217060  14.696154 1.000000 
2456286.237493  14.696064 1.000000 
2456286.257926  14.696515 1.000000 
2456286.278359  14.696574 1.000000 
2456286.298792  14.696372 1.000000 
2456286.319225  14.696296 1.000000 
2456286.339658  14.696163 1.000000 
2456286.360091  14.696509 1.000000 
2456286.380524  14.695617 1.000000 
2456286.400958  14.696057 1.000000 
2456286.421391  14.696453 1.000000 
2456286.441824  14.696325 1.000000 
2456286.462257  14.696663 1.000000 
2456286.482690  14.703468 1.000000 
2456286.503123  14.713692 1.000000 
2456286.523556  14.717654 1.000000 
2456286.543989  14.719066 1.000000 
2456286.564422  14.719693 1.000000 
2456286.584855  14.720917 1.000000 
2456286.605288  14.719913 1.000000 
2456286.625721  14.719999 1.000000 
2456286.646154  14.718555 1.000000 
2456286.666587  14.716573 1.000000 
2456286.687020  14.710164 1.000000 
2456286.707453  14.699110 1.000000 
2456286.727887  14.696377 1.000000 
2456286.748320  14.695794 1.000000 
2456286.768753  14.695339 1.000000 
2456286.789186  14.696513 1.000000 
2456286.809619  14.696614 1.000000 
2456286.830052  14.695680 1.000000 
2456286.850485  14.696368 1.000000 
2456286.870918  14.696129 1.000000 
2456286.891351  14.696112 1.000000 
2456286.911784  14.695982 1.000000 
2456286.932217  14.696294 1.000000 
2456286.952650  14.696319 1.000000 
2456286.973083  14.695868 1.000000 
2456286.993516  14.696343 1.000000 
2456287.013950  14.695811 1.000000 
2456287.034383  14.696509 1.000000 
2456287.054816  14.695855 1.000000 
2456287.075249  14.696136 1.000000 
2456287.095682  14.695758 1.000000 
2456287.116115  14.696023 1.000000 
2456287.136548  14.696382 1.000000 
2456287.156981  14.696345 1.000000 
2456287.177414  14.695900 1.000000 
2456287.197847  14.696372 1.000000 
2456287.218280  14.696621 1.000000 
2456287.238713  14.695937 1.000000 
2456287.259146  14.695644 1.000000 
2456287.279579  14.696195 1.000000 
2456287.300012  14.695748 1.000000 
2456287.320445  14.696329 1.000000 
2456287.340879  14.696271 1.000000 
2456287.361312  14.696292 1.000000 
2456287.381745  14.696135 1.000000 
2456287.402178  14.696054 1.000000 
2456287.422611  14.696195 1.000000 
2456287.443044  14.696267 1.000000 
2456287.463477  14.696074 1.000000 
2456287.483910  14.696077 1.000000 
2456287.504343  14.696201 1.000000 
2456287.524776  14.696086 1.000000 
2456287.545209  14.696106 1.000000 
2456287.565642  14.696324 1.000000 
2456287.586075  14.696301 1.000000 
2456287.606508  14.696004 1.000000 
2456287.626942  14.696191 1.000000 
2456287.647375  14.696061 1.000000 
2456287.667808  14.695979 1.000000 
2456287.688241  14.696382 1.000000 
2456287.708674  14.695920 1.000000 
2456287.729107  14.696496 1.000000 
2456287.749540  14.695824 1.000000 
2456287.769973  14.696500 1.000000 
2456287.790406  14.696466 1.000000 
2456287.810839  14.696164 1.000000 
2456287.831272  14.696523 1.000000 
2456287.851705  14.697006 1.000000 
2456287.872138  14.696235 1.000000 
2456287.892572  14.696659 1.000000 
2456287.913004  14.696534 1.000000 
2456287.933438  14.695690 1.000000 
2456287.953871  14.695854 1.000000 
2456287.974304  14.696651 1.000000 
2456287.994737  14.695878 1.000000 
2456288.015170  14.696231 1.000000 
2456288.035603  14.696487 1.000000 
2456288.056036  14.696748 1.000000 
2456288.076469  14.696011 1.000000 
2456288.096902  14.695925 1.000000 
2456288.117335  14.696195 1.000000 
2456288.137768  14.696392 1.000000 
