2456254.688971  14.695873 1.000000 
2456254.709404  14.696192 1.000000 
2456254.729837  14.695959 1.000000 
2456254.750270  14.696225 1.000000 
2456254.770703  14.696650 1.000000 
2456254.791136  14.696410 1.000000 
2456254.811569  14.695883 1.000000 
2456254.832002  14.696297 1.000000 
2456254.852435  14.696412 1.000000 
2456254.872868  14.696057 1.000000 
2456254.893301  14.696137 1.000000 
2456254.913734  14.696544 1.000000 
2456254.934166  14.696029 1.000000 
2456254.954600  14.696097 1.000000 
2456254.975032  14.696149 1.000000 
2456254.995465  14.695865 1.000000 
2456255.015898  14.696405 1.000000 
2456255.036331  14.696220 1.000000 
2456255.056764  14.696565 1.000000 
2456255.077197  14.696349 1.000000 
2456255.097630  14.696449 1.000000 
2456255.118063  14.696001 1.000000 
2456255.138496  14.695501 1.000000 
2456255.158929  14.696293 1.000000 
2456255.179362  14.695930 1.000000 
2456255.199795  14.696280 1.000000 
2456255.240660  14.696330 1.000000 
2456255.261094  14.696388 1.000000 
2456255.281526  14.695798 1.000000 
2456255.301959  14.696364 1.000000 
2456255.322392  14.695527 1.000000 
2456255.342825  14.696259 1.000000 
2456255.363258  14.696293 1.000000 
2456255.383691  14.695881 1.000000 
2456255.404124  14.696054 1.000000 
2456255.424557  14.696170 1.000000 
2456255.444990  14.696201 1.000000 
2456255.465423  14.696225 1.000000 
2456255.485856  14.696057 1.000000 
2456255.506289  14.696425 1.000000 
2456255.526722  14.696392 1.000000 
2456255.547155  14.695909 1.000000 
2456255.567588  14.695959 1.000000 
2456255.588020  14.695763 1.000000 
2456255.608453  14.695886 1.000000 
2456255.628886  14.695949 1.000000 
2456255.649319  14.695768 1.000000 
2456255.669752  14.695757 1.000000 
2456255.690185  14.696052 1.000000 
2456255.710618  14.696264 1.000000 
2456255.731051  14.695729 1.000000 
2456255.751484  14.695884 1.000000 
2456255.771917  14.695934 1.000000 
2456255.792350  14.696063 1.000000 
2456255.812783  14.696105 1.000000 
2456255.833216  14.695594 1.000000 
2456255.853649  14.696217 1.000000 
2456255.874081  14.696236 1.000000 
2456255.894514  14.696250 1.000000 
2456255.914947  14.695840 1.000000 
2456255.935380  14.696507 1.000000 
2456255.955813  14.695678 1.000000 
2456255.976246  14.696177 1.000000 
2456255.996679  14.696401 1.000000 
2456256.017112  14.696471 1.000000 
2456256.037545  14.696178 1.000000 
2456256.057978  14.696645 1.000000 
2456256.078411  14.696036 1.000000 
2456256.098844  14.696012 1.000000 
2456256.119277  14.701709 1.000000 
2456256.139710  14.712763 1.000000 
2456256.160142  14.716596 1.000000 
2456256.180575  14.718558 1.000000 
2456256.201009  14.720409 1.000000 
2456256.221441  14.720885 1.000000 
2456256.241874  14.720405 1.000000 
2456256.262307  14.720438 1.000000 
2456256.282740  14.718387 1.000000 
2456256.303173  14.716544 1.000000 
2456256.323606  14.711212 1.000000 
2456256.344039  14.700251 1.000000 
2456256.364472  14.696961 1.000000 
2456256.384905  14.696406 1.000000 
2456256.405338  14.696250 1.000000 
2456256.425771  14.696259 1.000000 
2456256.446204  14.696073 1.000000 
2456256.466637  14.696042 1.000000 
2456256.487070  14.696398 1.000000 
2456256.507502  14.696378 1.000000 
2456256.527935  14.696345 1.000000 
2456256.548368  14.696136 1.000000 
2456256.568801  14.696311 1.000000 
2456256.589234  14.695625 1.000000 
2456256.609667  14.695477 1.000000 
2456256.630100  14.695586 1.000000 
2456256.650533  14.696144 1.000000 
2456256.670966  14.696342 1.000000 
2456256.691399  14.695553 1.000000 
2456256.711832  14.696208 1.000000 
2456256.732265  14.695992 1.000000 
2456256.752698  14.695998 1.000000 
2456256.773131  14.695595 1.000000 
2456256.793563  14.696157 1.000000 
2456256.813996  14.695621 1.000000 
2456256.834429  14.695415 1.000000 
2456256.854862  14.696086 1.000000 
2456256.875295  14.696021 1.000000 
2456256.895728  14.696239 1.000000 
2456256.916161  14.696488 1.000000 
2456256.936594  14.696618 1.000000 
2456256.957027  14.696464 1.000000 
2456256.977460  14.696647 1.000000 
2456256.997893  14.695992 1.000000 
2456257.018326  14.696281 1.000000 
2456257.038759  14.696126 1.000000 
2456257.059192  14.696182 1.000000 
2456257.079625  14.696226 1.000000 
2456257.100058  14.696030 1.000000 
2456257.120490  14.696131 1.000000 
2456257.140923  14.695762 1.000000 
2456257.161356  14.696120 1.000000 
2456257.181789  14.696099 1.000000 
2456257.202222  14.696611 1.000000 
2456257.222655  14.695832 1.000000 
2456257.243088  14.696550 1.000000 
2456257.263521  14.696647 1.000000 
2456257.283954  14.696449 1.000000 
2456257.304387  14.696135 1.000000 
2456257.324820  14.696367 1.000000 
2456257.345253  14.696166 1.000000 
2456257.365686  14.696061 1.000000 
2456257.386119  14.696302 1.000000 
2456257.406551  14.695810 1.000000 
2456257.426985  14.695630 1.000000 
2456257.447417  14.696062 1.000000 
2456257.467850  14.696155 1.000000 
2456257.488283  14.696128 1.000000 
2456257.508716  14.695762 1.000000 
2456257.529149  14.696341 1.000000 
2456257.549582  14.696207 1.000000 
2456257.570015  14.696112 1.000000 
2456257.590448  14.696478 1.000000 
2456257.610881  14.696010 1.000000 
2456257.631314  14.696659 1.000000 
2456257.651747  14.696291 1.000000 
2456257.672180  14.696421 1.000000 
2456257.692613  14.696198 1.000000 
2456257.713046  14.695640 1.000000 
2456257.733479  14.696357 1.000000 
2456257.753911  14.696525 1.000000 
2456257.774345  14.695753 1.000000 
