2456163.598128  14.697576 1.000000 
2456163.618562  14.697470 1.000000 
2456163.638995  14.697254 1.000000 
2456163.659429  14.696892 1.000000 
2456163.679862  14.696746 1.000000 
2456163.700296  14.697402 1.000000 
2456163.720729  14.697223 1.000000 
2456163.741163  14.696981 1.000000 
2456163.761596  14.696991 1.000000 
2456163.782030  14.697211 1.000000 
2456163.802463  14.696754 1.000000 
2456163.822897  14.696832 1.000000 
2456163.843330  14.696953 1.000000 
2456163.863764  14.697035 1.000000 
2456163.884197  14.696901 1.000000 
2456163.904631  14.697427 1.000000 
2456163.925064  14.697177 1.000000 
2456163.945498  14.697312 1.000000 
2456163.965931  14.697515 1.000000 
2456163.986365  14.697124 1.000000 
2456164.006798  14.697058 1.000000 
2456164.027232  14.697048 1.000000 
2456164.047665  14.696805 1.000000 
2456164.068099  14.697093 1.000000 
2456164.088532  14.697675 1.000000 
2456164.108966  14.697202 1.000000 
2456164.129399  14.696900 1.000000 
2456164.149833  14.697110 1.000000 
2456164.170266  14.696885 1.000000 
2456164.190700  14.697187 1.000000 
2456164.211133  14.696735 1.000000 
2456164.231567  14.697035 1.000000 
2456164.252000  14.696927 1.000000 
2456164.272434  14.697181 1.000000 
2456164.292867  14.696818 1.000000 
2456164.313301  14.697220 1.000000 
2456164.333734  14.697906 1.000000 
2456164.354168  14.697159 1.000000 
2456164.374601  14.697651 1.000000 
2456164.395035  14.697448 1.000000 
2456164.415468  14.697177 1.000000 
2456164.435902  14.696408 1.000000 
2456164.456335  14.697099 1.000000 
2456164.476769  14.697217 1.000000 
2456164.497202  14.697339 1.000000 
2456164.517636  14.697006 1.000000 
2456164.538069  14.697111 1.000000 
2456164.558503  14.696687 1.000000 
2456164.578937  14.696229 1.000000 
2456164.599370  14.697124 1.000000 
2456164.619803  14.697080 1.000000 
2456164.640237  14.696974 1.000000 
2456164.660670  14.696777 1.000000 
2456164.681104  14.697083 1.000000 
2456164.701537  14.697212 1.000000 
2456164.721971  14.696797 1.000000 
2456164.742404  14.696610 1.000000 
2456164.762838  14.697449 1.000000 
2456164.783271  14.697632 1.000000 
2456164.803705  14.697135 1.000000 
2456164.824138  14.697310 1.000000 
2456164.844572  14.697012 1.000000 
2456164.865006  14.696597 1.000000 
2456164.905873  14.696942 1.000000 
2456164.926306  14.696629 1.000000 
2456164.946739  14.697028 1.000000 
2456164.967173  14.696711 1.000000 
2456164.987606  14.697092 1.000000 
2456165.008040  14.697518 1.000000 
2456165.028474  14.698595 1.000000 
2456165.048907  14.709400 1.000000 
2456165.069340  14.716552 1.000000 
2456165.089774  14.718741 1.000000 
2456165.110207  14.720724 1.000000 
2456165.130641  14.720833 1.000000 
2456165.151074  14.721456 1.000000 
2456165.171508  14.720805 1.000000 
2456165.191941  14.720114 1.000000 
2456165.212375  14.718039 1.000000 
2456165.232808  14.714840 1.000000 
2456165.253242  14.706228 1.000000 
2456165.273675  14.698102 1.000000 
2456165.294109  14.697699 1.000000 
2456165.314542  14.696707 1.000000 
2456165.334976  14.697009 1.000000 
2456165.355409  14.696730 1.000000 
2456165.375843  14.696736 1.000000 
2456165.396276  14.696841 1.000000 
2456165.416710  14.696749 1.000000 
2456165.437143  14.697350 1.000000 
2456165.457577  14.696479 1.000000 
2456165.478010  14.696943 1.000000 
2456165.498444  14.696691 1.000000 
2456165.518877  14.696810 1.000000 
2456165.539311  14.696905 1.000000 
2456165.559744  14.696948 1.000000 
2456165.580178  14.697108 1.000000 
2456165.600611  14.695619 1.000000 
2456165.621045  14.696507 1.000000 
2456165.641478  14.696558 1.000000 
2456165.661912  14.697515 1.000000 
2456165.682345  14.696656 1.000000 
2456165.702779  14.697306 1.000000 
2456165.723212  14.696189 1.000000 
2456165.743646  14.696357 1.000000 
2456165.764079  14.696396 1.000000 
2456165.784513  14.696435 1.000000 
2456165.804946  14.696726 1.000000 
2456165.825380  14.696603 1.000000 
2456165.845813  14.696759 1.000000 
2456165.866247  14.697005 1.000000 
2456165.886680  14.696948 1.000000 
2456165.907114  14.696971 1.000000 
2456165.927547  14.696651 1.000000 
2456165.947981  14.696748 1.000000 
2456165.968414  14.696786 1.000000 
2456165.988848  14.696563 1.000000 
2456166.009281  14.696820 1.000000 
2456166.029715  14.696358 1.000000 
2456166.050148  14.696936 1.000000 
2456166.070581  14.696449 1.000000 
2456166.091015  14.696959 1.000000 
2456166.111448  14.697415 1.000000 
2456166.131882  14.696972 1.000000 
2456166.152315  14.697196 1.000000 
2456166.172749  14.696738 1.000000 
2456166.193182  14.696705 1.000000 
2456166.213616  14.696682 1.000000 
2456166.234049  14.696491 1.000000 
2456166.254483  14.696692 1.000000 
2456166.274916  14.696475 1.000000 
2456166.295350  14.697215 1.000000 
2456166.315783  14.696647 1.000000 
2456166.336217  14.696719 1.000000 
2456166.356650  14.697153 1.000000 
2456166.377084  14.696639 1.000000 
2456166.397517  14.696285 1.000000 
2456166.417951  14.696281 1.000000 
2456166.438384  14.696402 1.000000 
2456166.458818  14.696773 1.000000 
2456166.479251  14.696370 1.000000 
2456166.499685  14.697291 1.000000 
2456166.520118  14.697227 1.000000 
2456166.540552  14.696446 1.000000 
2456166.560985  14.696768 1.000000 
2456166.581419  14.696902 1.000000 
2456166.601852  14.696952 1.000000 
2456166.622286  14.696866 1.000000 
2456166.642719  14.697279 1.000000 
2456166.663152  14.696514 1.000000 
2456166.683586  14.697369 1.000000 
2456166.704019  14.696514 1.000000 
