2456193.962098  14.697099 1.000000 
2456193.982531  14.697850 1.000000 
2456194.002964  14.697546 1.000000 
2456194.023397  14.697129 1.000000 
2456194.043830  14.696929 1.000000 
2456194.064264  14.696675 1.000000 
2456194.084697  14.697334 1.000000 
2456194.105130  14.697095 1.000000 
2456194.125563  14.697426 1.000000 
2456194.145997  14.697036 1.000000 
2456194.166430  14.697028 1.000000 
2456194.186863  14.697153 1.000000 
2456194.207296  14.697204 1.000000 
2456194.227729  14.697133 1.000000 
2456194.248163  14.696859 1.000000 
2456194.268596  14.697658 1.000000 
2456194.289029  14.697032 1.000000 
2456194.309462  14.697798 1.000000 
2456194.329896  14.697393 1.000000 
2456194.350329  14.696666 1.000000 
2456194.370762  14.696622 1.000000 
2456194.391195  14.696882 1.000000 
2456194.411628  14.696979 1.000000 
2456194.432062  14.696993 1.000000 
2456194.452495  14.697279 1.000000 
2456194.472928  14.696997 1.000000 
2456194.493361  14.697067 1.000000 
2456194.513794  14.697544 1.000000 
2456194.534228  14.696986 1.000000 
2456194.554661  14.697558 1.000000 
2456194.575094  14.697279 1.000000 
2456194.595527  14.697038 1.000000 
2456194.615960  14.697210 1.000000 
2456194.636394  14.697182 1.000000 
2456194.656827  14.696437 1.000000 
2456194.677260  14.696710 1.000000 
2456194.697693  14.697076 1.000000 
2456194.718126  14.697372 1.000000 
2456194.738560  14.696832 1.000000 
2456194.758993  14.696851 1.000000 
2456194.779426  14.697268 1.000000 
2456194.799859  14.697477 1.000000 
2456194.820292  14.696825 1.000000 
2456194.840726  14.697333 1.000000 
2456194.861159  14.696895 1.000000 
2456194.881592  14.697002 1.000000 
2456194.902025  14.696803 1.000000 
2456194.922459  14.697216 1.000000 
2456194.942892  14.697009 1.000000 
2456194.963325  14.697324 1.000000 
2456194.983758  14.696974 1.000000 
2456195.004191  14.697398 1.000000 
2456195.024624  14.696946 1.000000 
2456195.045058  14.696647 1.000000 
2456195.065491  14.696584 1.000000 
2456195.085924  14.697070 1.000000 
2456195.106357  14.696570 1.000000 
2456195.126790  14.697298 1.000000 
2456195.147224  14.696602 1.000000 
2456195.167657  14.697433 1.000000 
2456195.188090  14.697136 1.000000 
2456195.208523  14.697045 1.000000 
2456195.228957  14.697207 1.000000 
2456195.249390  14.696589 1.000000 
2456195.269823  14.696507 1.000000 
2456195.290256  14.697010 1.000000 
2456195.310689  14.696958 1.000000 
2456195.331123  14.697041 1.000000 
2456195.351556  14.696964 1.000000 
2456195.371989  14.697255 1.000000 
2456195.392422  14.699739 1.000000 
2456195.412855  14.710450 1.000000 
2456195.433289  14.717242 1.000000 
2456195.453722  14.719228 1.000000 
2456195.474155  14.720494 1.000000 
2456195.494588  14.721532 1.000000 
2456195.515021  14.721665 1.000000 
2456195.535454  14.721592 1.000000 
2456195.555888  14.720225 1.000000 
2456195.576321  14.717648 1.000000 
2456195.596754  14.714243 1.000000 
2456195.617187  14.705017 1.000000 
2456195.637620  14.696840 1.000000 
2456195.658054  14.696984 1.000000 
2456195.678487  14.696726 1.000000 
2456195.698920  14.695971 1.000000 
2456195.719353  14.696882 1.000000 
2456195.739786  14.697204 1.000000 
2456195.760220  14.697088 1.000000 
2456195.780653  14.696507 1.000000 
2456195.801086  14.697169 1.000000 
2456195.821519  14.697085 1.000000 
2456195.841952  14.696574 1.000000 
2456195.862386  14.696892 1.000000 
2456195.882819  14.696857 1.000000 
2456195.903252  14.696898 1.000000 
2456195.923685  14.697012 1.000000 
2456195.944118  14.696834 1.000000 
2456195.964552  14.696568 1.000000 
2456195.984985  14.697088 1.000000 
2456196.005418  14.697150 1.000000 
2456196.025851  14.696521 1.000000 
2456196.046284  14.696956 1.000000 
2456196.066717  14.697114 1.000000 
2456196.087151  14.696702 1.000000 
2456196.107584  14.697373 1.000000 
2456196.128017  14.696860 1.000000 
2456196.148450  14.696600 1.000000 
2456196.168884  14.696948 1.000000 
2456196.209750  14.697217 1.000000 
2456196.230183  14.696848 1.000000 
2456196.250616  14.696887 1.000000 
2456196.271049  14.696422 1.000000 
2456196.291483  14.697077 1.000000 
2456196.311916  14.696769 1.000000 
2456196.332349  14.696678 1.000000 
2456196.352782  14.696908 1.000000 
2456196.373215  14.696840 1.000000 
2456196.393649  14.697050 1.000000 
2456196.414082  14.696536 1.000000 
2456196.434515  14.696479 1.000000 
2456196.454948  14.696472 1.000000 
2456196.475381  14.696557 1.000000 
2456196.495814  14.697044 1.000000 
2456196.516248  14.696739 1.000000 
2456196.536681  14.697402 1.000000 
2456196.557114  14.696581 1.000000 
2456196.577547  14.696701 1.000000 
2456196.597981  14.696749 1.000000 
2456196.618414  14.696759 1.000000 
2456196.638847  14.696382 1.000000 
2456196.659280  14.696919 1.000000 
2456196.679713  14.697535 1.000000 
2456196.700146  14.697082 1.000000 
2456196.720580  14.697316 1.000000 
2456196.741013  14.696986 1.000000 
2456196.761446  14.697032 1.000000 
2456196.781879  14.696857 1.000000 
2456196.802312  14.696801 1.000000 
2456196.822746  14.697423 1.000000 
2456196.843179  14.696696 1.000000 
2456196.863612  14.697396 1.000000 
2456196.884045  14.696495 1.000000 
2456196.904478  14.696981 1.000000 
2456196.924911  14.696993 1.000000 
2456196.945345  14.696800 1.000000 
2456196.965778  14.697061 1.000000 
2456196.986211  14.697350 1.000000 
2456197.006644  14.697204 1.000000 
2456197.027077  14.696933 1.000000 
2456197.047511  14.697246 1.000000 
