2455343.861661  14.699064 1.000000 
2455343.882095  14.698637 1.000000 
2455343.902529  14.699193 1.000000 
2455343.922963  14.698738 1.000000 
2455343.943398  14.698610 1.000000 
2455343.963832  14.698649 1.000000 
2455343.984266  14.698628 1.000000 
2455344.004700  14.698592 1.000000 
2455344.025134  14.698046 1.000000 
2455344.045569  14.698381 1.000000 
2455344.066003  14.698534 1.000000 
2455344.086437  14.698735 1.000000 
2455344.106871  14.698690 1.000000 
2455344.127305  14.698936 1.000000 
2455344.147739  14.698978 1.000000 
2455344.168174  14.698084 1.000000 
2455344.188608  14.698410 1.000000 
2455344.209042  14.698191 1.000000 
2455344.229476  14.698701 1.000000 
2455344.249910  14.698545 1.000000 
2455344.270344  14.698175 1.000000 
2455344.290779  14.698771 1.000000 
2455344.311213  14.698749 1.000000 
2455344.331647  14.698240 1.000000 
2455344.352081  14.698716 1.000000 
2455344.372515  14.698815 1.000000 
2455344.392949  14.698772 1.000000 
2455344.413384  14.698860 1.000000 
2455344.433818  14.699200 1.000000 
2455344.454252  14.698812 1.000000 
2455344.474686  14.698551 1.000000 
2455344.495120  14.697956 1.000000 
2455344.515554  14.698339 1.000000 
2455344.535989  14.698552 1.000000 
2455344.556423  14.698280 1.000000 
2455344.576857  14.698517 1.000000 
2455344.597291  14.698333 1.000000 
2455344.617725  14.698458 1.000000 
2455344.638159  14.699140 1.000000 
2455344.658594  14.698524 1.000000 
2455344.679028  14.698510 1.000000 
2455344.699462  14.698425 1.000000 
2455344.719896  14.698247 1.000000 
2455344.740330  14.698584 1.000000 
2455344.760765  14.698536 1.000000 
2455344.781199  14.698528 1.000000 
2455344.801633  14.698931 1.000000 
2455344.822067  14.699001 1.000000 
2455344.842501  14.698606 1.000000 
2455344.862935  14.698411 1.000000 
2455344.883369  14.698885 1.000000 
2455344.903804  14.698599 1.000000 
2455344.924238  14.699096 1.000000 
2455344.944672  14.697800 1.000000 
2455344.965106  14.698908 1.000000 
2455344.985540  14.698482 1.000000 
2455345.005974  14.699121 1.000000 
2455345.026409  14.698495 1.000000 
2455345.046843  14.698357 1.000000 
2455345.067277  14.698993 1.000000 
2455345.087711  14.698729 1.000000 
2455345.108145  14.698535 1.000000 
2455345.128580  14.698897 1.000000 
2455345.149014  14.699000 1.000000 
2455345.169448  14.698719 1.000000 
2455345.189882  14.699091 1.000000 
2455345.210316  14.698382 1.000000 
2455345.230750  14.698386 1.000000 
2455345.251184  14.698714 1.000000 
2455345.271619  14.698921 1.000000 
2455345.292053  14.699734 1.000000 
2455345.312487  14.708860 1.000000 
2455345.332921  14.717365 1.000000 
2455345.353355  14.720181 1.000000 
2455345.373789  14.722165 1.000000 
2455345.394224  14.722508 1.000000 
2455345.414658  14.722861 1.000000 
2455345.435092  14.722540 1.000000 
2455345.455526  14.721812 1.000000 
2455345.475960  14.720949 1.000000 
2455345.496395  14.717470 1.000000 
2455345.516829  14.710052 1.000000 
2455345.537263  14.700278 1.000000 
2455345.557697  14.698708 1.000000 
2455345.578131  14.698601 1.000000 
2455345.598565  14.698816 1.000000 
2455345.619000  14.698981 1.000000 
2455345.639434  14.699226 1.000000 
2455345.659868  14.699134 1.000000 
2455345.680302  14.698854 1.000000 
2455345.700736  14.698692 1.000000 
2455345.721170  14.698484 1.000000 
2455345.741604  14.699123 1.000000 
2455345.762039  14.698843 1.000000 
2455345.782473  14.698911 1.000000 
2455345.823341  14.698408 1.000000 
2455345.843775  14.698984 1.000000 
2455345.864209  14.699306 1.000000 
2455345.884644  14.698803 1.000000 
2455345.905078  14.698800 1.000000 
2455345.925512  14.698744 1.000000 
2455345.945946  14.698409 1.000000 
2455345.966380  14.698911 1.000000 
2455345.986814  14.698733 1.000000 
2455346.007248  14.698399 1.000000 
2455346.027683  14.698761 1.000000 
2455346.048117  14.699039 1.000000 
2455346.068551  14.698782 1.000000 
2455346.088985  14.698856 1.000000 
2455346.109419  14.699145 1.000000 
2455346.129854  14.698740 1.000000 
2455346.150288  14.698945 1.000000 
2455346.170722  14.699054 1.000000 
2455346.191156  14.697918 1.000000 
2455346.211590  14.698668 1.000000 
2455346.232024  14.699028 1.000000 
2455346.252459  14.698584 1.000000 
2455346.272893  14.698853 1.000000 
2455346.293327  14.698402 1.000000 
2455346.313761  14.698465 1.000000 
2455346.334195  14.698506 1.000000 
2455346.354629  14.698418 1.000000 
2455346.375063  14.698325 1.000000 
2455346.395498  14.698581 1.000000 
2455346.415932  14.698763 1.000000 
2455346.436366  14.698881 1.000000 
2455346.456800  14.698787 1.000000 
2455346.477234  14.699018 1.000000 
2455346.497669  14.698771 1.000000 
2455346.518103  14.698429 1.000000 
2455346.538537  14.698481 1.000000 
2455346.558971  14.697337 1.000000 
2455346.579405  14.698372 1.000000 
2455346.599839  14.697394 1.000000 
2455346.620273  14.698459 1.000000 
2455346.640707  14.698498 1.000000 
2455346.661142  14.698457 1.000000 
2455346.681576  14.698586 1.000000 
2455346.702010  14.697931 1.000000 
2455346.722444  14.698637 1.000000 
2455346.742878  14.698249 1.000000 
2455346.763312  14.699032 1.000000 
2455346.783747  14.698431 1.000000 
2455346.804181  14.698371 1.000000 
2455346.824615  14.699098 1.000000 
2455346.845049  14.698505 1.000000 
2455346.865483  14.698749 1.000000 
2455346.885918  14.698629 1.000000 
2455346.906352  14.698572 1.000000 
2455346.926786  14.698097 1.000000 
2455346.947220  14.698487 1.000000 
2455346.967654  14.698269 1.000000 
