1581.50006161 1.00178467465 0.000252410944086 
1581.5007428 1.00204956983 0.000252338650171 
1581.50142389 1.00215871645 0.000252303725574 
1581.50210498 1.00162190006 0.000252426980296 
1581.50278607 1.00188851225 0.000252343219472 
1581.50346717 1.00180403338 0.000252346042544 
1581.50414826 1.00218424439 0.000252230325714 
1581.50482945 1.00199676121 0.000252255616942 
1581.50551054 1.00218160354 0.000252185855061 
1581.50619163 1.00179963364 0.000252257392276 
1581.50687272 1.00182515243 0.000252225378063 
1581.50755391 1.0018902723 0.000252182333497 
1581.5082349 1.00186123184 0.000252161873505 
1581.50891599 1.00198267939 0.000252103112871 
1581.50959718 1.00211646474 0.000252040830674 
1581.51027827 1.00227315713 0.00025197249488 
1581.51095936 1.00165885197 0.00025209778687 
1581.51164055 1.00201788432 0.000251978693996 
1581.51232164 1.00192723411 0.000251972349361 
1581.51300283 1.00171956164 0.000251996039879 
1581.51368382 1.0021437521 0.000251861230936 
1581.51436491 1.00192019366 0.000251890392974 
1581.515046 1.00186211184 0.000251878140261 
1581.51572719 1.00146618914 0.000251952180406 
1581.51640828 1.00206981387 0.00025177601492 
1581.51708937 1.00199412085 0.000251760531683 
1581.51777056 1.00194131516 0.00025174106122 
1581.51845165 1.00174683819 0.000251758407103 
1581.51913265 1.0019844396 0.000251669058343 
1581.51981384 1.00157087348 0.000251745135756 
1581.52049493 1.00159814598 0.000251712364843 
1581.52117602 1.00183395217 0.00025162906968 
1581.52185721 1.00167116958 0.000251648220001 
1581.5225383 1.00208741771 0.000251522084 
1581.52321949 1.00189555248 0.00025154845207 
1581.52390058 1.00166149145 0.000251587945968 
1581.52458167 1.00228460192 0.000251413759543 
1581.52526266 1.00202228503 0.000251464254688 
1581.52594385 1.00203812772 0.000251446123002 
1581.52662494 1.00206981387 0.000251426215982 
1581.52730603 1.00205573101 0.000251418881817 
1581.52798722 1.00178643452 0.000251476973062 
1581.52866831 1.00190963308 0.00025143782841 
1581.5293494 1.00172044152 0.000251478282735 
1581.53003059 1.00200556246 0.000251400662819 
1581.53071158 1.00158846856 0.000251500256127 
1581.53139267 1.00206101206 0.000251377146924 
1581.53207386 1.00175915688 0.000251448567724 
1581.53275495 1.00180843315 0.000251432822552 
1581.53343604 1.00193955502 0.000251419376582 
1581.53411714 1.00225114829 0.000251360877883 
1581.53479833 1.00196683757 0.000251452060184 
1581.53547942 1.00179963364 0.000251513672993 
1581.53616041 1.00139406008 0.000251634977758 
1581.5368416 1.00230132915 0.000251425954048 
1581.53752269 1.00193251448 0.00025153713068 
1581.53820378 1.0017969938 0.000251589081017 
1581.53888497 1.00190259276 0.000251579447649 
1581.53956606 1.00175651715 0.000251631892752 
1581.54024715 1.0017477181 0.000251649064012 
1581.54092834 1.00165005377 0.000251687248237 
1581.54160933 1.00187355193 0.000251643359661 
1581.54229042 1.00214023111 0.000251587363891 
1581.54297151 1.00165269323 0.000251716555795 
1581.5436527 1.00203636741 0.000251622899668 
1581.54433379 1.00202668575 0.000251626624959 
1581.54501498 1.00175563724 0.00025169464061 
1581.54569607 1.0021472731 0.000251594901783 
1581.54637716 1.00179171414 0.000251681660302 
1581.54705835 1.00181283293 0.000251673045568 
1581.54773934 1.00191667346 0.00025164312683 
1581.54842043 1.00180579329 0.000251666235272 
1581.54910163 1.00191403331 0.000251633609878 
1581.54978272 1.00211910542 0.000251577352174 
1581.55046381 1.00196067693 0.000251612189459 
1581.551145 1.00195715658 0.000251608085819 
1581.55182609 1.00189995265 0.000251617544563 
1581.55250718 1.00222473833 0.000251531513641 
1581.55318827 1.00154448144 0.00025169775472 
1581.55386936 1.00201436378 0.000251576129813 
1581.55455045 1.00179963364 0.000251627003308 
1581.55523164 1.00190875304 0.000251597346505 
1581.55591273 1.00141868893 0.000251719175139 
1581.55659382 1.00181547281 0.000251619290793 
1581.55727491 1.00153128568 0.000251691584708 
1581.5579561 1.00247478057 0.000251457386184 
1581.55863709 1.00205221033 0.000251567427767 
1581.55931828 1.00220449116 0.000251534569543 
1581.55999937 1.00213847062 0.000251558667514 
1581.56068046 1.00135359971 0.000251765508438 
1581.56136155 1.00193075436 0.000251632038271 
1581.56204274 1.00244660368 0.000251516205026 
1581.56272383 1.00165797215 0.000251730554737 
1581.56340492 1.00175475733 0.000251722696703 
1581.56408602 1.00178291478 0.000251732155448 
1581.56476711 1.00178555458 0.000251750927418 
1581.5654482 1.00170636357 0.000251792109339 
1581.56612929 1.00165445286 0.000251807447057 
1581.56681048 1.0022115336 0.000251672085142 
1581.56749157 1.00163509702 0.00025182281388 
1581.56817266 1.00200908297 0.000251736142673 
1581.56885385 1.00196947785 0.000251754419878 
1581.56953494 1.00168876642 0.000251834455412 
1581.57021593 1.00180667324 0.000251814955845 
1581.57089712 1.00214287185 0.000251741294051 
1581.57157821 1.00170636357 0.000251861958532 
1581.5722593 1.00198796005 0.000251802353887 
1581.57294049 1.00180843315 0.000251858640695 
1581.57362158 1.00183571212 0.000251862598816 
1581.57430277 1.00240698127 0.000251729332376 
1581.57498386 1.0017503578 0.000251903926255 
1581.57566485 1.00212790773 0.000251817516983 
1581.57634594 1.00193955502 0.000251872232184 
1581.57702713 1.00255491294 0.000251723540714 
1581.57770822 1.00185507185 0.000251903402386 
1581.57838942 1.00222209737 0.000251813238719 
1581.57907051 1.00157879123 0.000251974881394 
1581.5797516 1.00193515468 0.000251882971497 
1581.58043279 1.00211030318 0.000251834018854 
1581.58111378 1.00200468233 0.00025185267441 
1581.58179487 1.00167028974 0.000251925637713 
1581.58247606 1.00170196426 0.000251910794759 
1581.58315715 1.00232333909 0.000251744058914 
1581.58383824 1.00199060039 0.000251811550697 
1581.58451933 1.00214111135 0.000251751451287 
1581.58520052 1.00157967098 0.000251866644248 
1581.58588161 1.00192195377 0.000251752062468 
1581.5865626 1.00195803666 0.000251711608144 
1581.58724379 1.00217015993 0.00025162458769 
1581.58792488 1.00200556246 0.00025163020473 
1581.58860597 1.00227843932 0.000251523917541 
1581.58928716 1.00181107302 0.000251602265052 
1581.58996825 1.0021340694 0.000251480843872 
1581.59064934 1.00152512771 0.000251592893619 
1581.59133053 1.00178291478 0.000251486344496 
1581.59201162 1.00234534951 0.000251303456025 
1581.59269261 1.00256636094 0.000251205958193 
1581.59337371 1.00206277242 0.000251290795859 
1581.5940549 1.00192723411 0.000251283694524 
1581.59473599 1.00174595829 0.000251289020525 
1581.59541708 1.00201788432 0.000251181452768 
1581.59609827 1.00222033673 0.000251092889812 
1581.59677936 1.00195275616 0.000251123623457 
1581.59746055 1.00219568817 0.000251027930062 
1581.59814154 1.00187707199 0.000251075252891 
1581.59882263 1.00168348734 0.000251126097282 
1581.59950372 1.00249063042 0.000250928627793 
1581.60018491 1.0020310865 0.000251050951192 
1581.600866 1.00215783619 0.000251029559877 
1581.60154709 1.00197035795 0.000251089804806 
1581.60222828 1.00167468892 0.000251180550549 
1581.60290937 1.00190083268 0.000251143763307 
1581.60359036 1.00207157424 0.000251124758506 
1581.60427155 1.00174067891 0.000251233461313 
1581.60495264 1.00199764133 0.000251196091995 
1581.60563373 1.00172396103 0.000251295685302 
1581.60631492 1.00145915193 0.000251396762906 
1581.60699602 1.00215607567 0.000251259509241 
1581.60767721 1.00217192048 0.000251296383794 
1581.6083583 1.00224586624 0.000251321616815 
1581.60903929 1.00199764133 0.000251430348726 
1581.60972038 1.0021472731 0.000251441553701 
1581.61040157 1.0018902723 0.000251557503361 
1581.61108266 1.00163509702 0.000251674995525 
1581.61176375 1.00193163442 0.00025165558327 
1581.61244494 1.0020293262 0.000251687946729 
1581.61312603 1.00209093852 0.00025173072936 
1581.61380712 1.00206717332 0.000251796445809 
1581.61448831 1.00214903361 0.000251836609095 
1581.6151693 1.00198796005 0.000251899764407 
1581.61585039 1.00198796005 0.00025192296016 
1581.61653158 1.00217544158 0.000251899502473 
1581.61721267 1.00199412085 0.000251968536759 
1581.61789376 1.00188147207 0.000252020428889 
1581.61857485 1.00203988804 0.00025200372329 
1581.61925604 1.00200116182 0.000252035708399 
1581.61993713 1.0020530905 0.000252043828368 
1581.62061812 1.00184275198 0.00025211670436 
1581.62129932 1.00142572585 0.000252240104601 
1581.62198041 1.00190347279 0.000252136349445 
1581.6226615 1.00209798017 0.000252101919614 
1581.62334269 1.00154800033 0.000252252473729 
1581.62402378 1.00201524391 0.000252143945545 
1581.62470487 1.00192195377 0.000252171332249 
1581.62538606 1.00144595729 0.000252290250501 
1581.62606705 1.00211646474 0.000252116878983 
1581.62674814 1.0017477181 0.000252202647971 
1581.62742923 1.00250648052 0.000252001918852 
1581.62811042 1.00178819439 0.000252170168096 
1581.62879151 1.00195803666 0.000252112309681 
1581.6294727 1.00198796005 0.000252087862464 
1581.63015379 1.00142748509 0.000252209603786 
1581.63083488 1.00159726621 0.000252145313425 
1581.63151587 1.00134832239 0.00025220218231 
1581.63219706 1.00147762471 0.000252162048127 
1581.63287815 1.00188763223 0.000252049736446 
1581.63355934 1.00205837153 0.000251996243605 
1581.63424043 1.00205221033 0.000251986290095 
1581.63492153 1.0020293262 0.000251978926826 
1581.63560272 1.0020275659 0.000251965480857 
1581.63628381 1.00186211184 0.000251992139965 
1581.636965 1.00239553508 0.000251842924627 
1581.63764599 1.00161926069 0.000252022087807 
1581.63832708 1.00151809009 0.000252031371929 
1581.63900817 1.00200820284 0.00025189173175 
1581.63968936 1.00214023111 0.000251841789577 
1581.64037045 1.00211030318 0.000251832563663 
1581.64105154 1.00232245868 0.000251762918197 
1581.64173273 1.00144771657 0.000251966353972 
1581.64241382 1.00181195297 0.000251859251875 
1581.64309481 1.00224674658 0.000251734658377 
1581.643776 1.00173275988 0.000251849007327 
1581.64445709 1.00208037614 0.000251747842412 
1581.64513818 1.00146618914 0.000251886813203 
1581.64581927 1.00239905697 0.000251635879977 
1581.64650046 1.00194659561 0.000251733959885 
1581.64718155 1.00177939506 0.000251761288382 
1581.64786264 1.0021472731 0.000251637160545 
1581.64854374 1.00172132139 0.000251713528996 
1581.64922483 1.00211470429 0.000251585326623 
1581.64990592 1.00169140597 0.000251663703239 
1581.65058711 1.00178203485 0.000251613615546 
1581.6512682 1.00208565732 0.000251511635724 
1581.65194929 1.00167380908 0.000251590769039 
1581.65263048 1.00170284412 0.000251560210017 
1581.65331157 1.0023374257 0.000251379096881 
1581.65399266 1.0017415588 0.000251508608926 
1581.65467365 1.0023057311 0.000251348072197 
1581.65535484 1.0017477181 0.000251470832154 
1581.65603593 1.00216047698 0.000251351943007 
1581.65671702 1.00252233088 0.00025124696549 
1581.65739821 1.00173715933 0.000251431978541 
1581.6580793 1.00201084324 0.000251352903433 
1581.65876049 1.00174507839 0.000251411140198 
1581.65944158 1.00205749136 0.000251326273428 
1581.66012257 1.00176883596 0.000251394085353 
1581.66080366 1.00230044876 0.000251258403296 
1581.66148486 1.00216663885 0.000251292163739 
1581.66216595 1.00226435354 0.000251269870205 
1581.66284714 1.00211910542 0.000251311255852 
1581.66352823 1.00177675527 0.000251404359005 
1581.66420932 1.0017503578 0.000251431920333 
1581.66489051 1.00141956854 0.000251538906014 
1581.6655715 1.00186387185 0.000251451885561 
1581.66625259 1.00231365465 0.000251364224823 
1581.66693378 1.00210238123 0.000251445162576 
1581.66761487 1.00191491336 0.000251522578765 
1581.66829596 1.00196683757 0.000251542514889 
1581.66897715 1.00152952625 0.000251687684795 
1581.66965824 1.00217192048 0.000251563178608 
1581.67033933 1.00171076291 0.000251717894571 
1581.67102042 1.00217368103 0.00025164175895 
1581.67170151 1.00192107372 0.000251746561844 
1581.6723826 1.00240786175 0.000251666497206 
1581.67306369 1.00237264311 0.000251718331128 
1581.67374488 1.00193075436 0.000251872843364 
1581.67442597 1.00225202864 0.00025183573598 
1581.67510707 1.00157439247 0.000252049183473 
1581.67578826 1.00218600497 0.000251938006841 
1581.67646935 1.00176267654 0.000252086203545 
1581.67715034 1.00220273055 0.000252015801379 
1581.67783153 1.00178907433 0.000252158584772 
1581.67851262 1.00183483215 0.000252183759585 
1581.67919371 1.00170900317 0.00025224982528 
1581.6798748 1.00204428884 0.000252197205555 
1581.68055599 1.00195539641 0.00025223963894 
1581.68123708 1.00187003189 0.000252277415711 
1581.68191817 1.00229516645 0.000252183148405 
1581.68259926 1.00121727789 0.000252463214565 
1581.68328035 1.00221417453 0.000252215948422 
1581.68396144 1.00223970389 0.00025220864336 
1581.68464263 1.00219392758 0.000252213940257 
1581.68532372 1.00189643251 0.000252277037362 
1581.68600481 1.00167028974 0.000252314523095 
1581.686686 1.00182427246 0.000252248137258 
1581.6873671 1.00224058422 0.00025211009779 
1581.68804809 1.00164213546 0.000252223253483 
1581.68872928 1.00160606395 0.000252190569881 
1581.68941037 1.0017969938 0.000252096942859 
1581.69009146 1.00190611291 0.0002520205162 
1581.69077265 1.00192371388 0.000251964491326 
1581.69145374 1.00216399804 0.00025185017148 
1581.69213493 1.00159110785 0.000251938501606 
1581.69281602 1.00193427461 0.000251795048825 
1581.69349701 1.00150753375 0.000251844379818 
1581.6941781 1.00184627193 0.000251700606896 
1581.69485929 1.00238496949 0.000251506484346 
1581.69554038 1.00188763223 0.000251572899288 
1581.69622157 1.00188499216 0.000251516175922 
1581.69690266 1.00223706289 0.000251378311077 
1581.69758375 1.00156559501 0.00025149868452 
1581.69826484 1.00209709996 0.000251318793744 
1581.69894603 1.00195891675 0.000251308782026 
1581.69962702 1.00190523287 0.000251279794611 
1581.70030812 1.00167116958 0.000251298595686 
1581.70098931 1.00194483545 0.00025119248312 
1581.7016704 1.00165093359 0.00025123154046 
1581.70235149 1.00132809293 0.00025128130801 
1581.70303268 1.00176355645 0.000251143763307 
1581.70371377 1.0021472731 0.000251022924203 
1581.70439486 1.0020293262 0.00025103133521 
1581.70507595 1.00186211184 0.000251055840636 
1581.70575704 1.00149257912 0.00025113511947 
1581.70643813 1.00211734496 0.00025096713216 
1581.70711922 1.00226347318 0.000250921177212 
1581.70780041 1.00149257912 0.000251108169323 
1581.7084815 1.00119529224 0.00025118101621 
1581.70916259 1.00118122168 0.000251185701927 
1581.70984378 1.00125421487 0.000251171702985 
1581.71052477 1.00115132239 0.000251205055974 
1581.71120586 1.0013579975 0.000251163495705 
1581.71188695 1.00071260902 0.000251338002272 
1581.71256814 1.00064317103 0.000251370744081 
1581.71324924 1.00151193221 0.000251164106885 
1581.71393043 1.00157967098 0.000251160643529 
1581.71461152 1.00113725244 0.000251287099672 
1581.71529261 1.0009147977 0.000251359801041 
1581.7159736 1.00087699411 0.000251387245953 
1581.71665479 1.00076886612 0.000251434044912 
1581.71733588 1.00107218151 0.000251378311077 
1581.71801707 1.00044367348 0.000251557270531 
1581.71869816 1.00033734963 0.000251605641097 
1581.71937925 1.00103261342 0.000251452467637 
1581.72006044 1.00030923281 0.000251655757893 
1581.72074153 0.999950812685 0.000251767516602 
1581.72142272 1.0008743567 0.000251555786235 
1581.72210371 1.00034965098 0.000251707417192 
1581.7227848 1.00024333712 0.000251752644544 
1581.72346589 1.00032592708 0.000251748948358 
1581.72414708 1.00049376384 0.000251721969107 
1581.72482817 1.00012824973 0.000251826975727 
1581.72550927 1.00006236597 0.000251853925874 
1581.72619046 1.00019150223 0.000251829187619 
1581.72687155 0.999980676124 0.000251884455793 
1581.72755254 0.999641690674 0.00025196687784 
1581.72823373 0.999711059171 0.00025194324553 
1581.72891482 0.999356364573 0.000252023659414 
1581.72959591 0.999515259214 0.000251980178291 
1581.7302771 0.999381821131 0.000252008496318 
1581.73095819 0.999889331944 0.000251872610534 
1581.73163928 0.999298431376 0.00025201155222 
1581.73232037 0.999782188831 0.000251877820119 
1581.73300146 0.999169410416 0.000252019119216 
1581.73368255 0.999566181073 0.000251903897151 
1581.73436364 0.999222947704 0.000251974561252 
1581.73504483 0.999169410416 0.000251971156104 
1581.73572592 0.999227336133 0.000251938588917 
1581.73640701 0.998961432109 0.000251987308729 
1581.7370882 0.998592969288 0.000252061581705 
1581.7377693 0.999490677176 0.000251816149103 
1581.73845029 0.999178186824 0.000251876277616 
1581.73913138 0.999320375374 0.000251821504207 
1581.73981257 0.998725424795 0.000251952995313 
1581.74049366 0.998807889414 0.000251914607361 
1581.74117475 0.998632440946 0.000251941819442 
1581.74185594 0.998564024398 0.000251942896284 
1581.74253703 0.998956167397 0.000251828838373 
1581.74321822 0.998442991217 0.000251944526099 
1581.74389931 0.998511399473 0.000251914985711 
1581.7445803 0.998570164153 0.000251889199717 
1581.74526139 0.998193954597 0.000251974794082 
1581.74594258 0.998344772173 0.000251906283665 
1581.74662367 0.998196584941 0.000251915014815 
1581.74730486 0.998260592112 0.000251869816566 
1581.74798595 0.99793358486 0.000251923775068 
1581.74866704 0.998172912096 0.000251836201642 
1581.74934823 0.998237794567 0.000251794728683 
1581.75002923 0.9976846753 0.000251911114901 
1581.75071032 0.997825774858 0.000251853547525 
1581.75139151 0.997319311438 0.000251961260801 
1581.7520726 0.997597045868 0.000251872028457 
1581.75275369 0.997147627889 0.000251967459917 
1581.75343488 0.997334203751 0.000251903460594 
1581.75411597 0.997599674639 0.000251820660196 
1581.75479706 0.997891511278 0.000251731602475 
1581.75547815 0.997385890563 0.000251844874583 
1581.75615924 0.996952329996 0.000251940102316 
1581.75684033 0.997202808663 0.000251863268204 
1581.75752142 0.997316683406 0.000251821009442 
1581.75820261 0.997224706642 0.000251830962952 
1581.7588837 0.997221202933 0.00025181833189 
1581.75956479 0.997186166521 0.000251813704381 
1581.76024598 0.997100332512 0.000251821737038 
1581.76092697 0.997023263372 0.000251826626481 
1581.76160807 0.997232590033 0.000251758960076 
1581.76228926 0.996391170995 0.000251998630119 
1581.76297035 0.996482195602 0.000252001191257 
1581.76365144 0.997067927716 0.000251878314884 
1581.76433253 0.996737809143 0.000251985766226 
1581.76501372 0.996041153834 0.000252184545388 
1581.76569481 0.996651138302 0.00025205136626 
1581.7663759 0.99626515065 0.000252168712905 
1581.76705699 0.996834118918 0.000252042984357 
1581.76773808 0.996187271045 0.000252220401308 
1581.76841917 0.996624000497 0.000252119905781 
1581.76910036 0.996082274475 0.000252265279414 
1581.76978145 0.996236273232 0.00025223303237 
1581.77046254 0.995802337721 0.00025234837085 
1581.77114373 0.99630715566 0.000252224766882 
1581.77182482 0.995775223028 0.000252362748142 
1581.77250581 0.996018406975 0.000252303027082 
1581.773187 0.995864441896 0.000252343306784 
1581.7738681 0.995735864304 0.000252376688877 
1581.77454919 0.995606428804 0.000252409285167 
1581.77523038 0.996123396813 0.00025227770675 
1581.77591147 0.995965916206 0.000252316560363 
1581.77659266 0.99575598079 0.000252368714428 
1581.77727375 0.995693883379 0.000252382975304 
1581.77795474 0.995663273404 0.000252389407251 
1581.77863583 0.995783969622 0.000252319907304 
1581.77931702 0.995768225808 0.000252284982707 
1581.77999811 0.9956676462 0.000252271885984 
1581.7806793 0.995191124461 0.000252354453551 
1581.78136039 0.995666771639 0.000252196157817 
1581.78204148 0.99605515216 0.000252060475759 
1581.78272257 0.995843448502 0.000252077297773 
1581.78340366 0.995367716922 0.000252161582466 
1581.78408475 0.995675517281 0.000252048339462 
1581.78476584 0.995658026074 0.000252017925959 
1581.78544703 0.995316134697 0.000252070953138 
1581.78612813 0.995811084553 0.000251912715612 
1581.78680922 0.995845197935 0.000251872377703 
1581.78749041 0.995382580094 0.000251958786976 
1581.7881715 0.995498870212 0.000251897668932 
1581.78885259 0.995787468281 0.00025179158547 
1581.78953368 0.995394820519 0.000251859280979 
1581.79021477 0.99544728119 0.000251815479714 
1581.79089586 0.995661524291 0.000251731747994 
1581.79157695 0.9958032124 0.000251667777775 
1581.79225814 0.995507614379 0.000251715769991 
1581.79293923 0.995427170939 0.000251710269367 
1581.79362032 0.995579319446 0.000251647143159 
1581.79430151 0.995606428804 0.000251616933383 
1581.7949825 0.995587189829 0.000251629477134 
1581.79566359 0.994703472434 0.000251861667493 
1581.79634478 0.995672019015 0.000251626479439 
1581.79702588 0.995374711328 0.000251713208854 
1581.79770697 0.995187627897 0.00025177290081 
1581.79838816 0.995458648033 0.000251718127402 
1581.79906925 0.995434165763 0.000251739897067 
1581.79975034 0.994902699223 0.000251890771324 
1581.80043133 0.995152662932 0.000251845427556 
1581.80111252 0.995313511943 0.000251824036241 
1581.80179361 0.995491000527 0.000251799734542 
1581.8024748 0.995202488379 0.00025189484586 
1581.80315589 0.994910564257 0.000251991965342 
1581.80383698 0.99520511084 0.000251942168688 
1581.80451817 0.995335368434 0.000251935533015 
1581.80519926 0.995261058322 0.000251981895417 
1581.80588025 0.994762886775 0.000252136960626 
1581.80656144 0.995310014949 0.000252028694376 
1581.80724253 0.994983974239 0.000252143276157 
1581.80792362 0.994909690361 0.000252195313806 
1581.80860482 0.995324877259 0.000252122466918 
1581.80928591 0.995417553137 0.000252130063018 
1581.809967 0.995453401781 0.000252153171459 
1581.81064819 0.99510283998 0.00025227558217 
1581.81132928 0.994922798878 0.000252331345109 
1581.81201027 0.995011067386 0.000252319732681 
1581.81269146 0.994662408713 0.000252419355093 
1581.81337255 0.995194621037 0.000252296333201 
1581.81405364 0.995507614379 0.000252229394391 
1581.81473483 0.995159655827 0.000252329627983 
1581.81541592 0.995521605206 0.000252250320045 
1581.81609701 0.995107210314 0.000252367492067 
1581.8167781 0.995228713301 0.000252348603681 
1581.81745919 0.995060011716 0.000252402795013 
1581.81814028 0.995073122213 0.000252410041867 
1581.81882137 0.995602056277 0.000252285972238 
1581.81950256 0.995423673546 0.000252340309089 
1581.82018366 0.995381705783 0.000252358906437 
1581.82086475 0.995160529942 0.000252421625191 
1581.82154594 0.99468337721 0.000252548168646 
1581.82222703 0.995047775408 0.000252459314652 
1581.82290802 0.99501456333 0.000252469792031 
1581.82358911 0.994936781486 0.000252489728155 
1581.8242703 0.995011941371 0.000252468656981 
1581.82495139 0.995020681261 0.000252462428762 
1581.82563248 0.995131684543 0.000252428260865 
1581.82631367 0.995002327581 0.00025245238794 
1581.82699476 0.995304769481 0.000252364290645 
1581.82767595 0.995159655827 0.000252425292274 
1581.82835704 0.995006697474 0.000252485158853 
1581.82903803 0.994448380598 0.000252642814303 
1581.82971912 0.995045153361 0.000252502417425 
1581.83040031 0.995466517461 0.000252403813647 
1581.8310814 0.994773372027 0.000252586207353 
1581.8317626 0.995000579629 0.000252532860031 
1581.83244369 0.995168397014 0.000252493045991 
1581.83312478 0.994995335792 0.000252538069617 
1581.83380597 0.994983100279 0.000252541562077 
1581.83448696 0.994770750703 0.000252594967606 
1581.83516805 0.994408200863 0.000252686004387 
1581.83584924 0.994828421413 0.000252577534411 
1581.83653033 0.995154411151 0.00025249356986 
1581.83721142 0.994930664071 0.000252549070865 
1581.83789261 0.99503553925 0.000252521509537 
1581.8385737 0.994971738866 0.000252537196502 
1581.83925479 0.994955133957 0.000252541707596 
1581.83993578 0.994855510325 0.000252568512224 
1581.84061697 0.994754149149 0.000252596946666 
1581.84129806 0.994845898046 0.000252577650826 
1581.84197925 0.995213852427 0.000252489960985 
1581.84266035 0.99506700396 0.000252534722676 
1581.84334144 0.995143921883 0.000252524216194 
1581.84402253 0.994826673767 0.000252556696069 
1581.84470372 0.99464318798 0.00025255739456 
1581.84538471 0.994871239709 0.000252456171438 
1581.8460658 0.995219971583 0.000252326804912 
1581.84674699 0.994991839915 0.000252346741036 
1581.84742808 0.995309140703 0.000252231169725 
1581.84810917 0.994532239188 0.000252396101132 
1581.84879036 0.995402689443 0.000252147496212 
1581.84947145 0.995259309916 0.000252156576607 
1581.85015254 0.995278542555 0.000252126046689 
1581.85083373 0.995080114549 0.000252154248301 
1581.85151472 0.994592516917 0.000252259284025 
1581.85219581 0.994284178008 0.000252321973676 
1581.8528769 0.995018059286 0.000252123572864 
1581.8535581 0.994741042854 0.000252183934208 
1581.85423919 0.994788226323 0.000252165133134 
1581.85492028 0.995128188188 0.000252074794844 
1581.85560147 0.994383744428 0.000252261583228 
1581.85628256 0.994867744269 0.000252138910582 
1581.85696355 0.994867744269 0.000252141209785 
1581.85764474 0.994983974239 0.000252115685726 
1581.85832583 0.99525056793 0.000252053432632 
1581.85900692 0.99504165731 0.000252112804446 
1581.85968811 0.994549710618 0.000252244935837 
1581.8603692 0.994828421413 0.000252218538662 
1581.86105039 0.995166648771 0.000252177676884 
1581.86173148 0.995038161271 0.000252254627412 
1581.86241247 0.994613483941 0.000252406578511 
1581.86309356 0.994734926643 0.000252419529716 
1581.86377475 0.994801333239 0.000252445053775 
1581.86445585 0.994831916715 0.00025247852318 
1581.86513704 0.995275045684 0.000252405297942 
1581.86581813 0.994621346688 0.000252608355368 
1581.86649922 0.994887843218 0.000252575118793 
1581.86718041 0.994700851295 0.00025265433942 
1581.8678614 0.994684250907 0.000252686499152 
1581.86854249 0.994844150369 0.00025267037563 
1581.86922358 0.994560193623 0.000252762809396 
1581.86990477 0.994887843218 0.000252692727372 
1581.87058586 0.994706967297 0.000252745230682 
1581.87126695 0.994893086488 0.00025270023616 
1581.87194814 0.994930664071 0.00025268891477 
1581.87262923 0.99504165731 0.000252654717769 
1581.87331032 0.994575044736 0.000252764089964 
1581.87399141 0.994412568147 0.000252792815445 
1581.8746725 0.994866870411 0.000252661906416 
1581.8753536 0.994775993357 0.000252666824963 
1581.87603479 0.994863374986 0.000252623955021 
1581.87671588 0.994722694332 0.000252639671089 
1581.87739697 0.994838033523 0.00025258801179 
1581.87807806 0.995192872748 0.00025247479789 
1581.87875925 0.994114763335 0.000252723781159 
1581.87944024 0.995028547228 0.000252465804806 
1581.88012133 0.994604747627 0.000252547120908 
1581.88080252 0.994363655663 0.00025258155074 
1581.88148361 0.994684250907 0.000252473138971 
1581.8821647 0.994687745702 0.000252445432125 
1581.88284589 0.994793469069 0.000252391822869 
1581.88352698 0.995067877994 0.000252296013059 
1581.88420807 0.994534859883 0.000252405821811 
1581.88488906 0.994874735161 0.000252294761594 
1581.88557025 0.995134306817 0.0002522051509 
1581.88625135 0.99483628586 0.000252258236287 
1581.88693254 0.99415318475 0.000252410245594 
1581.88761363 0.99464318798 0.000252266094321 
1581.88829472 0.995193746892 0.00025210811873 
1581.88897591 0.99467988243 0.000252221536357 
1581.889657 0.994871239709 0.000252158031799 
1581.89033799 0.994783857389 0.000252164929407 
1581.89101918 0.994893086488 0.000252121360973 
1581.89170027 0.994870365848 0.000252113153692 
1581.89238136 0.994864248841 0.000252102530794 
1581.89306255 0.994960377583 0.000252054422162 
1581.89374364 0.994642314319 0.000252113415627 
1581.89442483 0.995242700208 0.000251940946328 
1581.89510592 0.994532239188 0.000252101948718 
1581.89578701 0.994794342862 0.000252018013271 
1581.896468 0.995372962722 0.000251855701208 
1581.8971492 0.994995335792 0.000251936318818 
1581.89783029 0.994549710618 0.000252035795711 
1581.89851138 0.994368022751 0.000252070050919 
1581.89919257 0.99456630876 0.000252008961979 
1581.89987366 0.994506032619 0.000252014811849 
1581.90055475 0.994852888785 0.000251919031143 
1581.90123584 0.994621346688 0.000251970515819 
1581.90191693 0.994774245803 0.000251926045166 
1581.90259802 0.9942911648 0.000252044002991 
1581.90327921 0.994478079707 0.000251993333222 
1581.9039603 0.994359288594 0.000252021214692 
1581.90464139 0.994695609037 0.000251935096458 
1581.90532248 0.994555825691 0.000251970603131 
1581.90600367 0.994808323665 0.00025190791348 
1581.90668476 0.994302518442 0.000252038356848 
1581.90736576 0.99471395706 0.000251937512076 
1581.90804695 0.994371516436 0.000252028665273 
1581.90872804 0.994531365625 0.000251993420534 
1581.90940913 0.99461610485 0.000252007041126 
1581.91009022 0.994263217927 0.000252132012974 
1581.91077141 0.994306885261 0.000252155412454 
1581.9114525 0.994388985042 0.000252167374128 
1581.91213369 0.994741042854 0.000252111523878 
1581.91281468 0.994644061642 0.000252170226304 
1581.91349577 0.994845024207 0.000252154248301 
1581.91417686 0.994850267252 0.00025218835799 
1581.91485805 0.994312998841 0.000252360361628 
1581.91553914 0.994726189263 0.0002522917639 
1581.91622033 0.994481573778 0.000252390396781 
1581.91690142 0.994672019219 0.000252378580626 
1581.91758252 0.994613483941 0.000252430239925 
1581.91826371 0.994375010132 0.000252527650446 
1581.9189447 0.994808323665 0.000252454541624 
1581.91962579 0.994608242143 0.000252542085946 
1581.92030698 0.994665903432 0.000252564059338 
1581.92098807 0.994709588452 0.000252589350566 
1581.92166916 0.994126988169 0.000252773432294 
1581.92235035 0.994765508077 0.00025264674332 
1581.92303144 0.994415188526 0.000252770958468 
1581.92371253 0.994275444587 0.000252841040492 
1581.92439362 0.994710462172 0.000252764264587 
1581.92507471 0.994443139671 0.000252865749644 
1581.9257558 0.99429378486 0.00025290765916 
1581.92643699 0.99468337721 0.000252811383689 
1581.92711808 0.994675513972 0.000252815487329 
1581.92779917 0.994366275914 0.000252895435551 
1581.92848027 0.994229158738 0.000252930534771 
1581.92916146 0.994861627278 0.000252768862993 
1581.92984245 0.994141832814 0.000252949714195 
1581.93052354 0.994778614694 0.000252784811892 
1581.93120473 0.994607368513 0.000252821366303 
1581.93188582 0.994941151091 0.000252726225881 
1581.93256691 0.994434404854 0.000252843252383 
1581.9332481 0.994628335849 0.00025278123212 
1581.93392919 0.99452000937 0.000252794998232 
1581.93461028 0.994596011391 0.000252760684816 
1581.93529127 0.994630083147 0.00025273632491 
1581.93597246 0.994125241755 0.000252847879892 
1581.93665355 0.99480570225 0.000252657278907 
1581.93733464 0.994748032857 0.000252653815551 
1581.93801583 0.993949742779 0.000252837577136 
1581.93869693 0.994495550185 0.000252679048572 
1581.93937802 0.994008238995 0.000252782687312 
1581.94005921 0.994609115774 0.000252609257586 
1581.9407403 0.994598632254 0.000252590893069 
1581.94142129 0.994801333239 0.000252517522313 
1581.94210248 0.99480220704 0.000252510217251 
1581.94278357 0.994415188526 0.000252601515967 
1581.94346466 0.99475065412 0.000252508616541 
1581.94414585 0.994765508077 0.000252497266047 
1581.94482694 0.994937655405 0.000252445810474 
1581.94550813 0.99431212547 0.000252597266808 
1581.94618922 0.994508653245 0.000252539844951 
1581.94687021 0.994940277169 0.00025242290576 
1581.9475513 0.994267584574 0.000252586411079 
1581.94823249 0.99475764419 0.000252455036389 
1581.94891359 0.994504285539 0.000252512836596 
1581.94959478 0.994483320818 0.000252512079896 
1581.95027587 0.994883473846 0.000252405006904 
1581.95095696 0.994808323665 0.000252418976743 
1581.95163815 0.994412568147 0.000252512545558 
1581.95231914 0.994418682377 0.000252502330113 
1581.95300023 0.994496423717 0.000252475118032 
1581.95368142 0.994439645735 0.000252482423093 
1581.95436251 0.994659787682 0.000252420693869 
1581.9550436 0.994613483941 0.000252427125815 
1581.95572469 0.994455368544 0.000252463039942 
1581.95640588 0.994403833598 0.000252472731518 
1581.95708697 0.994345314102 0.000252485304372 
1581.95776796 0.994537480585 0.000252435071161 
1581.95844915 0.994804828446 0.000252350844676 
1581.95913025 0.994263217927 0.000252473080764 
1581.95981134 0.994446633619 0.000252412282862 
1581.96049253 0.994333959972 0.00025242799893 
1581.96117362 0.994507779702 0.000252372265095 
1581.96185471 0.994347060903 0.000252402736805 
1581.9625358 0.994628335849 0.000252322352026 
1581.96321699 0.994775119579 0.000252277473919 
1581.96389798 0.994339200323 0.000252382160397 
1581.96457907 0.994266711243 0.000252395984717 
1581.96526026 0.994528744939 0.00025232648477 
1581.96594135 0.994447507108 0.000252345431363 
1581.96662244 0.994531365625 0.000252324156463 
1581.96730363 0.994648429961 0.000252296420513 
1581.96798472 0.99458290718 0.000252316589467 
1581.96866581 0.994640567 0.00025230756728 
1581.96934691 0.994640567 0.000252314726822 
1581.970028 0.994273697912 0.000252417114098 
1581.97070909 0.994897455902 0.000252270430792 
1581.97139028 0.99470609358 0.000252332451055 
1581.97207137 0.994444013157 0.000252412515692 
1581.97275246 0.994215186074 0.000252483907389 
1581.97343365 0.994447507108 0.000252440280747 
1581.97411474 0.994564561574 0.000252427824307 
1581.97479573 0.994605621255 0.000252530327998 
1581.97547692 0.994543595582 0.000252592901234 
1581.97615801 0.994474585648 0.000252664991422 
1581.9768391 0.995063507832 0.000252571277088 
1581.97752029 0.994289418097 0.000252824684139 
1581.97820138 0.994136593502 0.000252921221545 
1581.97888257 0.994793469069 0.000252812460531 
1581.97956367 0.994613483941 0.00025291685597 
1581.98024466 0.994561940801 0.000252988538705 
1581.98092575 0.994767255616 0.000252995057963 
1581.98160694 0.994321732592 0.000253166857874 
1581.98228803 0.994596011391 0.000253155012615 
1581.98296912 0.994686872002 0.000253189122304 
1581.98365031 0.994874735161 0.000253197271377 
1581.9843314 0.994560193623 0.000253332138527 
1581.98501249 0.994598632254 0.000253375503235 
1581.98569368 0.99458290718 0.000253430596786 
1581.98637467 0.994465850555 0.000253509613685 
1581.98705576 0.994398592906 0.000253573671216 
1581.98773695 0.994357541772 0.000253627920756 
1581.98841804 0.994841528859 0.000253545615124 
1581.98909914 0.994072850757 0.00025377960992 
1581.98978023 0.994622220331 0.000253673468251 
1581.99046142 0.994238765057 0.000253801757935 
1581.99114251 0.994610863039 0.000253733189311 
1581.9918235 0.994900951446 0.000253681326285 
1581.99250469 0.994705219864 0.000253703765338 
1581.99318578 0.994673766594 0.000253677833825 
1581.99386687 0.994494676654 0.000253685197094 
1581.99454796 0.994644061642 0.000253604812315 
1581.99522915 0.994881726103 0.000253498263191 
1581.99591024 0.994568929545 0.000253528822213 
1581.99659143 0.994368896171 0.000253527687164 
1581.99727242 0.994724441796 0.000253382138908 
1581.99795351 0.994547963461 0.000253369973507 
1581.99863461 0.994444886644 0.000253336911555 
1581.9993158 0.994639693341 0.000253226578934 
1581.99999689 0.994774245803 0.00025313012884 
1582.00067808 0.994040544351 0.000253253791016 
1582.00135917 0.994697356453 0.000253022153629 
1582.00204026 0.994401213249 0.000253033125773 
1582.00272145 0.994722694332 0.000252886558883 
1582.00340244 0.994355794953 0.000252915138844 
1582.00408353 0.994603874 0.000252787896898 
1582.00476472 0.994865996553 0.000252657482633 
1582.00544581 0.99451302097 0.000252684170846 
1582.0061269 0.994437898772 0.000252641533734 
1582.00680809 0.994688619403 0.000252516998444 
1582.00748918 0.994381124131 0.000252536236076 
1582.00817028 0.994701725007 0.000252397469012 
1582.00885137 0.994920177161 0.000252307538176 
1582.00953246 0.994415188526 0.000252403639024 
1582.01021355 0.99481531414 0.000252272002399 
1582.01089474 0.994387238168 0.000252352969255 
1582.01157583 0.994872987434 0.000252204888966 
1582.01225692 0.995027673228 0.000252143800026 
1582.01293801 0.994596885011 0.000252231315244 
1582.0136192 0.994718325686 0.000252179597737 
1582.01430019 0.99475764419 0.000252151599852 
1582.01498138 0.994517388714 0.000252197060036 
1582.01566247 0.994544469157 0.000252177269431 
1582.01634356 0.994819683212 0.000252096913755 
1582.01702465 0.994446633619 0.000252183119301 
1582.01770584 0.994901825334 0.000252061261563 
1582.01838694 0.994500791388 0.000252158613876 
1582.01906803 0.994782109821 0.000252084952081 
1582.01974912 0.994584654398 0.000252133933827 
1582.02043021 0.993983792396 0.000252287165495 
1582.0211113 0.994575918338 0.000252139085205 
1582.02179239 0.994775119579 0.000252092169831 
1582.02247358 0.99514654419 0.000252002791967 
1582.02315467 0.994831042889 0.000252088677371 
1582.02383576 0.994801333239 0.00025210288004 
1582.02451695 0.994801333239 0.000252110563451 
1582.02519804 0.994417808913 0.000252206955338 
1582.02587903 0.994308631995 0.000252234545769 
1582.02656022 0.994412568147 0.000252208556049 
1582.02724131 0.994378503841 0.000252217869274 
1582.02792241 0.994866870411 0.000252095138421 
1582.0286036 0.99452612426 0.000252182333497 
1582.02928469 0.994538354154 0.000252180208918 
1582.02996588 0.994575918338 0.000252171390457 
1582.03064697 0.994523503588 0.000252185272984 
1582.03132796 0.99464318798 0.000252155121416 
1582.03200905 0.994850267252 0.00025210189051 
1582.03269024 0.994741042854 0.000252128171269 
1582.03337133 0.994831042889 0.000252101046499 
1582.03405252 0.994634451406 0.000252143508988 
1582.03473361 0.994603874 0.000252142897807 
1582.0354147 0.9945296185 0.000252152734902 
1582.03609589 0.994723568064 0.000252093566814 
1582.03677688 0.994557572861 0.00025212552282 
1582.03745798 0.994347934304 0.000252168014413 
1582.03813907 0.994478079707 0.000252124096733 
1582.03882026 0.9949481425 0.000251993507845 
1582.03950135 0.995298649803 0.000251893128734 
1582.04018244 0.994640567 0.000252047786489 
1582.04086363 0.994617852126 0.000252041529166 
1582.04154472 0.994623093974 0.000252029683907 
1582.04222571 0.994462356539 0.000252059515333 
1582.0429069 0.994429164001 0.000252057507168 
1582.04358799 0.994670271848 0.000251985940849 
1582.04426908 0.99475764419 0.000251953693805 
1582.04495027 0.994721820601 0.00025195282069 
1582.04563136 0.994602126748 0.000251973222475 
1582.04631245 0.994642314319 0.00025195395574 
1582.04699365 0.99455320494 0.000251967576332 
1582.04767474 0.995308266457 0.000251767865848 
1582.04835573 0.994539227723 0.000251954450505 
1582.04903682 0.994768129387 0.000251889083302 
1582.04971801 0.994549710618 0.000251937482972 
1582.0503991 0.994940277169 0.000251832418144 
1582.05108019 0.994669398163 0.000251895253314 
1582.05176138 0.994340073718 0.000251973542618 
1582.05244247 0.99475764419 0.000251863762969 
1582.05312356 0.994775993357 0.000251855584793 
1582.05380465 0.994790847692 0.00025184705737 
1582.05448574 0.994774245803 0.000251844787272 
1582.05516683 0.994546216307 0.000251897028647 
1582.05584802 0.994593390535 0.000251880206633 
1582.05652912 0.994990091982 0.000251775956713 
1582.05721021 0.994831916715 0.000251812889474 
1582.0578914 0.994841528859 0.000251811550697 
1582.05857249 0.994884347719 0.000251802644925 
1582.05925348 0.994669398163 0.000251859921264 
1582.05993467 0.994918429353 0.000251800374826 
1582.06061576 0.994792595276 0.000251836201642 
1582.06129685 0.99501456333 0.0002517849789 
1582.06197804 0.994962999406 0.000251803605352 
1582.06265913 0.994890464849 0.000251827877946 
1582.06334032 0.994573297535 0.000251915393164 
1582.06402141 0.99496911702 0.000251822260907 
1582.0647024 0.9949324119 0.000251839781413 
1582.0653835 0.994584654398 0.000251936522545 
1582.06606469 0.994453621553 0.000251978897722 
1582.06674578 0.994872987434 0.000251882447628 
1582.06742687 0.994617852126 0.000251957244473 
1582.06810806 0.995152662932 0.000251832447248 
1582.06878915 0.99475764419 0.000251943420153 
1582.06947024 0.995150914716 0.000251855264651 
1582.07015143 0.994582033572 0.00025201094104 
1582.07083242 0.995063507832 0.000251900841249 
1582.07151351 0.994718325686 0.000251999998 
1582.0721947 0.994514768065 0.000252063531661 
1582.07287579 0.994741916602 0.000252018129686 
1582.07355688 0.99480220704 0.000252014899161 
1582.07423797 0.994883473846 0.000252019235631 
1582.07491917 0.994965621236 0.000252020749031 
1582.07560026 0.99479958564 0.000252085126704 
1582.07628125 0.99481531414 0.00025210288004 
1582.07696244 0.995237455095 0.00025201778044 
1582.07764353 0.99469473533 0.000252177123912 
1582.07832462 0.995040783299 0.000252110708971 
1582.07900581 0.994490309009 0.000252271594945 
1582.0796869 0.995077492417 0.000252143741818 
1582.08036799 0.994905320894 0.000252208585152 
1582.08104918 0.994630083147 0.000252299156273 
1582.08173017 0.994874735161 0.000252257974353 
1582.08241126 0.994995335792 0.000252247642493 
1582.08309235 0.994665029751 0.000252352037933 
1582.08377354 0.994596885011 0.000252389349043 
1582.08445464 0.994945520716 0.000252321100561 
1582.08513583 0.994739295362 0.000252393598203 
1582.08581692 0.994670271848 0.000252431258559 
1582.08649801 0.9950914772 0.000252344296314 
1582.087179 0.9949324119 0.000252404483035 
1582.08786019 0.995161404058 0.000252366065979 
1582.08854128 0.994732305421 0.000252494792221 
1582.08922247 0.994771624477 0.000252504542004 
1582.08990356 0.994654545641 0.000252553989412 
1582.09058465 0.995199865925 0.000252427038504 
1582.09126584 0.994845898046 0.000252528378041 
1582.09194693 0.995285536335 0.000252428348176 
1582.09262812 0.994596885011 0.000252614263445 
1582.09330912 0.995405312432 0.000252420519246 
1582.09399021 0.994800459439 0.000252585625276 
1582.0946713 0.994713083337 0.000252617202932 
1582.09535249 0.995309140703 0.000252472847933 
1582.09603358 0.994722694332 0.000252628757153 
1582.09671467 0.995299524041 0.000252489349805 
1582.09739586 0.995350231123 0.000252483761869 
1582.09807695 0.995116825118 0.000252549478319 
1582.09875794 0.994940277169 0.000252600933891 
1582.09943913 0.994407327409 0.000252742873272 
1582.10012022 0.994684250907 0.000252678408287 
1582.10080131 0.995281165217 0.000252532801824 
1582.1014824 0.995047775408 0.000252597412327 
1582.1021636 0.994591643301 0.00025271854247 
1582.10284469 0.995030295229 0.000252611731412 
1582.10352578 0.994956881829 0.000252634868957 
1582.10420687 0.994717451959 0.000252699275734 
1582.10488796 0.994976108625 0.000252636702498 
1582.10556905 0.995166648771 0.000252591184108 
1582.10625014 0.995055641589 0.000252621335676 
1582.10693133 0.994935907567 0.000252629281022 
1582.10761242 0.995126440015 0.000252557860222 
1582.10829351 0.995015437318 0.000252562575042 
1582.1089747 0.995413181439 0.000252437253948 
1582.10965569 0.994775993357 0.000252573838225 
1582.11033678 0.995511112067 0.000252361496678 
1582.11101798 0.995262806732 0.000252398429438 
1582.11169907 0.994784731174 0.000252492289292 
1582.11238016 0.995464768694 0.000252291938523 
1582.11306135 0.995123817761 0.000252349767834 
1582.11374244 0.995334494166 0.000252266763709 
1582.11442363 0.994960377583 0.000252331228694 
1582.11510472 0.995438537552 0.00025217665825 
1582.11578571 0.9955084888 0.00025212255423 
1582.1164668 0.995260184119 0.000252148107393 
1582.11714799 0.995406186763 0.000252073601587 
1582.11782908 0.994872113571 0.000252170750173 
1582.11851027 0.995010193402 0.000252097524935 
1582.11919136 0.995533847341 0.000251926569035 
1582.11987246 0.994991839915 0.000252025056398 
1582.12055365 0.995124691845 0.00025195282069 
1582.12123464 0.995229587477 0.000251887977356 
1582.12191573 0.995072248175 0.000251889607171 
1582.12259692 0.995347608279 0.000251782010309 
1582.12327801 0.995193746892 0.000251810793998 
1582.1239591 0.995344985443 0.000251762481639 
1582.12464019 0.994937655405 0.000251856457908 
1582.12532138 0.995055641589 0.00025181833189 
1582.12600247 0.99479958564 0.000251875782851 
1582.12668346 0.995136929099 0.000251783669228 
1582.12736465 0.994928916245 0.000251830730122 
1582.12804574 0.995513735341 0.000251678720815 
1582.12872683 0.99495076429 0.000251818069955 
1582.12940803 0.994871239709 0.000251836579991 
1582.13008912 0.995435914476 0.000251693447353 
1582.13077021 0.995679015559 0.000251633638982 
1582.1314514 0.995245322775 0.000251746736467 
1582.13213239 0.995304769481 0.000251736695645 
1582.13281348 0.995182383074 0.000251774734352 
1582.13349457 0.995563578867 0.000251687510172 
1582.13417576 0.995260184119 0.000251776160439 
1582.13485685 0.995357225406 0.000251765653957 
1582.13553794 0.994831916715 0.000251912890235 
1582.13621913 0.995330122833 0.000251801626291 
1582.13690022 0.995434165763 0.000251792807831 
1582.13758131 0.995341488338 0.000251835939707 
1582.13826241 0.995578444963 0.000251797930105 
1582.1389435 0.995123817761 0.00025193701731 
1582.13962459 0.995304769481 0.000251918943832 
1582.14030578 0.994897455902 0.000252051686402 
1582.14098687 0.995342362613 0.000251970515819 
1582.14166796 0.995802337721 0.000251886580372 
1582.14234915 0.995560080994 0.000251982099144 
1582.14303024 0.995044279348 0.000252147729043 
1582.14371123 0.995519856342 0.000252063036896 
1582.14439242 0.995387825972 0.000252133206232 
1582.14507351 0.995184131345 0.000252222060226 
1582.1457546 0.995534721785 0.000252170313615 
1582.14643579 0.995255813112 0.000252277910477 
1582.14711689 0.995230461653 0.000252321129665 
1582.14779808 0.995330122833 0.000252331839874 
1582.14847917 0.995456899279 0.000252334837569 
1582.14916016 0.995729741975 0.000252299447311 
1582.14984125 0.995547838536 0.000252378260484 
1582.15052244 0.995514609768 0.000252417114098 
1582.15120353 0.995226090777 0.000252518861089 
1582.15188462 0.995192872748 0.000252553611062 
1582.15256581 0.995443783725 0.000252513360465 
1582.1532469 0.995805836444 0.000252442376222 
1582.15392799 0.99554958745 0.000252524594544 
1582.15460918 0.99608139955 0.000252403959166 
1582.15529017 0.995539094016 0.000252551835729 
1582.15597127 0.995913428203 0.000252467056271 
1582.15665246 0.99542629659 0.000252595200436 
1582.15733355 0.995381705783 0.000252607424045 
1582.15801464 0.995581068414 0.000252554455074 
1582.15869583 0.995271548825 0.000252628233284 
1582.15937692 0.995295152861 0.000252614787314 
1582.16005801 0.995557457598 0.000252538884524 
1582.160739 0.995732365826 0.000252483267104 
1582.16142019 0.995761228637 0.00025246370933 
1582.16210128 0.99596241692 0.0002523988951 
1582.16278237 0.995936172665 0.000252391211689 
1582.16346356 0.995762977925 0.000252420199104 
1582.16414466 0.995726243519 0.000252414349234 
1582.16482575 0.996027155706 0.000252322875895 
1582.16550694 0.995878437738 0.000252345867921 
1582.16618793 0.995874938759 0.000252332683885 
1582.16686902 0.995873189274 0.000252319616266 
1582.16755011 0.995915177759 0.00025229647872 
1582.1682313 0.995400066462 0.000252415455179 
1582.16891239 0.99602978034 0.000252245488809 
1582.16959358 0.996035029629 0.000252235331573 
1582.17027467 0.995796214984 0.000252288300544 
1582.17095576 0.995992161245 0.000252232217463 
1582.17163675 0.995965916206 0.00025223440025 
1582.17231794 0.996056901964 0.000252205500146 
1582.17299904 0.996034154746 0.000252206838923 
1582.17368023 0.995887185239 0.000252241472481 
1582.17436132 0.996674775057 0.000252041005297 
1582.17504241 0.996035904513 0.000252203491982 
1582.1757236 0.995965916206 0.000252223544521 
1582.17640469 0.996025405954 0.000252210302278 
1582.17708588 0.996339535731 0.000252131867455 
1582.17776677 0.996094523505 0.000252196768997 
1582.17844796 0.996153145946 0.000252185913268 
1582.17912905 0.996805225008 0.000252026424278 
1582.17981024 0.99605515216 0.00025222307886 
1582.18049133 0.996998742622 0.000251992343692 
1582.18117242 0.996680027745 0.000252082158113 
1582.18185362 0.996315031797 0.000252184778219 
1582.18253471 0.996851630786 0.000252060854109 
1582.1832157 0.996687031373 0.00025211495813 
1582.18389689 0.9966651452 0.000252134166658 
1582.18457798 0.996738684645 0.000252130528679 
1582.18525907 0.996768452153 0.000252138910582 
1582.18594026 0.996732556151 0.000252164667472 
1582.18662135 0.996933940685 0.000252131663729 
1582.18730244 0.997026766385 0.000252127065323 
1582.18798353 0.997053039379 0.000252140103839 
1582.18866462 0.997295659398 0.000252092519077 
1582.18934571 0.997217699237 0.000252126716077 
1582.19002681 0.996841123628 0.000252237747191 
1582.190708 0.99702764214 0.000252206722507 
1582.19138909 0.99743845617 0.000252119731158 
1582.19207018 0.997322815492 0.00025216609356 
1582.19275127 0.997661890907 0.000252098368946 
1582.19343246 0.997257992492 0.000252218829701 
1582.19411345 0.997694315007 0.00025212665787 
1582.19479454 0.997296535389 0.000252245750744 
1582.19547573 0.998008971131 0.000252084661042 
1582.19615682 0.997736380275 0.000252172176261 
1582.19683791 0.997724111055 0.000252191588515 
1582.1975191 0.997997575167 0.000252136145718 
1582.19820019 0.997521690713 0.000252270256169 
1582.19888139 0.997853821868 0.000252199854003 
1582.19956248 0.997741638558 0.000252241094131 
1582.20024347 0.998328110973 0.000252106023254 
1582.20092456 0.998253577427 0.000252137630014 
1582.20160575 0.997876610644 0.000252245168667 
1582.20228684 0.998041406511 0.000252215424553 
1582.20296803 0.998324603387 0.00025215614005 
1582.20364912 0.998245685966 0.000252187630394 
1582.20433021 0.998748233477 0.000252072146395 
1582.2050114 0.998263222631 0.000252198369708 
1582.20569239 0.99864384416 0.000252106110565 
1582.20637348 0.999030753401 0.000252011785051 
1582.20705468 0.998753497093 0.000252084777458 
1582.20773577 0.998551745 0.00025213859044 
1582.20841686 0.999208027188 0.000251975172432 
1582.20909805 0.999459072586 0.000251914199907 
1582.20977914 0.998742092627 0.00025209665182 
1582.21046023 0.999071119913 0.000252015219303 
1582.21114132 0.999144836884 0.000251997465966 
1582.21182241 0.998953535052 0.000252046243986 
1582.2125035 0.999518770983 0.000251903984463 
1582.21318459 0.999603057142 0.000251882447628 
1582.21386578 0.999394110736 0.00025193428155 
1582.21454687 0.999284387471 0.000251960736932 
1582.21522796 0.999011448254 0.000252027588431 
1582.21590916 1.00001756748 0.000251771591138 
1582.21659015 0.99967593528 0.000251854449743 
1582.21727124 0.999676813362 0.000251848687185 
1582.21795243 0.999935002991 0.000251775956713 
1582.21863352 0.999694375169 0.00025182790705 
1582.21931461 0.999925341634 0.000251760677202 
1582.2199957 0.999828733199 0.000251775520155 
1582.22067689 0.999610959334 0.000251820601989 
1582.22135798 1.0 0.000251698365901 
1582.22203907 0.999978919426 0.000251679186476 
1582.22272016 1.0002204943 0.000251594057772 
1582.22340125 1.00095524034 0.000251385063166 
1582.22408235 1.00002810812 0.000251593650319 
1582.22476354 1.00008784051 0.000251554592978 
1582.22544463 1.00054912978 0.000251414778177 
1582.22612572 1.00030044647 0.000251453544479 
1582.22680691 1.00070469812 0.000251329067396 
1582.227488 1.00049024864 0.000251360354014 
1582.22816899 1.0006959083 0.000251286808634 
1582.22885018 1.00081897276 0.000251234829193 
1582.22953127 1.00086556539 0.000251202960499 
1582.23021236 1.00090688521 0.000251173012657 
1582.23089355 1.00084007104 0.000251171382843 
1582.23157464 1.00067657098 0.000251194986049 
1582.23225584 1.00095611955 0.000251108256634 
1582.2424724 1.0014732264 0.000251139135798 
1582.24315359 1.00141341127 0.000251189019764 
1582.24383468 1.00154360171 0.000251192162978 
1582.24451577 1.00187971204 0.00025114431628 
1582.24519686 1.00172308115 0.000251220917562 
1582.24587795 1.00195011592 0.00025120130158 
1582.24655904 1.00182515243 0.000251270801527 
1582.24724013 1.00187971204 0.000251295161434 
1582.24792132 1.00193251448 0.000251320365351 
1582.24860241 1.00201084324 0.000251339224633 
1582.24928351 1.00223706289 0.000251320947427 
1582.2499647 1.00154272199 0.000251533347182 
1582.25064569 1.00177411549 0.000251513090916 
1582.25132678 1.0017705958 0.000251551624388 
1582.25200797 1.00161310219 0.000251628225669 
1582.25268906 1.00139406008 0.000251719553489 
1582.25337015 1.00210766252 0.000251575664151 
1582.25405134 1.00200468233 0.000251629273407 
1582.25473243 1.00201700419 0.000251653167652 
1582.25541352 1.00187003189 0.000251715275226 
1582.25609451 1.00215783619 0.000251667341217 
1582.25677571 1.00168348734 0.00025180936791 
1582.2574568 1.00154712061 0.000251865043538 
1582.25813799 1.00182515243 0.000251812947681 
1582.25881908 1.00189115233 0.000251811201451 
1582.25950017 1.00222033673 0.000251741526881 
1582.26018136 1.00219656846 0.00025175898918 
1582.26086245 1.00184715192 0.000251856836257 
1582.26154344 1.00231365465 0.000251748133451 
1582.26222463 1.00197827885 0.000251839752309 
1582.26290572 1.00246861681 0.000251722056419 
1582.26358681 1.00193779488 0.000251859950367 
1582.264268 1.00243691806 0.000251737626968 
1582.26494909 1.00194395538 0.000251863035373 
1582.26563019 1.00221329422 0.00025179592194 
1582.26631138 1.00278477867 0.00025165171246 
1582.26699247 1.00210502187 0.000251820427366 
1582.26767346 1.00200116182 0.000251843564911 
1582.26835465 1.00198884016 0.000251842400758 
1582.26903574 1.00192371388 0.000251853576628 
1582.26971683 1.00153568424 0.000251944846241 
1582.27039802 1.00148994009 0.000251938414294 
1582.27107911 1.00153128568 0.000251908641076 
1582.2717602 1.00210326144 0.000251744961133 
1582.27244129 1.00218248383 0.000251704477705 
1582.27312239 1.00160166507 0.000251828634646 
1582.27380348 1.00171780189 0.000251777295489 
1582.27448457 1.00186915188 0.00025171606103 
1582.27516576 1.00182515243 0.000251703400863 
1582.27584685 1.00130610484 0.000251809600741 
1582.27652794 1.00178027499 0.000251665362157 
1582.27720913 1.00184451195 0.000251623801887 
1582.27789022 1.00162365965 0.000251653167652 
1582.27857121 1.00233038237 0.000251446967013 
1582.2792523 1.00153568424 0.00025161501253 
1582.27993349 1.00197387834 0.000251473393291 
1582.28061458 1.00224234489 0.000251374120126 
1582.28129568 1.00196507738 0.000251411780482 
1582.28197687 1.00195011592 0.000251383811701 
1582.28265796 1.00200908297 0.000251337565714 
1582.28333915 1.00174683819 0.000251371966442 
1582.28402014 1.00188499216 0.000251306948485 
1582.28470123 1.00158846856 0.000251351098996 
1582.28538232 1.00158934832 0.000251321442192 
1582.28606351 1.00192283383 0.000251209159615 
1582.2867446 1.00155239897 0.0002512637584 
1582.28742579 1.0019914805 0.000251116434811 
1582.28810688 1.00153568424 0.000251194229349 
1582.28878797 1.00172308115 0.000251112389378 
1582.28946917 1.00192107372 0.000251029414358 
1582.29015016 1.00162190006 0.0002510722843 
1582.29083125 1.00161398197 0.000251043937169 
1582.29151244 1.00201700419 0.000250914308708 
1582.29219353 1.00179171414 0.000250943819992 
1582.29287462 1.00168524703 0.000250945740845 
1582.29355581 1.00206981387 0.000250826909905 
1582.2942369 1.00215255463 0.000250785466051 
1582.29491799 1.00202668575 0.00025079891202 
1582.29559908 1.00159814598 0.000250890414463 
1582.29628017 1.00196771766 0.000250784563832 
1582.29696127 1.00201700419 0.00025076221209 
1582.29764246 1.00201172337 0.000250755547313 
1582.29832355 1.00205044999 0.000250741373748 
1582.29900464 1.00181723274 0.000250796030741 
1582.29968573 1.00208477712 0.000250726327067 
1582.30036692 1.00173715933 0.000250813318416 
1582.30104791 1.00195803666 0.000250760582276 
1582.301729 1.00146355018 0.000250889686868 
1582.30241019 1.00167996796 0.000250842655078 
1582.30309128 1.00195803666 0.000250807788689 
1582.30377237 1.00168524703 0.000250912562478 
1582.30445346 1.00163685662 0.000250962708378 
1582.30513466 1.00185595184 0.000250947516179 
1582.30581575 1.00147674505 0.000251083169132 
1582.30649674 1.00216927966 0.000250951183261 
1582.30717793 1.00157967098 0.00025114158052 
1582.30785902 1.00206981387 0.000251061632298 
1582.30854011 1.00210854274 0.000251095014391 
1582.3092213 1.00227403749 0.000251097109867 
1582.30990239 1.00263681308 0.000251048943028 
1582.31058348 1.00239377414 0.000251152552664 
1582.31126467 1.0020407682 0.000251283083344 
1582.31194576 1.00207509499 0.000251315388596 
1582.31262675 1.00167468892 0.00025145537802 
1582.31330795 1.0021067823 0.000251385034062 
1582.31398904 1.00209093852 0.000251425051829 
1582.31467013 1.00180403338 0.000251531397225 
1582.31535132 1.00192195377 0.000251533900155 
1582.31603241 1.00221593516 0.000251489633229 
1582.3167136 1.00185067188 0.000251607678365 
1582.31739469 1.00189643251 0.00025161949452 
1582.31807568 1.00171780189 0.000251684570685 
1582.31875677 1.00162365965 0.000251724326517 
1582.31943796 1.00219656846 0.000251601508353 
1582.32011905 1.00182427246 0.000251710385783 
1582.32080025 1.00189555248 0.000251703779213 
1582.32148134 1.00184803191 0.000251723715337 
1582.32216243 1.00225466967 0.000251626595855 
1582.32284352 1.00181459285 0.000251739169471 
1582.32352461 1.00188587218 0.000251720746746 
1582.3242057 1.00193075436 0.000251706776908 
1582.32488679 1.00229164493 0.000251611549174 
1582.32556798 1.00221769579 0.000251623510849 
1582.32624907 1.00211910542 0.000251640740316 
1582.32693016 1.00192371388 0.000251680554356 
1582.32761135 1.00147410606 0.000251783902058 
1582.32829244 1.00203196665 0.000251633231528 
1582.32897354 1.00151633069 0.00025175177143 
1582.32965463 1.00133776784 0.000251785473665 
1582.33033572 1.00178115492 0.000251663121162 
1582.33101681 1.00175475733 0.000251659192145 
1582.3316979 1.00182867232 0.000251630612183 
1582.33237909 1.00204340868 0.000251567456871 
1582.33306018 1.00196683757 0.000251578603638 
1582.33374127 1.00179347403 0.000251615216257 
1582.33442246 1.00200468233 0.000251556804869 
1582.33510345 1.00226963568 0.000251486722846 
1582.33578454 1.00162102027 0.000251601421041 
1582.33646573 1.00188323211 0.000251489458606 
1582.33714683 1.00190875304 0.000251439836575 
1582.33782792 1.00151721039 0.000251497025602 
1582.33850911 1.00179523391 0.000251389254117 
1582.3391902 1.00159286738 0.000251405057497 
1582.33987129 1.00216839939 0.000251226534601 
1582.34055228 1.00178467465 0.00025128989364 
1582.34123347 1.00136943183 0.000251364312135 
1582.34191456 1.00156119631 0.000251289340667 
1582.34259575 1.00182075259 0.000251200108323 
1582.34327684 1.00212614726 0.000251101708272 
1582.34395793 1.00193779488 0.000251129851677 
1582.34463913 1.00161486176 0.000251193356235 
1582.34532022 1.00183747208 0.000251122342888 
1582.34600121 1.00185331186 0.00025110450224 
1582.3466824 1.0018709119 0.000251087913057 
1582.34736349 1.00187883202 0.000251074874541 
1582.34804458 1.00202404532 0.000251028483035 
1582.34872577 1.00159110785 0.00025112790172 
1582.34940686 1.00160606395 0.000251115183346 
1582.35008795 1.0020328468 0.000250999670243 
1582.35076914 1.00219832905 0.000250949495239 
1582.35145023 1.00222913994 0.000250932847848 
1582.35213123 1.00180579329 0.00025106294197 
1582.35281242 1.00197123805 0.000251044315519 
1582.35349351 1.00193427461 0.00025107577676 
1582.3541746 1.00177939506 0.000251135235885 
1582.35485579 1.0021437521 0.000251062621828 
1582.35553688 1.00199940158 0.000251115852734 
1582.35621797 1.00159990553 0.000251230521826 
1582.35689906 1.0016808478 0.000251222401857 
1582.35758015 1.00194131516 0.000251166580711 
1582.35826124 1.00200644258 0.000251156830927 
1582.35894233 1.00227051604 0.000251094374107 
1582.35962353 1.001907873 0.000251185410889 
1582.36030462 1.00208213653 0.000251136079896 
1582.36098571 1.00221769579 0.000251091172686 
1582.3616669 1.00197827885 0.000251137447776 
1582.36234799 1.00204340868 0.000251104938798 
1582.36302898 1.0017424387 0.000251161633059 
1582.36371017 1.00154536116 0.000251191027928 
1582.36439126 1.00176883596 0.000251114048297 
1582.36507235 1.00189555248 0.000251060089795 
1582.36575344 1.0021789627 0.000250966491876 
1582.36643463 1.00171516226 0.000251060264418 
1582.36711572 1.00195891675 0.00025097647449 
1582.36779692 1.00172308115 0.000251014047535 
1582.36847791 1.00184803191 0.00025094897137 
1582.369159 1.00222825961 0.000250821642112 
1582.36984009 1.00154800033 0.000250960642006 
1582.37052128 1.00137207054 0.000250974844676 
1582.37120237 1.00193075436 0.000250806449912 
1582.37188356 1.00195539641 0.000250773737207 
1582.37256465 1.00216751912 0.00025069602998 
1582.37324574 1.00163157781 0.000250807148404 
1582.37392693 1.00208037614 0.000250673736446 
1582.37460792 1.00225114829 0.000250612036325 
1582.37528902 1.00184803191 0.000250695680734 
1582.37597011 1.00205221033 0.000250629644142 
1582.3766513 1.00208917812 0.000250607088674 
1582.37733239 1.00180843315 0.000250665936619 
1582.37801358 1.00166237127 0.000250693265116 
1582.37869467 1.00207685537 0.000250582001172 
1582.37937576 1.00215255463 0.000250557466643 
1582.38005675 1.00183307219 0.000250633864198 
1582.38073794 1.00181283293 0.000250634999247 
1582.38141903 1.00150841344 0.000250706856605 
1582.38210022 1.00178467465 0.000250635290286 
1582.38278132 1.00170724344 0.000250653945841 
1582.38346241 1.0018867522 0.000250610144576 
1582.3841435 1.00189203236 0.000250611017691 
1582.38482469 1.00176355645 0.000250647077337 
1582.38550568 1.00165885197 0.000250678625889 
1582.38618677 1.00189115233 0.000250627577771 
1582.38686796 1.00226083212 0.000250543438597 
1582.38754905 1.00204692933 0.000250606914051 
1582.38823014 1.00236647997 0.000250538287219 
1582.38891133 1.00172748056 0.000250710960245 
1582.38959242 1.00220713207 0.00025060493499 
1582.39027352 1.00226523389 0.000250605720794 
1582.39095451 1.00163685662 0.000250779412454 
1582.3916357 1.00205925171 0.000250690995017 
1582.39231679 1.00186739187 0.000250757700996 
1582.39299788 1.00179523391 0.000250794691965 
1582.39367907 1.00206277242 0.000250747485552 
1582.39436016 1.00231453505 0.00025070423726 
1582.39504125 1.0017969938 0.000250854209298 
1582.39572244 1.00183571212 0.000250864221016 
1582.39640353 1.00169756496 0.000250918703387 
1582.39708452 1.00208037614 0.000250841927482 
1582.39776572 1.00165093359 0.00025096727768 
1582.39844681 1.0020407682 0.000250886630965 
1582.3991279 1.00257340594 0.00025076844031 
1582.39980909 1.00172044152 0.000250995100942 
1582.40049018 1.00161574154 0.000251032295637 
1582.40117137 1.00183747208 0.000251008430496 
1582.40185246 1.00166237127 0.000251078919973 
1582.40253345 1.00259189927 0.000250869954471 
1582.40321454 1.00159286738 0.000251141609624 
1582.40389573 1.00196947785 0.000251066696364 
1582.40457682 1.00169844482 0.000251151504926 
1582.40525802 1.00154448144 0.000251204968663 
1582.40593911 1.00195187608 0.000251116318395 
1582.4066202 1.00182955229 0.000251158315223 
1582.40730139 1.00186387185 0.000251159624895 
1582.40798238 1.00196507738 0.000251143152127 
1582.40866347 1.00165445286 0.000251228339039 
1582.40934466 1.00251088337 0.000251020450378 
1582.41002575 1.00175299752 0.000251216581091 
1582.41070684 1.00185859184 0.000251195247984 
1582.41138793 1.00142836471 0.00025130819995 
1582.41206912 1.00153480453 0.000251286342973 
1582.41275022 1.0019844396 0.000251178484177 
1582.41343121 1.00174683819 0.000251243152888 
1582.4141124 1.00211910542 0.000251155201113 
1582.41479349 1.00281913095 0.000250985962339 
1582.41547458 1.00205221033 0.00025118450867 
1582.41615577 1.00153128568 0.000251322431723 
1582.41683686 1.0017503578 0.000251275720075 
1582.41751795 1.00221417453 0.000251136603765 
1582.41819904 1.00212262633 0.000251138029853 
1582.41888023 1.00231453505 0.000251069519436 
1582.41956122 1.00172396103 0.000251198711339 
1582.42024232 1.00245364783 0.000250998593401 
1582.42092351 1.00172836045 0.000251164572546 
1582.4216046 1.00184627193 0.000251118879532 
1582.42228569 1.00227579822 0.000250994286034 
1582.42296688 1.0020407682 0.000251037883572 
1582.42364797 1.00211910542 0.000251004821621 
1582.42432906 1.00178995426 0.00025107502006 
1582.42501015 1.00226875532 0.000250944111031 
1582.42569124 1.00182955229 0.000251044431934 
1582.42637233 1.00220361085 0.000250942393905 
1582.42705353 1.00242194955 0.000250880693784 
1582.42773462 1.00195363624 0.000250991637586 
1582.42841571 1.0016183809 0.000251070217928 
1582.4290969 1.00154448144 0.000251084478805 
1582.42977799 1.00196243711 0.000250976328971 
1582.43045898 1.00188235209 0.000250993587542 
1582.43114017 1.00186739187 0.000250995508395 
1582.43182126 1.00160870328 0.000251059042057 
1582.43250235 1.00219304728 0.00025091189309 
1582.43318354 1.0016456547 0.000251048448263 
1582.43386463 1.00188235209 0.000251003511949 
1582.43454573 1.00182163256 0.000251033139648 
1582.43522692 1.00242547153 0.000250896933721 
1582.43590791 1.00147146708 0.000251151213888 
1582.436589 1.00173012022 0.000251101562753 
1582.43727019 1.00199412085 0.000251050922088 
1582.43795128 1.00230397032 0.000250988901826 
1582.43863237 1.0018867522 0.000251108838711 
1582.43931356 1.00171428239 0.000251167512033 
1582.43999465 1.00167028974 0.000251194054727 
1582.44067574 1.00193515468 0.000251142540947 
1582.44135693 1.00195803666 0.000251151446719 
1582.44203793 1.00188147207 0.000251182907959 
1582.44271902 1.00165445286 0.000251249148278 
1582.44340021 1.00231365465 0.000251092977123 
1582.4440813 1.00191491336 0.000251201650826 
1582.44476239 1.00179171414 0.000251240649959 
1582.44544348 1.00165005377 0.000251284334809 
1582.44612467 1.00193955502 0.000251219520578 
1582.44680576 1.00197123805 0.000251218560152 
1582.44748675 1.00198531971 0.000251221994404 
1582.44816794 1.00170900317 0.000251298333751 
1582.44884903 1.00142220739 0.000251376390224 
1582.44953013 1.00222913994 0.00025118040503 
1582.45021122 1.00119705108 0.000251435762038 
1582.45089241 1.00171604214 0.000251301768003 
1582.4515735 1.00251880855 0.00025109667331 
1582.45225469 1.00177147572 0.000251279911026 
1582.45293568 1.00154272199 0.000251333112828 
1582.45361677 1.00211030318 0.000251186196692 
1582.45429786 1.00201524391 0.000251205201494 
1582.45497905 1.00191403331 0.000251225807006 
1582.45566014 1.00158670904 0.000251303223195 
1582.45634134 1.00181635277 0.000251240649959 
1582.45702243 1.00200908297 0.000251187448157 
1582.45770352 1.00211734496 0.000251155172009 
1582.45838451 1.00215079412 0.000251141784247 
1582.4590657 1.00150929313 0.000251297635259 
1582.45974679 1.00202228503 0.000251163874054 
1582.46042798 1.00143364246 0.00025130645372 
1582.46110907 1.00133073153 0.000251327466685 
1582.46179016 1.0018260324 0.000251198216574 
1582.46247135 1.00181635277 0.000251193821896 
1582.46315244 1.0016007853 0.000251238554483 
1582.46383354 1.00183483215 0.000251171033597 
1582.46451453 1.00198531971 0.000251124351053 
1582.46519572 1.00196771766 0.000251120072789 
1582.46587681 1.00190611291 0.000251126970397 
1582.466558 1.00176531628 0.000251167890383 
1582.46723909 1.0020636526 0.000251099176239 
1582.46792018 1.00171956164 0.000251191493589 
1582.46860127 1.00183747208 0.000251168239629 
1582.46928246 1.00185067188 0.000251171499258 
1582.46996345 1.00202844605 0.000251133547863 
1582.47064464 1.00187267192 0.00025117979385 
1582.47132574 1.0016966851 0.000251231336733 
1582.47200683 1.00222561865 0.000251106015639 
1582.47268792 1.00207069405 0.000251152960118 
1582.47336911 1.00204604917 0.000251167075476 
1582.4740502 1.00217808242 0.000251142599154 
1582.47473129 1.00141253166 0.000251343415584 
1582.47541238 1.00230132915 0.000251129677054 
1582.47609347 1.00178467465 0.000251268822467 
1582.47677456 1.00214639285 0.000251188117545 
1582.47745565 1.00198267939 0.000251239573117 
1582.47813685 1.00160430439 0.000251345220022 
1582.47881794 1.0017776352 0.000251312827459 
1582.47949903 1.0022115336 0.000251215940807 
1582.48018022 1.00200644258 0.00025127932895 
1582.48086131 1.00147674505 0.000251424993621 
1582.4815423 1.00208477712 0.000251285498962 
1582.48222349 1.0021789627 0.000251275720075 
1582.48290458 1.0020293262 0.000251307094004 
1582.48358567 1.00194923584 0.000251319492236 
1582.48426686 1.00187971204 0.000251329620369 
1582.48494796 1.00165797215 0.000251378660323 
1582.48562915 1.00175651715 0.00025134763564 
1582.48631024 1.00212526703 0.000251249613939 
1582.48699123 1.001925474 0.000251294433838 
1582.48767232 1.00173539955 0.000251337332884 
1582.48835351 1.00208389692 0.000251245422987 
1582.4890346 1.00209093852 0.000251239282079 
1582.48971579 1.00250119713 0.000251132907579 
1582.49039688 1.00231365465 0.000251176563324 
1582.49107797 1.00167028974 0.000251334975474 
1582.49175916 1.00225731072 0.000251185061643 
1582.49244016 1.00186123184 0.000251281890087 
1582.49312125 1.00170548371 0.000251318968367 
1582.49380244 1.00175651715 0.00025130432914 
1582.49448353 1.00225731072 0.000251177232713 
1582.49516462 1.00169228583 0.000251317716902 
1582.49584571 1.00232598031 0.00025115776225 
1582.4965269 1.00190963308 0.000251261488302 
1582.49720799 1.00153656396 0.000251354358625 
1582.49788898 1.00174683819 0.00025130121503 
1582.49857017 1.00212262633 0.000251207005931 
1582.49925127 1.00225555002 0.000251206452958 
1582.49993236 1.00181723274 0.000251349236351 
