2455173.136242  14.037704 1.000000 
2455173.156675  14.038036 1.000000 
2455173.177108  14.038152 1.000000 
2455173.197541  14.037774 1.000000 
2455173.217973  14.037674 1.000000 
2455173.238406  14.038097 1.000000 
2455173.258839  14.038044 1.000000 
2455173.279272  14.037288 1.000000 
2455173.299704  14.037749 1.000000 
2455173.320137  14.038129 1.000000 
2455173.340570  14.038254 1.000000 
2455173.361003  14.037798 1.000000 
2455173.381435  14.037938 1.000000 
2455173.401868  14.038448 1.000000 
2455173.422301  14.037806 1.000000 
2455173.442734  14.037929 1.000000 
2455173.463166  14.037943 1.000000 
2455173.483599  14.037307 1.000000 
2455173.504032  14.037823 1.000000 
2455173.524465  14.038229 1.000000 
2455173.544897  14.037853 1.000000 
2455173.565330  14.037938 1.000000 
2455173.585763  14.038017 1.000000 
2455173.606196  14.037672 1.000000 
2455173.626628  14.037779 1.000000 
2455173.647061  14.037778 1.000000 
2455173.667494  14.037805 1.000000 
2455173.687927  14.038401 1.000000 
2455173.708359  14.038286 1.000000 
2455173.728792  14.037686 1.000000 
2455173.749225  14.037993 1.000000 
2455173.769658  14.037726 1.000000 
2455173.790090  14.038208 1.000000 
2455173.810523  14.037848 1.000000 
2455173.830956  14.037637 1.000000 
2455173.851389  14.037973 1.000000 
2455173.871821  14.037810 1.000000 
2455173.892254  14.037460 1.000000 
2455173.912687  14.038228 1.000000 
2455173.933120  14.037771 1.000000 
2455173.953552  14.037580 1.000000 
2455173.973985  14.037735 1.000000 
2455173.994418  14.037780 1.000000 
2455174.014851  14.037961 1.000000 
2455174.035283  14.038341 1.000000 
2455174.055716  14.037963 1.000000 
2455174.076149  14.040445 1.000000 
2455174.096582  14.046675 1.000000 
2455174.117014  14.048138 1.000000 
2455174.137447  14.049266 1.000000 
2455174.157880  14.049436 1.000000 
2455174.178313  14.048733 1.000000 
2455174.198745  14.048287 1.000000 
2455174.219178  14.045587 1.000000 
2455174.239611  14.038335 1.000000 
2455174.260044  14.037660 1.000000 
2455174.280476  14.037852 1.000000 
2455174.300909  14.037840 1.000000 
2455174.321342  14.037762 1.000000 
2455174.341775  14.037804 1.000000 
2455174.362207  14.037539 1.000000 
2455174.382640  14.038011 1.000000 
2455174.403073  14.037678 1.000000 
2455174.423506  14.037792 1.000000 
2455174.443939  14.037990 1.000000 
2455174.464371  14.037841 1.000000 
2455174.484804  14.037413 1.000000 
2455174.505237  14.037954 1.000000 
2455174.525670  14.038100 1.000000 
2455174.546102  14.037651 1.000000 
2455174.566535  14.038200 1.000000 
2455174.586968  14.037705 1.000000 
2455174.607401  14.038038 1.000000 
2455174.627834  14.037887 1.000000 
2455174.648266  14.037955 1.000000 
2455174.668699  14.037994 1.000000 
2455174.689132  14.037811 1.000000 
2455174.709565  14.037881 1.000000 
2455174.729997  14.037947 1.000000 
2455174.750430  14.037902 1.000000 
2455174.770863  14.037364 1.000000 
2455174.791296  14.038071 1.000000 
2455174.811728  14.037744 1.000000 
2455174.832161  14.037679 1.000000 
2455174.852594  14.038105 1.000000 
2455174.873027  14.037932 1.000000 
2455174.893459  14.038015 1.000000 
2455174.913892  14.038282 1.000000 
2455174.934325  14.037575 1.000000 
2455174.954758  14.037432 1.000000 
2455174.975190  14.037747 1.000000 
2455174.995623  14.037326 1.000000 
2455175.016056  14.038236 1.000000 
2455175.036489  14.038150 1.000000 
2455175.056921  14.037733 1.000000 
2455175.077354  14.038209 1.000000 
2455175.097787  14.037922 1.000000 
2455175.118220  14.037854 1.000000 
2455175.138653  14.037281 1.000000 
2455175.159086  14.037740 1.000000 
2455175.179518  14.037723 1.000000 
