2455933.285921  14.037950 1.000000 
2455933.306354  14.037640 1.000000 
2455933.326787  14.038141 1.000000 
2455933.347220  14.037742 1.000000 
2455933.367653  14.038056 1.000000 
2455933.388086  14.037816 1.000000 
2455933.408519  14.038130 1.000000 
2455933.428952  14.037907 1.000000 
2455933.449384  14.038264 1.000000 
2455933.469818  14.037983 1.000000 
2455933.490250  14.037604 1.000000 
2455933.510683  14.037933 1.000000 
2455933.531117  14.037791 1.000000 
2455933.551549  14.038018 1.000000 
2455933.571982  14.037820 1.000000 
2455933.592415  14.037948 1.000000 
2455933.612848  14.037841 1.000000 
2455933.633281  14.038081 1.000000 
2455933.653714  14.038270 1.000000 
2455933.674147  14.037850 1.000000 
2455933.694580  14.038134 1.000000 
2455933.715013  14.038363 1.000000 
2455933.735446  14.037760 1.000000 
2455933.755879  14.037940 1.000000 
2455933.776312  14.038027 1.000000 
2455933.796745  14.038026 1.000000 
2455933.817178  14.037739 1.000000 
2455933.837611  14.038721 1.000000 
2455933.858044  14.038292 1.000000 
2455933.878477  14.038275 1.000000 
2455933.898910  14.037784 1.000000 
2455933.919343  14.038150 1.000000 
2455933.939776  14.037730 1.000000 
2455933.960209  14.038293 1.000000 
2455933.980642  14.038216 1.000000 
2455934.001075  14.037803 1.000000 
2455934.021508  14.038033 1.000000 
2455934.041941  14.037670 1.000000 
2455934.062374  14.038018 1.000000 
2455934.082807  14.037773 1.000000 
2455934.103240  14.038109 1.000000 
2455934.123673  14.037765 1.000000 
2455934.144106  14.037844 1.000000 
2455934.164539  14.037832 1.000000 
2455934.184972  14.037708 1.000000 
2455934.205405  14.038138 1.000000 
2455934.225838  14.038652 1.000000 
2455934.246271  14.045280 1.000000 
2455934.266704  14.047735 1.000000 
2455934.287137  14.048626 1.000000 
2455934.307570  14.049389 1.000000 
2455934.328003  14.048981 1.000000 
2455934.368869  14.046643 1.000000 
2455934.389302  14.039727 1.000000 
2455934.409735  14.037773 1.000000 
2455934.430168  14.038074 1.000000 
2455934.450601  14.038045 1.000000 
2455934.471034  14.037817 1.000000 
2455934.491467  14.038325 1.000000 
2455934.511900  14.037737 1.000000 
2455934.532333  14.037830 1.000000 
2455934.552766  14.037503 1.000000 
2455934.573199  14.037879 1.000000 
2455934.593632  14.038037 1.000000 
2455934.614065  14.038209 1.000000 
2455934.634498  14.038208 1.000000 
2455934.654931  14.037780 1.000000 
2455934.675364  14.037690 1.000000 
2455934.695797  14.037867 1.000000 
2455934.716230  14.037880 1.000000 
2455934.736663  14.038172 1.000000 
2455934.757096  14.038383 1.000000 
2455934.777529  14.038006 1.000000 
2455934.797962  14.038113 1.000000 
2455934.818395  14.037927 1.000000 
2455934.838828  14.037745 1.000000 
2455934.859261  14.037792 1.000000 
2455934.879694  14.038290 1.000000 
2455934.900127  14.038146 1.000000 
2455934.920560  14.038015 1.000000 
2455934.940993  14.037942 1.000000 
2455934.961426  14.038258 1.000000 
2455934.981859  14.037873 1.000000 
2455935.002292  14.037941 1.000000 
2455935.022725  14.038426 1.000000 
2455935.043158  14.037803 1.000000 
2455935.063591  14.038037 1.000000 
2455935.084024  14.037967 1.000000 
2455935.104457  14.038188 1.000000 
2455935.124890  14.037313 1.000000 
2455935.145323  14.037741 1.000000 
2455935.165756  14.038190 1.000000 
2455935.186189  14.037931 1.000000 
2455935.206622  14.038312 1.000000 
2455935.227055  14.037857 1.000000 
2455935.247488  14.037990 1.000000 
2455935.267921  14.038099 1.000000 
2455935.288354  14.038020 1.000000 
2455935.308787  14.038343 1.000000 
2455935.329220  14.037963 1.000000 
