2455951.839203  14.038272 1.000000 
2455951.859637  14.037740 1.000000 
2455951.880070  14.038116 1.000000 
2455951.900503  14.037586 1.000000 
2455951.920936  14.037838 1.000000 
2455951.941370  14.038092 1.000000 
2455951.961803  14.037626 1.000000 
2455951.982236  14.038193 1.000000 
2455952.002670  14.037907 1.000000 
2455952.023103  14.037709 1.000000 
2455952.043536  14.037852 1.000000 
2455952.063969  14.038138 1.000000 
2455952.084403  14.037890 1.000000 
2455952.104836  14.037988 1.000000 
2455952.125269  14.037455 1.000000 
2455952.145702  14.037743 1.000000 
2455952.166136  14.038470 1.000000 
2455952.186569  14.037809 1.000000 
2455952.207002  14.037722 1.000000 
2455952.227436  14.038032 1.000000 
2455952.268302  14.037892 1.000000 
2455952.288736  14.037845 1.000000 
2455952.309169  14.038066 1.000000 
2455952.329602  14.038005 1.000000 
2455952.350035  14.038132 1.000000 
2455952.370469  14.037956 1.000000 
2455952.390902  14.037642 1.000000 
2455952.411335  14.038203 1.000000 
2455952.431769  14.037698 1.000000 
2455952.452202  14.037874 1.000000 
2455952.472635  14.038077 1.000000 
2455952.493069  14.037825 1.000000 
2455952.513502  14.038650 1.000000 
2455952.533935  14.038066 1.000000 
2455952.554369  14.038110 1.000000 
2455952.574802  14.038231 1.000000 
2455952.595235  14.037990 1.000000 
2455952.615669  14.038192 1.000000 
