2455760.525084  14.037816 1.000000 
2455760.545518  14.037785 1.000000 
2455760.565952  14.038252 1.000000 
2455760.586386  14.037819 1.000000 
2455760.606820  14.037987 1.000000 
2455760.627254  14.038076 1.000000 
2455760.647688  14.038062 1.000000 
2455760.668122  14.038205 1.000000 
2455760.688556  14.037925 1.000000 
2455760.708990  14.038146 1.000000 
2455760.729424  14.037995 1.000000 
2455760.749858  14.037801 1.000000 
2455760.770292  14.037761 1.000000 
2455760.790726  14.038060 1.000000 
2455760.811160  14.037924 1.000000 
2455760.831594  14.038077 1.000000 
2455760.852028  14.038224 1.000000 
2455760.872462  14.037981 1.000000 
2455760.892896  14.037669 1.000000 
2455760.913330  14.037824 1.000000 
2455760.933764  14.038163 1.000000 
2455760.954198  14.037702 1.000000 
2455760.974632  14.037895 1.000000 
2455760.995066  14.037783 1.000000 
2455761.015500  14.038191 1.000000 
2455761.035934  14.037912 1.000000 
2455761.056368  14.037553 1.000000 
2455761.076802  14.037529 1.000000 
2455761.097236  14.038144 1.000000 
2455761.117670  14.037804 1.000000 
2455761.138104  14.037906 1.000000 
2455761.158538  14.037843 1.000000 
2455761.178972  14.037891 1.000000 
2455761.199406  14.037771 1.000000 
2455761.219840  14.037735 1.000000 
2455761.240274  14.037782 1.000000 
2455761.260708  14.037873 1.000000 
2455761.281142  14.037912 1.000000 
2455761.301576  14.038083 1.000000 
2455761.322010  14.037846 1.000000 
2455761.342444  14.037795 1.000000 
2455761.362877  14.037598 1.000000 
2455761.383312  14.037658 1.000000 
2455761.403745  14.037893 1.000000 
2455761.424179  14.037939 1.000000 
2455761.444614  14.037465 1.000000 
2455761.465047  14.038537 1.000000 
2455761.485481  14.045504 1.000000 
2455761.505916  14.048336 1.000000 
2455761.526349  14.049282 1.000000 
2455761.546783  14.049513 1.000000 
2455761.567217  14.049224 1.000000 
2455761.587651  14.048492 1.000000 
2455761.608085  14.046048 1.000000 
2455761.628519  14.039461 1.000000 
2455761.648953  14.037929 1.000000 
2455761.669387  14.037656 1.000000 
2455761.689821  14.037986 1.000000 
2455761.710255  14.038036 1.000000 
2455761.730689  14.038192 1.000000 
2455761.751123  14.037801 1.000000 
2455761.771557  14.037704 1.000000 
2455761.791991  14.037578 1.000000 
2455761.812425  14.038071 1.000000 
2455761.832859  14.037945 1.000000 
2455761.853293  14.037884 1.000000 
2455761.873727  14.037748 1.000000 
2455761.894161  14.038177 1.000000 
2455761.914595  14.037948 1.000000 
2455761.935029  14.037815 1.000000 
2455761.955463  14.038354 1.000000 
2455761.975897  14.038036 1.000000 
2455761.996331  14.037917 1.000000 
2455762.016765  14.038176 1.000000 
2455762.037199  14.037959 1.000000 
2455762.057633  14.037880 1.000000 
2455762.078067  14.037455 1.000000 
2455762.098501  14.038188 1.000000 
2455762.118935  14.037777 1.000000 
2455762.139369  14.037487 1.000000 
2455762.159803  14.037832 1.000000 
2455762.180237  14.037775 1.000000 
2455762.200671  14.038384 1.000000 
2455762.221105  14.038076 1.000000 
2455762.241539  14.038231 1.000000 
2455762.261973  14.038105 1.000000 
2455762.282407  14.038069 1.000000 
2455762.302841  14.037852 1.000000 
2455762.323275  14.037812 1.000000 
2455762.343708  14.037880 1.000000 
2455762.384576  14.037698 1.000000 
2455762.405010  14.038160 1.000000 
2455762.425444  14.037827 1.000000 
2455762.445878  14.037931 1.000000 
2455762.466312  14.037650 1.000000 
2455762.486746  14.037776 1.000000 
2455762.507180  14.037704 1.000000 
2455762.527614  14.037906 1.000000 
2455762.548048  14.037391 1.000000 
2455762.568482  14.037750 1.000000 
