2455328.617871  14.037775 1.000000 
2455328.638306  14.038084 1.000000 
2455328.658740  14.038251 1.000000 
2455328.679175  14.037941 1.000000 
2455328.699610  14.037680 1.000000 
2455328.720044  14.037806 1.000000 
2455328.760913  14.037745 1.000000 
2455328.781348  14.037597 1.000000 
2455328.801783  14.037927 1.000000 
2455328.822217  14.037890 1.000000 
2455328.842652  14.037704 1.000000 
2455328.863086  14.037882 1.000000 
2455328.883521  14.037961 1.000000 
2455328.903956  14.037171 1.000000 
2455328.924390  14.038084 1.000000 
2455328.944825  14.037992 1.000000 
2455328.965259  14.037888 1.000000 
2455328.985694  14.037710 1.000000 
2455329.006128  14.037615 1.000000 
2455329.026563  14.038041 1.000000 
2455329.046998  14.037877 1.000000 
2455329.067432  14.037838 1.000000 
2455329.087867  14.037980 1.000000 
2455329.108301  14.037878 1.000000 
2455329.128736  14.038122 1.000000 
2455329.149171  14.037997 1.000000 
2455329.169605  14.038038 1.000000 
2455329.190040  14.038278 1.000000 
2455329.210474  14.037372 1.000000 
2455329.230909  14.037893 1.000000 
2455329.251344  14.037608 1.000000 
2455329.271778  14.037619 1.000000 
2455329.292213  14.038069 1.000000 
2455329.312647  14.037552 1.000000 
2455329.333082  14.037770 1.000000 
2455329.353517  14.038041 1.000000 
2455329.373951  14.037976 1.000000 
2455329.394386  14.037693 1.000000 
2455329.414820  14.038039 1.000000 
2455329.435255  14.038145 1.000000 
2455329.455690  14.037411 1.000000 
2455329.476124  14.038102 1.000000 
2455329.496559  14.037700 1.000000 
2455329.516993  14.037961 1.000000 
2455329.537428  14.037717 1.000000 
2455329.557863  14.038229 1.000000 
2455329.578297  14.045499 1.000000 
2455329.598732  14.048219 1.000000 
2455329.619166  14.049063 1.000000 
2455329.639601  14.049816 1.000000 
2455329.660035  14.049091 1.000000 
2455329.680470  14.048202 1.000000 
2455329.700905  14.046331 1.000000 
2455329.721339  14.039211 1.000000 
2455329.741774  14.037584 1.000000 
2455329.762209  14.037594 1.000000 
2455329.782643  14.037701 1.000000 
2455329.803078  14.037944 1.000000 
2455329.823512  14.037851 1.000000 
2455329.843947  14.037733 1.000000 
2455329.864382  14.038206 1.000000 
2455329.884816  14.037692 1.000000 
2455329.905251  14.037599 1.000000 
2455329.925685  14.038094 1.000000 
2455329.946120  14.037462 1.000000 
2455329.966555  14.037646 1.000000 
2455329.986989  14.037854 1.000000 
2455330.007424  14.037964 1.000000 
2455330.027858  14.038205 1.000000 
2455330.048293  14.037526 1.000000 
2455330.068727  14.037858 1.000000 
2455330.089162  14.037780 1.000000 
2455330.109597  14.037320 1.000000 
2455330.130031  14.038049 1.000000 
2455330.150466  14.037864 1.000000 
2455330.170900  14.038274 1.000000 
2455330.191335  14.037519 1.000000 
2455330.211770  14.038053 1.000000 
2455330.232204  14.037419 1.000000 
2455330.252639  14.037558 1.000000 
2455330.273073  14.037809 1.000000 
2455330.293508  14.037701 1.000000 
2455330.313942  14.038020 1.000000 
2455330.334377  14.037800 1.000000 
2455330.354812  14.037466 1.000000 
2455330.375246  14.038126 1.000000 
2455330.395681  14.038066 1.000000 
2455330.416116  14.038188 1.000000 
2455330.436550  14.037789 1.000000 
2455330.456985  14.037856 1.000000 
2455330.477419  14.037881 1.000000 
2455330.497854  14.038243 1.000000 
2455330.518289  14.037657 1.000000 
2455330.538723  14.037441 1.000000 
2455330.559158  14.037758 1.000000 
2455330.579592  14.038293 1.000000 
2455330.600027  14.037852 1.000000 
2455330.620462  14.037754 1.000000 
2455330.640896  14.037866 1.000000 
2455330.661331  14.037910 1.000000 
