2455725.970811  14.038240 1.000000 
2455725.991245  14.037658 1.000000 
2455726.011680  14.037953 1.000000 
2455726.032114  14.038038 1.000000 
2455726.052548  14.037773 1.000000 
2455726.072983  14.038416 1.000000 
2455726.093417  14.037757 1.000000 
2455726.113852  14.038144 1.000000 
2455726.134286  14.038000 1.000000 
2455726.154721  14.037521 1.000000 
2455726.175155  14.037784 1.000000 
2455726.195589  14.038039 1.000000 
2455726.216024  14.037618 1.000000 
2455726.236458  14.037839 1.000000 
2455726.256893  14.038334 1.000000 
2455726.277327  14.037658 1.000000 
2455726.297762  14.037770 1.000000 
2455726.318196  14.037656 1.000000 
2455726.338630  14.037707 1.000000 
2455726.359065  14.037785 1.000000 
2455726.379499  14.037878 1.000000 
2455726.399934  14.037931 1.000000 
2455726.420368  14.038000 1.000000 
2455726.440803  14.038370 1.000000 
2455726.461237  14.037781 1.000000 
2455726.481672  14.038231 1.000000 
2455726.502106  14.037902 1.000000 
2455726.522540  14.038055 1.000000 
2455726.542975  14.037749 1.000000 
2455726.563409  14.038200 1.000000 
2455726.583844  14.037552 1.000000 
2455726.604278  14.037541 1.000000 
2455726.624712  14.037979 1.000000 
2455726.645147  14.037923 1.000000 
2455726.665581  14.038210 1.000000 
2455726.686016  14.038447 1.000000 
2455726.706450  14.038116 1.000000 
2455726.726885  14.038244 1.000000 
2455726.747319  14.038009 1.000000 
2455726.767753  14.038067 1.000000 
2455726.788188  14.037854 1.000000 
2455726.808622  14.038260 1.000000 
2455726.829057  14.037782 1.000000 
2455726.849491  14.037383 1.000000 
2455726.869926  14.037742 1.000000 
2455726.890360  14.038089 1.000000 
2455726.910794  14.038527 1.000000 
2455726.931229  14.044767 1.000000 
2455726.951663  14.048698 1.000000 
2455726.972098  14.048992 1.000000 
2455726.992532  14.048925 1.000000 
2455727.012966  14.049161 1.000000 
2455727.033401  14.048906 1.000000 
2455727.053835  14.046345 1.000000 
2455727.074270  14.039646 1.000000 
2455727.094704  14.037823 1.000000 
2455727.115139  14.037513 1.000000 
2455727.135573  14.038170 1.000000 
2455727.156007  14.037893 1.000000 
2455727.176442  14.037913 1.000000 
2455727.196876  14.037643 1.000000 
2455727.217311  14.037989 1.000000 
2455727.237745  14.038049 1.000000 
2455727.258179  14.037521 1.000000 
2455727.278614  14.037709 1.000000 
2455727.299048  14.038255 1.000000 
2455727.319483  14.037822 1.000000 
2455727.339917  14.037535 1.000000 
2455727.360352  14.037569 1.000000 
2455727.380786  14.037724 1.000000 
2455727.401221  14.038003 1.000000 
2455727.421655  14.038130 1.000000 
2455727.442089  14.037612 1.000000 
2455727.462524  14.037850 1.000000 
2455727.482958  14.037512 1.000000 
2455727.503392  14.037800 1.000000 
2455727.523827  14.037751 1.000000 
2455727.544261  14.038158 1.000000 
2455727.564696  14.037999 1.000000 
2455727.585130  14.037751 1.000000 
2455727.605565  14.037747 1.000000 
2455727.625999  14.038279 1.000000 
2455727.646433  14.038097 1.000000 
2455727.666868  14.037986 1.000000 
2455727.687302  14.038144 1.000000 
2455727.707737  14.037501 1.000000 
2455727.728171  14.037999 1.000000 
2455727.748605  14.037768 1.000000 
2455727.769040  14.037900 1.000000 
2455727.789474  14.038158 1.000000 
2455727.809909  14.037552 1.000000 
2455727.830343  14.037424 1.000000 
2455727.850777  14.037321 1.000000 
2455727.871212  14.037799 1.000000 
2455727.912081  14.037592 1.000000 
2455727.932515  14.037881 1.000000 
2455727.952950  14.037928 1.000000 
2455727.973384  14.038078 1.000000 
2455727.993818  14.038015 1.000000 
2455728.014253  14.038056 1.000000 
