2455846.917129  14.038700 1.000000 
2455846.937562  14.037979 1.000000 
2455846.957995  14.038153 1.000000 
2455846.978428  14.038205 1.000000 
2455846.998860  14.038608 1.000000 
2455847.019293  14.038410 1.000000 
2455847.039726  14.037363 1.000000 
2455847.060158  14.037769 1.000000 
2455847.080591  14.037497 1.000000 
2455847.101024  14.038552 1.000000 
2455847.121457  14.038132 1.000000 
2455847.141889  14.037688 1.000000 
2455847.162322  14.038141 1.000000 
2455847.182755  14.037921 1.000000 
2455847.203188  14.038386 1.000000 
2455847.223620  14.038182 1.000000 
2455847.244053  14.038122 1.000000 
2455847.264486  14.038240 1.000000 
2455847.284918  14.038153 1.000000 
2455847.305351  14.038254 1.000000 
2455847.325784  14.038042 1.000000 
2455847.346216  14.037995 1.000000 
2455847.387082  14.037774 1.000000 
2455847.407514  14.038251 1.000000 
2455847.427947  14.038049 1.000000 
2455847.448380  14.038167 1.000000 
2455847.468813  14.037920 1.000000 
2455847.489245  14.037610 1.000000 
2455847.509678  14.038410 1.000000 
2455847.530111  14.036964 1.000000 
2455847.550544  14.037920 1.000000 
2455847.570976  14.037833 1.000000 
2455847.591409  14.037429 1.000000 
2455847.611842  14.038153 1.000000 
2455847.632274  14.037421 1.000000 
2455847.652707  14.038213 1.000000 
2455847.673140  14.037879 1.000000 
2455847.693572  14.038639 1.000000 
2455847.714005  14.037937 1.000000 
2455847.734438  14.038201 1.000000 
2455847.754871  14.037760 1.000000 
2455847.775303  14.037632 1.000000 
2455847.795736  14.038061 1.000000 
2455847.816169  14.038024 1.000000 
2455847.836601  14.037764 1.000000 
2455847.857034  14.042275 1.000000 
2455847.877467  14.046804 1.000000 
2455847.897900  14.048610 1.000000 
2455847.918332  14.048333 1.000000 
2455847.938765  14.049820 1.000000 
2455847.959198  14.048780 1.000000 
2455847.979630  14.047390 1.000000 
2455848.000063  14.043271 1.000000 
2455848.020496  14.037549 1.000000 
2455848.040928  14.038180 1.000000 
2455848.061361  14.037855 1.000000 
2455848.081794  14.038366 1.000000 
2455848.102227  14.038140 1.000000 
2455848.122659  14.037625 1.000000 
2455848.143092  14.038556 1.000000 
2455848.163525  14.037489 1.000000 
2455848.183957  14.038267 1.000000 
2455848.224823  14.037876 1.000000 
2455848.245256  14.037974 1.000000 
2455848.265688  14.037340 1.000000 
2455848.286121  14.038008 1.000000 
2455848.306554  14.037531 1.000000 
2455848.326986  14.037926 1.000000 
2455848.347419  14.038213 1.000000 
2455848.367852  14.037601 1.000000 
2455848.388284  14.037781 1.000000 
2455848.408717  14.037323 1.000000 
2455848.429150  14.037309 1.000000 
2455848.449583  14.038341 1.000000 
2455848.470015  14.038245 1.000000 
2455848.490448  14.038087 1.000000 
2455848.510881  14.037876 1.000000 
2455848.531313  14.038232 1.000000 
2455848.551746  14.037766 1.000000 
2455848.572179  14.038050 1.000000 
2455848.592611  14.038244 1.000000 
2455848.613044  14.038052 1.000000 
2455848.633477  14.038482 1.000000 
2455848.653910  14.037777 1.000000 
2455848.674342  14.038960 1.000000 
2455848.694775  14.037752 1.000000 
2455848.715208  14.038015 1.000000 
2455848.756073  14.038452 1.000000 
2455848.776506  14.038740 1.000000 
2455848.796938  14.037869 1.000000 
2455848.817371  14.038793 1.000000 
2455848.837804  14.038193 1.000000 
2455848.858237  14.037870 1.000000 
2455848.878669  14.038036 1.000000 
2455848.899102  14.038435 1.000000 
2455848.919535  14.038539 1.000000 
2455848.939967  14.038012 1.000000 
2455848.960400  14.038465 1.000000 
