2455345.885071  14.037992 1.000000 
2455345.905506  14.037579 1.000000 
2455345.925940  14.038182 1.000000 
2455345.946375  14.037796 1.000000 
2455345.966809  14.037794 1.000000 
2455345.987244  14.037578 1.000000 
2455346.007678  14.038292 1.000000 
2455346.028113  14.038021 1.000000 
2455346.048547  14.038028 1.000000 
2455346.068981  14.037947 1.000000 
2455346.089416  14.037880 1.000000 
2455346.109851  14.038203 1.000000 
2455346.130285  14.037610 1.000000 
2455346.150720  14.037984 1.000000 
2455346.171154  14.037772 1.000000 
2455346.191589  14.038321 1.000000 
2455346.212023  14.037714 1.000000 
2455346.232458  14.037461 1.000000 
2455346.252892  14.037950 1.000000 
2455346.273327  14.038213 1.000000 
2455346.293761  14.037888 1.000000 
2455346.314196  14.038306 1.000000 
2455346.334630  14.038007 1.000000 
2455346.355065  14.037565 1.000000 
2455346.375499  14.037485 1.000000 
2455346.395934  14.037960 1.000000 
2455346.416368  14.037927 1.000000 
2455346.436803  14.037901 1.000000 
2455346.457237  14.037702 1.000000 
2455346.477672  14.038256 1.000000 
2455346.498106  14.038190 1.000000 
2455346.518541  14.037813 1.000000 
2455346.538975  14.037917 1.000000 
2455346.559410  14.037930 1.000000 
2455346.579844  14.037853 1.000000 
2455346.600279  14.038186 1.000000 
2455346.620713  14.037926 1.000000 
2455346.641147  14.037636 1.000000 
2455346.661582  14.037437 1.000000 
2455346.682016  14.037968 1.000000 
2455346.702451  14.037773 1.000000 
2455346.722886  14.038040 1.000000 
2455346.743320  14.037745 1.000000 
2455346.763755  14.037911 1.000000 
2455346.784189  14.037273 1.000000 
2455346.804623  14.037762 1.000000 
2455346.825058  14.037607 1.000000 
2455346.845492  14.042482 1.000000 
2455346.865927  14.047360 1.000000 
2455346.886361  14.048577 1.000000 
2455346.906796  14.048706 1.000000 
2455346.927230  14.049380 1.000000 
2455346.947665  14.048380 1.000000 
2455346.968100  14.047253 1.000000 
2455346.988534  14.042232 1.000000 
2455347.008968  14.037965 1.000000 
2455347.029403  14.037787 1.000000 
2455347.049837  14.037845 1.000000 
2455347.070272  14.037669 1.000000 
2455347.090706  14.038072 1.000000 
2455347.111141  14.037620 1.000000 
2455347.131575  14.038017 1.000000 
2455347.152010  14.038182 1.000000 
2455347.172444  14.037555 1.000000 
2455347.192879  14.038111 1.000000 
2455347.213313  14.037440 1.000000 
2455347.233748  14.037867 1.000000 
2455347.254182  14.037380 1.000000 
2455347.274617  14.037780 1.000000 
2455347.295051  14.037826 1.000000 
2455347.315486  14.038199 1.000000 
2455347.335920  14.037938 1.000000 
2455347.356355  14.037490 1.000000 
2455347.376789  14.037748 1.000000 
2455347.397224  14.037779 1.000000 
2455347.417658  14.038045 1.000000 
2455347.438093  14.037626 1.000000 
2455347.458527  14.037991 1.000000 
2455347.478962  14.037429 1.000000 
2455347.499396  14.038366 1.000000 
2455347.519831  14.037989 1.000000 
2455347.540265  14.037631 1.000000 
2455347.560700  14.037897 1.000000 
2455347.581134  14.037865 1.000000 
2455347.601569  14.037734 1.000000 
2455347.622003  14.038019 1.000000 
2455347.642438  14.037563 1.000000 
2455347.662872  14.038246 1.000000 
2455347.683306  14.037559 1.000000 
2455347.703741  14.037812 1.000000 
2455347.724176  14.037814 1.000000 
2455347.744610  14.038133 1.000000 
2455347.765045  14.037953 1.000000 
2455347.785479  14.038313 1.000000 
2455347.805914  14.037896 1.000000 
2455347.826348  14.037929 1.000000 
2455347.846782  14.038221 1.000000 
2455347.867217  14.038080 1.000000 
2455347.887651  14.037935 1.000000 
2455347.908086  14.037938 1.000000 
2455347.928520  14.037511 1.000000 
2455347.948955  14.038381 1.000000 
