2455570.487135  14.037929 1.000000 
2455570.507569  14.037530 1.000000 
2455570.528002  14.038160 1.000000 
2455570.548435  14.038133 1.000000 
2455570.568868  14.037650 1.000000 
2455570.589301  14.037974 1.000000 
2455570.609734  14.037905 1.000000 
2455570.630167  14.038044 1.000000 
2455570.650600  14.037860 1.000000 
2455570.671034  14.038014 1.000000 
2455570.691467  14.037952 1.000000 
2455570.711900  14.037795 1.000000 
2455570.732333  14.037933 1.000000 
2455570.752766  14.038069 1.000000 
2455570.773199  14.037885 1.000000 
2455570.793632  14.038177 1.000000 
2455570.814066  14.037853 1.000000 
2455570.834499  14.037410 1.000000 
2455570.854932  14.037813 1.000000 
2455570.875365  14.037910 1.000000 
2455570.895798  14.037996 1.000000 
2455570.916231  14.037555 1.000000 
2455570.936664  14.038197 1.000000 
2455570.957098  14.037714 1.000000 
2455570.977531  14.037654 1.000000 
2455570.997964  14.037707 1.000000 
2455571.018397  14.037932 1.000000 
2455571.038830  14.037897 1.000000 
2455571.059263  14.038165 1.000000 
2455571.079696  14.037709 1.000000 
2455571.100129  14.037871 1.000000 
2455571.120563  14.038218 1.000000 
2455571.140996  14.037966 1.000000 
2455571.161429  14.037535 1.000000 
2455571.181862  14.038055 1.000000 
2455571.202295  14.037356 1.000000 
2455571.222728  14.037940 1.000000 
2455571.243161  14.037973 1.000000 
2455571.263595  14.037538 1.000000 
2455571.284028  14.037717 1.000000 
2455571.304461  14.037541 1.000000 
2455571.324894  14.037561 1.000000 
2455571.345327  14.037958 1.000000 
2455571.365760  14.037917 1.000000 
2455571.386193  14.038015 1.000000 
2455571.406627  14.038180 1.000000 
2455571.427060  14.038897 1.000000 
2455571.447493  14.046407 1.000000 
2455571.467926  14.048386 1.000000 
2455571.488359  14.049361 1.000000 
2455571.508792  14.049954 1.000000 
2455571.529225  14.049168 1.000000 
2455571.549659  14.048644 1.000000 
2455571.570092  14.045736 1.000000 
2455571.590525  14.039111 1.000000 
2455571.610958  14.037914 1.000000 
2455571.631391  14.038120 1.000000 
2455571.651824  14.037746 1.000000 
2455571.672257  14.037838 1.000000 
2455571.692691  14.037647 1.000000 
2455571.713124  14.037768 1.000000 
2455571.733557  14.037533 1.000000 
2455571.753990  14.037275 1.000000 
2455571.774423  14.038018 1.000000 
2455571.794856  14.038033 1.000000 
2455571.815290  14.037822 1.000000 
2455571.835723  14.037562 1.000000 
2455571.856156  14.038097 1.000000 
2455571.876589  14.037921 1.000000 
2455571.897022  14.038050 1.000000 
2455571.917455  14.038270 1.000000 
2455571.937888  14.038058 1.000000 
2455571.958322  14.037827 1.000000 
2455571.978755  14.038254 1.000000 
2455571.999188  14.038021 1.000000 
2455572.019621  14.037974 1.000000 
2455572.040054  14.038194 1.000000 
2455572.060487  14.038199 1.000000 
2455572.080921  14.038151 1.000000 
2455572.101354  14.038072 1.000000 
2455572.121787  14.037721 1.000000 
2455572.142220  14.038150 1.000000 
2455572.162653  14.038197 1.000000 
2455572.183086  14.037463 1.000000 
2455572.203519  14.037616 1.000000 
2455572.223953  14.037503 1.000000 
2455572.244386  14.037886 1.000000 
2455572.264819  14.037904 1.000000 
2455572.285252  14.037878 1.000000 
2455572.305685  14.038214 1.000000 
2455572.326118  14.038069 1.000000 
2455572.346552  14.037778 1.000000 
2455572.366985  14.038180 1.000000 
2455572.387418  14.038129 1.000000 
2455572.407851  14.038135 1.000000 
2455572.428284  14.038013 1.000000 
2455572.448717  14.038198 1.000000 
2455572.469151  14.037700 1.000000 
2455572.489584  14.038075 1.000000 
2455572.510017  14.038428 1.000000 
2455572.530450  14.037924 1.000000 
