2455605.040067  14.037947 1.000000 
2455605.060501  14.038052 1.000000 
2455605.080935  14.037981 1.000000 
2455605.101368  14.038202 1.000000 
2455605.121802  14.037876 1.000000 
2455605.142236  14.038128 1.000000 
2455605.162670  14.038002 1.000000 
2455605.183103  14.037588 1.000000 
2455605.203537  14.037955 1.000000 
2455605.223971  14.037755 1.000000 
2455605.244405  14.037756 1.000000 
2455605.264838  14.038007 1.000000 
2455605.285272  14.037894 1.000000 
2455605.305706  14.037868 1.000000 
2455605.326140  14.037808 1.000000 
2455605.346574  14.038098 1.000000 
2455605.367007  14.038153 1.000000 
2455605.387441  14.037793 1.000000 
2455605.407875  14.038025 1.000000 
2455605.428309  14.037770 1.000000 
2455605.448742  14.037786 1.000000 
2455605.469176  14.038047 1.000000 
2455605.489610  14.038107 1.000000 
2455605.510044  14.037804 1.000000 
2455605.530477  14.037559 1.000000 
2455605.550911  14.037904 1.000000 
2455605.571345  14.038006 1.000000 
2455605.591779  14.037906 1.000000 
2455605.612213  14.037793 1.000000 
2455605.632646  14.037808 1.000000 
2455605.653080  14.037714 1.000000 
2455605.673514  14.038243 1.000000 
2455605.693948  14.037988 1.000000 
2455605.714381  14.037903 1.000000 
2455605.734815  14.037190 1.000000 
2455605.755249  14.037947 1.000000 
2455605.775683  14.038283 1.000000 
2455605.796117  14.037833 1.000000 
2455605.816550  14.038223 1.000000 
2455605.836984  14.038227 1.000000 
2455605.877852  14.038023 1.000000 
2455605.898285  14.037870 1.000000 
2455605.918719  14.037831 1.000000 
2455605.939153  14.037774 1.000000 
2455605.959587  14.038222 1.000000 
2455605.980020  14.039035 1.000000 
2455606.000454  14.045869 1.000000 
2455606.020888  14.048500 1.000000 
2455606.041322  14.049442 1.000000 
2455606.061756  14.049547 1.000000 
2455606.082189  14.048861 1.000000 
2455606.102623  14.048434 1.000000 
2455606.123057  14.046183 1.000000 
2455606.143491  14.039023 1.000000 
2455606.163924  14.037859 1.000000 
2455606.184358  14.037898 1.000000 
2455606.204792  14.037703 1.000000 
2455606.225226  14.038311 1.000000 
2455606.245660  14.037808 1.000000 
2455606.266093  14.037849 1.000000 
2455606.286527  14.037758 1.000000 
2455606.306961  14.037812 1.000000 
2455606.327395  14.037623 1.000000 
2455606.347828  14.037610 1.000000 
2455606.368262  14.037748 1.000000 
2455606.388696  14.037919 1.000000 
2455606.409130  14.037773 1.000000 
2455606.429564  14.037817 1.000000 
2455606.449998  14.037835 1.000000 
2455606.470431  14.038147 1.000000 
2455606.490865  14.037964 1.000000 
2455606.511299  14.037728 1.000000 
2455606.531733  14.037831 1.000000 
2455606.552166  14.038069 1.000000 
2455606.572600  14.037803 1.000000 
2455606.593034  14.038204 1.000000 
2455606.613468  14.037692 1.000000 
2455606.633902  14.038174 1.000000 
2455606.654335  14.038200 1.000000 
2455606.674769  14.038029 1.000000 
2455606.695203  14.038234 1.000000 
2455606.715637  14.038189 1.000000 
2455606.736070  14.037960 1.000000 
2455606.756504  14.037482 1.000000 
2455606.776938  14.037397 1.000000 
2455606.797372  14.038039 1.000000 
2455606.817806  14.037602 1.000000 
2455606.838239  14.037752 1.000000 
2455606.858673  14.038058 1.000000 
2455606.879107  14.038093 1.000000 
2455606.899541  14.037850 1.000000 
2455606.919974  14.037803 1.000000 
2455606.940408  14.038064 1.000000 
2455606.960842  14.037562 1.000000 
2455606.981276  14.037713 1.000000 
2455607.001710  14.038107 1.000000 
2455607.022143  14.038092 1.000000 
2455607.042577  14.038110 1.000000 
2455607.063011  14.037885 1.000000 
2455607.083445  14.038250 1.000000 
