2455708.703656  14.038102 1.000000 
2455708.724091  14.038154 1.000000 
2455708.744525  14.037967 1.000000 
2455708.764960  14.038288 1.000000 
2455708.785394  14.037936 1.000000 
2455708.805829  14.037803 1.000000 
2455708.826263  14.037912 1.000000 
2455708.846698  14.037618 1.000000 
2455708.867133  14.037953 1.000000 
2455708.887567  14.037668 1.000000 
2455708.908002  14.038098 1.000000 
2455708.928436  14.037800 1.000000 
2455708.948871  14.038232 1.000000 
2455708.969305  14.037772 1.000000 
2455708.989740  14.037771 1.000000 
2455709.010175  14.038156 1.000000 
2455709.030609  14.037584 1.000000 
2455709.051044  14.038299 1.000000 
2455709.071478  14.038090 1.000000 
2455709.091913  14.038216 1.000000 
2455709.112347  14.038011 1.000000 
2455709.132782  14.038158 1.000000 
2455709.153216  14.037844 1.000000 
2455709.173651  14.037801 1.000000 
2455709.194086  14.038107 1.000000 
2455709.214520  14.037872 1.000000 
2455709.234955  14.037919 1.000000 
2455709.255389  14.037553 1.000000 
2455709.275824  14.038113 1.000000 
2455709.296258  14.037139 1.000000 
2455709.316693  14.037612 1.000000 
2455709.337128  14.037598 1.000000 
2455709.357562  14.038096 1.000000 
2455709.377997  14.037693 1.000000 
2455709.398431  14.037797 1.000000 
2455709.418866  14.037817 1.000000 
2455709.439300  14.037945 1.000000 
2455709.459735  14.037609 1.000000 
2455709.480169  14.037817 1.000000 
2455709.500604  14.038033 1.000000 
2455709.521039  14.037404 1.000000 
2455709.541473  14.038283 1.000000 
2455709.561908  14.037743 1.000000 
2455709.582342  14.037694 1.000000 
2455709.602777  14.037761 1.000000 
2455709.623211  14.038139 1.000000 
2455709.643646  14.041225 1.000000 
2455709.664081  14.046561 1.000000 
2455709.684515  14.048560 1.000000 
2455709.704950  14.049169 1.000000 
2455709.725384  14.049257 1.000000 
2455709.745819  14.048668 1.000000 
2455709.766253  14.047892 1.000000 
2455709.786688  14.043794 1.000000 
2455709.807122  14.038022 1.000000 
2455709.827557  14.037592 1.000000 
2455709.847992  14.037975 1.000000 
2455709.868426  14.037683 1.000000 
2455709.888861  14.037647 1.000000 
2455709.909295  14.037300 1.000000 
2455709.929730  14.038228 1.000000 
2455709.950164  14.037655 1.000000 
2455709.970599  14.037787 1.000000 
2455710.011468  14.037597 1.000000 
2455710.031902  14.038183 1.000000 
2455710.052337  14.038107 1.000000 
2455710.072772  14.037687 1.000000 
2455710.093206  14.037663 1.000000 
2455710.113641  14.037855 1.000000 
2455710.134075  14.037652 1.000000 
2455710.154510  14.038062 1.000000 
2455710.174944  14.037386 1.000000 
2455710.195379  14.038040 1.000000 
2455710.215813  14.038164 1.000000 
2455710.236248  14.038111 1.000000 
2455710.256683  14.038367 1.000000 
2455710.277117  14.037705 1.000000 
2455710.297552  14.037706 1.000000 
2455710.317986  14.037830 1.000000 
2455710.338421  14.038132 1.000000 
2455710.358855  14.038248 1.000000 
2455710.379290  14.038412 1.000000 
2455710.399724  14.037858 1.000000 
2455710.420159  14.038360 1.000000 
2455710.440594  14.037985 1.000000 
2455710.461028  14.037977 1.000000 
2455710.481463  14.038117 1.000000 
2455710.501897  14.038370 1.000000 
2455710.522332  14.038113 1.000000 
2455710.542766  14.037985 1.000000 
2455710.563201  14.038210 1.000000 
2455710.583635  14.038332 1.000000 
2455710.604070  14.038152 1.000000 
2455710.624505  14.038049 1.000000 
2455710.644939  14.037848 1.000000 
2455710.665373  14.038073 1.000000 
2455710.685808  14.038410 1.000000 
2455710.706243  14.037682 1.000000 
2455710.726677  14.038151 1.000000 
2455710.747112  14.038031 1.000000 
