2455674.148734  14.038222 1.000000 
2455674.169169  14.038297 1.000000 
2455674.189603  14.037819 1.000000 
2455674.210038  14.037984 1.000000 
2455674.230473  14.038148 1.000000 
2455674.250907  14.038028 1.000000 
2455674.271342  14.037499 1.000000 
2455674.291776  14.038092 1.000000 
2455674.312211  14.037859 1.000000 
2455674.332646  14.037648 1.000000 
2455674.353080  14.037796 1.000000 
2455674.373515  14.038156 1.000000 
2455674.393949  14.038060 1.000000 
2455674.414384  14.037568 1.000000 
2455674.434819  14.038155 1.000000 
2455674.455253  14.038009 1.000000 
2455674.475688  14.038331 1.000000 
2455674.496122  14.037890 1.000000 
2455674.516557  14.038120 1.000000 
2455674.536992  14.037609 1.000000 
2455674.557426  14.037930 1.000000 
2455674.577861  14.037738 1.000000 
2455674.598295  14.038372 1.000000 
2455674.618730  14.037982 1.000000 
2455674.639164  14.037951 1.000000 
2455674.659599  14.038088 1.000000 
2455674.680034  14.038169 1.000000 
2455674.700468  14.037715 1.000000 
2455674.720903  14.038088 1.000000 
2455674.741338  14.037633 1.000000 
2455674.761772  14.037706 1.000000 
2455674.782207  14.037824 1.000000 
2455674.802641  14.037399 1.000000 
2455674.823076  14.037589 1.000000 
2455674.843511  14.038090 1.000000 
2455674.863945  14.037348 1.000000 
2455674.884380  14.038103 1.000000 
2455674.904814  14.038320 1.000000 
2455674.925249  14.037771 1.000000 
2455674.945684  14.037746 1.000000 
2455674.966118  14.037702 1.000000 
2455674.986553  14.037494 1.000000 
2455675.006988  14.037800 1.000000 
2455675.027422  14.037896 1.000000 
2455675.047857  14.037832 1.000000 
2455675.068291  14.038366 1.000000 
2455675.088726  14.039901 1.000000 
2455675.109160  14.046498 1.000000 
2455675.129595  14.048655 1.000000 
2455675.150030  14.049063 1.000000 
2455675.170464  14.049190 1.000000 
2455675.190899  14.048974 1.000000 
2455675.211334  14.047621 1.000000 
2455675.231768  14.045192 1.000000 
2455675.252203  14.038126 1.000000 
2455675.272637  14.037648 1.000000 
2455675.293072  14.038142 1.000000 
2455675.313506  14.038274 1.000000 
2455675.333941  14.037670 1.000000 
2455675.354376  14.038094 1.000000 
2455675.374810  14.037796 1.000000 
2455675.395245  14.037973 1.000000 
2455675.415679  14.037960 1.000000 
2455675.436114  14.037870 1.000000 
2455675.456549  14.037785 1.000000 
2455675.476983  14.038226 1.000000 
2455675.497418  14.037867 1.000000 
2455675.517853  14.037982 1.000000 
2455675.538287  14.037794 1.000000 
2455675.558722  14.037610 1.000000 
2455675.579156  14.038148 1.000000 
2455675.599591  14.037965 1.000000 
2455675.620026  14.037623 1.000000 
2455675.640460  14.037825 1.000000 
2455675.660895  14.038060 1.000000 
2455675.681329  14.037956 1.000000 
2455675.701764  14.037911 1.000000 
2455675.722198  14.037454 1.000000 
2455675.742633  14.037516 1.000000 
2455675.763068  14.037942 1.000000 
2455675.783502  14.037759 1.000000 
2455675.803937  14.037932 1.000000 
2455675.824371  14.037536 1.000000 
2455675.844806  14.038058 1.000000 
2455675.865241  14.038016 1.000000 
2455675.885675  14.037678 1.000000 
2455675.906110  14.037747 1.000000 
2455675.926545  14.038178 1.000000 
2455675.946979  14.038125 1.000000 
2455675.967414  14.037846 1.000000 
2455675.987848  14.037670 1.000000 
2455676.008283  14.038411 1.000000 
2455676.028718  14.038066 1.000000 
2455676.049152  14.037827 1.000000 
2455676.069587  14.037711 1.000000 
2455676.090021  14.038248 1.000000 
2455676.110456  14.037846 1.000000 
2455676.130891  14.037990 1.000000 
2455676.151325  14.038080 1.000000 
2455676.171760  14.037864 1.000000 
2455676.192195  14.037756 1.000000 
