2455743.258251  14.038027 1.000000 
2455743.278685  14.037980 1.000000 
2455743.299120  14.037868 1.000000 
2455743.319554  14.037741 1.000000 
2455743.339988  14.037976 1.000000 
2455743.360422  14.037687 1.000000 
2455743.380857  14.037834 1.000000 
2455743.401291  14.037578 1.000000 
2455743.421725  14.038008 1.000000 
2455743.442159  14.037954 1.000000 
2455743.462594  14.037733 1.000000 
2455743.483028  14.037746 1.000000 
2455743.503462  14.038099 1.000000 
2455743.523896  14.037699 1.000000 
2455743.544331  14.037521 1.000000 
2455743.564765  14.038125 1.000000 
2455743.585199  14.037368 1.000000 
2455743.605633  14.037890 1.000000 
2455743.626067  14.038093 1.000000 
2455743.646502  14.038506 1.000000 
2455743.666936  14.037935 1.000000 
2455743.687370  14.038109 1.000000 
2455743.707804  14.037892 1.000000 
2455743.728239  14.038320 1.000000 
2455743.748673  14.037368 1.000000 
2455743.769107  14.037968 1.000000 
2455743.789541  14.037616 1.000000 
2455743.809976  14.037931 1.000000 
2455743.830410  14.038233 1.000000 
2455743.850844  14.038329 1.000000 
2455743.871278  14.037992 1.000000 
2455743.891712  14.037842 1.000000 
2455743.912147  14.037991 1.000000 
2455743.932581  14.038319 1.000000 
2455743.953015  14.037587 1.000000 
2455743.973449  14.037717 1.000000 
2455743.993883  14.037402 1.000000 
2455744.014318  14.038184 1.000000 
2455744.034752  14.037988 1.000000 
2455744.055186  14.037873 1.000000 
2455744.075620  14.038096 1.000000 
2455744.096055  14.037966 1.000000 
2455744.116489  14.038042 1.000000 
2455744.136923  14.037594 1.000000 
2455744.157357  14.038476 1.000000 
2455744.177792  14.038031 1.000000 
2455744.198226  14.041676 1.000000 
2455744.218660  14.047266 1.000000 
2455744.239094  14.048421 1.000000 
2455744.259529  14.049336 1.000000 
2455744.279963  14.049717 1.000000 
2455744.300397  14.048978 1.000000 
2455744.320831  14.047986 1.000000 
2455744.341265  14.043642 1.000000 
2455744.361700  14.037984 1.000000 
2455744.382134  14.037729 1.000000 
2455744.402568  14.037787 1.000000 
2455744.423002  14.037764 1.000000 
2455744.443437  14.037782 1.000000 
2455744.463871  14.037658 1.000000 
2455744.484305  14.038042 1.000000 
2455744.504739  14.037742 1.000000 
2455744.525174  14.037882 1.000000 
2455744.545608  14.037828 1.000000 
2455744.566042  14.038060 1.000000 
2455744.586476  14.038145 1.000000 
2455744.606910  14.037745 1.000000 
2455744.627345  14.037986 1.000000 
2455744.647779  14.037909 1.000000 
2455744.668213  14.037762 1.000000 
2455744.688647  14.038349 1.000000 
2455744.709081  14.037899 1.000000 
2455744.729516  14.037665 1.000000 
2455744.749950  14.038115 1.000000 
2455744.770384  14.037559 1.000000 
2455744.790818  14.037845 1.000000 
2455744.811253  14.037705 1.000000 
2455744.831687  14.037983 1.000000 
2455744.852121  14.038074 1.000000 
2455744.872555  14.038069 1.000000 
2455744.892989  14.037893 1.000000 
2455744.913424  14.037577 1.000000 
2455744.954292  14.037996 1.000000 
2455744.974726  14.038185 1.000000 
2455744.995161  14.037590 1.000000 
2455745.015595  14.037839 1.000000 
2455745.036029  14.037536 1.000000 
2455745.056463  14.037606 1.000000 
2455745.076897  14.038066 1.000000 
2455745.097332  14.037674 1.000000 
2455745.117766  14.038103 1.000000 
2455745.138200  14.037651 1.000000 
2455745.158634  14.038108 1.000000 
2455745.179068  14.037554 1.000000 
2455745.199503  14.038095 1.000000 
2455745.219937  14.037367 1.000000 
2455745.240371  14.037834 1.000000 
2455745.260805  14.038133 1.000000 
2455745.281240  14.038191 1.000000 
2455745.301674  14.038214 1.000000 
