2455276.795815  14.037717 1.000000 
2455276.816250  14.038171 1.000000 
2455276.836684  14.038204 1.000000 
2455276.857119  14.037728 1.000000 
2455276.877553  14.037857 1.000000 
2455276.897988  14.037837 1.000000 
2455276.918422  14.037671 1.000000 
2455276.938856  14.037967 1.000000 
2455276.959291  14.037781 1.000000 
2455276.979725  14.037626 1.000000 
2455277.000160  14.038088 1.000000 
2455277.020594  14.037543 1.000000 
2455277.041029  14.038126 1.000000 
2455277.061463  14.038413 1.000000 
2455277.081897  14.037773 1.000000 
2455277.102332  14.037882 1.000000 
2455277.122766  14.037945 1.000000 
2455277.143200  14.037950 1.000000 
2455277.163635  14.037989 1.000000 
2455277.184069  14.037996 1.000000 
2455277.204504  14.038349 1.000000 
2455277.224938  14.037819 1.000000 
2455277.245373  14.037631 1.000000 
2455277.265807  14.037986 1.000000 
2455277.286241  14.038341 1.000000 
2455277.306676  14.038070 1.000000 
2455277.327110  14.037683 1.000000 
2455277.347545  14.037885 1.000000 
2455277.367979  14.037664 1.000000 
2455277.388414  14.037834 1.000000 
2455277.408848  14.038082 1.000000 
2455277.429282  14.037766 1.000000 
2455277.449717  14.037786 1.000000 
2455277.470151  14.037909 1.000000 
2455277.490586  14.037795 1.000000 
2455277.511020  14.038244 1.000000 
2455277.531454  14.037757 1.000000 
2455277.551889  14.037853 1.000000 
2455277.572323  14.037675 1.000000 
2455277.592758  14.037890 1.000000 
2455277.613192  14.037913 1.000000 
2455277.633627  14.037960 1.000000 
2455277.674495  14.037764 1.000000 
2455277.694930  14.038211 1.000000 
2455277.715364  14.037734 1.000000 
2455277.735799  14.040791 1.000000 
2455277.756233  14.047023 1.000000 
2455277.776667  14.048673 1.000000 
2455277.797102  14.048851 1.000000 
2455277.817536  14.049104 1.000000 
2455277.837971  14.048522 1.000000 
2455277.858405  14.047149 1.000000 
2455277.878840  14.044405 1.000000 
2455277.899274  14.038238 1.000000 
2455277.919708  14.037700 1.000000 
2455277.960577  14.037802 1.000000 
2455277.981012  14.037821 1.000000 
2455278.001446  14.037988 1.000000 
2455278.021880  14.037672 1.000000 
2455278.042315  14.038033 1.000000 
2455278.062749  14.038026 1.000000 
2455278.083184  14.037577 1.000000 
2455278.103618  14.037575 1.000000 
2455278.124053  14.037898 1.000000 
2455278.144487  14.037917 1.000000 
2455278.164921  14.038235 1.000000 
2455278.185356  14.038149 1.000000 
2455278.205790  14.038024 1.000000 
2455278.226225  14.037845 1.000000 
2455278.246659  14.038182 1.000000 
2455278.267094  14.037902 1.000000 
2455278.287528  14.038158 1.000000 
2455278.307963  14.037926 1.000000 
2455278.328397  14.037931 1.000000 
2455278.348831  14.037836 1.000000 
2455278.369266  14.037893 1.000000 
2455278.389700  14.038098 1.000000 
2455278.410135  14.037853 1.000000 
2455278.430569  14.038605 1.000000 
2455278.451003  14.037923 1.000000 
2455278.471438  14.038062 1.000000 
2455278.491872  14.038153 1.000000 
2455278.512307  14.037782 1.000000 
2455278.532741  14.038122 1.000000 
2455278.553176  14.037665 1.000000 
2455278.573610  14.037837 1.000000 
2455278.594045  14.038004 1.000000 
2455278.614479  14.038099 1.000000 
2455278.634913  14.037719 1.000000 
2455278.655348  14.037621 1.000000 
2455278.675782  14.037869 1.000000 
2455278.696217  14.037629 1.000000 
2455278.716651  14.037904 1.000000 
2455278.737085  14.038075 1.000000 
2455278.757520  14.037748 1.000000 
2455278.777954  14.037895 1.000000 
2455278.798389  14.037766 1.000000 
2455278.818823  14.038032 1.000000 
2455278.839258  14.037989 1.000000 
