2455484.097729  14.038200 1.000000 
2455484.118162  14.037822 1.000000 
2455484.138594  14.038422 1.000000 
2455484.159027  14.038030 1.000000 
2455484.179460  14.038227 1.000000 
2455484.199892  14.038355 1.000000 
2455484.220325  14.037994 1.000000 
2455484.240757  14.038166 1.000000 
2455484.261190  14.037844 1.000000 
2455484.281623  14.037965 1.000000 
2455484.302055  14.038178 1.000000 
2455484.322488  14.037216 1.000000 
2455484.342921  14.037739 1.000000 
2455484.363353  14.038432 1.000000 
2455484.383786  14.038554 1.000000 
2455484.404219  14.038207 1.000000 
2455484.424651  14.037594 1.000000 
2455484.445084  14.038231 1.000000 
2455484.465517  14.037969 1.000000 
2455484.485949  14.037753 1.000000 
2455484.506382  14.037660 1.000000 
2455484.526814  14.038041 1.000000 
2455484.547247  14.037953 1.000000 
2455484.567680  14.038101 1.000000 
2455484.588112  14.037862 1.000000 
2455484.608545  14.037961 1.000000 
2455484.628978  14.037859 1.000000 
2455484.649410  14.037902 1.000000 
2455484.669843  14.037260 1.000000 
2455484.690276  14.038271 1.000000 
2455484.710708  14.038202 1.000000 
2455484.731141  14.038002 1.000000 
2455484.751573  14.038197 1.000000 
2455484.772006  14.037724 1.000000 
2455484.792439  14.037917 1.000000 
2455484.812871  14.037704 1.000000 
2455484.833304  14.038260 1.000000 
2455484.853736  14.037654 1.000000 
2455484.874169  14.037787 1.000000 
2455484.894602  14.037847 1.000000 
2455484.915034  14.037894 1.000000 
2455484.935467  14.037511 1.000000 
2455484.955900  14.037725 1.000000 
2455484.976332  14.037928 1.000000 
2455484.996765  14.038012 1.000000 
2455485.017198  14.037783 1.000000 
2455485.037630  14.038015 1.000000 
2455485.058063  14.043619 1.000000 
2455485.078495  14.047398 1.000000 
2455485.098928  14.048953 1.000000 
2455485.119361  14.049318 1.000000 
2455485.139793  14.049088 1.000000 
2455485.160226  14.048660 1.000000 
2455485.180659  14.047345 1.000000 
2455485.201091  14.041058 1.000000 
2455485.221524  14.038127 1.000000 
2455485.241956  14.037799 1.000000 
2455485.262389  14.038245 1.000000 
2455485.282822  14.037452 1.000000 
2455485.303254  14.038156 1.000000 
2455485.323687  14.037786 1.000000 
2455485.344120  14.037981 1.000000 
2455485.364552  14.038216 1.000000 
2455485.384985  14.038285 1.000000 
2455485.405417  14.037781 1.000000 
2455485.425850  14.038474 1.000000 
2455485.446283  14.038090 1.000000 
2455485.466715  14.037869 1.000000 
2455485.487148  14.037948 1.000000 
2455485.507581  14.038344 1.000000 
2455485.528013  14.038174 1.000000 
2455485.548446  14.037991 1.000000 
2455485.568878  14.038390 1.000000 
2455485.589311  14.037723 1.000000 
2455485.609744  14.038594 1.000000 
2455485.630176  14.037352 1.000000 
2455485.650609  14.038205 1.000000 
2455485.671041  14.037873 1.000000 
2455485.691474  14.037936 1.000000 
2455485.711907  14.037845 1.000000 
2455485.732339  14.038468 1.000000 
2455485.752772  14.037983 1.000000 
2455485.773205  14.037960 1.000000 
2455485.793637  14.037974 1.000000 
2455485.814070  14.038758 1.000000 
2455485.834503  14.037914 1.000000 
2455485.854935  14.038153 1.000000 
2455485.875368  14.037853 1.000000 
2455485.895800  14.037946 1.000000 
2455485.916233  14.037815 1.000000 
2455485.936666  14.038312 1.000000 
2455485.957098  14.038213 1.000000 
2455485.977531  14.037611 1.000000 
2455485.997964  14.038052 1.000000 
2455486.018396  14.037862 1.000000 
2455486.038829  14.038040 1.000000 
2455486.059261  14.037633 1.000000 
2455486.079694  14.038314 1.000000 
2455486.100127  14.037839 1.000000 
2455486.140992  14.038207 1.000000 
