2456088.768945  14.038417 1.000000 
2456088.789380  14.037904 1.000000 
2456088.809814  14.038105 1.000000 
2456088.830249  14.038173 1.000000 
2456088.850683  14.038264 1.000000 
2456088.871118  14.038132 1.000000 
2456088.891552  14.037470 1.000000 
2456088.911987  14.038248 1.000000 
2456088.932421  14.038149 1.000000 
2456088.952856  14.038174 1.000000 
2456088.973290  14.038095 1.000000 
2456088.993725  14.038309 1.000000 
2456089.014160  14.037544 1.000000 
2456089.034594  14.038122 1.000000 
2456089.055029  14.037975 1.000000 
2456089.075463  14.038056 1.000000 
2456089.095897  14.037839 1.000000 
2456089.116332  14.038001 1.000000 
2456089.136766  14.037776 1.000000 
2456089.157201  14.037683 1.000000 
2456089.177636  14.037972 1.000000 
2456089.198070  14.037875 1.000000 
2456089.218505  14.038258 1.000000 
2456089.238939  14.037911 1.000000 
2456089.259374  14.037712 1.000000 
2456089.279808  14.037864 1.000000 
2456089.300243  14.037612 1.000000 
2456089.320677  14.037881 1.000000 
2456089.341112  14.037833 1.000000 
2456089.361546  14.037771 1.000000 
2456089.381981  14.038043 1.000000 
2456089.402415  14.037735 1.000000 
2456089.422850  14.037572 1.000000 
2456089.443284  14.037508 1.000000 
2456089.463719  14.037764 1.000000 
2456089.484153  14.037976 1.000000 
2456089.504588  14.037598 1.000000 
2456089.525022  14.038072 1.000000 
2456089.545457  14.037770 1.000000 
2456089.586326  14.037754 1.000000 
2456089.606760  14.038172 1.000000 
2456089.627195  14.037297 1.000000 
2456089.647629  14.037673 1.000000 
2456089.668064  14.038175 1.000000 
2456089.688498  14.037810 1.000000 
2456089.708933  14.037938 1.000000 
2456089.729367  14.044162 1.000000 
2456089.749802  14.047711 1.000000 
2456089.770236  14.048362 1.000000 
2456089.790671  14.049350 1.000000 
2456089.811105  14.048202 1.000000 
2456089.831540  14.048768 1.000000 
2456089.851974  14.047298 1.000000 
2456089.872409  14.041562 1.000000 
2456089.892843  14.038518 1.000000 
2456089.913278  14.038045 1.000000 
2456089.933712  14.038371 1.000000 
2456089.954147  14.037867 1.000000 
2456089.974581  14.038149 1.000000 
2456089.995016  14.038133 1.000000 
2456090.015450  14.038170 1.000000 
2456090.035885  14.038218 1.000000 
2456090.056319  14.038065 1.000000 
2456090.076754  14.038366 1.000000 
2456090.097188  14.037842 1.000000 
2456090.117623  14.038083 1.000000 
2456090.138057  14.038151 1.000000 
2456090.158492  14.038074 1.000000 
2456090.178926  14.037838 1.000000 
2456090.199361  14.038344 1.000000 
2456090.219795  14.038075 1.000000 
2456090.240230  14.037897 1.000000 
2456090.260664  14.037998 1.000000 
2456090.281099  14.038143 1.000000 
2456090.301533  14.037737 1.000000 
2456090.321968  14.037849 1.000000 
2456090.342402  14.038011 1.000000 
2456090.362837  14.038171 1.000000 
2456090.383271  14.037999 1.000000 
2456090.403706  14.038146 1.000000 
2456090.424140  14.037518 1.000000 
2456090.444575  14.037865 1.000000 
2456090.465009  14.037924 1.000000 
2456090.485444  14.037890 1.000000 
2456090.505878  14.037820 1.000000 
2456090.526313  14.037942 1.000000 
2456090.546747  14.037969 1.000000 
2456090.567182  14.037754 1.000000 
2456090.587616  14.038316 1.000000 
2456090.608051  14.037723 1.000000 
2456090.628485  14.038219 1.000000 
2456090.648920  14.037631 1.000000 
2456090.669354  14.037764 1.000000 
2456090.689789  14.037960 1.000000 
2456090.710223  14.038070 1.000000 
2456090.730658  14.037620 1.000000 
2456090.751092  14.037699 1.000000 
2456090.771527  14.037904 1.000000 
2456090.791961  14.038308 1.000000 
2456090.812396  14.038179 1.000000 
