2455414.993165  14.037839 1.000000 
2455415.013599  14.038371 1.000000 
2455415.034032  14.037993 1.000000 
2455415.054466  14.038402 1.000000 
2455415.074899  14.037902 1.000000 
2455415.095333  14.037845 1.000000 
2455415.115767  14.038070 1.000000 
2455415.136200  14.038375 1.000000 
2455415.156634  14.037652 1.000000 
2455415.177067  14.037984 1.000000 
2455415.197501  14.037610 1.000000 
2455415.217934  14.037925 1.000000 
2455415.238368  14.038202 1.000000 
2455415.258802  14.037926 1.000000 
2455415.279235  14.037483 1.000000 
2455415.299669  14.038036 1.000000 
2455415.320102  14.037679 1.000000 
2455415.340536  14.037898 1.000000 
2455415.360969  14.038051 1.000000 
2455415.381403  14.037629 1.000000 
2455415.401837  14.037566 1.000000 
2455415.422270  14.037883 1.000000 
2455415.442704  14.038133 1.000000 
2455415.463137  14.037928 1.000000 
2455415.483571  14.037638 1.000000 
2455415.504004  14.038044 1.000000 
2455415.524438  14.037936 1.000000 
2455415.544872  14.037609 1.000000 
2455415.565305  14.037750 1.000000 
2455415.585739  14.037783 1.000000 
2455415.606172  14.037712 1.000000 
2455415.626606  14.037711 1.000000 
2455415.647039  14.037862 1.000000 
2455415.667473  14.037872 1.000000 
2455415.687906  14.037949 1.000000 
2455415.708340  14.037375 1.000000 
2455415.728774  14.037618 1.000000 
2455415.749207  14.037512 1.000000 
2455415.769641  14.037696 1.000000 
2455415.790074  14.037857 1.000000 
2455415.810508  14.038011 1.000000 
2455415.830941  14.037881 1.000000 
2455415.851375  14.037821 1.000000 
2455415.871809  14.037738 1.000000 
2455415.892242  14.037927 1.000000 
2455415.912676  14.037656 1.000000 
2455415.933109  14.037338 1.000000 
2455415.953543  14.043923 1.000000 
2455415.973976  14.046990 1.000000 
2455415.994410  14.048455 1.000000 
2455416.014844  14.048700 1.000000 
2455416.035277  14.049338 1.000000 
2455416.055711  14.048286 1.000000 
2455416.076144  14.046810 1.000000 
2455416.096578  14.041553 1.000000 
2455416.117011  14.037892 1.000000 
2455416.137445  14.037224 1.000000 
2455416.157878  14.037802 1.000000 
2455416.178312  14.037384 1.000000 
2455416.198745  14.037677 1.000000 
2455416.219179  14.037922 1.000000 
2455416.239613  14.037566 1.000000 
2455416.260046  14.037514 1.000000 
2455416.280480  14.037791 1.000000 
2455416.300913  14.037911 1.000000 
2455416.321347  14.036961 1.000000 
2455416.341780  14.038217 1.000000 
2455416.362214  14.037888 1.000000 
2455416.382647  14.038038 1.000000 
2455416.403081  14.037922 1.000000 
2455416.423514  14.037339 1.000000 
2455416.443948  14.038095 1.000000 
2455416.464382  14.037691 1.000000 
2455416.484815  14.037797 1.000000 
2455416.505249  14.037479 1.000000 
2455416.525682  14.037988 1.000000 
2455416.546116  14.037842 1.000000 
2455416.566549  14.038035 1.000000 
2455416.586983  14.037518 1.000000 
2455416.607416  14.037752 1.000000 
2455416.627850  14.037910 1.000000 
2455416.648284  14.037875 1.000000 
2455416.668717  14.037934 1.000000 
2455416.689151  14.038196 1.000000 
2455416.709584  14.037748 1.000000 
2455416.730018  14.038050 1.000000 
2455416.750451  14.037455 1.000000 
2455416.770885  14.038012 1.000000 
2455416.791318  14.037926 1.000000 
2455416.811752  14.037767 1.000000 
2455416.832185  14.037967 1.000000 
2455416.852619  14.037806 1.000000 
2455416.873053  14.038125 1.000000 
2455416.893486  14.037945 1.000000 
2455416.913920  14.037979 1.000000 
2455416.934353  14.037911 1.000000 
2455416.954787  14.038032 1.000000 
2455416.975220  14.038126 1.000000 
2455416.995654  14.037728 1.000000 
2455417.016087  14.037820 1.000000 
2455417.036521  14.037416 1.000000 
