1414.940463  -0.000948
1414.941144  -0.000944
1414.941825  -0.001554
1414.942507   0.000863
1414.943188  -0.002323
1414.943869  -0.000598
1414.944550  -0.000986
1414.945231  -0.000467
1414.945912  -0.001846
1414.946593  -0.001175
1414.947274  -0.000388
1414.947956  -0.001249
1414.948637  -0.001628
1414.949318  -0.000912
1414.949999  -0.000519
1414.950680   0.001177
1414.951361  -0.001562
1414.952042  -0.002058
1414.952723   0.000568
1414.953404  -0.000736
1414.954086  -0.001374
1414.954767  -0.000283
1414.955448  -0.000394
1414.956129   0.001241
1414.956810  -0.001349
1414.957491  -0.002230
1414.958172  -0.000234
1414.958853  -0.001931
1414.959535  -0.001214
1414.960216  -0.002531
1414.960897  -0.001319
1414.961578  -0.004505
1414.962259   0.000931
1414.962940  -0.000641
1414.963621   0.000704
1414.964302  -0.001993
1414.964984  -0.002801
1414.965665  -0.000785
1414.966346  -0.001794
1414.967027  -0.001893
1414.967708   0.001182
1414.968389   0.000648
1414.969070   0.000649
1414.969751  -0.000445
1414.970433   0.000256
1414.971114  -0.002998
1414.971795  -0.000429
1414.972476  -0.000546
1414.973157   0.000852
1414.973838  -0.000869
1414.974519  -0.001815
1414.975200  -0.000787
1414.975881  -0.001410
1414.976563   0.000542
1414.977244  -0.002317
1414.977925  -0.001382
1414.978606  -0.001285
1414.979287  -0.000303
1414.979968  -0.002258
1414.980649  -0.000038
1414.981330  -0.000346
1414.982012  -0.001127
1414.982693  -0.002402
1414.983374  -0.000253
1414.984055  -0.003039
1414.984736  -0.002617
1414.985417  -0.002335
1414.986098   0.000881
1414.986779   0.000853
1414.987461  -0.000356
1414.988142  -0.001381
1414.988823  -0.000906
1414.989504  -0.000714
1414.990185  -0.000697
1414.990866  -0.000371
1414.991547  -0.001149
1414.992228  -0.000335
1414.992909  -0.001481
1414.993591  -0.000833
1414.994272   0.000236
1414.994953  -0.001583
1414.995634  -0.000704
1414.996315  -0.001683
1414.996996  -0.000819
1414.997677   0.002029
1414.998358   0.000671
1414.999039  -0.002026
1414.999721  -0.000689
1415.000402  -0.001513
1415.001083  -0.001565
1415.001764  -0.001908
1415.002445  -0.001644
1415.003126  -0.002050
1415.003807  -0.000969
1415.004488   0.000415
1415.005170  -0.002466
1415.005851  -0.000870
1415.006532   0.000297
1415.007213  -0.000369
1415.007894  -0.001256
1415.008575   0.000715
1415.009256   0.000674
1415.009937  -0.001055
1415.010618  -0.002076
1415.011300  -0.000071
1415.011981  -0.000977
1415.012662  -0.000014
1415.013343  -0.000395
1415.014024  -0.001621
1415.014705   0.001993
1415.015386  -0.000769
1415.016067   0.001069
1415.016749  -0.002153
1415.017430   0.000301
1415.018111  -0.000080
1415.018792  -0.002617
1415.019473  -0.002013
1415.020154   0.001439
1415.020835  -0.001490
1415.021516   0.001993
1415.022198   0.000082
1415.022879  -0.000950
1415.023560  -0.001361
1415.024241  -0.001745
1415.024922  -0.000051
1415.025603   0.000368
1415.026284  -0.001504
1415.026965  -0.001488
1415.027647  -0.000807
1415.028328  -0.001242
1415.029009   0.000099
1415.029690   0.000781
1415.030371  -0.001474
1415.031052   0.000810
1415.031733  -0.003345
1415.032414  -0.000678
1415.033095   0.001696
1415.033777  -0.003271
1415.034458  -0.000892
1415.035139  -0.001524
1415.035820  -0.001035
1415.036501  -0.000057
1415.037182   0.001975
1415.037863  -0.001328
1415.038544  -0.002412
1415.039226  -0.002838
1415.039907  -0.000955
1415.040588  -0.002236
1415.041269  -0.001257
1415.041950   0.001567
1415.042631  -0.000851
1415.043312  -0.000383
1415.043993  -0.000748
1415.044675  -0.001098
1415.045356  -0.000014
1415.046037  -0.000486
1415.046718   0.000075
1415.047399  -0.000370
1415.048080  -0.000264
1415.048761  -0.001228
1415.049442   0.000851
1415.050123  -0.000745
1415.050805  -0.000946
1415.051486   0.000521
1415.052167   0.000198
1415.052848   0.001126
1415.053529  -0.003035
1415.054210  -0.001249
1415.054891  -0.002388
1415.055572   0.000056
1415.056254  -0.001734
1415.056935  -0.002007
1415.057616  -0.001201
1415.058297  -0.001490
1415.058978   0.000715
1415.059659   0.000103
1415.060340   0.002347
1415.061021  -0.001461
1415.061703  -0.000416
1415.062384   0.001638
1415.063065   0.000378
1415.063746   0.001075
1415.064427  -0.000233
1415.065108  -0.002900
1415.065789  -0.001146
1415.066470  -0.000593
1415.067151  -0.002019
1415.067833   0.000970
1415.068514  -0.001687
1415.069195  -0.001720
1415.069876  -0.002204
1415.070557  -0.000696
1415.071238  -0.000218
1415.071919  -0.002025
1415.072600   0.000304
1415.073281  -0.000715
1415.073963   0.000324
1415.074644  -0.001598
1415.075325  -0.000121
1415.076006  -0.000209
1415.076687  -0.001807
1415.077368  -0.000437
1415.078049   0.000311
1415.078730  -0.002397
1415.079412  -0.000322
1415.080093   0.000817
1415.080774  -0.000146
1415.081455  -0.002143
1415.082136  -0.000273
1415.082817   0.000936
1415.083498  -0.001293
1415.084179   0.000112
1415.084861   0.000121
1415.085542  -0.000693
1415.086223  -0.002353
1415.086904  -0.000207
1415.087585  -0.002451
1415.088266   0.002444
1415.088947  -0.001116
1415.089628  -0.001601
1415.090309  -0.001807
1415.090991  -0.001734
1415.091672   0.001067
1415.092353  -0.000288
1415.093034  -0.001308
1415.093715  -0.002490
1415.094396   0.000460
1415.095077   0.000051
1415.095758  -0.000077
1415.096440  -0.000207
1415.097121  -0.000184
1415.097802   0.000009
1415.098483  -0.001716
1415.099164  -0.000720
1415.099845  -0.001158
1415.100526  -0.000348
1415.101207  -0.000985
1415.101889  -0.000846
1415.102570  -0.000898
1415.103251  -0.002329
1415.103932  -0.001342
1415.104613  -0.000626
1415.105294  -0.000908
1415.105975  -0.001254
1415.106656   0.000047
1415.107338   0.000431
1415.108019   0.000240
1415.108700  -0.000490
1415.109381   0.000588
1415.110062  -0.001272
1415.110743  -0.000993
1415.111424   0.001133
1415.112105  -0.000201
1415.112786  -0.000060
1415.113468  -0.001343
1415.114149  -0.001840
1415.114830  -0.003444
1415.115511  -0.001284
1415.116192  -0.000548
1415.116873   0.000444
1415.117554  -0.002010
1415.118235  -0.000812
1415.118917  -0.000206
1415.119598  -0.000264
1415.120279   0.000909
1415.120960  -0.002368
1415.121641  -0.002366
1415.122322   0.000791
1415.123003   0.000123
1415.123684  -0.002723
1415.124365  -0.001070
1415.125047  -0.000795
1415.125728  -0.000073
1415.126409  -0.000254
1415.127090   0.000975
1415.127771   0.001021
1415.128452   0.000261
1415.129133  -0.002274
1415.129814  -0.001202
1415.130495   0.000519
1415.131177   0.000392
1415.131858   0.000583
1415.132539  -0.003731
1415.133220   0.000018
1415.133901   0.001375
1415.134582  -0.000324
1415.135263   0.000913
1415.135944  -0.001570
1415.136625  -0.001176
1415.137307   0.000997
1415.137988   0.003196
1415.138669  -0.001437
1415.139350  -0.001313
1415.140031  -0.000270
1415.140712   0.000310
1415.141393   0.001254
1415.142074   0.001253
1415.142756  -0.001776
1415.143437  -0.000283
1415.144118  -0.001283
1415.144799   0.000768
1415.145480  -0.000517
1415.146161  -0.000289
1415.146842  -0.000847
1415.147523  -0.001486
1415.148205  -0.001135
1415.148886  -0.001466
1415.149567  -0.000380
1415.150248  -0.002024
1415.150929  -0.002665
1415.151610   0.000026
1415.152291  -0.001129
1415.152972  -0.001778
1415.153653  -0.000579
1415.154335  -0.000633
1415.155016  -0.002041
1415.155697   0.001513
1415.156378  -0.001047
1415.157059  -0.000110
1415.157740   0.000600
1415.158421  -0.002030
1415.159102   0.000769
1415.159784   0.001189
1415.160465  -0.001386
1415.161146  -0.002318
1415.161827  -0.000763
1415.162508   0.000217
1415.163189  -0.000677
1415.163870  -0.000783
1415.164551  -0.001203
1415.165233  -0.001201
1415.165914  -0.001938
1415.166595  -0.003445
1415.167276  -0.001089
1415.167957  -0.001684
1415.168638  -0.000523
1415.169319   0.000196
1415.170000  -0.000141
1415.170682   0.000407
1415.171363   0.000749
1415.172044  -0.002571
1415.172725  -0.002477
1415.173406   0.000698
1415.174087   0.000803
1415.174768  -0.000399
1415.175449  -0.002816
1415.176130  -0.000386
1415.176812  -0.001711
1415.177493  -0.001029
1415.178174   0.001956
1415.178855  -0.001247
1415.179536  -0.000472
1415.180217  -0.001200
1415.180898  -0.000318
1415.181579  -0.000811
1415.182261   0.000747
1415.182942  -0.001140
1415.183623  -0.001025
1415.184304  -0.000912
1415.184985  -0.001756
1415.185666   0.000570
1415.186347   0.000806
1415.187028  -0.000313
1415.187709   0.000701
1415.188391  -0.001538
1415.189072  -0.001460
1415.189753  -0.001081
1415.190434  -0.001306
1415.191115   0.000058
1415.191796  -0.002739
1415.192477  -0.000327
1415.193158  -0.000226
1415.193840  -0.000443
1415.194521  -0.001683
1415.195202  -0.000935
1415.195883  -0.000331
1415.196564  -0.001145
1415.197245  -0.000445
1415.197926  -0.002427
1415.198607  -0.001290
1415.199288  -0.000736
1415.199970  -0.000618
1415.200651   0.000623
1415.201332  -0.001220
1415.202013  -0.001747
1415.202694  -0.001094
1415.203375   0.000511
1415.204056  -0.000642
1415.204737  -0.000225
1415.205419   0.000089
1415.206100  -0.001171
1415.206781  -0.002276
1415.207462  -0.001819
1415.208143  -0.000092
1415.208824  -0.004875
1415.209505  -0.001333
1415.210186  -0.000955
1415.210867  -0.001766
1415.211549  -0.000216
1415.212230  -0.001085
1415.212911  -0.000307
1415.213592   0.001344
1415.214273   0.000013
1415.214954   0.000299
1415.215635  -0.002233
1415.216316  -0.000766
1415.216998   0.001491
1415.217679   0.000817
1415.218360  -0.000138
1415.219041  -0.001758
1415.219722   0.000163
1415.220403  -0.000707
1415.221084  -0.001428
1415.221765   0.001130
1415.222447  -0.000055
1415.223128  -0.000323
1415.223809   0.000697
1415.224490   0.001016
1415.225171   0.000331
1415.225852  -0.002203
1415.226533   0.001497
1415.227214  -0.001650
1415.227896  -0.000906
1415.228577   0.000363
1415.229258   0.000090
1415.229939   0.000766
1415.230620  -0.001291
1415.231301  -0.000804
1415.231982  -0.001252
1415.232663  -0.000723
1415.233344   0.000843
1415.234026  -0.000516
1415.234707  -0.000887
1415.235388  -0.000187
1415.236069  -0.000968
1415.236750   0.000213
1415.237431  -0.000024
1415.238112   0.000800
1415.238793  -0.001115
1415.239475   0.002539
1415.240156   0.000209
1415.240837  -0.001977
1415.241518  -0.000964
1415.242199  -0.000826
1415.242880   0.001532
1415.243561  -0.000484
1415.244242  -0.002862
1415.244923  -0.000255
1415.245605  -0.001065
1415.246286  -0.000055
1415.246967  -0.002077
1415.247648  -0.000940
1415.248329  -0.001647
1415.249010  -0.000681
1415.249691  -0.000005
1415.250372  -0.000683
1415.251054  -0.002097
1415.251735   0.000923
1415.252416  -0.002082
1415.253097   0.000792
1415.253778   0.001780
1415.254459  -0.001186
1415.255140  -0.000564
1415.255821  -0.001099
1415.256503   0.000282
1415.257184  -0.002930
1415.257865  -0.000536
1415.258546  -0.000265
1415.259227   0.000479
1415.259908  -0.000363
1415.260589  -0.000422
1415.261270  -0.001743
1415.261951  -0.001962
1415.262633  -0.001962
1415.263314   0.001922
1415.263995   0.000106
1415.264676   0.000321
1415.265357  -0.002325
1415.266038  -0.000783
1415.266719  -0.000201
1415.267400  -0.003828
1415.268081   0.000095
1415.268763  -0.000609
1415.269444  -0.000876
1415.270125  -0.002640
1415.270806  -0.000181
1415.271487   0.000077
1415.272168  -0.001908
1415.272849  -0.001373
1415.273530  -0.000827
1415.274212  -0.000783
1415.274893  -0.004397
1415.275574  -0.001224
1415.276255  -0.002022
1415.276936  -0.000346
1415.277617   0.000601
1415.278298  -0.001417
1415.278979  -0.000288
1415.279661  -0.000925
1415.280342  -0.004397
1415.281023  -0.001195
1415.281704   0.000565
1415.282385   0.000127
1415.283066  -0.000157
1415.283747  -0.000099
1415.284428   0.002961
1415.285110  -0.003550
1415.285791  -0.000728
1415.286472  -0.000187
1415.287153  -0.001104
1415.287834  -0.000186
1415.288515  -0.001338
1415.289196  -0.000475
1415.289877  -0.001112
1415.290558  -0.003099
1415.291240   0.000001
1415.291921   0.000145
1415.292602   0.000064
1415.293283   0.000045
1415.293964  -0.002304
1415.294645   0.000562
1415.295326   0.001485
1415.296007   0.001020
1415.296689  -0.003531
1415.297370  -0.001795
1415.298051  -0.000192
1415.298732   0.000368
1415.299413   0.000008
1415.300094   0.000896
1415.300775  -0.000232
1415.301456  -0.000246
1415.302138  -0.000792
1415.302819   0.000223
1415.303500   0.000564
1415.304181   0.001051
1415.304862  -0.001993
1415.305543  -0.001097
1415.306224   0.001197
1415.306905   0.000074
1415.307586  -0.001502
1415.308268  -0.000498
1415.308949  -0.000061
1415.309630  -0.001232
1415.310311  -0.001155
1415.310992  -0.000486
1415.311673   0.000157
1415.312354  -0.001755
1415.313035  -0.000531
1415.313717  -0.003712
1415.314398  -0.000372
1415.315079   0.000811
1415.315760   0.000057
1415.316441   0.000063
1415.317122  -0.001234
1415.317803  -0.002391
1415.318484  -0.002122
1415.319165  -0.002079
1415.319847  -0.001426
1415.320528   0.000608
1415.321209  -0.002230
1415.321890  -0.000834
1415.322571  -0.000368
1415.323252  -0.002117
1415.323933  -0.000133
1415.324614  -0.002912
1415.325296  -0.000381
1415.325977  -0.001132
1415.326658  -0.002194
1415.327339   0.000834
1415.328020  -0.001261
1415.328701   0.002358
1415.329382  -0.000334
1415.330063  -0.000250
1415.330744  -0.000276
1415.331426  -0.002078
1415.332107  -0.000650
1415.332788   0.001402
1415.333469  -0.000659
1415.334150  -0.001420
1415.334831  -0.001019
1415.335512  -0.001431
1415.336193   0.002535
1415.336875  -0.001110
1415.337556  -0.001946
1415.338237  -0.000264
1415.338918   0.000686
1415.339599   0.000756
1415.340280  -0.001815
1415.340961  -0.001263
1415.341642  -0.000093
1415.342324  -0.002094
1415.343005  -0.001125
1415.343686   0.000275
1415.344367  -0.001831
1415.345048   0.000081
1415.345729  -0.003406
1415.346410  -0.000345
1415.347091   0.001029
1415.347772  -0.001370
1415.348454  -0.001081
1415.349135  -0.001932
1415.349816  -0.001248
1415.350497  -0.001464
1415.351178  -0.000857
1415.351859  -0.001043
1415.352540   0.000643
1415.353221  -0.002071
1415.353903   0.001391
1415.354584  -0.002810
1415.355265  -0.000445
1415.355946   0.000358
1415.356627   0.001522
1415.357308  -0.001023
1415.357989   0.000710
1415.358670  -0.000192
1415.359352  -0.002565
1415.360033  -0.001552
1415.360714   0.001701
1415.361395  -0.001319
1415.362076  -0.001355
1415.362757   0.000415
1415.363438  -0.002336
1415.364119  -0.001244
1415.364801  -0.000253
1415.365482  -0.002212
1415.366163  -0.000182
1415.366844   0.001550
1415.367525  -0.000347
1415.368206   0.000378
1415.368887  -0.001355
1415.369568  -0.001472
1415.370249  -0.001044
1415.370931  -0.001127
1415.371612  -0.002475
1415.372293   0.000424
1415.372974   0.001250
1415.373655  -0.001298
1415.374336  -0.001182
1415.375017  -0.000763
1415.375698  -0.001265
1415.376380  -0.001696
1415.377060  -0.000649
1415.377742  -0.000977
1415.378423   0.001345
1415.379104   0.000078
1415.379785  -0.001903
1415.380466  -0.000738
1415.381147  -0.001559
1415.381828  -0.001598
1415.382509  -0.002684
1415.383191   0.000663
1415.383872  -0.000219
1415.384553   0.000671
1415.385234   0.000320
1415.385915   0.000306
1415.386596  -0.000518
1415.387277  -0.001967
1415.387958  -0.001432
1415.388639  -0.000438
1415.389321  -0.002474
1415.390002  -0.000522
1415.390683  -0.003062
1415.391364  -0.000156
1415.392045  -0.001014
1415.392726  -0.000234
1415.393407  -0.001897
1415.394088  -0.000325
1415.394770   0.000054
1415.395451  -0.000066
1415.396132  -0.003321
1415.396813  -0.000207
1415.397494  -0.001655
1415.398175  -0.001187
1415.398856  -0.001877
1415.399537  -0.001901
1415.400219   0.000676
1415.400900  -0.001307
1415.401581  -0.001246
1415.402262  -0.003142
1415.402943  -0.000638
1415.403624   0.000441
1415.404305  -0.002887
1415.404986  -0.002859
1415.405668  -0.002511
1415.406349  -0.000838
1415.407030  -0.000175
1415.407711  -0.000825
1415.408392   0.000387
1415.409073  -0.001047
1415.409754   0.000804
1415.410435   0.002253
1415.411116  -0.002526
1415.411798  -0.002182
1415.412479   0.000189
1415.413160  -0.001480
1415.413841  -0.000935
1415.414522  -0.000449
1415.415203   0.000009
1415.415884   0.001059
1415.416565  -0.000369
1415.417247  -0.000579
1415.417928   0.000312
1415.418609  -0.000600
1415.419290  -0.000929
1415.419971  -0.001100
1415.420652   0.000207
1415.421333  -0.000098
1415.422014  -0.003145
1415.422696  -0.001065
1415.423377  -0.002414
1415.424058   0.000869
1415.424739  -0.000876
1415.425420  -0.001066
1415.426101  -0.000036
1415.426782  -0.000642
1415.427463   0.000453
1415.428145   0.000338
1415.428826  -0.001629
1415.429507  -0.001038
1415.430188  -0.000126
1415.430869  -0.001083
1415.431550  -0.000674
1415.432231  -0.001216
1415.432912   0.002063
1415.433593   0.000531
1415.434274  -0.001416
1415.434956  -0.000154
1415.435637   0.000155
1415.436318   0.001274
1415.436999  -0.000497
1415.437680  -0.002537
1415.438361  -0.001678
1415.439042   0.000348
1415.439723   0.000189
1415.440405  -0.000777
1415.441086  -0.000600
1415.441767   0.000736
1415.442448   0.001030
1415.443129  -0.002210
1415.443810  -0.000208
1415.444491  -0.001589
1415.445172  -0.000105
1415.445854  -0.000988
1415.446535   0.001017
1415.447216  -0.002785
1415.447897  -0.001649
1415.448578   0.002561
1415.449259  -0.001145
1415.449940  -0.000204
1415.450621   0.000172
1415.451302  -0.002308
1415.451984   0.001027
1415.452665   0.000400
1415.453346   0.000889
1415.454027  -0.000885
1415.454708   0.000705
1415.455389  -0.002580
1415.456070  -0.000223
1415.456751   0.001012
1415.457433   0.001517
1415.458114   0.000526
1415.458795   0.000407
1415.459476  -0.000331
1415.460157   0.000358
1415.460838  -0.000958
1415.461519  -0.001123
1415.462200   0.000929
1415.462882  -0.001287
1415.463563  -0.001726
1415.464244  -0.001167
1415.464925  -0.001863
1415.465606   0.001523
1415.466287  -0.001296
1415.466968   0.001499
1415.467649  -0.000135
1415.468330  -0.001198
1415.469012  -0.001322
1415.469693   0.000034
1415.470374  -0.000037
1415.471055  -0.001689
1415.471736  -0.000930
1415.472417  -0.002978
1415.473098   0.000445
1415.473779  -0.000294
1415.474461  -0.000889
1415.475142   0.000637
1415.475823  -0.001117
1415.476504  -0.000835
1415.477185  -0.002416
1415.477866  -0.002486
1415.478547   0.000282
1415.479228  -0.002608
1415.479910   0.000351
1415.480591  -0.002274
1415.481272   0.000983
1415.481953  -0.000013
1415.482634  -0.002289
1415.483315  -0.000173
1415.483996  -0.000670
1415.484677  -0.001310
1415.485359  -0.000921
1415.486040  -0.001980
1415.486721  -0.002332
1415.487402   0.000025
1415.488083   0.001692
1415.488764   0.000321
1415.489445  -0.001399
1415.490126  -0.000353
1415.490807  -0.001546
1415.491488  -0.000970
1415.492170  -0.001216
1415.492851  -0.000397
1415.493532  -0.001277
1415.494213  -0.001226
1415.494894  -0.001203
1415.495575   0.000069
1415.496256   0.000372
1415.496937  -0.000273
1415.497619  -0.000924
1415.498300  -0.001352
1415.498981  -0.000427
1415.499662   0.001334
1415.500343  -0.001386
1415.501024   0.000685
1415.501705  -0.000779
1415.502386   0.001618
1415.503068  -0.001648
1415.503749   0.000178
1415.504430   0.000916
1415.505111   0.000162
1415.505792  -0.001417
1415.506473   0.001893
1415.507154   0.001028
1415.507835  -0.003723
1415.508517  -0.001186
1415.509198  -0.000277
1415.509879  -0.002366
1415.510560  -0.001610
1415.511241   0.000381
1415.511922  -0.001082
1415.512603  -0.001646
1415.513284  -0.000196
1415.513965  -0.000298
1415.514647  -0.000912
1415.515328  -0.002578
1415.516009   0.001088
1415.516690  -0.003276
1415.517371   0.001019
1415.518052  -0.001806
1415.518733   0.001056
1415.519414   0.000664
1415.520096   0.002363
1415.520777  -0.000648
1415.521458   0.000193
1415.522139   0.000591
1415.522820   0.001138
1415.523501  -0.002229
1415.524182  -0.001260
1415.524863   0.000693
1415.525544  -0.001298
1415.526226   0.000238
1415.526907  -0.002429
1415.527588  -0.000212
1415.528269  -0.000969
1415.528950  -0.000222
1415.529631   0.000456
1415.530312   0.000038
1415.530993  -0.000168
1415.531675  -0.002694
1415.532356  -0.002025
1415.533037  -0.001233
1415.533718  -0.000396
1415.534399  -0.001170
1415.535080   0.000423
1415.535761   0.001544
1415.536442  -0.000936
1415.537124   0.001434
1415.537805   0.000295
1415.538486  -0.002438
1415.539167  -0.001707
1415.539848  -0.000440
1415.540529  -0.001676
1415.541210  -0.000404
1415.541891   0.001400
1415.542573  -0.000826
1415.543254  -0.000517
1415.543935   0.000772
1415.544616  -0.002290
1415.545297  -0.000385
1415.545978  -0.000940
1415.546659  -0.000693
1415.547340  -0.000464
1415.548021  -0.000009
1415.548702  -0.003054
1415.549384  -0.001916
1415.550065  -0.001051
1415.550746   0.000753
1415.551427  -0.000333
1415.552108  -0.002167
1415.552789  -0.001416
1415.553470  -0.001874
1415.554151  -0.000171
1415.554833  -0.000622
1415.555514  -0.001087
1415.556195  -0.001621
1415.556876  -0.002892
1415.557557  -0.001589
1415.558238   0.000374
1415.558919  -0.000245
1415.559600  -0.000981
1415.560282  -0.000438
1415.560963  -0.000499
1415.561644  -0.000455
1415.562325  -0.000294
1415.563006  -0.000292
1415.563687   0.000238
1415.564368  -0.001886
1415.565049   0.001510
1415.565731  -0.000033
1415.566412  -0.000181
1415.567093  -0.000567
1415.567774  -0.001762
1415.568455  -0.001146
1415.569136  -0.004357
1415.569817  -0.000996
1415.570498  -0.000505
1415.571179   0.001478
1415.571861  -0.000001
1415.572542  -0.002645
1415.573223  -0.001649
1415.573904  -0.000365
1415.574585   0.001322
1415.575266  -0.000118
1415.575947   0.000070
1415.576628  -0.001608
1415.577310  -0.000599
1415.577991  -0.001076
1415.578672  -0.000232
1415.579353   0.000362
1415.580034  -0.003106
1415.580715   0.001392
1415.581396  -0.000471
1415.582077  -0.002611
1415.582758  -0.000288
1415.583440  -0.000151
1415.584121   0.000233
1415.584802   0.001133
1415.585483   0.000213
1415.586164   0.000153
1415.586845  -0.001406
1415.587526  -0.000554
1415.588207   0.000613
1415.588889   0.000156
1415.589570  -0.000463
1415.590251   0.001027
1415.590932  -0.002979
1415.591613   0.000430
1415.592294  -0.003337
1415.592975  -0.000795
1415.593656   0.000192
1415.594338  -0.002067
1415.595019   0.000921
1415.595700  -0.000467
1415.596381  -0.000492
1415.597062  -0.001063
1415.597743   0.000883
1415.598424   0.001062
1415.599105  -0.001330
1415.599786  -0.000887
1415.600468  -0.001288
1415.601149   0.000356
1415.601830  -0.000357
1415.602511  -0.002430
1415.603192  -0.000590
1415.603873  -0.000230
1415.604554   0.000477
1415.605235  -0.000820
1415.605917  -0.001550
1415.606598  -0.000044
1415.607279   0.000538
1415.607960  -0.000071
1415.608641  -0.002586
1415.609322  -0.000754
1415.610003  -0.001022
1415.610684  -0.001130
1415.611365  -0.000892
1415.612047  -0.002029
1415.612728   0.000515
1415.613409  -0.001031
1415.614090  -0.001037
1415.614771  -0.002464
1415.615452  -0.000277
1415.616133  -0.000569
1415.616814  -0.001599
1415.617496   0.000314
1415.618177  -0.000334
1415.618858  -0.002964
1415.619539  -0.000506
1415.620220  -0.002262
1415.620901  -0.001835
1415.621582   0.000134
1415.622263  -0.000717
1415.622945  -0.000790
1415.623626  -0.001205
1415.624307  -0.001688
1415.624988  -0.000203
1415.625669  -0.001795
1415.626350  -0.001313
1415.627031  -0.001166
1415.627712   0.000834
1415.628393  -0.000973
1415.629075   0.001494
1415.629756  -0.002198
1415.630437  -0.000898
1415.631118   0.001821
1415.631799   0.001313
1415.632480  -0.003640
1415.633161  -0.002437
1415.633842   0.000778
1415.634524  -0.000640
1415.635205   0.000667
1415.635886   0.000894
1415.636567  -0.001898
1415.637248   0.000331
1415.637929  -0.001428
1415.638610  -0.003235
1415.639291   0.001331
1415.639973  -0.001761
1415.640654   0.000211
1415.641335  -0.000450
1415.642016   0.000851
1415.642697  -0.001046
1415.643378   0.002228
1415.644059  -0.000692
1415.644740  -0.002008
1415.645421   0.001278
1415.646102  -0.000204
1415.646784  -0.001825
1415.647465   0.001631
1415.648146  -0.001247
1415.648827   0.000485
1415.649508  -0.000912
1415.650189  -0.000645
1415.650870  -0.001121
1415.651551  -0.000889
1415.652233  -0.000692
1415.652914  -0.001786
1415.653595   0.000546
1415.654276  -0.003303
1415.654957  -0.002000
1415.655638   0.000557
1415.656319   0.000063
1415.657000  -0.002480
1415.657681   0.001126
1415.658363  -0.000328
1415.659044   0.001435
1415.659725   0.001241
1415.660406  -0.001465
1415.661087  -0.000248
1415.661768  -0.000852
1415.662449   0.000201
1415.663130  -0.001134
1415.663812  -0.000809
1415.664493  -0.004133
1415.665174  -0.000230
1415.665855  -0.000597
1415.666536  -0.001660
1415.667217  -0.002225
1415.667898  -0.000793
1415.668579  -0.000633
1415.669260   0.002162
1415.669942  -0.001620
1415.670623  -0.000444
1415.671304   0.000562
1415.671985  -0.000663
1415.672666  -0.000173
1415.673347  -0.000686
1415.674028  -0.000432
1415.674709  -0.002101
1415.675391   0.000311
1415.676072   0.000245
1415.676753   0.000899
1415.677434  -0.000678
1415.678115   0.000404
1415.678796  -0.000677
1415.679477  -0.001221
1415.680158   0.000068
1415.680840   0.000731
1415.681521   0.000021
1415.682202   0.002015
1415.682883  -0.000339
1415.683564   0.001135
1415.684245  -0.001559
1415.684926  -0.000178
1415.685607   0.000517
1415.686289   0.000643
1415.686970  -0.000329
1415.687651   0.000403
1415.688332  -0.000387
1415.689013   0.000076
1415.689694  -0.002654
1415.690375  -0.000975
1415.691056  -0.001255
1415.691737  -0.002171
1415.692419  -0.000029
1415.693100  -0.000523
1415.693781  -0.001512
1415.694462   0.000418
1415.695143   0.000453
1415.695824   0.000425
1415.696505  -0.000382
1415.697186  -0.002536
1415.697868   0.000761
1415.698549   0.001361
1415.699230  -0.002530
1415.699911  -0.001155
1415.700592  -0.002337
1415.701273  -0.001249
1415.701954   0.000126
1415.702635   0.001348
1415.703316   0.001894
1415.703998  -0.003223
1415.704679  -0.001631
1415.705360  -0.002139
1415.706041  -0.002142
1415.706722  -0.001967
1415.707403  -0.001876
1415.708084  -0.003247
1415.708765   0.002801
1415.709447   0.000292
1415.710128  -0.001495
1415.710809   0.001495
1415.711490  -0.002505
1415.712171  -0.000684
1415.712852  -0.000618
1415.713533  -0.000735
1415.714214  -0.002470
1415.714895  -0.002663
1415.715577  -0.001451
1415.716258   0.001561
1415.716939   0.000547
1415.717620  -0.001122
1415.718301  -0.002490
1415.718982  -0.000069
1415.719663  -0.001056
1415.720344  -0.000854
1415.721026  -0.000126
1415.721707  -0.000609
1415.722388   0.000372
1415.723069  -0.000151
1415.723750   0.000160
1415.724431  -0.001094
1415.725112   0.000233
1415.725793   0.000166
1415.726475  -0.001192
1415.727156  -0.000641
1415.727837   0.000171
1415.728518  -0.001424
1415.729199   0.001612
1415.729880  -0.001790
1415.730561  -0.000231
1415.731242  -0.002980
1415.731923  -0.002468
1415.732605  -0.000648
1415.733286  -0.000528
1415.733967  -0.001185
1415.734648  -0.000232
1415.735329   0.000108
1415.736010  -0.000716
1415.736691  -0.002657
1415.737372  -0.001186
1415.738054   0.000218
1415.738735  -0.001042
1415.739416  -0.002928
1415.740097  -0.000707
1415.740778  -0.000104
1415.741459  -0.000906
1415.742140   0.000773
1415.742821  -0.000819
1415.743503  -0.000984
1415.744184  -0.001580
1415.744865  -0.000419
1415.745546  -0.001253
1415.746227  -0.000470
1415.746908  -0.003700
1415.747589  -0.003839
1415.748270  -0.003357
1415.748951   0.000949
1415.749633   0.001065
1415.750314  -0.000726
1415.750995  -0.000476
1415.751676  -0.001855
1415.752357   0.001972
1415.753038  -0.002222
1415.753719  -0.000358
1415.754400  -0.001192
1415.755081  -0.001382
1415.755763  -0.001608
1415.756444   0.000093
1415.757125  -0.001464
1415.757806  -0.000490
1415.758487  -0.002170
1415.759168  -0.001901
1415.759849  -0.001963
1415.760530   0.001628
1415.761212   0.001664
1415.761893  -0.001056
1415.762574  -0.000090
1415.763255  -0.002962
1415.763936  -0.000535
1415.764617  -0.002996
1415.765298  -0.003146
1415.765979  -0.001049
1415.766661   0.000616
1415.767342  -0.000125
1415.768023   0.000668
1415.768704  -0.000784
1415.769385   0.001136
1415.770066  -0.001840
1415.770747  -0.001273
1415.771428  -0.001255
1415.772110  -0.000820
1415.772791   0.001907
1415.773472  -0.000446
1415.774153  -0.002211
1415.774834  -0.000662
1415.775515   0.000603
1415.776196  -0.001265
1415.776877  -0.001739
1415.777558  -0.001132
1415.778240   0.000620
1415.778921  -0.001067
1415.779602   0.001307
1415.780283  -0.000048
1415.780964  -0.001291
1415.781645  -0.001252
1415.782326   0.001044
1415.783007  -0.000020
1415.783689   0.000423
1415.784370  -0.002609
1415.785051  -0.002450
1415.785732  -0.000809
1415.786413  -0.002857
1415.787094   0.001040
1415.787775  -0.000123
1415.788456  -0.000704
1415.789137   0.000646
1415.789819   0.000041
1415.790500  -0.000518
1415.791181  -0.001689
1415.791862  -0.001312
1415.792543   0.000458
1415.793224  -0.000314
1415.793905   0.000049
1415.794586  -0.000797
1415.795268   0.000355
1415.795949   0.002849
1415.796630  -0.003388
1415.797311  -0.000758
1415.797992  -0.002499
1415.798673  -0.001034
1415.799354  -0.000219
1415.800035   0.000650
1415.800716   0.002456
1415.801398  -0.001400
1415.802079   0.000631
1415.802760  -0.000493
1415.803441  -0.003049
1415.804122  -0.000710
1415.804803  -0.001183
1415.805484   0.000284
1415.806165  -0.000729
1415.806847   0.000591
1415.807528   0.000040
1415.808209  -0.000080
1415.808890  -0.000689
1415.809571   0.000296
1415.810252  -0.001700
1415.810933  -0.000742
1415.811614  -0.000617
1415.812295   0.000344
1415.812977   0.000472
1415.813658  -0.000798
1415.814339   0.000244
1415.815020   0.000313
1415.815701  -0.001903
1415.816382  -0.000790
1415.817063  -0.003064
1415.817744   0.000298
1415.818426  -0.000407
1415.819107  -0.000521
1415.819788   0.000141
1415.820469  -0.003152
1415.821150   0.000464
1415.821831  -0.001228
1415.822512  -0.001677
1415.823193   0.001818
1415.823875  -0.002085
1415.824556  -0.002544
1415.825237  -0.000236
1415.825918  -0.000465
1415.826599   0.000039
1415.827280   0.002069
1415.827961   0.000109
1415.828642  -0.000814
1415.829324  -0.000585
1415.830005  -0.001170
1415.830686  -0.001090
1415.831367  -0.001907
1415.832048   0.000704
1415.832729  -0.000739
1415.833410  -0.001878
1415.834091  -0.000313
1415.834772   0.000084
1415.835454  -0.000662
1415.836135  -0.000703
1415.836816  -0.000080
1415.837497  -0.000340
1415.838178  -0.001275
1415.838859  -0.003412
1415.839540  -0.000783
1415.840221   0.000781
1415.840903  -0.000786
1415.841584   0.001278
1415.842265  -0.001343
1415.842946  -0.001115
1415.843627  -0.001859
1415.844308  -0.000438
1415.844989  -0.000485
1415.845670  -0.000901
1415.846351  -0.001048
1415.847033  -0.001526
1415.847714   0.001976
1415.848395  -0.000023
1415.849076   0.000167
1415.849757   0.000564
1415.850438   0.000287
1415.851119  -0.000732
1415.851800  -0.000318
1415.852482   0.001111
1415.853163   0.000438
1415.853844   0.000827
1415.854525  -0.002693
1415.855206  -0.002253
1415.855887   0.000440
1415.856568   0.000257
1415.857249  -0.001026
1415.857930  -0.002047
1415.858612  -0.002120
1415.859293  -0.000275
1415.859974  -0.001330
1415.860655  -0.000885
1415.861336  -0.001364
1415.862017   0.000380
1415.862698  -0.001404
1415.863379  -0.001280
1415.864061   0.000033
1415.864742   0.000001
1415.865423   0.001169
1415.866104  -0.000581
1415.866785  -0.000724
1415.867466   0.000344
1415.868147  -0.003823
1415.868828  -0.001528
1415.869509  -0.003258
1415.870191  -0.001879
1415.870872  -0.000554
1415.871553  -0.002144
1415.872234  -0.000619
1415.872915  -0.001010
1415.873596   0.001579
1415.874277  -0.002125
1415.874958  -0.000552
1415.875639   0.001748
1415.876321   0.001449
1415.877002  -0.000201
1415.877683  -0.000312
1415.878364  -0.000794
1415.879045  -0.000177
1415.879726  -0.001628
1415.880407  -0.000394
1415.881089  -0.000673
1415.881770  -0.001240
1415.882451   0.001422
1415.883132  -0.000317
1415.883813  -0.001805
1415.884494   0.001425
1415.885175  -0.001095
1415.885856   0.001303
1415.886538  -0.002838
1415.887219  -0.000590
1415.887900  -0.000931
1415.888581  -0.000752
1415.889262   0.000582
1415.889943  -0.001765
1415.890624   0.001992
1415.891305  -0.002878
1415.891986   0.000896
1415.892667   0.001020
1415.893349  -0.000964
1415.894030  -0.000741
1415.894711  -0.002331
1415.895392  -0.002539
1415.896073  -0.002283
1415.896754  -0.000757
1415.897435  -0.000579
1415.898116  -0.000428
1415.898797   0.001132
1415.899479   0.001620
1415.900160  -0.001893
1415.900841  -0.001342
1415.901522   0.001343
1415.902203  -0.000706
1415.902884   0.000496
1415.903565   0.000307
1415.904246   0.000207
1415.904928  -0.001261
1415.905609  -0.000026
1415.906290   0.000161
1415.906971  -0.000517
1415.907652   0.000396
1415.908333  -0.000947
1415.909014  -0.001455
1415.909695   0.000848
1415.910377  -0.002907
1415.911058  -0.001241
1415.911739   0.001752
1415.912420  -0.002308
1415.913101  -0.001512
1415.913782  -0.000025
1415.914463  -0.000175
1415.915144  -0.001968
1415.915826  -0.002714
1415.916507   0.000008
1415.917188   0.001623
1415.917869  -0.001102
1415.918550   0.000647
1415.919231  -0.003301
1415.919912  -0.000074
1415.920593  -0.001337
1415.921274  -0.000177
1415.921956   0.000274
1415.922637  -0.000323
1415.923318  -0.000757
1415.923999  -0.000734
1415.924680  -0.001808
1415.925361  -0.000642
1415.926042  -0.000972
1415.926723  -0.002701
1415.927405  -0.000281
1415.928086  -0.001505
1415.928767  -0.001264
1415.929448  -0.000422
1415.930129  -0.001364
1415.930810   0.000943
1415.931491  -0.003441
1415.932172   0.000026
1415.932853  -0.002468
1415.933535  -0.002315
1415.934216  -0.003340
1415.934897  -0.001154
1415.935578   0.000546
1415.936259  -0.001041
1415.936940  -0.000577
1415.937621   0.002715
1415.938302  -0.001966
1415.938983  -0.000243
1415.939665  -0.001264
1415.940346  -0.003507
1415.941027  -0.000236
1415.941708  -0.001835
1415.942389  -0.000098
1415.943070  -0.000365
1415.943751  -0.002238
1415.944432   0.000239
1415.945114   0.001285
1415.945795   0.000869
1415.946476  -0.000125
1415.947157   0.000084
1415.947838   0.002569
1415.948519   0.002512
1415.949200   0.004388
1415.949881   0.005723
1415.950563   0.003656
1415.951244   0.003338
1415.951925   0.005679
1415.952606   0.005844
1415.953287   0.005502
1415.953968   0.005499
1415.954649   0.006543
1415.955330   0.008212
1415.956011   0.007679
1415.956693   0.007960
1415.957374   0.006486
1415.958055   0.007996
1415.958736   0.006282
1415.959417   0.006237
1415.960098   0.007402
1415.960779   0.008237
1415.961460   0.008544
1415.962142   0.008777
1415.962823   0.008982
1415.963504   0.010089
1415.964185   0.008867
1415.964866   0.007816
1415.965547   0.009347
1415.966228   0.007770
1415.966909   0.008055
1415.967591   0.008852
1415.968272   0.008762
1415.968953   0.009568
1415.969634   0.007098
1415.970315   0.007327
1415.970996   0.007551
1415.971677   0.007734
1415.972358   0.009814
1415.973040   0.009388
1415.973721   0.009665
1415.974402   0.007821
1415.975083   0.006753
1415.975764   0.009380
1415.976445   0.009615
1415.977126   0.009211
1415.977807   0.008323
1415.978488   0.005687
1415.979170   0.008669
1415.979851   0.010519
1415.980532   0.009308
1415.981213   0.010641
1415.981894   0.008564
1415.982575   0.006571
1415.983256   0.009204
1415.983937   0.009824
1415.984618   0.007860
1415.985300   0.010475
1415.985981   0.011233
1415.986662   0.009767
1415.987343   0.009173
1415.988024   0.007511
1415.988705   0.009555
1415.989386   0.008480
1415.990067   0.009352
1415.990749   0.008944
1415.991430   0.008912
1415.992111   0.009689
1415.992792   0.009667
1415.993473   0.009260
1415.994154   0.008508
1415.994835   0.010540
1415.995516   0.010154
1415.996198   0.010354
1415.996879   0.009002
1415.997560   0.010582
1415.998241   0.009267
1415.998922   0.011163
1415.999603   0.009684
1416.000284   0.012823
1416.000965   0.011845
1416.001646   0.013604
1416.002328   0.010383
1416.003009   0.008676
1416.003690   0.011198
1416.004371   0.010462
1416.005052   0.011693
1416.005733   0.010075
1416.006414   0.010255
1416.007095   0.011128
1416.007777   0.011993
1416.008458   0.009635
1416.009139   0.010915
1416.009820   0.010536
1416.010501   0.011740
1416.011182   0.013233
1416.011863   0.010996
1416.012544   0.008999
1416.013225   0.009270
1416.013907   0.010133
1416.014588   0.011286
1416.015269   0.010124
1416.015950   0.010124
1416.016631   0.011516
1416.017312   0.008971
1416.017993   0.009198
1416.018674   0.011014
1416.019356   0.008820
1416.020037   0.009341
1416.020718   0.011123
1416.021399   0.009771
1416.022080   0.010493
1416.022761   0.009481
1416.023442   0.010281
1416.024123   0.011241
1416.024805   0.008718
1416.025486   0.008009
1416.026167   0.010476
1416.026848   0.010274
1416.027529   0.012671
1416.028210   0.010410
1416.028891   0.009808
1416.029572   0.008419
1416.030253   0.011588
1416.030935   0.011896
1416.031616   0.009390
1416.032297   0.011751
1416.032978   0.010447
1416.033659   0.010706
1416.034340   0.012209
1416.035021   0.011834
1416.035702   0.009342
1416.036384   0.010853
1416.037065   0.010954
1416.037746   0.011753
1416.038427   0.011707
1416.039108   0.011897
1416.039789   0.009350
1416.040470   0.010356
1416.041151   0.012001
1416.041832   0.008670
1416.042514   0.009870
1416.043195   0.010473
1416.043876   0.009669
1416.044557   0.011345
1416.045238   0.012397
1416.045919   0.011426
1416.046600   0.012531
1416.047281   0.007847
1416.047963   0.010669
1416.048644   0.011024
1416.049325   0.009240
1416.050006   0.010111
1416.050687   0.011681
1416.051368   0.011602
1416.052049   0.009405
1416.052730   0.009775
1416.053412   0.010853
1416.054093   0.010733
1416.054774   0.007891
1416.055455   0.011151
1416.056136   0.009398
1416.056817   0.009861
1416.057498   0.010570
1416.058179   0.010168
1416.058860   0.008309
1416.059542   0.008281
1416.060223   0.006912
1416.060904   0.010359
1416.061585   0.012877
1416.062266   0.009195
1416.062947   0.009116
1416.063628   0.009217
1416.064309   0.009100
1416.064991   0.008318
1416.065672   0.009209
1416.066353   0.010319
1416.067034   0.008624
1416.067715   0.009299
1416.068396   0.009387
1416.069077   0.006860
1416.069758   0.010188
1416.070440   0.009608
1416.071121   0.009357
1416.071802   0.009491
1416.072483   0.007977
1416.073164   0.010622
1416.073845   0.010316
1416.074526   0.008401
1416.075207   0.007902
1416.075888   0.006430
1416.076570   0.008237
1416.077251   0.007465
1416.077932   0.009407
1416.078613   0.008656
1416.079294   0.007607
1416.079975   0.009357
1416.080656   0.010062
1416.081337   0.009395
1416.082019   0.008276
1416.082700   0.005777
1416.083381   0.006783
1416.084062   0.010898
1416.084743   0.006981
1416.085424   0.006121
1416.086105   0.006095
1416.086786   0.007322
1416.087467   0.007908
1416.088149   0.007701
1416.088830   0.007533
1416.089511   0.004859
1416.090192   0.004850
1416.090873   0.007878
1416.091554   0.004384
1416.092235   0.004969
1416.092916   0.006358
1416.093598   0.005321
1416.094279   0.006780
1416.094960   0.004594
1416.095641   0.004790
1416.096322   0.003224
1416.097003   0.003656
1416.097684   0.002746
1416.098365   0.004181
1416.099046   0.003916
1416.099727   0.002696
1416.100409   0.001102
1416.101090   0.001777
1416.101771  -0.001424
1416.102452  -0.000301
1416.103133  -0.000663
1416.103814  -0.000589
1416.104495  -0.002703
1416.105177  -0.000760
1416.105858  -0.002379
1416.106539   0.000417
1416.107220  -0.000703
1416.107901  -0.000722
1416.108582  -0.000527
1416.109263  -0.001049
1416.109944  -0.001021
1416.110626  -0.000292
1416.111307   0.002827
1416.111988   0.000009
1416.112669  -0.000265
1416.113350  -0.000609
1416.114031  -0.002302
1416.114712  -0.000691
1416.115393   0.000126
1416.116074  -0.001037
1416.116755  -0.001329
1416.117437  -0.003150
1416.118118   0.000662
1416.118799  -0.001579
1416.119480  -0.002111
1416.120161  -0.002193
1416.120842  -0.002747
1416.121523   0.000762
1416.122204  -0.000822
1416.122886  -0.000740
1416.123567  -0.000855
1416.124248  -0.002637
1416.124929   0.001631
1416.125610  -0.001535
1416.126291  -0.000758
1416.126972   0.000505
1416.127653  -0.000518
1416.128334  -0.000791
1416.129016  -0.000716
1416.129697   0.000403
1416.130378  -0.001285
1416.131059  -0.001625
1416.131740   0.000560
1416.132421  -0.002197
1416.133102  -0.000736
1416.133783  -0.000729
1416.134465   0.001996
1416.135146  -0.001818
1416.135827  -0.000356
1416.136508  -0.001140
1416.137189  -0.003332
1416.137870  -0.001007
1416.138551  -0.000889
1416.139232  -0.001402
1416.139914  -0.001432
1416.140595   0.002863
1416.141276  -0.001640
1416.141957  -0.000742
1416.142638  -0.001884
1416.143319  -0.001271
1416.144000  -0.002073
1416.144681  -0.000436
1416.145362  -0.002234
1416.146044  -0.000217
1416.146725  -0.002274
1416.147406  -0.002125
1416.148087  -0.001426
1416.148768  -0.000100
1416.149449  -0.000485
1416.150130   0.000046
1416.150811  -0.000229
1416.151493  -0.001511
1416.152174   0.000453
1416.152855  -0.000655
1416.153536  -0.002122
1416.154217  -0.004506
1416.154898   0.000696
1416.155579  -0.000901
1416.156260   0.001934
1416.156941  -0.001445
1416.157623  -0.000854
1416.158304  -0.000470
1416.158985  -0.000879
1416.159666  -0.000844
1416.160347  -0.000359
1416.161028  -0.000625
1416.161709  -0.002011
1416.162390  -0.000608
1416.163072  -0.000230
1416.163753  -0.000154
1416.164434  -0.000938
1416.165115  -0.000621
1416.165796  -0.001876
1416.166477   0.000977
1416.167158  -0.002319
1416.167839   0.000418
1416.168520   0.000266
1416.169202  -0.000109
1416.169883   0.000015
1416.170564   0.001165
1416.171245  -0.001926
1416.171926  -0.002534
1416.172607   0.001458
1416.173288  -0.001610
1416.173969  -0.000783
1416.174651  -0.000623
1416.175332   0.001173
1416.176013  -0.001163
1416.176694  -0.001409
1416.177375   0.000113
1416.178056  -0.000416
1416.178737  -0.004157
1416.179418  -0.000259
1416.180100  -0.001853
1416.180781  -0.001744
1416.181462  -0.001032
1416.182143  -0.001600
1416.182824  -0.000286
1416.183505  -0.000358
1416.184186  -0.001218
1416.184867  -0.001503
1416.185548   0.001279
1416.186230  -0.003289
1416.186911  -0.002331
1416.187592  -0.001257
1416.188273  -0.001459
1416.188954   0.000755
1416.189635  -0.000078
1416.190316   0.000297
1416.190997  -0.001711
1416.191679  -0.001162
1416.192360  -0.000747
1416.193041  -0.001532
1416.193722  -0.001109
1416.194403  -0.000116
1416.195084  -0.001429
1416.195765  -0.000855
1416.196446  -0.002299
1416.197128  -0.000743
1416.197809   0.000931
1416.198490  -0.001632
1416.199171  -0.001174
1416.199852   0.000138
1416.200533   0.000366
1416.201214   0.000118
1416.201895  -0.000140
1416.202576  -0.002272
1416.203258   0.000039
1416.203939  -0.000119
1416.204620  -0.001508
1416.205301   0.002170
1416.205982  -0.000305
1416.206663   0.000274
1416.207344   0.000257
1416.208025  -0.000780
1416.208706  -0.001640
1416.209388  -0.000725
1416.210069  -0.001305
1416.210750  -0.001427
1416.211431   0.000962
1416.212112  -0.002391
1416.212793   0.000052
1416.213474  -0.000993
1416.214155  -0.000036
1416.214837   0.000219
1416.215518  -0.000999
1416.216199  -0.001199
1416.216880  -0.000021
1416.217561  -0.000260
1416.218242  -0.000630
1416.218923  -0.001359
1416.219604   0.000931
1416.220286  -0.000875
1416.220967   0.001185
1416.221648  -0.000635
1416.222329   0.001903
1416.223010  -0.000483
1416.223691  -0.000534
1416.224372  -0.002352
1416.225053  -0.000085
1416.225734  -0.002813
1416.226416  -0.000431
1416.227097  -0.001596
1416.227778   0.001044
1416.228459  -0.001324
1416.229140  -0.001066
1416.229821  -0.000875
1416.230502   0.000576
1416.231183  -0.002492
1416.231865  -0.001737
1416.232546   0.000753
1416.233227  -0.002899
1416.233908  -0.001891
1416.234589   0.003421
1416.235270  -0.000123
1416.235951   0.000659
1416.236632  -0.002848
1416.237314  -0.001075
1416.237995  -0.002241
1416.238676  -0.003495
1416.239357  -0.003623
1416.240038   0.000224
1416.240719   0.000139
1416.241400   0.000036
1416.242081  -0.001746
1416.242762   0.001394
1416.243444  -0.000313
1416.244125   0.001961
1416.244806  -0.000968
1416.245487   0.000282
1416.246168  -0.001682
1416.246849  -0.001166
1416.247530   0.001965
1416.248211  -0.001300
1416.248892  -0.000057
1416.249574  -0.000574
1416.250255  -0.001477
1416.250936  -0.003914
1416.251617  -0.000928
1416.252298   0.000190
1416.252979  -0.000940
1416.253660  -0.003163
1416.254341  -0.001385
1416.255023  -0.001914
1416.255704  -0.002252
1416.256385   0.000186
1416.257066  -0.001381
1416.257747   0.000975
1416.258428  -0.000459
1416.259109   0.000523
1416.259790  -0.002477
1416.260472   0.001231
1416.261153  -0.003302
1416.261834   0.000559
1416.262515  -0.001053
1416.263196  -0.001392
1416.263877  -0.001525
1416.264558   0.000873
1416.265239  -0.001146
1416.265920  -0.002676
1416.266602  -0.002451
1416.267283   0.000447
1416.267964  -0.002800
1416.268645   0.000216
1416.269326   0.000143
1416.270007   0.000939
1416.270688  -0.001291
1416.271369  -0.001729
1416.272051  -0.001939
1416.272732  -0.001885
1416.273413   0.000174
1416.274094   0.000473
1416.274775  -0.002102
1416.275456  -0.000000
1416.276137   0.000169
1416.276818   0.000620
1416.277500  -0.000698
1416.278181  -0.001743
1416.278862  -0.003007
1416.279543  -0.000381
1416.280224  -0.000693
1416.280905  -0.000898
1416.281586   0.001531
1416.282267  -0.000793
1416.282948  -0.002055
1416.283630   0.000010
1416.284311  -0.001207
1416.284992  -0.000468
1416.285673   0.001093
1416.286354   0.000879
1416.287035  -0.000805
1416.287716  -0.001064
1416.288397   0.000317
1416.289079   0.000717
1416.289760  -0.002365
1416.290441  -0.002774
1416.291122   0.000296
1416.291803  -0.000616
1416.292484  -0.000798
1416.293165  -0.003025
1416.293846  -0.000241
1416.294527  -0.000942
1416.295209  -0.000136
1416.295890  -0.003431
1416.296571  -0.001294
1416.297252  -0.000107
1416.297933   0.000975
1416.298614  -0.002129
1416.299295   0.000926
1416.299976  -0.000036
1416.300658  -0.001012
1416.301339  -0.000453
1416.302020  -0.000037
1416.302701   0.000894
1416.303382  -0.000749
1416.304063  -0.000110
1416.304744  -0.000221
1416.305425  -0.000658
1416.306107  -0.000129
1416.306788  -0.001152
1416.307469   0.000009
1416.308150  -0.000512
1416.308831   0.000590
1416.309512  -0.001090
1416.310193  -0.003076
1416.310874  -0.000041
1416.311555  -0.002123
1416.312237  -0.001222
1416.312918  -0.001940
1416.313599   0.000209
1416.314280  -0.001330
1416.314961  -0.002492
1416.315642   0.000220
1416.316323   0.000493
1416.317004  -0.001000
1416.317686  -0.000482
1416.318367  -0.000805
1416.319048  -0.000765
1416.319729  -0.002539
1416.320410   0.000707
1416.321091   0.001384
1416.321772  -0.001811
1416.322453  -0.000938
1416.323134  -0.002665
1416.323815  -0.001270
1416.324497  -0.000278
1416.325178  -0.004103
1416.325859  -0.001279
1416.326540   0.000917
1416.327221  -0.000609
1416.327902  -0.001103
1416.328583  -0.000231
1416.329264  -0.001155
1416.329946  -0.001257
1416.330627  -0.000544
1416.331308  -0.001490
1416.331989  -0.000872
1416.332670  -0.000070
1416.333351  -0.001589
1416.334032  -0.001346
1416.334713   0.002386
1416.335394  -0.001298
1416.336076  -0.001258
1416.336757  -0.001068
1416.337438  -0.000709
1416.338119  -0.000391
1416.338800  -0.000295
1416.339481  -0.000343
1416.340162   0.000619
1416.340843  -0.001218
1416.341525   0.000716
1416.342206   0.000861
1416.342887  -0.002018
1416.343568   0.001641
1416.344249  -0.001472
1416.344930  -0.001070
1416.345611  -0.000456
1416.346292  -0.000338
1416.346974  -0.000969
1416.347655  -0.000498
1416.348336  -0.002685
1416.349017  -0.002317
1416.349698   0.000163
1416.350379   0.000149
1416.351060   0.000383
1416.351741   0.001046
1416.352422  -0.000712
1416.353104  -0.000510
1416.353785  -0.000096
1416.354466  -0.001460
1416.355147   0.000190
1416.355828  -0.002917
1416.356509   0.000548
1416.357190   0.000668
1416.357871  -0.002394
1416.358553   0.001191
1416.359234   0.000731
1416.359915  -0.001557
1416.360596   0.001209
1416.361277  -0.001903
1416.361958  -0.002583
1416.362639   0.001398
1416.363320  -0.000437
1416.364001  -0.001173
1416.364683   0.000197
1416.365364  -0.001125
1416.366045  -0.000606
1416.366726  -0.000445
1416.367407  -0.001585
1416.368088  -0.002434
1416.368769  -0.001167
1416.369450  -0.000655
1416.370132  -0.000504
1416.370813  -0.000226
1416.371494  -0.001921
1416.372175   0.000694
1416.372856  -0.001161
1416.373537   0.000650
1416.374218  -0.000590
1416.374899   0.000091
1416.375581  -0.001303
1416.376262   0.000096
1416.376943   0.001691
1416.377624  -0.001109
1416.378305  -0.002371
1416.378986  -0.000183
1416.379667  -0.000577
1416.380348  -0.002022
1416.381029   0.001427
1416.381711  -0.001015
1416.382392  -0.000084
1416.383073  -0.000517
1416.383754  -0.000855
1416.384435   0.000213
1416.385116   0.000558
1416.385797   0.000251
1416.386478  -0.001551
1416.387160  -0.000006
1416.387841  -0.000051
1416.388522  -0.001159
1416.389203   0.000006
1416.389884  -0.001529
1416.390565  -0.001445
1416.391246  -0.001250
1416.391927  -0.001256
1416.392608  -0.001839
1416.393290  -0.003334
1416.393971  -0.002772
1416.394652  -0.000058
1416.395333   0.000001
1416.396014  -0.000014
1416.396695  -0.001440
1416.397376  -0.000496
1416.398057   0.001358
1416.398739  -0.002154
1416.399420  -0.001328
1416.400101  -0.003121
1416.400782   0.000407
1416.401463  -0.001201
1416.402144  -0.002875
1416.402825  -0.000647
1416.403506  -0.000128
1416.404187  -0.001163
1416.404869   0.000416
1416.405550   0.001412
1416.406231   0.001829
1416.406912  -0.001245
1416.407593  -0.000682
1416.408274   0.000691
1416.408955  -0.001639
1416.409636  -0.000867
1416.410318  -0.000714
1416.410999  -0.001105
1416.411680  -0.000288
1416.412361   0.000789
1416.413042  -0.000086
1416.413723  -0.002507
1416.414404  -0.003759
1416.415085   0.000402
1416.415766   0.000937
1416.416448  -0.000901
1416.417129  -0.001261
1416.417810   0.000376
1416.418491  -0.001576
1416.419172  -0.001519
1416.419853   0.000630
1416.420534  -0.001725
1416.421215  -0.001495
1416.421897  -0.003232
1416.422578  -0.002129
1416.423259  -0.000059
1416.423940  -0.000719
1416.424621  -0.000380
1416.425302  -0.002342
1416.425983  -0.000703
1416.426664  -0.000485
1416.427346  -0.001675
1416.428027  -0.001725
1416.428708  -0.000849
1416.429389  -0.000916
1416.430070  -0.001171
1416.430751  -0.002589
1416.431432   0.000018
1416.432113  -0.003241
1416.432795  -0.001775
1416.433476   0.000396
1416.434157  -0.000533
1416.434838  -0.001494
1416.435519  -0.000115
1416.436200   0.000949
1416.436881  -0.000332
1416.437562   0.000121
1416.438243  -0.000014
1416.438924   0.001594
1416.439606  -0.001505
1416.440287  -0.001691
1416.440968  -0.000869
1416.441649  -0.001567
1416.442330  -0.001854
1416.443011  -0.000678
1416.443692   0.000055
1416.444373   0.000126
1416.445055  -0.001272
1416.445736   0.002120
1416.446417  -0.002502
1416.447098   0.000397
1416.447779  -0.000738
1416.448460  -0.001839
1416.449141   0.000950
1416.449822   0.000208
1416.450504  -0.002497
1416.451185   0.000800
1416.451866  -0.001743
1416.452547   0.000222
1416.453228  -0.000962
1416.453909  -0.000207
1416.454590  -0.000985
1416.455271  -0.002922
1416.455953   0.000213
1416.456634   0.000846
1416.457315  -0.000550
1416.457996  -0.000676
1416.458677   0.000289
1416.459358  -0.002998
1416.460039  -0.000871
1416.460720  -0.000389
1416.461401  -0.001232
1416.462083  -0.001513
1416.462764  -0.001078
1416.463445  -0.000689
1416.464126   0.001115
1416.464807  -0.000274
1416.465488   0.000476
1416.466169  -0.000051
1416.466850  -0.002362
1416.467532   0.000323
1416.468213  -0.001881
1416.468894   0.000787
1416.469575  -0.001994
1416.470256  -0.000331
1416.470937  -0.001330
1416.471618  -0.001505
1416.472299  -0.001786
1416.472980  -0.002340
1416.473662  -0.000807
1416.474343  -0.000814
1416.475024  -0.000030
1416.475705  -0.000613
1416.476386   0.000161
1416.477067   0.000123
1416.477748  -0.000645
1416.478429   0.000765
1416.479110  -0.003274
1416.479792  -0.000993
1416.480473  -0.002215
1416.481154  -0.000802
1416.481835   0.002172
1416.482516   0.000099
1416.483197   0.000494
1416.483878  -0.001727
1416.484559  -0.000409
1416.485241  -0.001374
1416.485922  -0.004138
1416.486603   0.000531
1416.487284   0.000858
1416.487965  -0.000189
1416.488646  -0.003226
1416.489327  -0.001123
1416.490008   0.000600
1416.490690  -0.000652
1416.491371   0.000167
1416.492052  -0.000713
1416.492733  -0.001123
1416.493414  -0.002036
1416.494095   0.000407
1416.494776  -0.002530
1416.495457  -0.000771
1416.496138  -0.003063
1416.496820  -0.000461
1416.497501  -0.001196
1416.498182  -0.000497
1416.498863  -0.002392
1416.499544   0.000418
1416.500225  -0.000726
1416.500906  -0.000204
1416.501587  -0.003493
1416.502269  -0.000981
1416.502950   0.000097
1416.503631  -0.002984
1416.504312  -0.002235
1416.504993  -0.001376
1416.505674  -0.001395
1416.506355  -0.002145
1416.507036  -0.001282
1416.507718   0.000345
1416.508399  -0.000012
1416.509080  -0.000195
1416.509761  -0.000631
1416.510442   0.000388
1416.511123  -0.001383
1416.511804  -0.001025
1416.512485  -0.002153
1416.513167  -0.000536
1416.513848  -0.001721
1416.514529  -0.001470
1416.515210  -0.000123
1416.515891  -0.001888
1416.516572  -0.000885
1416.517253  -0.001228
1416.517934  -0.002577
1416.518615  -0.000158
1416.519297  -0.000575
1416.519978  -0.001553
1416.520659   0.000879
1416.521340  -0.001921
1416.522021  -0.002483
1416.522702  -0.000978
1416.523383  -0.000356
1416.524064   0.001988
1416.524745   0.000186
1416.525426   0.000865
1416.526108  -0.000873
1416.526789  -0.002771
1416.527470   0.000680
1416.528151  -0.000763
1416.528832  -0.001754
1416.529513  -0.002250
1416.530194  -0.001364
1416.530876  -0.000590
1416.531557  -0.001073
1416.532238  -0.000091
1416.532919  -0.002167
1416.533600   0.000984
1416.534281   0.000081
1416.534962   0.000276
1416.535643  -0.000533
1416.536325   0.000247
1416.537006   0.001723
1416.537687   0.000032
1416.538368  -0.000940
1416.539049   0.001394
1416.539730   0.001454
1416.540411   0.000604
1416.541092  -0.001966
1416.541773  -0.001425
1416.542454  -0.002008
1416.543136   0.000756
1416.543817  -0.001021
1416.544498  -0.000089
1416.545179  -0.000349
1416.545860  -0.001100
1416.546541  -0.000102
1416.547222  -0.001302
1416.547903  -0.001289
1416.548585   0.000184
1416.549266  -0.001356
1416.549947  -0.002367
1416.550628  -0.000707
1416.551309  -0.001469
1416.551990  -0.000514
1416.552671  -0.001108
1416.553352  -0.002124
1416.554033  -0.002609
1416.554715  -0.001013
1416.555396  -0.001508
1416.556077   0.000383
1416.556758   0.000085
1416.557439  -0.000306
1416.558120  -0.001462
1416.558801   0.000301
1416.559482  -0.000606
1416.560164   0.002274
1416.560845  -0.002468
1416.561526  -0.000181
1416.562207   0.001000
1416.562888   0.000241
1416.563569   0.000669
1416.564250  -0.001872
1416.564931  -0.001188
1416.565612  -0.001110
1416.566294  -0.001000
1416.566975  -0.001682
1416.567656  -0.000006
1416.568337  -0.001266
1416.569018  -0.000521
1416.569699   0.000006
1416.570380  -0.000152
1416.571061   0.000067
1416.571743  -0.002550
1416.572424   0.000154
1416.573105   0.000028
1416.573786  -0.000629
1416.574467  -0.001905
1416.575148   0.000906
1416.575829  -0.001599
1416.576510   0.003230
1416.577192  -0.000458
1416.577873  -0.000344
1416.578554   0.000130
1416.579235  -0.001343
1416.579916   0.000402
1416.580597  -0.002603
1416.581278  -0.000029
1416.581959   0.000626
1416.582640   0.000242
1416.583322  -0.000707
1416.584003  -0.001991
1416.584684   0.000990
1416.585365  -0.000771
1416.586046   0.000020
1416.586727  -0.002205
1416.587408  -0.000787
1416.588089  -0.001666
1416.588771  -0.001078
1416.589452  -0.001164
1416.590133  -0.000378
1416.590814  -0.001354
1416.591495  -0.002138
1416.592176  -0.001935
1416.592857   0.000029
1416.593538  -0.000563
1416.594219  -0.003935
1416.594901  -0.000360
1416.595582  -0.000162
1416.596263  -0.001757
1416.596944  -0.003313
1416.597625  -0.002238
1416.598306   0.000143
1416.598987  -0.000979
1416.599668   0.000041
1416.600350   0.000928
1416.601031  -0.001920
1416.601712   0.001410
1416.602393  -0.002736
1416.603074  -0.002284
1416.603755  -0.000832
1416.604436  -0.000634
1416.605117  -0.000861
1416.605799   0.000182
1416.606480  -0.000400
1416.607161  -0.000566
1416.607842   0.000831
1416.608523  -0.001010
1416.609204  -0.002926
1416.609885  -0.000521
1416.610566  -0.000918
1416.611247  -0.001524
1416.611929  -0.000148
1416.612610  -0.002326
1416.613291   0.001774
1416.613972  -0.001311
1416.614653  -0.001579
1416.615334  -0.000874
1416.616015  -0.001485
1416.616696  -0.000461
1416.617378  -0.000997
1416.618059  -0.001142
1416.618740   0.000212
1416.619421   0.001478
1416.620102   0.000523
1416.620783  -0.000838
1416.621464  -0.000798
1416.622145  -0.001789
1416.622826  -0.000082
1416.623508  -0.001417
1416.624189   0.000672
1416.624870  -0.000757
1416.625551  -0.001569
1416.626232  -0.003029
1416.626913  -0.001724
1416.627594  -0.000997
1416.628275  -0.000480
1416.628957  -0.001538
1416.629638  -0.000578
1416.630319   0.000814
1416.631000   0.000382
1416.631681   0.000656
1416.632362  -0.000663
1416.633043  -0.002115
1416.633724   0.001670
1416.634405  -0.001366
1416.635087   0.000244
1416.635768   0.000135
1416.636449  -0.002659
1416.637130  -0.000810
1416.637811  -0.000487
1416.638492   0.000259
1416.639173   0.000387
1416.639854  -0.000533
1416.640536  -0.000533
1416.641217  -0.000003
1416.641898  -0.001590
1416.642579  -0.000821
1416.643260   0.000354
1416.643941   0.000128
1416.644622  -0.002332
1416.645303   0.000129
1416.645984  -0.000170
1416.646666  -0.002413
1416.647347   0.000027
1416.648028  -0.001344
1416.648709   0.000065
1416.649390  -0.000489
1416.650071   0.000487
1416.650752  -0.002963
1416.651433  -0.001184
1416.652115   0.000776
1416.652796  -0.001460
1416.653477  -0.001487
1416.654158  -0.001566
1416.654839  -0.002287
1416.655520   0.000123
1416.656201   0.000493
1416.656882  -0.000243
1416.657564   0.000040
1416.658245  -0.000794
1416.658926   0.000361
1416.659607  -0.000948
1416.660288  -0.001407
1416.660969  -0.001541
1416.661650   0.000236
1416.662331  -0.000155
1416.663012  -0.000758
1416.663694   0.001202
1416.664375  -0.000151
1416.665056  -0.000248
1416.665737   0.000360
1416.666418  -0.001005
1416.667099   0.000654
1416.667780   0.000090
1416.668461  -0.000862
1416.669142   0.000301
1416.669824   0.001190
1416.670505   0.000400
1416.671186   0.000749
1416.671867   0.000301
1416.672548   0.001188
1416.673229  -0.002594
1416.673910  -0.000886
1416.674591  -0.001180
1416.675273  -0.002307
1416.675954   0.000261
1416.676635   0.001222
1416.677316  -0.001483
1416.677997   0.000311
1416.678678  -0.000974
1416.679359  -0.000829
1416.680040   0.000687
1416.680722   0.000664
1416.681403  -0.000877
1416.682084   0.002423
1416.682765   0.000369
1416.683446   0.000773
1416.684127   0.000438
1416.684808  -0.002131
1416.685489   0.000632
1416.686171  -0.000569
1416.686852  -0.000265
1416.687533   0.001468
1416.688214  -0.002422
1416.688895  -0.000125
1416.689576   0.000838
1416.690257  -0.000049
1416.690938  -0.001752
1416.691619  -0.000258
1416.692301  -0.001356
1416.692982  -0.000854
1416.693663  -0.002345
1416.694344   0.001615
1416.695025  -0.000233
1416.695706   0.000103
1416.696387  -0.002424
1416.697068  -0.001251
1416.697749  -0.000107
1416.698431  -0.001287
1416.699112  -0.001282
1416.699793  -0.001733
1416.700474  -0.001908
1416.701155  -0.002501
1416.701836  -0.001088
1416.702517  -0.000375
1416.703198  -0.002001
1416.703880  -0.001335
1416.704561  -0.002770
1416.705242   0.000702
1416.705923  -0.000891
1416.706604  -0.000923
1416.707285  -0.000098
1416.707966   0.001245
1416.708647   0.001875
1416.709329  -0.001304
1416.710010   0.000193
1416.710691  -0.001077
1416.711372   0.000785
1416.712053  -0.000986
1416.712734   0.000705
1416.713415  -0.001464
1416.714096  -0.001303
1416.714777   0.001101
1416.715459  -0.000921
1416.716140  -0.000269
1416.716821  -0.000571
1416.717502  -0.000020
1416.718183  -0.002351
1416.718864  -0.003247
1416.719545  -0.001814
1416.720226  -0.000693
1416.720908   0.000928
1416.721589   0.000272
1416.722270   0.000128
1416.722951  -0.002184
1416.723632   0.000209
1416.724313  -0.001947
1416.724994  -0.000907
1416.725675   0.000296
1416.726356  -0.001068
1416.727038  -0.002828
1416.727719  -0.000353
1416.728400  -0.000624
1416.729081  -0.000644
1416.729762  -0.001501
1416.730443  -0.001182
1416.731124  -0.001464
1416.731805  -0.000007
1416.732487   0.001154
1416.733168  -0.001546
1416.733849   0.001608
1416.734530  -0.000514
1416.735211  -0.001200
1416.735892   0.000108
1416.736573   0.000369
1416.737254  -0.000584
1416.737935   0.001435
1416.738616  -0.001529
1416.739298   0.000023
1416.739979  -0.001286
1416.740660  -0.000845
1416.741341  -0.000182
1416.742022   0.000085
1416.742703   0.000763
1416.743384  -0.001040
1416.744065  -0.001374
1416.744747  -0.001566
1416.745428  -0.001939
1416.746109  -0.000221
1416.746790  -0.001604
1416.747471  -0.001235
1416.748152  -0.001657
1416.748833  -0.003819
1416.749514  -0.001118
1416.750196  -0.000823
1416.750877   0.000037
1416.751558  -0.000026
1416.752239  -0.000585
1416.752920  -0.000066
1416.753601  -0.000580
1416.754282   0.000677
1416.754963  -0.000219
1416.755644  -0.000524
1416.756326  -0.002515
1416.757007  -0.005631
1416.757688  -0.001537
1416.758369   0.001505
1416.759050  -0.000522
1416.759731  -0.002073
1416.760412  -0.002318
1416.761093  -0.001493
1416.761775   0.000842
1416.762456  -0.001183
1416.763137   0.000535
1416.763818  -0.002032
1416.764499  -0.001305
1416.765180  -0.000440
1416.765861   0.000471
1416.766542   0.000524
1416.767224  -0.001882
1416.767905  -0.000510
1416.768586  -0.000193
1416.769267  -0.000627
1416.769948   0.001285
1416.770629   0.000032
1416.771310  -0.000612
1416.771991   0.000442
1416.772672   0.000484
1416.773354   0.001065
1416.774035  -0.001561
1416.774716  -0.001902
1416.775397  -0.000403
1416.776078  -0.000836
1416.776759  -0.000913
1416.777440  -0.002919
1416.778121  -0.000218
1416.778803  -0.001629
1416.779484   0.000932
1416.780165  -0.001439
1416.780846  -0.000182
1416.781527  -0.000893
1416.782208  -0.001410
1416.782889  -0.001411
1416.783570  -0.002163
1416.784251   0.001058
1416.784933   0.000276
1416.785614  -0.000621
1416.786295   0.002335
1416.786976  -0.002033
1416.787657   0.001628
1416.788338   0.000728
1416.789019  -0.001555
1416.789700   0.000468
1416.790382  -0.001664
1416.791063  -0.003239
1416.791744  -0.000241
1416.792425  -0.000378
1416.793106   0.000084
1416.793787  -0.003210
1416.794468  -0.000597
1416.795149  -0.000645
1416.795830  -0.002205
1416.796512   0.001428
1416.797193  -0.000217
1416.797874  -0.001597
1416.798555   0.000506
1416.799236  -0.002529
1416.799917  -0.000214
1416.800598  -0.003239
1416.801279   0.000296
1416.801961   0.001810
1416.802642  -0.000907
1416.803323   0.000096
1416.804004  -0.000925
1416.804685  -0.000280
1416.805366  -0.000979
1416.806047   0.001273
1416.806728   0.001619
1416.807409  -0.001486
1416.808091  -0.001264
1416.808772  -0.001506
1416.809453   0.002440
1416.810134  -0.000865
1416.810815  -0.002830
1416.811496   0.000115
1416.812177   0.000013
1416.812858  -0.001551
1416.813540  -0.000943
1416.814221   0.000075
1416.814902  -0.000337
1416.815583   0.000710
1416.816264  -0.001801
1416.816945  -0.001134
1416.817626  -0.002872
1416.818307  -0.000602
1416.818988  -0.001264
1416.819670  -0.001272
1416.820351   0.000702
1416.821032  -0.003670
1416.821713   0.000339
1416.822394  -0.001382
1416.823075  -0.000970
1416.823756  -0.000934
1416.824437   0.000121
1416.825119   0.000418
1416.825800   0.000100
1416.826481   0.001215
1416.827162  -0.001134
1416.827843  -0.001180
1416.828524  -0.000871
1416.829205  -0.002327
1416.829886  -0.000782
1416.830568  -0.000264
1416.831249  -0.002228
1416.831930  -0.000778
1416.832611   0.000537
1416.833292  -0.001448
1416.833973  -0.003707
1416.834654   0.000837
1416.835335  -0.000094
1416.836017  -0.000940
1416.836698   0.000048
1416.837379  -0.000019
1416.838060   0.000707
1416.838741   0.000287
1416.839422  -0.001755
1416.840103  -0.000603
1416.840784   0.000173
1416.841465  -0.001026
1416.842146  -0.001414
1416.842828  -0.000137
1416.843509  -0.000135
1416.844190   0.000420
1416.844871  -0.001556
1416.845552   0.000283
1416.846233  -0.000435
1416.846914  -0.000035
1416.847595  -0.000947
1416.848277  -0.000623
1416.848958  -0.000354
1416.849639  -0.000816
1416.850320  -0.001753
1416.851001   0.001374
1416.851682  -0.001855
1416.852363  -0.001125
1416.853044  -0.000205
1416.853726  -0.001501
1416.854407  -0.001092
1416.855088  -0.000465
1416.855769  -0.000433
1416.856450  -0.001184
1416.857131   0.000907
1416.857812  -0.001648
1416.858493  -0.001208
1416.859175  -0.000776
1416.859856  -0.002105
1416.860537  -0.002102
1416.861218  -0.004900
1416.861899  -0.001406
1416.862580  -0.001745
1416.863261   0.001878
1416.863942  -0.000418
1416.864623  -0.000202
1416.865305   0.000110
1416.865986  -0.001054
1416.866667  -0.000336
1416.867348   0.000017
1416.868029  -0.000636
1416.868710  -0.000287
1416.869391   0.001738
1416.870072   0.001052
1416.870754   0.000600
1416.871435  -0.000145
1416.872116  -0.001371
1416.872797  -0.000746
1416.873478  -0.000519
1416.874159  -0.001731
1416.874840   0.002541
1416.875521  -0.000476
1416.876202  -0.002437
1416.876884  -0.001722
1416.877565  -0.000363
1416.878246   0.000248
1416.878927  -0.000562
1416.879608  -0.002889
1416.880289  -0.002072
1416.880970  -0.000641
1416.881651  -0.000485
1416.882333  -0.001420
1416.883014  -0.001024
1416.883695  -0.000642
1416.884376  -0.000514
1416.885057  -0.001371
1416.885738  -0.003480
1416.886419  -0.001403
1416.887100  -0.000136
1416.887781  -0.000364
1416.888463  -0.000920
1416.889144   0.000548
1416.889825   0.000598
1416.890506  -0.000199
1416.891187   0.000381
1416.891868  -0.001118
1416.892549  -0.000966
1416.893230   0.000205
1416.893912  -0.001596
1416.894593  -0.001908
1416.895274   0.000722
1416.895955  -0.000453
1416.896636  -0.001071
1416.897317  -0.000671
1416.897998  -0.000067
1416.898679   0.001830
1416.899360  -0.000321
1416.900042  -0.001941
1416.900723  -0.002761
1416.901404   0.000443
1416.902085   0.000127
1416.902766  -0.001237
1416.903447  -0.000420
1416.904128  -0.001037
1416.904809  -0.001174
1416.905490  -0.001356
1416.906172  -0.001577
1416.906853  -0.001079
1416.907534  -0.000014
1416.908215  -0.001297
1416.908896  -0.001041
1416.909577   0.001238
1416.910258  -0.000432
1416.910939   0.000004
1416.911621  -0.000341
1416.912302  -0.000699
1416.912983   0.001401
1416.913664  -0.000748
1416.914345  -0.000689
1416.915026  -0.000905
1416.915707  -0.001443
1416.916388   0.000190
1416.917070   0.000090
1416.917751  -0.000247
1416.918432  -0.001167
1416.919113  -0.000851
1416.919794   0.000031
1416.920475  -0.000613
1416.921156  -0.000608
1416.921837  -0.000102
1416.922519  -0.001981
1416.923200  -0.001801
1416.923881   0.000999
1416.924562   0.001064
1416.925243   0.001731
1416.925924  -0.000944
1416.926605  -0.000306
1416.927286   0.000009
1416.927967  -0.000435
1416.928649  -0.000266
1416.929330  -0.001261
1416.930011   0.001354
1416.930692  -0.000458
1416.931373  -0.001373
1416.932054   0.000642
1416.932735  -0.001457
1416.933416  -0.000060
1416.934098   0.000684
1416.934779   0.000350
1416.935460  -0.002733
1416.936141  -0.000311
1416.936822   0.000529
1416.937503  -0.001606
1416.938184  -0.001389
1416.938865  -0.001171
1416.939546   0.000526
1416.940227  -0.001358
1416.940909  -0.001704
1416.941590  -0.000205
1416.942271  -0.001907
1416.942952  -0.000236
1416.943633  -0.001269
1416.944314  -0.001382
1416.944995   0.000390
1416.945676   0.000806
1416.946358   0.001260
1416.947039  -0.001325
1416.947720  -0.001074
1416.948401  -0.001830
1416.949082   0.001820
1416.949763   0.000223
1416.950444   0.000664
1416.951125   0.000734
1416.951807  -0.001279
1416.952488   0.000144
1416.953169  -0.001502
1416.953850  -0.002140
1416.954531  -0.001821
1416.955212   0.000778
1416.955893  -0.001000
1416.956574   0.000940
1416.957255  -0.000773
1416.957937  -0.000541
1416.958618  -0.000777
1416.959299  -0.003066
1416.959980   0.000325
1416.960661  -0.001282
1416.961342  -0.000215
1416.962023   0.000622
1416.962704   0.000200
1416.963386   0.001432
1416.964067  -0.000581
1416.964748  -0.001179
1416.965429  -0.002037
1416.966110  -0.002104
1416.966791   0.000524
1416.967472   0.000663
1416.968153  -0.001301
1416.968834  -0.000308
1416.969516  -0.001269
1416.970197  -0.000970
1416.970878   0.000296
1416.971559  -0.001063
1416.972240  -0.001473
1416.972921   0.000853
1416.973602   0.001444
1416.974283  -0.000496
1416.974964   0.000425
1416.975646  -0.000141
1416.976327  -0.001689
1416.977008  -0.000942
1416.977689  -0.000047
1416.978370   0.000638
1416.979051   0.000757
1416.979732  -0.000431
1416.980413  -0.000903
1416.981095  -0.000195
1416.981776  -0.000763
1416.982457  -0.001683
1416.983138  -0.000807
1416.983819   0.001668
1416.984500  -0.002833
1416.985181  -0.001455
1416.985862  -0.000467
1416.986544   0.000403
1416.987225  -0.002119
1416.987906   0.002221
1416.988587  -0.002160
1416.989268   0.000265
1416.989949  -0.001138
1416.990630  -0.002427
1416.991311  -0.000779
1416.991992  -0.000461
1416.992674  -0.001326
1416.993355  -0.001140
1416.994036  -0.001362
1416.994717  -0.000964
1416.995398  -0.002133
1416.996079  -0.002778
1416.996760  -0.001675
1416.997441  -0.002111
1416.998123  -0.002315
1416.998804  -0.001024
1416.999485   0.000964
1417.000166  -0.000390
1417.000847  -0.000729
1417.001528  -0.001319
1417.002209  -0.000301
1417.002890  -0.000594
1417.003572   0.000986
1417.004253   0.000084
1417.004934  -0.001649
1417.005615  -0.000956
1417.006296  -0.001731
1417.006977   0.000540
1417.007658   0.003050
1417.008339   0.000823
1417.009020  -0.001393
1417.009702  -0.001567
1417.010383   0.000310
1417.011064   0.001448
1417.011745  -0.000142
1417.012426  -0.003541
1417.013107  -0.003268
1417.013788  -0.000866
1417.014469  -0.001511
1417.015150  -0.002135
1417.015832   0.000931
1417.016513  -0.001123
1417.017194  -0.001357
1417.017875  -0.001774
1417.018556   0.000605
1417.019237  -0.003307
1417.019918  -0.000768
1417.020599   0.000354
1417.021281  -0.001203
1417.021962  -0.000415
1417.022643   0.000040
1417.023324  -0.000164
1417.024005  -0.001677
1417.024686  -0.000443
1417.025367  -0.000115
1417.026048  -0.000534
1417.026730  -0.001482
1417.027411  -0.000514
1417.028092  -0.000182
1417.028773  -0.000801
1417.029454   0.001082
1417.030135  -0.002520
1417.030816  -0.002257
1417.031497  -0.000747
1417.032179  -0.001088
1417.032860  -0.001016
1417.033541  -0.002942
1417.034222  -0.000110
1417.034903  -0.003416
1417.035584  -0.001519
1417.036265  -0.000702
1417.036946   0.001295
1417.037627  -0.000358
1417.038308  -0.003375
1417.038990   0.000411
1417.039671  -0.002434
1417.040352  -0.000846
1417.041033  -0.000544
1417.041714  -0.002237
1417.042395  -0.000191
1417.043076  -0.001974
1417.043757  -0.001438
1417.044439  -0.003389
1417.045120  -0.001306
1417.045801  -0.000619
1417.046482  -0.000719
1417.047163  -0.000104
1417.047844  -0.000160
1417.048525   0.000701
1417.049206   0.000189
1417.049888   0.002137
1417.050569  -0.001582
1417.051250  -0.001528
1417.051931  -0.001309
1417.052612  -0.001714
1417.053293  -0.001422
1417.053974  -0.001649
1417.054655  -0.000962
1417.055337   0.000176
1417.056018   0.000545
1417.056699   0.000374
1417.057380   0.000147
1417.058061  -0.002746
1417.058742  -0.002629
1417.059423  -0.001355
1417.060104  -0.001150
1417.060785  -0.002756
1417.061467   0.000318
1417.062148   0.000105
1417.062829  -0.000524
1417.063510  -0.001320
1417.064191  -0.002227
1417.064872   0.001434
1417.065553  -0.001914
1417.066234  -0.000203
1417.066916  -0.000436
1417.067597   0.000499
1417.068278  -0.001119
1417.068959  -0.000710
1417.069640  -0.000415
1417.070321  -0.001474
1417.071002  -0.002226
1417.071683  -0.000857
1417.072364  -0.000806
1417.073046   0.000775
1417.073727  -0.000064
1417.074408   0.000152
1417.075089   0.000538
1417.075770  -0.001658
1417.076451  -0.000489
1417.077132  -0.000047
1417.077813   0.001216
1417.078494  -0.001458
1417.079176   0.000580
1417.079857  -0.000784
1417.080538   0.000696
1417.081219  -0.001337
1417.081900  -0.002468
1417.082581   0.000607
1417.083262   0.001178
1417.083943  -0.000219
1417.084625  -0.001325
1417.085306   0.000446
1417.085987  -0.001288
1417.086668  -0.000531
1417.087349  -0.003057
1417.088030   0.000890
1417.088711   0.000002
1417.089392  -0.001244
1417.090074  -0.000866
1417.090755   0.000929
1417.091436   0.000154
1417.092117   0.000831
1417.092798   0.000086
1417.093479   0.000896
1417.094160   0.000188
1417.094841  -0.000202
1417.095523  -0.000791
1417.096204  -0.002622
1417.096885   0.000003
1417.097566  -0.001390
1417.098247  -0.002868
1417.098928  -0.001106
1417.099609  -0.000975
1417.100290  -0.002142
1417.100971  -0.001166
1417.101652  -0.000913
1417.102334  -0.000574
1417.103015  -0.000897
1417.103696  -0.000810
