1345.835091  -0.000770
1345.835773   0.001160
1345.836454  -0.001346
1345.837135   0.000866
1345.837816  -0.002631
1345.838497   0.000406
1345.839178  -0.002343
1345.839859  -0.001274
1345.840541  -0.001897
1345.841222  -0.000287
1345.841903   0.000792
1345.842584  -0.001918
1345.843265  -0.000526
1345.843946   0.000219
1345.844627   0.001113
1345.845309   0.001027
1345.845990  -0.001154
1345.846671  -0.000442
1345.847352  -0.001342
1345.848033  -0.000751
1345.848714  -0.001353
1345.849396  -0.002144
1345.850077   0.000235
1345.850758  -0.000100
1345.851439  -0.000189
1345.852120   0.001251
1345.852801  -0.003266
1345.853482  -0.001885
1345.854164  -0.001560
1345.854845  -0.000271
1345.855526  -0.003093
1345.856207  -0.000515
1345.856888  -0.000836
1345.857569  -0.000435
1345.858251  -0.001421
1345.858932   0.001386
1345.859613  -0.002087
1345.860294  -0.001335
1345.860975  -0.002300
1345.861656  -0.001203
1345.862337  -0.000314
1345.863019  -0.001021
1345.863700  -0.002186
1345.864381   0.000027
1345.865062  -0.000654
1345.865743  -0.000375
1345.866424  -0.001034
1345.867105  -0.000483
1345.867787  -0.001152
1345.868468   0.000549
1345.869149  -0.000174
1345.869830  -0.002042
1345.870511  -0.000515
1345.871192  -0.004191
1345.871874  -0.001183
1345.872555  -0.000893
1345.873236   0.000150
1345.873917  -0.000625
1345.874598   0.000120
1345.875279   0.000785
1345.875960   0.000060
1345.876642  -0.000884
1345.877323  -0.001275
1345.878004  -0.000852
1345.878685  -0.001746
1345.879366  -0.002097
1345.880047   0.001153
1345.880728   0.000404
1345.881410   0.000363
1345.882091  -0.000687
1345.882772  -0.000640
1345.883453   0.000868
1345.884134   0.000008
1345.884815  -0.000486
1345.885497   0.001044
1345.886178   0.001703
1345.886859  -0.001279
1345.887540  -0.000488
1345.888221  -0.002064
1345.888902  -0.003630
1345.889583   0.001221
1345.890265   0.000501
1345.890946  -0.001077
1345.891627   0.000662
1345.892308   0.001010
1345.892989  -0.000032
1345.893670  -0.002578
1345.894352   0.001126
1345.895033  -0.002528
1345.895714  -0.002339
1345.896395   0.000436
1345.897076  -0.000262
1345.897757  -0.002712
1345.898438  -0.001498
1345.899120  -0.000596
1345.899801  -0.001512
1345.900482  -0.001129
1345.901163  -0.000878
1345.901844  -0.001152
1345.902525  -0.001042
1345.903206  -0.001677
1345.903888  -0.002949
1345.904569  -0.003137
1345.905250   0.000504
1345.905931  -0.000122
1345.906612  -0.002047
1345.907293   0.000051
1345.907974  -0.001673
1345.908656  -0.000967
1345.909337  -0.000213
1345.910018  -0.002176
1345.910699  -0.000608
1345.911380  -0.003091
1345.912061  -0.001365
1345.912742  -0.001009
1345.913424   0.000634
1345.914105  -0.001231
1345.914786   0.000931
1345.915467   0.000253
1345.916148   0.000596
1345.916830  -0.000092
1345.917511  -0.002153
1345.918192  -0.000402
1345.918873   0.001960
1345.919554  -0.000702
1345.920235  -0.001048
1345.920916  -0.001793
1345.921598  -0.002761
1345.922279  -0.000858
1345.922960   0.000459
1345.923641   0.000472
1345.924322  -0.001028
1345.925003   0.000539
1345.925684  -0.000869
1345.926366  -0.001329
1345.927047  -0.001572
1345.927728  -0.001315
1345.928409  -0.001539
1345.929090   0.000173
1345.929771  -0.000108
1345.930452  -0.001068
1345.931134   0.000457
1345.931815  -0.000413
1345.932496  -0.001104
1345.933177  -0.000228
1345.933858   0.000683
1345.934539   0.001462
1345.935220  -0.001680
1345.935902  -0.000967
1345.936583   0.001059
1345.937264  -0.001014
1345.937945  -0.000693
1345.938626   0.001335
1345.939307  -0.001958
1345.939988  -0.002102
1345.940670  -0.000441
1345.941351  -0.001544
1345.942032   0.001164
1345.942713   0.000892
1345.943394  -0.002084
1345.944075   0.001564
1345.944757  -0.000502
1345.945438  -0.001191
1345.946119  -0.001048
1345.946800  -0.000257
1345.947481  -0.001173
1345.948162  -0.000877
1345.948843  -0.001535
1345.949525   0.000603
1345.950206  -0.003170
1345.950887   0.000923
1345.951568  -0.000589
1345.952249   0.000621
1345.952930  -0.001879
1345.953612  -0.000611
1345.954293  -0.000865
1345.954974  -0.001514
1345.955655  -0.002935
1345.956336  -0.001902
1345.957017  -0.002812
1345.957698  -0.002358
1345.958380  -0.000285
1345.959061   0.000852
1345.959742  -0.002607
1345.960423   0.001980
1345.961104  -0.001039
1345.961785   0.000472
1345.962466  -0.002393
1345.963148  -0.004239
1345.963829  -0.000376
1345.964510  -0.001595
1345.965191   0.000405
1345.965872  -0.000222
1345.966553   0.000075
1345.967235  -0.000190
1345.967916   0.000394
1345.968597  -0.000273
1345.969278  -0.000270
1345.969959   0.000423
1345.970640  -0.000965
1345.971321  -0.000570
1345.972003  -0.001545
1345.972684  -0.001007
1345.973365  -0.000337
1345.974046  -0.003459
1345.974727  -0.001026
1345.975408  -0.001343
1345.976089   0.000305
1345.976771  -0.001518
1345.977452   0.000109
1345.978133  -0.000445
1345.978814  -0.000880
1345.979495   0.000514
1345.980176  -0.002206
1345.980858  -0.002483
1345.981539  -0.000893
1345.982220  -0.001470
1345.982901  -0.001693
1345.983582   0.000424
1345.984263  -0.001420
1345.984944  -0.001783
1345.985626   0.000515
1345.986307  -0.003261
1345.986988  -0.000502
1345.987669  -0.001605
1345.988350  -0.001081
1345.989031  -0.000307
1345.989713  -0.003911
1345.990394  -0.000875
1345.991075  -0.001497
1345.991756  -0.000887
1345.992437  -0.001436
1345.993118  -0.000294
1345.993799  -0.002772
1345.994481   0.000565
1345.995162   0.001327
1345.995843   0.000918
1345.996524  -0.000538
1345.997205  -0.002787
1345.997886   0.000457
1345.998567   0.000830
1345.999249   0.000122
1345.999930  -0.001985
1346.000611  -0.000358
1346.001292  -0.001785
1346.001973   0.001094
1346.002654  -0.001304
1346.003335   0.002628
1346.004017  -0.000323
1346.004698  -0.000718
1346.005379   0.000516
1346.006060  -0.000542
1346.006741   0.000943
1346.007422   0.000114
1346.008104  -0.001810
1346.008785   0.000127
1346.009466  -0.001576
1346.010147  -0.001110
1346.010828  -0.000346
1346.011509  -0.000754
1346.012190   0.001637
1346.012872   0.000576
1346.013553  -0.001823
1346.014234  -0.000575
1346.014915  -0.001997
1346.015596   0.000187
1346.016277  -0.000072
1346.016959   0.000600
1346.017640   0.000437
1346.018321  -0.002687
1346.019002  -0.000869
1346.019683  -0.000402
1346.020364  -0.001192
1346.021045  -0.000950
1346.021727   0.000540
1346.022408  -0.001898
1346.023089  -0.000828
1346.023770  -0.001452
1346.024451  -0.001639
1346.025132  -0.001505
1346.025813   0.002462
1346.026495   0.000366
1346.027176  -0.001345
1346.027857  -0.001649
1346.028538  -0.002022
1346.029219  -0.001339
1346.029900  -0.001522
1346.030581  -0.000686
1346.031263   0.000383
1346.031944  -0.001244
1346.032625  -0.000885
1346.033306  -0.000090
1346.033987  -0.003303
1346.034668  -0.001371
1346.035350   0.000654
1346.036031  -0.002504
1346.036712  -0.000534
1346.037393   0.000496
1346.038074   0.001743
1346.038755   0.000016
1346.039436  -0.002681
1346.040118  -0.001605
1346.040799   0.000835
1346.041480   0.000216
1346.042161  -0.000988
1346.042842  -0.000538
1346.043523  -0.001676
1346.044204  -0.001158
1346.044886  -0.000041
1346.045567   0.000095
1346.046248   0.000213
1346.046929   0.001825
1346.047610  -0.000216
1346.048291  -0.000467
1346.048973   0.000037
1346.049654  -0.001403
1346.050335   0.001199
1346.051016  -0.001177
1346.051697  -0.001102
1346.052378  -0.001250
1346.053059  -0.001736
1346.053741  -0.001134
1346.054422   0.001124
1346.055103  -0.000353
1346.055784  -0.001186
1346.056465  -0.001225
1346.057146   0.000518
1346.057827  -0.002411
1346.058509  -0.001599
1346.059190  -0.002307
1346.059871  -0.001313
1346.060552   0.001517
1346.061233  -0.002326
1346.061914  -0.001971
1346.062596   0.000822
1346.063277  -0.000187
1346.063958   0.002280
1346.064639  -0.004421
1346.065320  -0.001664
1346.066001  -0.000815
1346.066682  -0.000196
1346.067364  -0.001354
1346.068045   0.000951
1346.068726  -0.002108
1346.069407   0.000572
1346.070088   0.001486
1346.070769  -0.000185
1346.071450  -0.001138
1346.072132  -0.001022
1346.072813  -0.002294
1346.073494  -0.001078
1346.074175  -0.000031
1346.074856  -0.000280
1346.075537   0.001170
1346.076219  -0.000258
1346.076900  -0.001976
1346.077581  -0.001528
1346.078262   0.000347
1346.078943  -0.000168
1346.079624  -0.001902
1346.080305  -0.000259
1346.080987  -0.001588
1346.081668  -0.002175
1346.082349   0.000784
1346.083030  -0.000517
1346.083711   0.000408
1346.084392  -0.000654
1346.085074   0.001074
1346.085755  -0.001346
1346.086436  -0.000353
1346.087117  -0.001577
1346.087798  -0.002091
1346.088479   0.000849
1346.089160  -0.001459
1346.089842  -0.001225
1346.090523  -0.000494
1346.091204   0.000183
1346.091885   0.000945
1346.092566  -0.001793
1346.093247  -0.001093
1346.093928  -0.000206
1346.094610  -0.001115
1346.095291  -0.001427
1346.095972  -0.002940
1346.096653  -0.000096
1346.097334  -0.001263
1346.098015  -0.000603
1346.098696  -0.002213
1346.099378   0.000265
1346.100059   0.000164
1346.100740  -0.000395
1346.101421  -0.000276
1346.102102  -0.001920
1346.102783   0.000028
1346.103464  -0.000061
1346.104146  -0.001209
1346.104827   0.000027
1346.105508  -0.002231
1346.106189  -0.001438
1346.106870  -0.003006
1346.107552   0.000611
1346.108233  -0.001744
1346.108914  -0.000494
1346.109595  -0.000451
1346.110276   0.001289
1346.110957   0.000922
1346.111638  -0.001019
1346.112320   0.000311
1346.113001  -0.001532
1346.113682  -0.000231
1346.114363   0.000328
1346.115044  -0.001056
1346.115725   0.001393
1346.116406  -0.000291
1346.117088  -0.001086
1346.117769  -0.000511
1346.118450   0.001301
1346.119131  -0.001109
1346.119812  -0.000481
1346.120493   0.000399
1346.121174  -0.000610
1346.121856  -0.001078
1346.122537  -0.001430
1346.123218  -0.000935
1346.123899  -0.002718
1346.124580  -0.000777
1346.125261  -0.000767
1346.125942  -0.000934
1346.126624  -0.000829
1346.127305  -0.000841
1346.127986   0.000124
1346.128667   0.000178
1346.129348   0.000054
1346.130029  -0.001985
1346.130710  -0.001971
1346.131392   0.002152
1346.132073  -0.000528
1346.132754  -0.001358
1346.133435  -0.000764
1346.134116  -0.001606
1346.134798  -0.002381
1346.135479  -0.001869
1346.136160  -0.001007
1346.136841  -0.001439
1346.137522  -0.002044
1346.138203  -0.001502
1346.138884  -0.000939
1346.139566  -0.002165
1346.140247  -0.002243
1346.140928   0.000187
1346.141609  -0.000002
1346.142290  -0.000129
1346.142971   0.000192
1346.143652  -0.002786
1346.144334   0.001901
1346.145015   0.000613
1346.145696  -0.001467
1346.146377   0.000399
1346.147058  -0.000824
1346.147739   0.000855
1346.148420  -0.001689
1346.149102  -0.002518
1346.149783   0.000733
1346.150464  -0.000078
1346.151145  -0.000178
1346.151826  -0.002004
1346.152507  -0.002064
1346.153188  -0.000473
1346.153870  -0.001407
1346.154551  -0.000220
1346.155232  -0.001960
1346.155913  -0.000650
1346.156594   0.001386
1346.157275  -0.002953
1346.157957  -0.001162
1346.158638  -0.001570
1346.159319   0.000004
1346.160000   0.000954
1346.160681  -0.001221
1346.161362  -0.003540
1346.162043   0.000817
1346.162725  -0.000390
1346.163406  -0.001354
1346.164087  -0.000401
1346.164768  -0.001190
1346.165449  -0.000971
1346.166130  -0.001770
1346.166812  -0.001648
1346.167493  -0.001403
1346.168174  -0.001053
1346.168855  -0.001206
1346.169536   0.000401
1346.170217   0.000462
1346.170898  -0.001119
1346.171580  -0.001195
1346.172261  -0.000224
1346.172942   0.000331
1346.173623  -0.001478
1346.174304  -0.000575
1346.174985  -0.001284
1346.175666  -0.000081
1346.176348  -0.001302
1346.177029  -0.000354
1346.177710  -0.000709
1346.178391  -0.002268
1346.179072   0.000092
1346.179753  -0.000809
1346.180434  -0.002993
1346.181116  -0.001642
1346.181797  -0.000613
1346.182478  -0.001088
1346.183159   0.000231
1346.183840  -0.001193
1346.184521  -0.001051
1346.185203   0.001106
1346.185884  -0.001779
1346.186565  -0.000078
1346.187246   0.001629
1346.187927  -0.000542
1346.188608   0.000415
1346.189289  -0.000046
1346.189971  -0.000055
1346.190652  -0.000081
1346.191333  -0.000110
1346.192014  -0.000766
1346.192695   0.001050
1346.193376  -0.001676
1346.194058  -0.000173
1346.194739   0.000694
1346.195420  -0.000219
1346.196101   0.000005
1346.196782  -0.000592
1346.197463  -0.001729
1346.198144  -0.000984
1346.198826   0.000420
1346.199507  -0.001262
1346.200188  -0.001128
1346.200869  -0.001308
1346.201550  -0.001331
1346.202231  -0.000083
1346.202912  -0.000213
1346.203594  -0.000955
1346.204275  -0.000171
1346.204956  -0.001960
1346.205637  -0.000426
1346.206318  -0.000781
1346.206999  -0.001661
1346.207681  -0.001181
1346.208362  -0.000584
1346.209043  -0.001075
1346.209724  -0.000956
1346.210405  -0.000466
1346.211086   0.001775
1346.211767  -0.001236
1346.212449  -0.002796
1346.213130   0.000407
1346.213811  -0.000756
1346.214492  -0.000290
1346.215173  -0.000491
1346.215854  -0.003538
1346.216535  -0.000461
1346.217217   0.000448
1346.217898  -0.000977
1346.218579  -0.000352
1346.219260  -0.001070
1346.219941  -0.002014
1346.220622  -0.000103
1346.221303  -0.002269
1346.221985  -0.000106
1346.222666  -0.001212
1346.223347  -0.001914
1346.224028  -0.002386
1346.224709   0.000761
1346.225390  -0.001382
1346.226072  -0.002221
1346.226753  -0.000719
1346.227434  -0.000469
1346.228115  -0.001666
1346.228796   0.000526
1346.229477  -0.003526
1346.230158   0.000081
1346.230840  -0.002636
1346.231521   0.000696
1346.232202  -0.000405
1346.232883  -0.000510
1346.233564  -0.001967
1346.234245  -0.002458
1346.234926  -0.002671
1346.235608   0.000491
1346.236289  -0.000790
1346.236970  -0.001011
1346.237651  -0.001933
1346.238332  -0.001444
1346.239013  -0.001318
1346.239695  -0.002125
1346.240376  -0.000534
1346.241057  -0.001820
1346.241738  -0.001453
1346.242419  -0.000396
1346.243100  -0.000603
1346.243781   0.001039
1346.244463  -0.001392
1346.245144  -0.000315
1346.245825  -0.001396
1346.246506  -0.000419
1346.247187  -0.001096
1346.247868  -0.001249
1346.248549  -0.000944
1346.249231  -0.000051
1346.249912   0.000281
1346.250593  -0.001571
1346.251274   0.000075
1346.251955   0.000068
1346.252636  -0.000013
1346.253318  -0.002056
1346.253999  -0.000330
1346.254680   0.000078
1346.255361  -0.002062
1346.256042  -0.000183
1346.256723  -0.000743
1346.257404  -0.000595
1346.258086  -0.001341
1346.258767  -0.000354
1346.259448   0.000258
1346.260129  -0.000073
1346.260810  -0.002392
1346.261491  -0.001009
1346.262172  -0.001337
1346.262854   0.000794
1346.263535  -0.000700
1346.264216  -0.000392
1346.264897  -0.001635
1346.265578  -0.001059
1346.266259  -0.001701
1346.266941  -0.002042
1346.267622   0.002767
1346.268303  -0.002678
1346.268984  -0.000733
1346.269665   0.001143
1346.270346  -0.000900
1346.271027  -0.002442
1346.271709  -0.000369
1346.272390  -0.000562
1346.273071  -0.000218
1346.273752   0.000127
1346.274433  -0.000933
1346.275114  -0.001238
1346.275795   0.000692
1346.276477  -0.001306
1346.277158  -0.000403
1346.277839  -0.000766
1346.278520   0.001550
1346.279201  -0.000794
1346.279882  -0.001707
1346.280564   0.000801
1346.281245  -0.000297
1346.281926   0.000123
1346.282607  -0.001548
1346.283288  -0.000222
1346.283969   0.000237
1346.284650  -0.000742
1346.285332  -0.000842
1346.286013  -0.000294
1346.286694  -0.000077
1346.287375   0.000020
1346.288056  -0.000719
1346.288737  -0.000159
1346.289418  -0.000295
1346.290100   0.000112
1346.290781   0.000497
1346.291462   0.001181
1346.292143  -0.001456
1346.292824  -0.002850
1346.293505  -0.001579
1346.294186  -0.002686
1346.294868  -0.000513
1346.295549  -0.000996
1346.296230  -0.001610
1346.296911  -0.000801
1346.297592   0.000677
1346.298273   0.000008
1346.298955  -0.001675
1346.299636   0.000584
1346.300317   0.000145
1346.300998  -0.000211
1346.301679   0.000675
1346.302360  -0.001404
1346.303041   0.000361
1346.303723  -0.000814
1346.304404  -0.001290
1346.305085  -0.000231
1346.305766  -0.001625
1346.306447  -0.000557
1346.307128  -0.002358
1346.307810  -0.001631
1346.308491  -0.000789
1346.309172  -0.000539
1346.309853  -0.000535
1346.310534  -0.000713
1346.311215   0.000337
1346.311896  -0.000900
1346.312578   0.000684
1346.313259   0.000643
1346.313940  -0.000417
1346.314621  -0.000515
1346.315302  -0.000552
1346.315983  -0.001546
1346.316664   0.001171
1346.317346   0.000776
1346.318027  -0.001743
1346.318708  -0.000611
1346.319389   0.000429
1346.320070   0.002077
1346.320751  -0.001932
1346.321432  -0.000117
1346.322114   0.001098
1346.322795   0.000885
1346.323476  -0.000964
1346.324157   0.001550
1346.324838  -0.001727
1346.325519  -0.001638
1346.326200   0.000791
1346.326882  -0.000299
1346.327563   0.000168
1346.328244   0.000720
1346.328925  -0.000200
1346.329606   0.000173
1346.330287  -0.000190
1346.330969  -0.000983
1346.331650  -0.000685
1346.332331  -0.001422
1346.333012  -0.001347
1346.333693  -0.001961
1346.334374  -0.002592
1346.335055  -0.000661
1346.335737  -0.000854
1346.336418  -0.000936
1346.337099  -0.000008
1346.337780  -0.001433
1346.338461   0.000718
1346.339142   0.000297
1346.339824   0.001075
1346.340505  -0.000320
1346.341186   0.000295
1346.341867  -0.002156
1346.342548   0.002384
1346.343229  -0.001290
1346.343910  -0.001316
1346.344592  -0.000148
1346.345273  -0.000568
1346.345954  -0.000461
1346.346635  -0.001890
1346.347316  -0.001369
1346.347997   0.000002
1346.348678   0.000384
1346.349360   0.000827
1346.350041  -0.000140
1346.350722  -0.000208
1346.351403  -0.001497
1346.352084  -0.000606
1346.352765  -0.001122
1346.353447  -0.000723
1346.354128  -0.001169
1346.354809  -0.001919
1346.355490  -0.000836
1346.356171  -0.000161
1346.356852  -0.002811
1346.357533  -0.002928
1346.358215  -0.000483
1346.358896  -0.001498
1346.359577  -0.003018
1346.360258  -0.000060
1346.360939   0.001594
1346.361620  -0.002407
1346.362301   0.001080
1346.362983  -0.001850
1346.363664  -0.001092
1346.364345   0.000495
1346.365026  -0.000118
1346.365707  -0.000956
1346.366388  -0.002685
1346.367069  -0.001339
1346.367751  -0.000982
1346.368432  -0.000960
1346.369113  -0.000448
1346.369794   0.000684
1346.370475  -0.000644
1346.371156  -0.000476
1346.371838   0.001037
1346.372519  -0.000209
1346.373200  -0.000439
1346.373881   0.001344
1346.374562  -0.001289
1346.375243  -0.001287
1346.375925  -0.000697
1346.376606  -0.002013
1346.377287  -0.000227
1346.377968  -0.002277
1346.378649  -0.001264
1346.379330  -0.001527
1346.380011  -0.001883
1346.380693  -0.000206
1346.381374  -0.001101
1346.382055   0.000257
1346.382736  -0.001871
1346.383417  -0.000301
1346.384098  -0.000690
1346.384779  -0.002325
1346.385461  -0.001412
1346.386142  -0.000401
1346.386823  -0.001950
1346.387504  -0.000536
1346.388185  -0.001529
1346.388866  -0.002137
1346.389547  -0.000752
1346.390229  -0.001172
1346.390910  -0.000944
1346.391591  -0.001265
1346.392272  -0.000824
1346.392953  -0.000945
1346.393634  -0.000253
1346.394315   0.000670
1346.394997  -0.000140
1346.395678   0.000105
1346.396359   0.001322
1346.397040   0.000333
1346.397721   0.000886
1346.398403  -0.002705
1346.399084  -0.000332
1346.399765  -0.001912
1346.400446   0.001431
1346.401127   0.000301
1346.401808  -0.001611
1346.402489  -0.001681
1346.403171  -0.001043
1346.403852  -0.000433
1346.404533   0.000837
1346.405214  -0.000320
1346.405895   0.000799
1346.406576   0.000406
1346.407257   0.000019
1346.407939   0.000538
1346.408620   0.001034
1346.409301  -0.001265
1346.409982  -0.002910
1346.410663  -0.002559
1346.411344   0.001391
1346.412025  -0.001143
1346.412707  -0.000889
1346.413388   0.000212
1346.414069  -0.000048
1346.414750  -0.002503
1346.415431  -0.000368
1346.416112  -0.000844
1346.416793   0.000029
1346.417475   0.001936
1346.418156   0.000305
1346.418837  -0.001485
1346.419518  -0.000419
1346.420199   0.000684
1346.420880  -0.002048
1346.421561  -0.000370
1346.422243  -0.000490
1346.422924  -0.000636
1346.423605  -0.001767
1346.424286  -0.002512
1346.424967  -0.002006
1346.425648  -0.000703
1346.426330  -0.000099
1346.427011   0.000648
1346.427692   0.000522
1346.428373  -0.000689
1346.429054  -0.001420
1346.429735  -0.001701
1346.430417  -0.001228
1346.431098  -0.000478
1346.431779  -0.000619
1346.432460  -0.000060
1346.433141   0.000413
1346.433822   0.001743
1346.434503   0.000288
1346.435185  -0.000485
1346.435866  -0.000282
1346.436547  -0.000695
1346.437228  -0.002562
1346.437909  -0.000745
1346.438590   0.000561
1346.439271  -0.001919
1346.439953  -0.000667
1346.440634  -0.001837
1346.441315  -0.001521
1346.441996  -0.001459
1346.442677   0.001443
1346.443358  -0.001240
1346.444039  -0.002413
1346.444721   0.000331
1346.445402   0.000869
1346.446083  -0.000951
1346.446764   0.000507
1346.447445  -0.001131
1346.448126   0.001823
1346.448808   0.000748
1346.449489  -0.002081
1346.450170  -0.000432
1346.450851  -0.000574
1346.451532   0.000149
1346.452213  -0.001231
1346.452894  -0.000505
1346.453576  -0.000714
1346.454257   0.000213
1346.454938   0.000211
1346.455619  -0.000032
1346.456300   0.000569
1346.456981  -0.002040
1346.457663  -0.001578
1346.458344  -0.000965
1346.459025  -0.001199
1346.459706  -0.000403
1346.460387  -0.002601
1346.461068  -0.001263
1346.461749  -0.000980
1346.462431  -0.000632
1346.463112  -0.000790
1346.463793  -0.001458
1346.464474  -0.001374
1346.465155  -0.000981
1346.465836   0.001903
1346.466517  -0.000453
1346.467199  -0.002067
1346.467880  -0.000668
1346.468561  -0.002044
1346.469242  -0.000270
1346.469923  -0.000441
1346.470604  -0.000643
1346.471286   0.000070
1346.471967  -0.000569
1346.472648  -0.000265
1346.473329   0.000090
1346.474010  -0.000709
1346.474691   0.000337
1346.475372   0.000420
1346.476054  -0.000038
1346.476735  -0.000664
1346.477416   0.001307
1346.478097  -0.002974
1346.478778  -0.000839
1346.479459  -0.002821
1346.480140   0.000102
1346.480822  -0.000001
1346.481503  -0.001091
1346.482184  -0.000391
1346.482865  -0.002324
1346.483546  -0.000628
1346.484227  -0.000363
1346.484909   0.000945
1346.485590   0.001809
1346.486271   0.000042
1346.486952  -0.001563
1346.487633   0.000665
1346.488314  -0.001244
1346.488995  -0.000459
1346.489677  -0.000908
1346.490358  -0.000679
1346.491039  -0.000956
1346.491720  -0.002162
1346.492401   0.000329
1346.493082  -0.001539
1346.493764  -0.001061
1346.494445  -0.000474
1346.495126   0.000204
1346.495807   0.000041
1346.496488   0.001254
1346.497169   0.001676
1346.497850  -0.000064
1346.498532  -0.001811
1346.499213  -0.001431
1346.499894  -0.001626
1346.500575  -0.000034
1346.501256   0.000365
1346.501937   0.002394
1346.502618  -0.001510
1346.503300  -0.000494
1346.503981  -0.001326
1346.504662  -0.001226
1346.505343  -0.000688
1346.506024  -0.000899
1346.506705   0.000410
1346.507386  -0.000042
1346.508068  -0.001505
1346.508749  -0.000733
1346.509430  -0.003411
1346.510111  -0.000673
1346.510792  -0.001552
1346.511473  -0.000532
1346.512154  -0.000570
1346.512836  -0.001716
1346.513517  -0.002959
1346.514198   0.000680
1346.514879  -0.002849
1346.515560   0.000807
1346.516242  -0.000846
1346.516923   0.000433
1346.517604  -0.000718
1346.518285  -0.000919
1346.518966  -0.000050
1346.519647  -0.000312
1346.520328  -0.001014
1346.521010  -0.000539
1346.521691   0.000708
1346.522372  -0.000569
1346.523053  -0.000362
1346.523734  -0.000201
1346.524415  -0.000907
1346.525096  -0.001057
1346.525778   0.000461
1346.526459   0.002287
1346.527140  -0.000802
1346.527821  -0.001764
1346.528502  -0.001480
1346.529183  -0.000540
1346.529864  -0.000047
1346.530546   0.000542
1346.531227   0.001904
1346.531908   0.000851
1346.532589  -0.001347
1346.533270  -0.001335
1346.533951   0.000342
1346.534632  -0.001231
1346.535314  -0.001986
1346.535995  -0.001370
1346.536676  -0.000621
1346.537357  -0.000190
1346.538038  -0.000830
1346.538719  -0.000508
1346.539400  -0.000510
1346.540082  -0.000708
1346.540763  -0.002275
1346.541444  -0.001397
1346.542125  -0.001532
1346.542806   0.000689
1346.543487   0.000476
1346.544169   0.000804
1346.544850  -0.000961
1346.545531  -0.000371
1346.546212  -0.001976
1346.546893  -0.001270
1346.547574   0.000942
1346.548256  -0.001708
1346.548937  -0.000450
1346.549618  -0.000534
1346.550299   0.000397
1346.550980  -0.001910
1346.551661  -0.000129
1346.552342  -0.003012
1346.553024  -0.000203
1346.553705  -0.002587
1346.554386  -0.000864
1346.555067  -0.001493
1346.555748  -0.002086
1346.556429  -0.000117
1346.557110  -0.000946
1346.557792   0.001122
1346.558473   0.000417
1346.559154   0.000849
1346.559835  -0.001108
1346.560516   0.000071
1346.561197  -0.000441
1346.561878  -0.000526
1346.562560   0.001027
1346.563241  -0.000207
1346.563922  -0.000854
1346.564603  -0.000233
1346.565284  -0.002075
1346.565965   0.001048
1346.566647   0.000323
1346.567328  -0.000882
1346.568009   0.001346
1346.568690  -0.000183
1346.569371  -0.000428
1346.570052  -0.000566
1346.570733  -0.000472
1346.571415  -0.000085
1346.572096   0.000341
1346.572777  -0.001593
1346.573458   0.000913
1346.574139   0.000987
1346.574820   0.001567
1346.575501  -0.001454
1346.576183   0.000841
1346.576864  -0.001529
1346.577545  -0.001869
1346.578226   0.000241
1346.578907   0.000108
1346.579588  -0.001247
1346.580270  -0.001011
1346.580951  -0.000941
1346.581632  -0.001886
1346.582313  -0.001219
1346.582994  -0.000195
1346.583675  -0.000334
1346.584356  -0.002913
1346.585038  -0.001003
1346.585719  -0.001376
1346.586400  -0.002174
1346.587081   0.000669
1346.587762  -0.000338
1346.588443   0.000017
1346.589124  -0.000338
1346.589806  -0.003375
1346.590487  -0.000516
1346.591168  -0.001442
1346.591849   0.000913
1346.592530   0.000074
1346.593211   0.002029
1346.593893  -0.002385
1346.594574  -0.000627
1346.595255   0.000146
1346.595936  -0.000487
1346.596617  -0.000114
1346.597298  -0.001279
1346.597979   0.000150
1346.598661  -0.000818
1346.599342   0.000719
1346.600023  -0.000368
1346.600704  -0.001664
1346.601385  -0.000428
1346.602066   0.000429
1346.602747  -0.001445
1346.603429   0.000317
1346.604110  -0.001103
1346.604791  -0.000026
1346.605472   0.000515
1346.606153  -0.000738
1346.606834  -0.001186
1346.607515  -0.000782
1346.608197  -0.000849
1346.608878   0.000808
1346.609559  -0.000362
1346.610240   0.000104
1346.610921   0.000171
1346.611602  -0.000579
1346.612284  -0.000480
1346.612965  -0.001554
1346.613646  -0.000836
1346.614327   0.000850
1346.615008  -0.001738
1346.615689  -0.002821
1346.616370  -0.001991
1346.617052   0.000661
1346.617733  -0.001330
1346.618414  -0.001637
1346.619095   0.000962
1346.619776   0.000210
1346.620457  -0.000883
1346.621138  -0.001100
1346.621820  -0.000831
1346.622501  -0.001202
1346.623182   0.000190
1346.623863   0.000964
1346.624544   0.000288
1346.625225   0.001726
1346.625906  -0.001002
1346.626588   0.000581
1346.627269   0.000222
1346.627950  -0.001381
1346.628631  -0.001012
1346.629312   0.000642
1346.629993  -0.001219
1346.630675  -0.000299
1346.631356  -0.001177
1346.632037  -0.001427
1346.632718  -0.000960
1346.633399  -0.001021
1346.634080  -0.000693
1346.634761  -0.000260
1346.635443  -0.002011
1346.636124  -0.000183
1346.636805  -0.000423
1346.637486  -0.002130
1346.638167  -0.000948
1346.638848  -0.001248
1346.639530  -0.002213
1346.640211   0.000330
1346.640892  -0.001948
1346.641573  -0.001155
1346.642254   0.000187
1346.642935   0.000355
1346.643616   0.001461
1346.644298  -0.002423
1346.644979   0.000461
1346.645660   0.000220
1346.646341   0.000724
1346.647022  -0.001889
1346.647703  -0.001453
1346.648384   0.000435
1346.649066   0.000640
1346.649747  -0.000193
1346.650428   0.000797
1346.651109  -0.000849
1346.651790  -0.005628
1346.652471  -0.001393
1346.653152  -0.001050
1346.653834  -0.001211
1346.654515  -0.001764
1346.655196   0.000470
1346.655877  -0.000907
1346.656558  -0.002354
1346.657239  -0.002898
1346.657920   0.000993
1346.658602  -0.001564
1346.659283  -0.000456
1346.659964   0.000739
1346.660645  -0.001811
1346.661326  -0.000612
1346.662008   0.000464
1346.662689  -0.000930
1346.663370  -0.002069
1346.664051  -0.000473
1346.664732   0.000032
1346.665413  -0.001634
1346.666094  -0.001262
1346.666776   0.000704
1346.667457  -0.000620
1346.668138  -0.001681
1346.668819  -0.000985
1346.669500  -0.001279
1346.670181  -0.001665
1346.670862  -0.000860
1346.671544  -0.002408
1346.672225  -0.001383
1346.672906   0.000005
1346.673587  -0.000659
1346.674268  -0.000673
1346.674949  -0.001151
1346.675630   0.001906
1346.676312   0.000442
1346.676993  -0.000378
1346.677674  -0.003988
1346.678355   0.001097
1346.679036  -0.000924
1346.679717   0.000133
1346.680398   0.000606
1346.681080   0.000550
1346.681761  -0.000213
1346.682442  -0.001666
1346.683123  -0.000911
1346.683804  -0.001640
1346.684485  -0.002099
1346.685166  -0.001489
1346.685848  -0.000557
1346.686529   0.000752
1346.687210  -0.001467
1346.687891   0.002404
1346.688572   0.000465
1346.689254  -0.000215
1346.689935  -0.000549
1346.690616  -0.001867
1346.691297  -0.000302
1346.691978  -0.000237
1346.692659  -0.000905
1346.693340  -0.000376
1346.694022  -0.001196
1346.694703  -0.000036
1346.695384  -0.002035
1346.696065   0.000075
1346.696746   0.001016
1346.697427   0.001195
1346.698108  -0.000584
1346.698790  -0.001728
1346.699471   0.000814
1346.700152  -0.000031
1346.700833   0.000126
1346.701514   0.000480
1346.702195  -0.001151
1346.702876  -0.000587
1346.703558  -0.001486
1346.704239   0.000417
1346.704920  -0.000443
1346.705601  -0.000661
1346.706282  -0.001602
1346.706963  -0.002136
1346.707644  -0.003319
1346.708326  -0.001269
1346.709007  -0.001087
1346.709688  -0.000721
1346.710369  -0.001130
1346.711050  -0.001498
1346.711731  -0.000730
1346.712413  -0.000984
1346.713094  -0.001055
1346.713775  -0.001368
1346.714456  -0.001306
1346.715137  -0.000839
1346.715818   0.000414
1346.716499  -0.000603
1346.717181  -0.001258
1346.717862  -0.000654
1346.718543  -0.001943
1346.719224   0.000097
1346.719905  -0.003117
1346.720586   0.000721
1346.721268  -0.001676
1346.721949   0.000426
1346.722630  -0.000569
1346.723311   0.001127
1346.723992   0.000283
1346.724673   0.000403
1346.725354  -0.003464
1346.726036  -0.002371
1346.726717  -0.000114
1346.727398  -0.001829
1346.728079   0.000740
1346.728760   0.000168
1346.729441   0.000051
1346.730122   0.000565
1346.730804  -0.002536
1346.731485   0.000098
1346.732166   0.001317
1346.732847  -0.000369
1346.733528   0.001007
1346.734209  -0.002262
1346.734891  -0.003026
1346.735572  -0.001456
1346.736253   0.000406
1346.736934   0.000587
1346.737615   0.000472
1346.738296  -0.001220
1346.738977   0.001895
1346.739659  -0.001441
1346.740340   0.000141
1346.741021  -0.000101
1346.741702  -0.001893
1346.742383  -0.000152
1346.743064  -0.000788
1346.743745  -0.001219
1346.744427  -0.000478
1346.745108  -0.003394
1346.745789  -0.000835
1346.746470   0.000289
1346.747151  -0.001055
1346.747832  -0.000794
1346.748514  -0.001824
1346.749195  -0.001057
1346.749876  -0.000961
1346.750557   0.000545
1346.751238  -0.000915
1346.751919  -0.000406
1346.752600  -0.001069
1346.753282  -0.001959
1346.753963   0.000784
1346.754644  -0.000693
1346.755325  -0.002366
1346.756006  -0.001351
1346.756687  -0.002960
1346.757368  -0.002786
1346.758050  -0.002199
1346.758731  -0.002064
1346.759412   0.000324
1346.760093  -0.001251
1346.760774   0.000300
1346.761455  -0.001381
1346.762137  -0.000484
1346.762818  -0.002316
1346.763499  -0.001340
1346.764180   0.000675
1346.764861  -0.001717
1346.765542   0.002724
1346.766223   0.000506
1346.766905   0.001988
1346.767586   0.000236
1346.768267   0.000147
1346.768948   0.000727
1346.769629   0.001601
1346.770310  -0.002258
1346.770991   0.000080
1346.771673  -0.000254
1346.772354   0.000842
1346.773035  -0.000120
1346.773716  -0.000526
1346.774397  -0.000702
1346.775078  -0.000165
1346.775759  -0.000817
1346.776441  -0.003283
1346.777122   0.001161
1346.777803  -0.001255
1346.778484  -0.000993
1346.779165  -0.000464
1346.779846  -0.000906
1346.780528  -0.000594
1346.781209  -0.000842
1346.781890  -0.000815
1346.782571  -0.000973
1346.783252  -0.001373
1346.783933  -0.001197
1346.784614  -0.001451
1346.785296  -0.000676
1346.785977  -0.001253
1346.786658  -0.001603
1346.787339  -0.000454
1346.788020  -0.001715
1346.788701  -0.001013
1346.789383  -0.001891
1346.790064  -0.001118
1346.790745  -0.001246
1346.791426  -0.002578
1346.792107   0.000370
1346.792788  -0.003316
1346.793469  -0.000837
1346.794151  -0.003078
1346.794832  -0.002344
1346.795513  -0.001075
1346.796194  -0.001408
1346.796875  -0.002670
1346.797556  -0.000773
1346.798237  -0.001442
1346.798919  -0.002257
1346.799600  -0.000579
1346.800281  -0.000957
1346.800962  -0.000697
1346.801643   0.000116
1346.802324  -0.001919
1346.803005   0.000326
1346.803687   0.000309
1346.804368   0.000417
1346.805049   0.001303
1346.805730  -0.000857
1346.806411  -0.000267
1346.807092  -0.003454
1346.807774  -0.000083
1346.808455   0.000133
1346.809136  -0.000076
1346.809817   0.000325
1346.810498   0.001259
1346.811179   0.000552
1346.811860   0.000768
1346.812542  -0.002063
1346.813223  -0.000886
1346.813904   0.001310
1346.814585   0.000290
1346.815266  -0.001813
1346.815947  -0.001186
1346.816629  -0.001446
1346.817310  -0.001722
1346.817991  -0.000333
1346.818672  -0.000585
1346.819353  -0.002580
1346.820034  -0.000588
1346.820715  -0.000747
1346.821397  -0.002123
1346.822078  -0.001248
1346.822759  -0.001420
1346.823440  -0.000795
1346.824121  -0.001593
1346.824802  -0.001146
1346.825483  -0.000740
1346.826165  -0.000964
1346.826846   0.000569
1346.827527  -0.002777
1346.828208  -0.000897
1346.828889   0.000731
1346.829570   0.000551
1346.830252  -0.000072
1346.830933  -0.000920
1346.831614   0.000609
1346.832295  -0.000643
1346.832976  -0.000314
1346.833657  -0.001147
1346.834338   0.000646
1346.835020  -0.000487
1346.835701   0.000027
1346.836382  -0.002251
1346.837063   0.000727
1346.837744   0.001025
1346.838425   0.001777
1346.839106   0.000062
1346.839788  -0.000606
1346.840469   0.000852
1346.841150   0.000111
1346.841831   0.001549
1346.842512   0.001450
1346.843193   0.001965
1346.843875   0.003411
1346.844556   0.004301
1346.845237   0.004171
1346.845918   0.003992
1346.846599   0.005142
1346.847280   0.003987
1346.847961   0.007258
1346.848643   0.007353
1346.849324   0.006393
1346.850005   0.004797
1346.850686   0.007263
1346.851367   0.007315
1346.852048   0.007182
1346.852729   0.008574
1346.853411   0.005770
1346.854092   0.005880
1346.854773   0.008041
1346.855454   0.006352
1346.856135   0.007317
1346.856816   0.007881
1346.857498   0.009445
1346.858179   0.007398
1346.858860   0.008941
1346.859541   0.010052
1346.860222   0.008014
1346.860903   0.008323
1346.861584   0.007925
1346.862266   0.008437
1346.862947   0.007293
1346.863628   0.008055
1346.864309   0.009945
1346.864990   0.009174
1346.865671   0.007714
1346.866352   0.008357
1346.867034   0.008033
1346.867715   0.010412
1346.868396   0.009980
1346.869077   0.010353
1346.869758   0.007818
1346.870439   0.008145
1346.871120   0.010300
1346.871802   0.009851
1346.872483   0.010768
1346.873164   0.007728
1346.873845   0.009889
1346.874526   0.009844
1346.875207   0.010531
1346.875889   0.010624
1346.876570   0.011431
1346.877251   0.009418
1346.877932   0.009682
1346.878613   0.007638
1346.879294   0.008808
1346.879975   0.009759
1346.880657   0.009787
1346.881338   0.009335
1346.882019   0.010637
1346.882700   0.009793
1346.883381   0.011117
1346.884062   0.010251
1346.884743   0.010677
1346.885425   0.011219
1346.886106   0.008821
1346.886787   0.010447
1346.887468   0.010631
1346.888149   0.010740
1346.888830   0.011396
1346.889511   0.009150
1346.890193   0.009135
1346.890874   0.007647
1346.891555   0.010748
1346.892236   0.009849
1346.892917   0.009534
1346.893598   0.009951
1346.894280   0.010450
1346.894961   0.010178
1346.895642   0.010755
1346.896323   0.011173
1346.897004   0.011569
1346.897685   0.010568
1346.898366   0.010160
1346.899048   0.010878
1346.899729   0.013260
1346.900410   0.012139
1346.901091   0.008139
1346.901772   0.008484
1346.902453   0.011880
1346.903135   0.012448
1346.903816   0.009197
1346.904497   0.010702
1346.905178   0.011335
1346.905859   0.011290
1346.906540   0.008592
1346.907221   0.011000
1346.907903   0.010529
1346.908584   0.010480
1346.909265   0.008851
1346.909946   0.010810
1346.910627   0.010692
1346.911308   0.011399
1346.911989   0.011721
1346.912671   0.010449
1346.913352   0.011830
1346.914033   0.012010
1346.914714   0.005464
1346.915395   0.009424
1346.916076   0.011509
1346.916757   0.010017
1346.917439   0.012279
1346.918120   0.011083
1346.918801   0.010479
1346.919482   0.010939
1346.920163   0.010189
1346.920844   0.009725
1346.921526   0.012339
1346.922207   0.011686
1346.922888   0.011001
1346.923569   0.012013
1346.924250   0.011450
1346.924931   0.010795
1346.925612   0.010650
1346.926294   0.011821
1346.926975   0.014121
1346.927656   0.009725
1346.928337   0.011108
1346.929018   0.011473
1346.929699   0.011300
1346.930380   0.010640
1346.931062   0.012090
1346.931743   0.006182
1346.932424   0.008957
1346.933105   0.009119
1346.933786   0.010834
1346.934467   0.011774
1346.935149   0.010375
1346.935830   0.011119
1346.936511   0.010394
1346.937192   0.011583
1346.937873   0.011547
1346.938554   0.011307
1346.939235   0.012092
1346.939917   0.011518
1346.940598   0.008974
1346.941279   0.011185
1346.941960   0.010084
1346.942641   0.011572
1346.943322   0.009653
1346.944003   0.008536
1346.944685   0.010930
1346.945366   0.010417
1346.946047   0.008582
1346.946728   0.008431
1346.947409   0.010849
1346.948090   0.009677
1346.948771   0.009521
1346.949453   0.010809
1346.950134   0.008834
1346.950815   0.008670
1346.951496   0.009423
1346.952177   0.008122
1346.952858   0.010897
1346.953540   0.010591
1346.954221   0.009482
1346.954902   0.010478
1346.955583   0.007952
1346.956264   0.010031
1346.956945   0.007875
1346.957626   0.009386
1346.958308   0.010151
1346.958989   0.011265
1346.959670   0.009530
1346.960351   0.006315
1346.961032   0.008213
1346.961713   0.008684
1346.962395   0.009804
1346.963076   0.009126
1346.963757   0.008887
1346.964438   0.008983
1346.965119   0.010660
1346.965800   0.008889
1346.966481   0.009305
1346.967163   0.009976
1346.967844   0.009350
1346.968525   0.007778
1346.969206   0.008716
1346.969887   0.010420
1346.970568   0.008333
1346.971249   0.008104
1346.971931   0.008633
1346.972612   0.007875
1346.973293   0.011288
1346.973974   0.009342
1346.974655   0.006118
1346.975336   0.009223
1346.976018   0.007239
1346.976699   0.007880
1346.977380   0.005010
1346.978061   0.009787
1346.978742   0.005526
1346.979423   0.008065
1346.980104   0.009748
1346.980786   0.008187
1346.981467   0.006781
1346.982148   0.008359
1346.982829   0.006374
1346.983510   0.006888
1346.984191   0.007953
1346.984872   0.007734
1346.985554   0.004515
1346.986235   0.005430
1346.986916   0.005960
1346.987597   0.006685
1346.988278   0.004294
1346.988959   0.004974
1346.989640   0.003939
1346.990322   0.003025
1346.991003   0.003077
1346.991684   0.001931
1346.992365   0.002923
1346.993046   0.003318
1346.993727   0.001564
1346.994409   0.000284
1346.995090   0.001302
1346.995771  -0.001801
1346.996452  -0.001688
1346.997133  -0.000779
1346.997814  -0.001293
1346.998496   0.001271
1346.999177  -0.001513
1346.999858  -0.001917
1347.000539   0.001509
1347.001220  -0.000378
1347.001901   0.000130
1347.002582  -0.000576
1347.003264  -0.000405
1347.003945  -0.003119
1347.004626   0.001237
1347.005307   0.001294
1347.005988  -0.001294
1347.006669  -0.000212
1347.007350  -0.000055
1347.008032   0.001008
1347.008713  -0.001500
1347.009394   0.000426
1347.010075  -0.000209
1347.010756   0.000797
1347.011437  -0.002294
1347.012118  -0.001065
1347.012800  -0.001117
1347.013481  -0.001502
1347.014162  -0.001999
1347.014843   0.000008
1347.015524  -0.000559
1347.016205  -0.002714
1347.016886  -0.000242
1347.017568   0.000090
1347.018249  -0.000101
1347.018930  -0.000094
1347.019611  -0.002669
1347.020292   0.000461
1347.020973  -0.001214
1347.021655  -0.000441
1347.022336  -0.000833
1347.023017  -0.000627
1347.023698  -0.000907
1347.024379   0.000220
1347.025060  -0.001682
1347.025742  -0.001948
1347.026423   0.000636
1347.027104  -0.002188
1347.027785  -0.002139
1347.028466   0.000652
1347.029147   0.000223
1347.029828  -0.002309
1347.030510   0.001354
1347.031191  -0.001423
1347.031872  -0.000428
1347.032553  -0.000685
1347.033234  -0.000189
1347.033915  -0.000139
1347.034596  -0.000752
1347.035278  -0.000331
1347.035959   0.000705
1347.036640  -0.002547
1347.037321  -0.000476
1347.038002  -0.000013
1347.038683  -0.002466
1347.039364  -0.002082
1347.040046  -0.000033
1347.040727  -0.000533
1347.041408  -0.000057
1347.042089  -0.000130
1347.042770   0.000195
1347.043451   0.000358
1347.044132   0.000243
1347.044814  -0.001849
1347.045495  -0.000675
1347.046176  -0.001931
1347.046857   0.000863
1347.047538  -0.001749
1347.048219  -0.001229
1347.048901   0.000533
1347.049582  -0.001310
1347.050263   0.000238
1347.050944   0.000826
1347.051625   0.000212
1347.052306   0.001721
1347.052988  -0.001392
1347.053669  -0.002934
1347.054350  -0.000016
1347.055031  -0.001489
1347.055712  -0.000074
1347.056393  -0.002223
1347.057074  -0.001112
1347.057756  -0.000478
1347.058437  -0.000175
1347.059118  -0.000473
1347.059799  -0.002390
1347.060480  -0.000295
1347.061161  -0.002601
1347.061842  -0.001838
1347.062524  -0.001683
1347.063205  -0.002728
1347.063886  -0.001435
1347.064567   0.001679
1347.065248   0.001105
1347.065929  -0.000498
1347.066610  -0.001305
1347.067292  -0.001180
1347.067973   0.000040
1347.068654  -0.000762
1347.069335  -0.002356
1347.070016   0.000335
1347.070697  -0.000080
1347.071378   0.000233
1347.072060  -0.001518
1347.072741  -0.000701
1347.073422   0.000551
1347.074103   0.000944
1347.074784   0.000068
1347.075465  -0.000287
1347.076147  -0.000942
1347.076828  -0.003088
1347.077509  -0.000654
1347.078190  -0.001999
1347.078871  -0.000181
1347.079552  -0.001136
1347.080233  -0.002394
1347.080915  -0.000353
1347.081596   0.000092
1347.082277   0.000392
1347.082958  -0.000789
1347.083639  -0.000172
1347.084320  -0.001829
1347.085002   0.000827
1347.085683  -0.002025
1347.086364  -0.002375
1347.087045  -0.001524
1347.087726  -0.002018
1347.088407   0.000289
1347.089088  -0.000122
1347.089770   0.000641
1347.090451   0.000055
1347.091132  -0.000147
1347.091813  -0.000677
1347.092494  -0.001121
1347.093175  -0.000607
1347.093856   0.000171
1347.094538   0.000360
1347.095219  -0.000231
1347.095900  -0.000250
1347.096581  -0.000789
1347.097262   0.000907
1347.097943  -0.002106
1347.098624   0.000313
1347.099306  -0.000783
1347.099987   0.000079
1347.100668  -0.001802
1347.101349  -0.000472
1347.102030  -0.000936
1347.102711  -0.000163
1347.103393  -0.000856
1347.104074  -0.001020
1347.104755  -0.000970
1347.105436   0.000078
1347.106117  -0.000705
1347.106798  -0.000471
1347.107479  -0.000406
1347.108161  -0.001420
1347.108842   0.000477
1347.109523  -0.001430
1347.110204  -0.000580
1347.110885  -0.001700
1347.111566   0.000794
1347.112247   0.000177
1347.112929  -0.000835
1347.113610  -0.001280
1347.114291   0.000248
1347.114972  -0.000596
1347.115653  -0.001592
1347.116334  -0.001776
1347.117015  -0.000098
1347.117697   0.001400
1347.118378  -0.001832
1347.119059  -0.001819
1347.119740  -0.000905
1347.120421  -0.000422
1347.121102  -0.000835
1347.121784  -0.000438
1347.122465  -0.000405
1347.123146  -0.000813
1347.123827  -0.000578
1347.124508  -0.000760
1347.125189  -0.001209
1347.125870  -0.001301
1347.126552  -0.001437
1347.127233   0.001254
1347.127914   0.000038
1347.128595   0.001826
1347.129276   0.000168
1347.129957  -0.000830
1347.130638  -0.000581
1347.131320  -0.000420
1347.132001  -0.001056
1347.132682  -0.000253
1347.133363  -0.001165
1347.134044  -0.000690
1347.134725  -0.002009
1347.135406   0.000964
1347.136088   0.000038
1347.136769  -0.000604
1347.137450  -0.000583
1347.138131  -0.000600
1347.138812  -0.001297
1347.139493  -0.001102
1347.140175   0.002223
1347.140856  -0.000473
1347.141537  -0.000551
1347.142218  -0.000108
1347.142899  -0.000787
1347.143580  -0.000992
1347.144261  -0.001230
1347.144943  -0.001728
1347.145624  -0.000139
1347.146305  -0.000806
1347.146986  -0.000797
1347.147667   0.000534
1347.148348  -0.001127
1347.149030  -0.000499
1347.149711  -0.000158
1347.150392  -0.001686
1347.151073  -0.000085
1347.151754   0.000155
1347.152435  -0.001121
1347.153116  -0.001487
1347.153798  -0.000904
1347.154479   0.002210
1347.155160   0.000954
1347.155841   0.000849
1347.156522   0.000656
1347.157203   0.000129
1347.157884   0.000637
1347.158566  -0.001095
1347.159247  -0.001299
1347.159928  -0.002508
1347.160609   0.000415
1347.161290   0.000099
1347.161971   0.000305
1347.162652   0.001057
1347.163334   0.000652
1347.164015  -0.000483
1347.164696  -0.000943
1347.165377  -0.000797
1347.166058   0.000697
1347.166739   0.001752
1347.167421  -0.001071
1347.168102  -0.001006
1347.168783  -0.000816
1347.169464  -0.000171
1347.170145  -0.001372
1347.170826  -0.000583
1347.171508  -0.000035
1347.172189  -0.002045
1347.172870   0.000291
1347.173551  -0.001424
1347.174232  -0.001185
1347.174913  -0.000651
1347.175594  -0.000002
1347.176276  -0.001655
1347.176957  -0.000258
1347.177638  -0.001987
1347.178319  -0.001226
1347.179000  -0.001006
1347.179681  -0.001232
1347.180362  -0.001214
1347.181044  -0.000767
1347.181725  -0.000963
1347.182406   0.000013
1347.183087  -0.002151
1347.183768  -0.000361
1347.184449   0.000536
1347.185130  -0.001591
1347.185812  -0.000201
1347.186493  -0.000495
1347.187174  -0.000774
1347.187855  -0.000555
1347.188536  -0.000653
1347.189217  -0.001246
1347.189898  -0.001649
1347.190580   0.000433
1347.191261   0.000502
1347.191942  -0.001782
1347.192623  -0.001953
1347.193304  -0.001932
1347.193985  -0.001241
1347.194667  -0.000849
1347.195348   0.000505
1347.196029  -0.001161
1347.196710  -0.000278
1347.197391  -0.001723
1347.198072  -0.000480
1347.198754   0.000546
1347.199435  -0.002642
1347.200116   0.001459
1347.200797   0.001463
1347.201478  -0.000488
1347.202159   0.000075
1347.202840   0.000309
1347.203522  -0.000076
1347.204203  -0.002481
1347.204884   0.001585
1347.205565  -0.000900
1347.206246  -0.000755
1347.206927  -0.000278
1347.207608  -0.003112
1347.208290  -0.001018
1347.208971   0.001151
1347.209652   0.000939
1347.210333   0.000608
1347.211014  -0.003608
1347.211695  -0.000637
1347.212376   0.000399
1347.213058  -0.001433
1347.213739  -0.000627
1347.214420  -0.000525
1347.215101  -0.000707
1347.215782  -0.004368
1347.216463  -0.004856
1347.217144  -0.001583
1347.217826  -0.000011
1347.218507  -0.001795
1347.219188  -0.002132
1347.219869  -0.001484
1347.220550  -0.000142
1347.221231  -0.000534
1347.221913  -0.000776
1347.222594  -0.002796
1347.223275  -0.000144
1347.223956  -0.000136
1347.224637   0.000380
1347.225318  -0.000262
1347.226000  -0.002551
1347.226681  -0.001412
1347.227362  -0.001111
1347.228043   0.000413
1347.228724  -0.001493
1347.229405   0.001613
1347.230086  -0.000986
1347.230768  -0.001536
1347.231449  -0.001668
1347.232130  -0.002134
1347.232811  -0.001174
1347.233492  -0.002688
1347.234173  -0.000378
1347.234854  -0.001017
1347.235536   0.001949
1347.236217  -0.001017
1347.236898  -0.002458
1347.237579  -0.001658
1347.238260   0.000162
1347.238941   0.000128
1347.239622  -0.000868
1347.240304  -0.001227
1347.240985   0.000699
1347.241666  -0.000650
1347.242347  -0.001008
1347.243028  -0.001375
1347.243709  -0.000682
1347.244391  -0.001467
1347.245072  -0.001191
1347.245753  -0.000084
1347.246434  -0.003060
1347.247115   0.001666
1347.247796  -0.001555
1347.248477  -0.000457
1347.249159  -0.000050
1347.249840  -0.001333
1347.250521   0.000471
1347.251202  -0.003945
1347.251883  -0.001305
1347.252564  -0.000073
1347.253245  -0.000244
1347.253927  -0.001754
1347.254608  -0.000116
1347.255289  -0.002111
1347.255970   0.001364
1347.256651  -0.001285
1347.257332   0.000634
1347.258014  -0.001394
1347.258695   0.000081
1347.259376  -0.001818
1347.260057  -0.003879
1347.260738  -0.002196
1347.261419  -0.001119
1347.262100  -0.001428
1347.262782  -0.000600
1347.263463  -0.001040
1347.264144  -0.001153
1347.264825  -0.001515
1347.265506  -0.003377
1347.266187   0.000255
1347.266869  -0.001524
1347.267550  -0.001972
1347.268231  -0.001603
1347.268912   0.000965
1347.269593  -0.001320
1347.270274  -0.000724
1347.270955   0.001810
1347.271637  -0.001401
1347.272318  -0.001321
1347.272999   0.000349
1347.273680   0.000193
1347.274361  -0.001403
1347.275042   0.001311
1347.275723  -0.001208
1347.276405  -0.001464
1347.277086  -0.001162
1347.277767  -0.003684
1347.278448  -0.000712
1347.279129  -0.001783
1347.279810   0.000363
1347.280491   0.001822
1347.281173  -0.000211
1347.281854  -0.001398
1347.282535  -0.001941
1347.283216  -0.001393
1347.283897  -0.002237
1347.284578  -0.001643
1347.285260  -0.000709
1347.285941   0.000256
1347.286622  -0.000736
1347.287303   0.000755
1347.287984  -0.001477
1347.288665  -0.000246
1347.289346  -0.002206
1347.290028  -0.001342
1347.290709   0.001147
1347.291390  -0.000817
1347.292071  -0.001340
1347.292752  -0.000353
1347.293433  -0.002362
1347.294114  -0.000093
1347.294796  -0.000691
1347.295477  -0.000542
1347.296158  -0.001183
1347.296839   0.000969
1347.297520  -0.000907
1347.298201  -0.000823
1347.298882   0.000810
1347.299564   0.000615
1347.300245  -0.000860
1347.300926  -0.001389
1347.301607  -0.001639
1347.302288  -0.000337
1347.302969  -0.000859
1347.303651  -0.000929
1347.304332  -0.001673
1347.305013  -0.000400
1347.305694  -0.000474
1347.306375  -0.000443
1347.307056  -0.001297
1347.307737   0.000692
1347.308419  -0.002582
1347.309100   0.000510
1347.309781  -0.002501
1347.310462  -0.002933
1347.311143  -0.002136
1347.311824   0.000057
1347.312505   0.000486
1347.313187   0.000245
1347.313868  -0.000075
1347.314549   0.001657
1347.315230  -0.001603
1347.315911  -0.001296
1347.316592  -0.000037
1347.317274  -0.000898
1347.317955   0.000829
1347.318636  -0.001081
1347.319317  -0.000065
1347.319998  -0.001768
1347.320679   0.000775
1347.321360   0.000078
1347.322042  -0.000415
1347.322723  -0.000221
1347.323404   0.000391
1347.324085   0.002089
1347.324766  -0.002291
1347.325447   0.001006
1347.326128  -0.000977
1347.326810   0.000401
1347.327491   0.000262
1347.328172  -0.000285
1347.328853  -0.000562
1347.329534  -0.001114
1347.330215   0.000130
1347.330896  -0.000056
1347.331578  -0.000824
1347.332259  -0.000710
1347.332940   0.000282
1347.333621   0.001532
1347.334302  -0.002596
1347.334983  -0.001480
1347.335664  -0.000764
1347.336346   0.000091
1347.337027  -0.001646
1347.337708  -0.000726
1347.338389  -0.001056
1347.339070   0.000972
1347.339752  -0.001441
1347.340433   0.000984
1347.341114  -0.001154
1347.341795   0.001368
1347.342476  -0.000368
1347.343157  -0.001386
1347.343838  -0.002857
1347.344520  -0.000388
1347.345201  -0.001224
1347.345882  -0.002308
1347.346563  -0.002026
1347.347244  -0.001896
1347.347925  -0.001030
1347.348606   0.001975
1347.349288   0.000389
1347.349969  -0.002732
1347.350650  -0.002110
1347.351331  -0.002143
1347.352012  -0.001593
1347.352693  -0.000617
1347.353374  -0.000859
1347.354056  -0.001145
1347.354737  -0.000642
1347.355418  -0.002154
1347.356099  -0.000860
1347.356780  -0.000320
1347.357461  -0.000910
1347.358142  -0.002172
1347.358824  -0.001162
1347.359505  -0.000655
1347.360186   0.000179
1347.360867  -0.001843
1347.361548  -0.001846
1347.362229  -0.001311
1347.362910  -0.003805
1347.363592  -0.002002
1347.364273  -0.001375
1347.364954  -0.000605
1347.365635   0.000592
1347.366316  -0.000090
1347.366997  -0.001305
1347.367679   0.000947
1347.368360  -0.000993
1347.369041  -0.000589
1347.369722  -0.001401
1347.370403  -0.000274
1347.371084  -0.000437
1347.371766   0.000856
1347.372447  -0.001543
1347.373128   0.000434
1347.373809  -0.000518
1347.374490  -0.000686
1347.375171  -0.000946
1347.375852  -0.001375
1347.376534  -0.000999
1347.377215  -0.001228
1347.377896   0.000319
1347.378577  -0.001552
1347.379258  -0.000470
1347.379939  -0.001751
1347.380620  -0.001338
1347.381302   0.000987
1347.381983  -0.000687
1347.382664   0.000034
1347.383345  -0.001193
1347.384026   0.000217
1347.384707  -0.003230
1347.385388  -0.001993
1347.386070  -0.001756
1347.386751  -0.001554
1347.387432  -0.001323
1347.388113   0.000121
1347.388794  -0.000495
1347.389475  -0.000527
1347.390157  -0.002016
1347.390838  -0.001531
1347.391519  -0.000540
1347.392200  -0.000890
1347.392881  -0.000819
1347.393562   0.000164
1347.394243  -0.001858
1347.394925  -0.001070
1347.395606  -0.001909
1347.396287  -0.000707
1347.396968  -0.000566
1347.397649   0.000407
1347.398330  -0.000357
1347.399012  -0.000512
1347.399693   0.001632
1347.400374  -0.001014
1347.401055  -0.002457
1347.401736  -0.000357
1347.402417  -0.001793
1347.403098  -0.002323
1347.403780  -0.001201
1347.404461  -0.001366
1347.405142  -0.002092
1347.405823  -0.000757
1347.406504  -0.000270
1347.407185  -0.001750
1347.407866   0.001269
1347.408548  -0.001806
1347.409229  -0.000598
1347.409910   0.000108
1347.410591   0.000900
1347.411272  -0.002474
1347.411953   0.001108
1347.412635   0.000529
1347.413316  -0.000949
1347.413997  -0.002104
1347.414678  -0.000482
1347.415359  -0.002655
1347.416040  -0.000987
1347.416721   0.000720
1347.417403  -0.001451
1347.418084   0.000838
1347.418765  -0.001250
1347.419446  -0.000683
1347.420127  -0.001341
1347.420808  -0.001408
1347.421489  -0.002471
1347.422171  -0.002557
1347.422852  -0.000841
1347.423533  -0.002068
1347.424214  -0.000383
1347.424895  -0.000128
1347.425576   0.002166
1347.426257  -0.000447
1347.426939  -0.001557
1347.427620   0.000925
1347.428301  -0.001390
1347.428982  -0.001452
1347.429663  -0.001652
1347.430344  -0.001428
1347.431026  -0.001466
1347.431707   0.000452
1347.432388  -0.000147
1347.433069  -0.000382
1347.433750  -0.003033
1347.434431  -0.001045
1347.435113  -0.001702
1347.435794  -0.001173
1347.436475  -0.001235
1347.437156  -0.000189
1347.437837  -0.001857
1347.438518  -0.002613
1347.439199   0.001548
1347.439881  -0.001719
1347.440562  -0.000808
1347.441243   0.000825
1347.441924  -0.000383
1347.442605  -0.001105
1347.443286  -0.000160
1347.443967  -0.001606
1347.444649  -0.001379
1347.445330  -0.001103
1347.446011  -0.000059
1347.446692  -0.002025
1347.447373  -0.000297
1347.448054   0.000709
1347.448735  -0.001394
1347.449417  -0.001421
1347.450098   0.001842
1347.450779  -0.000805
1347.451460  -0.001259
1347.452141   0.000387
1347.452822   0.001169
1347.453503  -0.000090
1347.454185   0.000023
1347.454866   0.000160
1347.455547  -0.000349
1347.456228  -0.000617
1347.456909   0.000782
1347.457590  -0.000303
1347.458272  -0.000137
1347.458953   0.001042
1347.459634  -0.001738
1347.460315  -0.000888
1347.460996  -0.003456
1347.461677   0.000734
1347.462358  -0.001268
1347.463040  -0.001721
1347.463721  -0.000798
1347.464402  -0.000501
1347.465083  -0.001637
1347.465764  -0.000105
1347.466445  -0.001455
1347.467126  -0.002078
1347.467808  -0.001071
1347.468489   0.001739
1347.469170   0.001541
1347.469851  -0.001370
1347.470532  -0.000944
1347.471213  -0.001706
1347.471894  -0.001673
1347.472576  -0.003762
1347.473257  -0.000504
1347.473938  -0.001430
1347.474619   0.000247
1347.475300  -0.002370
1347.475981  -0.001166
1347.476663  -0.000369
1347.477344  -0.001053
1347.478025  -0.000997
1347.478706  -0.003857
1347.479387  -0.001480
1347.480068  -0.001227
1347.480749  -0.000844
1347.481431  -0.002159
1347.482112  -0.001636
1347.482793   0.000948
1347.483474   0.000454
1347.484155  -0.000921
1347.484836  -0.001627
1347.485518  -0.001822
1347.486199  -0.000514
1347.486880  -0.003207
1347.487561  -0.000991
1347.488242  -0.001223
1347.488923  -0.000577
1347.489604   0.001078
1347.490286   0.000027
1347.490967  -0.001793
1347.491648  -0.000095
1347.492329   0.000078
1347.493010   0.000205
1347.493691  -0.000108
1347.494372  -0.000362
1347.495054  -0.000245
1347.495735   0.000350
1347.496416  -0.001047
1347.497097   0.000291
1347.497778  -0.000202
1347.498459   0.000077
1347.499140   0.000478
1347.499822  -0.001131
1347.500503  -0.000493
1347.501184  -0.000022
1347.501865   0.000299
1347.502546   0.001987
1347.503227   0.000148
1347.503908   0.000016
1347.504590   0.001111
1347.505271  -0.001706
1347.505952  -0.001839
1347.506633  -0.001596
1347.507314   0.000972
1347.507995  -0.000342
1347.508676  -0.000629
1347.509358  -0.001274
1347.510039   0.000620
1347.510720  -0.000065
1347.511401  -0.000826
1347.512082  -0.001262
1347.512764  -0.000559
1347.513445   0.000654
1347.514126  -0.000918
1347.514807  -0.000147
1347.515488  -0.000934
1347.516169  -0.001035
1347.516850   0.001406
1347.517532  -0.001500
1347.518213  -0.001162
1347.518894  -0.001332
1347.519575  -0.002512
1347.520256   0.000127
1347.520937   0.000358
1347.521618  -0.000339
1347.522300  -0.001956
1347.522981   0.003150
1347.523662  -0.000015
1347.524343  -0.000707
1347.525024  -0.000084
1347.525705  -0.000327
1347.526386  -0.000209
1347.527068  -0.002140
1347.527749  -0.001342
1347.528430  -0.000139
1347.529111  -0.001401
1347.529792  -0.005536
1347.530473  -0.000192
1347.531154  -0.000810
1347.531836  -0.000192
1347.532517  -0.000780
1347.533198   0.001394
1347.533879  -0.002190
1347.534560  -0.000650
1347.535241  -0.001114
1347.535923  -0.001273
1347.536604  -0.002641
1347.537285   0.001271
1347.537966  -0.001298
1347.538647   0.000301
1347.539328  -0.000532
1347.540009   0.001150
1347.540691  -0.001467
1347.541372   0.000195
1347.542053   0.001606
1347.542734  -0.002887
1347.543415  -0.001499
1347.544096  -0.000365
1347.544778  -0.000947
1347.545459  -0.000595
1347.546140  -0.001068
1347.546821  -0.000456
1347.547502   0.000271
1347.548183  -0.002182
1347.548864  -0.000248
1347.549546  -0.001061
1347.550227  -0.000974
1347.550908  -0.001310
1347.551589  -0.001651
1347.552270   0.000260
1347.552951  -0.000963
1347.553632  -0.000298
1347.554314  -0.000628
1347.554995  -0.000841
1347.555676  -0.001290
1347.556357  -0.001589
1347.557038  -0.000538
1347.557719  -0.001745
1347.558401  -0.001456
1347.559082   0.000477
1347.559763  -0.000063
1347.560444   0.000033
1347.561125  -0.003273
1347.561806  -0.001422
1347.562487  -0.000390
1347.563169   0.000822
1347.563850   0.001829
1347.564531  -0.000626
1347.565212   0.000303
1347.565893  -0.003117
1347.566574  -0.001011
1347.567255  -0.001435
1347.567937   0.000342
1347.568618  -0.000543
1347.569299   0.000081
1347.569980   0.000307
1347.570661   0.000115
1347.571342  -0.001583
1347.572024  -0.001562
1347.572705  -0.000869
1347.573386  -0.001187
1347.574067  -0.000762
1347.574748   0.000056
1347.575429   0.000452
1347.576110   0.000070
1347.576792  -0.001172
1347.577473   0.000610
1347.578154   0.011442
1347.578835  -0.002829
1347.579516   0.000180
1347.580197  -0.003403
1347.580879  -0.001958
1347.581560  -0.001336
1347.582241  -0.002278
1347.582922  -0.001827
1347.583603  -0.001190
1347.584284  -0.002553
1347.584965  -0.000598
1347.585647   0.000464
1347.586328  -0.001988
1347.587009   0.001148
1347.587690  -0.001085
1347.588371   0.000411
1347.589052   0.001420
1347.589733  -0.001640
1347.590415   0.000463
1347.591096  -0.001209
1347.591777   0.000579
1347.592458   0.000589
1347.593139   0.000295
1347.593820  -0.001804
1347.594501  -0.002005
1347.595183  -0.001029
1347.595864  -0.000984
1347.596545  -0.000582
1347.597226  -0.000350
1347.597907   0.001999
1347.598588  -0.001868
1347.599269  -0.000998
1347.599951  -0.001679
1347.600632  -0.000900
1347.601313  -0.002927
1347.601994  -0.000807
1347.602675  -0.002908
1347.603356  -0.001824
1347.604038  -0.001662
1347.604719  -0.000404
1347.605400  -0.001913
1347.606081  -0.000128
1347.606762   0.000453
1347.607443  -0.000625
1347.608124  -0.002371
1347.608806  -0.000569
1347.609487   0.001510
1347.610168  -0.002896
1347.610849  -0.000516
1347.611530  -0.001967
1347.612211  -0.001155
1347.612893  -0.000414
1347.613574   0.002291
1347.614255  -0.001066
1347.614936  -0.000262
1347.615617  -0.001280
1347.616298  -0.002799
1347.616979  -0.001105
1347.617661   0.000626
1347.618342  -0.000329
1347.619023  -0.001008
1347.619704  -0.000546
1347.620385   0.000456
1347.621066  -0.002177
1347.621747   0.000776
1347.622429  -0.001684
1347.623110   0.000542
1347.623791  -0.000954
1347.624472  -0.000009
1347.625153  -0.000565
1347.625834  -0.000643
1347.626515   0.001429
1347.627197   0.001444
1347.627878   0.001601
1347.628559  -0.000898
1347.629240  -0.000158
1347.629921  -0.002056
1347.630602  -0.001635
1347.631284  -0.001753
1347.631965   0.000268
1347.632646  -0.001339
1347.633327  -0.002891
1347.634008  -0.001775
1347.634689  -0.000284
1347.635370  -0.001191
1347.636052  -0.000740
1347.636733  -0.003417
1347.637414  -0.002008
1347.638095  -0.000467
1347.638776   0.000027
1347.639457  -0.002842
1347.640138  -0.000964
1347.640820  -0.001077
1347.641501  -0.000367
1347.642182  -0.001283
1347.642863  -0.001237
1347.643544  -0.001758
1347.644225  -0.001205
1347.644906  -0.001731
1347.645588  -0.002651
1347.646269  -0.001457
1347.646950  -0.001269
1347.647631  -0.000612
1347.648312  -0.000344
1347.648993  -0.002331
1347.649674  -0.001144
1347.650356  -0.000171
1347.651037  -0.001203
1347.651718  -0.001242
1347.652399  -0.000613
1347.653080  -0.000659
1347.653761  -0.002597
1347.654443   0.000538
1347.655124  -0.000028
1347.655805   0.000999
1347.656486   0.000506
1347.657167   0.000319
1347.657848  -0.000321
1347.658530   0.000939
1347.659211   0.000520
1347.659892  -0.000909
1347.660573  -0.001334
1347.661254  -0.000060
1347.661935  -0.000495
1347.662616   0.000481
1347.663298  -0.000192
1347.663979  -0.000312
1347.664660  -0.001587
1347.665341  -0.001058
1347.666022  -0.001944
1347.666703  -0.000748
1347.667384  -0.000392
1347.668066  -0.001345
1347.668747   0.000176
1347.669428  -0.001492
1347.670109   0.000320
1347.670790  -0.000048
1347.671471  -0.000299
1347.672152  -0.000725
1347.672834  -0.001539
1347.673515  -0.001222
1347.674196  -0.000565
1347.674877  -0.002336
1347.675558  -0.002464
1347.676239   0.002151
1347.676920  -0.001643
1347.677602  -0.000655
1347.678283  -0.001602
1347.678964  -0.000573
1347.679645  -0.003874
1347.680326  -0.001489
1347.681007   0.001095
1347.681689   0.000178
1347.682370   0.000580
1347.683051  -0.002662
1347.683732  -0.002679
1347.684413   0.000802
1347.685094  -0.001415
1347.685776  -0.001330
1347.686457   0.000565
1347.687138  -0.002462
1347.687819  -0.001601
1347.688500   0.000074
1347.689181  -0.000515
1347.689862  -0.000459
1347.690544  -0.000831
1347.691225  -0.003976
1347.691906  -0.001191
1347.692587  -0.002156
1347.693268   0.000446
1347.693949  -0.002236
1347.694630  -0.000912
1347.695312  -0.001639
1347.695993  -0.002023
1347.696674  -0.000857
1347.697355  -0.001140
1347.698036   0.000319
1347.698717  -0.001954
1347.699398   0.000658
1347.700080  -0.000626
1347.700761  -0.003272
1347.701442   0.001652
1347.702123  -0.000665
1347.702804   0.001186
1347.703485  -0.000263
1347.704167  -0.000810
1347.704848  -0.001265
1347.705529   0.001765
1347.706210  -0.001420
1347.706891  -0.001744
1347.707572   0.000432
1347.708253  -0.001104
1347.708935  -0.002251
1347.709616  -0.002688
1347.710297  -0.001101
1347.710978  -0.000884
1347.711659   0.000427
1347.712340  -0.000787
1347.713021  -0.000197
1347.713703  -0.001346
1347.714384  -0.001783
1347.715065  -0.001724
1347.715746  -0.001548
1347.716427  -0.001370
1347.717108  -0.000590
1347.717790  -0.001213
1347.718471  -0.001656
1347.719152  -0.002075
1347.719833   0.000839
1347.720514   0.000760
1347.721195  -0.001237
1347.721876  -0.000033
1347.722558  -0.003482
1347.723239   0.000338
1347.723920  -0.000382
1347.724601  -0.000946
1347.725282  -0.001077
1347.725963  -0.001840
1347.726645   0.000174
1347.727326   0.000946
1347.728007  -0.002764
1347.728688   0.000187
1347.729369  -0.001245
1347.730050  -0.000659
1347.730731  -0.001591
1347.731413  -0.001992
1347.732094  -0.001265
1347.732775  -0.000692
1347.733456  -0.002190
1347.734137   0.000458
1347.734818  -0.001771
1347.735499  -0.002175
1347.736181  -0.000178
1347.736862  -0.000826
1347.737543   0.000365
1347.738224   0.000014
1347.738905   0.000913
1347.739586  -0.001082
1347.740267  -0.000403
1347.740949   0.001189
1347.741630   0.001126
1347.742311  -0.000932
1347.742992  -0.000225
1347.743673  -0.001256
1347.744354   0.000281
1347.745035  -0.000496
1347.745717   0.003135
1347.746398  -0.002662
1347.747079  -0.001417
1347.747760  -0.001366
1347.748441  -0.001005
1347.749122  -0.001458
1347.749804  -0.001314
1347.750485   0.000874
1347.751166   0.000098
1347.751847  -0.000116
1347.752528  -0.000112
1347.753209  -0.001753
1347.753891  -0.001697
1347.754572  -0.001833
1347.755253  -0.001160
1347.755934   0.000264
1347.756615  -0.000267
1347.757296  -0.001757
1347.757977  -0.002648
1347.758659  -0.000954
1347.759340  -0.000023
1347.760021  -0.000374
1347.760702   0.000795
1347.761383  -0.002552
1347.762064  -0.000732
1347.762745  -0.000132
1347.763427   0.000533
1347.764108  -0.001440
1347.764789  -0.002059
1347.765470   0.000095
1347.766151  -0.001144
1347.766832   0.000909
1347.767513  -0.003487
1347.768195  -0.000026
1347.768876   0.000259
1347.769557   0.000380
1347.770238  -0.002371
1347.770919   0.000794
1347.771600   0.000092
1347.772281  -0.000680
1347.772963  -0.002784
1347.773644  -0.000989
1347.774325   0.000906
1347.775006  -0.001432
1347.775687   0.000875
1347.776368  -0.001990
1347.777050   0.002450
1347.777731   0.000538
1347.778412  -0.000430
1347.779093   0.000294
1347.779774   0.000587
1347.780455  -0.001963
1347.781136  -0.002074
1347.781818  -0.000270
1347.782499  -0.000527
1347.783180  -0.000748
1347.783861   0.000726
1347.784542  -0.000190
1347.785223  -0.002222
1347.785904  -0.001118
1347.786586   0.000273
1347.787267   0.000992
1347.787948  -0.000375
1347.788629  -0.002708
1347.789310   0.001306
1347.789991   0.000507
1347.790672  -0.000259
1347.791354  -0.000454
1347.792035  -0.001209
1347.792716   0.000776
1347.793397  -0.001067
1347.794078   0.000667
1347.794759  -0.001072
1347.795440  -0.001014
1347.796122  -0.002303
1347.796803  -0.000067
1347.797484  -0.000927
1347.798165   0.000711
1347.798846  -0.002027
1347.799527  -0.001670
1347.800209   0.000490
1347.800890  -0.002680
1347.801571  -0.000926
1347.802252  -0.000444
1347.802933  -0.000377
1347.803614  -0.000355
1347.804296   0.000030
1347.804977   0.001093
1347.805658  -0.001318
1347.806339  -0.000740
1347.807020  -0.000418
1347.807701  -0.002451
1347.808382  -0.001080
1347.809064   0.000366
1347.809745   0.000287
1347.810426  -0.003535
1347.811107   0.000050
1347.811788  -0.000634
1347.812469  -0.001864
1347.813150  -0.001906
1347.813832  -0.000663
1347.814513  -0.001280
1347.815194  -0.000204
1347.815875  -0.000050
1347.816556  -0.002231
1347.817237  -0.001038
1347.817918   0.000908
1347.818600  -0.001899
1347.819281  -0.000135
1347.819962   0.001213
1347.820643   0.000640
1347.821324  -0.000170
1347.822005   0.000491
1347.822686  -0.002222
1347.823368  -0.000306
1347.824049  -0.001802
1347.824730  -0.000653
1347.825411  -0.000282
1347.826092  -0.001843
1347.826773  -0.000744
1347.827455  -0.001075
1347.828136  -0.000367
1347.828817  -0.001543
1347.829498  -0.001258
1347.830179  -0.003443
1347.830860   0.000139
1347.831542  -0.001176
1347.832223  -0.000078
1347.832904  -0.000743
1347.833585  -0.003013
1347.834266  -0.001952
1347.834947   0.002771
1347.835628  -0.000857
1347.836310   0.000128
1347.836991  -0.001155
1347.837672  -0.001658
1347.838353  -0.000139
1347.839034  -0.001182
1347.839715   0.000150
1347.840396  -0.000695
1347.841078  -0.001738
1347.841759   0.000712
1347.842440  -0.002116
1347.843121  -0.000819
1347.843802   0.000399
1347.844483  -0.000574
1347.845164   0.001011
1347.845846  -0.000129
1347.846527   0.001720
1347.847208  -0.002235
1347.847889  -0.000402
1347.848570   0.000819
1347.849251  -0.001886
1347.849933  -0.000271
1347.850614  -0.001008
1347.851295  -0.002659
1347.851976  -0.000605
1347.852657   0.000053
1347.853338  -0.000326
1347.854019  -0.000156
1347.854701   0.001841
1347.855382  -0.000826
1347.856063  -0.001931
1347.856744   0.000764
1347.857425   0.000055
1347.858106  -0.002865
1347.858788  -0.001486
1347.859469  -0.000549
1347.860150  -0.000923
1347.860831   0.001783
1347.861512  -0.001680
1347.862193   0.000218
1347.862874  -0.004045
1347.863556  -0.000379
1347.864237   0.000048
1347.864918  -0.000371
1347.865599  -0.000153
1347.866280  -0.001599
1347.866961   0.000938
1347.867642   0.001784
1347.868324   0.000681
1347.869005   0.000177
1347.869686  -0.001981
1347.870367  -0.001087
1347.871048   0.001705
1347.871729  -0.000518
1347.872411  -0.000159
1347.873092   0.000236
1347.873773  -0.001888
1347.874454  -0.000314
1347.875135  -0.001747
1347.875816   0.000775
1347.876497  -0.001863
1347.877179  -0.000228
1347.877860   0.000673
1347.878541  -0.002031
1347.879222  -0.001562
1347.879903  -0.000273
1347.880584  -0.001332
1347.881265   0.000828
1347.881947  -0.000163
1347.882628  -0.000278
1347.883309   0.000069
1347.883990  -0.000751
1347.884671  -0.001589
1347.885352  -0.000723
1347.886033   0.000592
1347.886715   0.000106
1347.887396  -0.002025
1347.888077  -0.000184
1347.888758  -0.000115
1347.889439  -0.000066
1347.890120  -0.001611
1347.890802   0.000619
1347.891483  -0.001520
1347.892164  -0.000065
1347.892845  -0.001979
1347.893526  -0.000876
1347.894207  -0.002079
1347.894888   0.000262
1347.895570  -0.000582
1347.896251   0.001367
1347.896932  -0.000861
1347.897613  -0.001441
1347.898294  -0.002166
1347.898975  -0.000355
1347.899656   0.000718
1347.900338  -0.000358
1347.901019  -0.002126
1347.901700   0.000571
1347.902381  -0.000728
1347.903062   0.000061
1347.903743  -0.000992
1347.904425  -0.003077
1347.905106   0.000486
1347.905787  -0.001492
1347.906468  -0.000627
1347.907149  -0.000786
1347.907830  -0.001512
1347.908511   0.001700
1347.909193   0.001514
1347.909874   0.000617
1347.910555  -0.000957
1347.911236   0.000919
1347.911917  -0.001444
1347.912598  -0.002582
1347.913279  -0.002430
1347.913961  -0.000639
1347.914642  -0.001666
1347.915323   0.000034
1347.916004   0.000343
1347.916685  -0.000977
1347.917366  -0.002573
1347.918047  -0.001223
1347.918729   0.000035
1347.919410  -0.000759
1347.920091  -0.000266
1347.920772  -0.000072
1347.921453  -0.002518
1347.922134  -0.000688
1347.922816   0.000431
1347.923497  -0.001899
1347.924178  -0.002898
1347.924859  -0.001260
1347.925540  -0.001804
1347.926221   0.000539
1347.926902   0.000261
1347.927584   0.000176
1347.928265   0.000213
1347.928946  -0.001979
1347.929627  -0.002189
1347.930308  -0.001430
1347.930989  -0.002496
1347.931670   0.001401
1347.932352  -0.001139
1347.933033  -0.001253
1347.933714  -0.001979
1347.934395  -0.002129
1347.935076  -0.000255
1347.935757  -0.000098
1347.936438  -0.000361
1347.937120  -0.000757
1347.937801  -0.000832
1347.938482  -0.001101
1347.939163  -0.000336
1347.939844  -0.000357
1347.940525   0.000023
1347.941206  -0.000262
1347.941888  -0.002715
1347.942569   0.000307
1347.943250  -0.001114
1347.943931  -0.000040
1347.944612  -0.002466
1347.945294   0.001284
1347.945975   0.000258
1347.946656   0.001697
1347.947337   0.001310
1347.948018  -0.000541
1347.948699  -0.001308
1347.949380   0.000099
1347.950062   0.000622
1347.950743   0.000904
1347.951424  -0.000095
1347.952105  -0.003598
1347.952786  -0.000003
1347.953467   0.000386
1347.954148  -0.000346
1347.954830   0.000019
1347.955511  -0.001937
1347.956192   0.000349
1347.956873   0.000533
1347.957554  -0.001287
1347.958235  -0.000138
1347.958916   0.000195
1347.959598  -0.001590
1347.960279  -0.002259
1347.960960  -0.000394
1347.961641  -0.000521
1347.962322  -0.001335
1347.963003  -0.002040
1347.963684  -0.000342
1347.964366  -0.000594
1347.965047  -0.000419
1347.965728  -0.001334
1347.966409   0.000959
1347.967090  -0.002532
1347.967771   0.000061
1347.968452  -0.000925
1347.969134  -0.001408
1347.969815  -0.000664
1347.970496   0.000019
1347.971177  -0.001407
1347.971858  -0.000545
1347.972540   0.001077
1347.973221  -0.001850
1347.973902  -0.001272
1347.974583  -0.000151
1347.975264  -0.000258
1347.975945   0.000644
1347.976626   0.000933
1347.977308   0.002747
1347.977989  -0.000313
1347.978670   0.000300
1347.979351  -0.001805
1347.980032  -0.001942
1347.980713   0.000987
1347.981394  -0.000578
1347.982076  -0.000554
1347.982757   0.001118
1347.983438  -0.000899
1347.984119   0.000972
1347.984800  -0.000923
1347.985481  -0.000202
1347.986162   0.000971
1347.986844   0.000023
1347.987525  -0.000367
1347.988206  -0.000419
1347.988887  -0.000042
1347.989568  -0.001496
1347.990249  -0.002902
1347.990930  -0.000819
1347.991612   0.001449
1347.992293   0.001627
1347.992974  -0.002019
1347.993655  -0.000147
1347.994336  -0.000054
1347.995017  -0.000164
1347.995699  -0.001021
1347.996380  -0.000711
1347.997061  -0.002012
1347.997742  -0.002162
1347.998423  -0.001204
