1328.559036  -0.002396
1328.559717   0.000043
1328.560399  -0.001371
1328.561080  -0.000128
1328.561761   0.001043
1328.562442  -0.000857
1328.563123  -0.000458
1328.563804   0.000007
1328.564485  -0.000654
1328.565167   0.000014
1328.565848  -0.001996
1328.566529   0.000332
1328.567210   0.000675
1328.567891   0.001767
1328.568572  -0.001081
1328.569254  -0.001731
1328.569935   0.002213
1328.570616   0.000135
1328.571297  -0.001164
1328.571978  -0.000750
1328.572659  -0.001379
1328.573340  -0.000893
1328.574022  -0.000434
1328.574703   0.000990
1328.575384   0.000038
1328.576065  -0.001308
1328.576746  -0.000008
1328.577427  -0.000289
1328.578109   0.001831
1328.578790  -0.001916
1328.579471  -0.000158
1328.580152   0.002622
1328.580833   0.000182
1328.581514  -0.003163
1328.582196  -0.001621
1328.582877   0.000786
1328.583558  -0.000292
1328.584239  -0.001034
1328.584920  -0.000432
1328.585601   0.000124
1328.586282   0.000161
1328.586964  -0.001763
1328.587645  -0.001108
1328.588326  -0.002738
1328.589007  -0.001855
1328.589688  -0.001469
1328.590369   0.000796
1328.591050   0.000060
1328.591732   0.001513
1328.592413  -0.002222
1328.593094  -0.000892
1328.593775  -0.001303
1328.594456  -0.000745
1328.595137  -0.001759
1328.595818  -0.000278
1328.596500   0.000122
1328.597181  -0.001673
1328.597862  -0.000859
1328.598543  -0.000428
1328.599224  -0.001280
1328.599905  -0.002499
1328.600587   0.000017
1328.601268   0.000100
1328.601949  -0.001353
1328.602630  -0.001304
1328.603311  -0.000358
1328.603992  -0.000256
1328.604674   0.000411
1328.605355  -0.000026
1328.606036   0.000733
1328.606717  -0.000343
1328.607398   0.000839
1328.608079  -0.002069
1328.608760  -0.003013
1328.609442   0.000082
1328.610123  -0.002592
1328.610804   0.000647
1328.611485  -0.001212
1328.612166  -0.001705
1328.612847   0.001466
1328.613528  -0.001432
1328.614210   0.000974
1328.614891  -0.001363
1328.615572  -0.001074
1328.616253   0.000261
1328.616934  -0.000641
1328.617616   0.000875
1328.618297  -0.000053
1328.618978  -0.001861
1328.619659  -0.001651
1328.620340  -0.000822
1328.621021  -0.002236
1328.621702  -0.001675
1328.622384   0.000685
1328.623065  -0.003012
1328.623746   0.000040
1328.624427  -0.000525
1328.625108  -0.001772
1328.625789  -0.001289
1328.626470  -0.001242
1328.627152  -0.000993
1328.627833  -0.001425
1328.628514   0.000953
1328.629195  -0.001275
1328.629876  -0.000673
1328.630557  -0.002482
1328.631239  -0.001445
1328.631920   0.001025
1328.632601  -0.001810
1328.633282  -0.000962
1328.633963  -0.000254
1328.634644  -0.001623
1328.635325  -0.000440
1328.636007   0.000240
1328.636688  -0.000750
1328.637369  -0.000323
1328.638050  -0.001434
1328.638731  -0.001723
1328.639412  -0.001701
1328.640094  -0.000727
1328.640775  -0.000707
1328.641456   0.000712
1328.642137   0.001764
1328.642818  -0.000045
1328.643499   0.000302
1328.644180  -0.000963
1328.644862   0.000306
1328.645543   0.000929
1328.646224  -0.000789
1328.646905  -0.001349
1328.647586  -0.000741
1328.648267   0.001642
1328.648948  -0.000211
1328.649630   0.000688
1328.650311  -0.000584
1328.650992  -0.001709
1328.651673  -0.001797
1328.652354  -0.000439
1328.653035  -0.000564
1328.653717  -0.000999
1328.654398   0.000748
1328.655079  -0.000750
1328.655760  -0.000055
1328.656441  -0.000110
1328.657122   0.000211
1328.657803   0.001153
1328.658485  -0.001999
1328.659166  -0.001492
1328.659847  -0.000444
1328.660528  -0.000554
1328.661209  -0.003459
1328.661890  -0.000816
1328.662572  -0.000026
1328.663253   0.001058
1328.663934   0.001026
1328.664615   0.001121
1328.665296  -0.000890
1328.665977   0.000425
1328.666659   0.000476
1328.667340   0.001082
1328.668021  -0.000264
1328.668702  -0.000289
1328.669383  -0.001292
1328.670064  -0.000814
1328.670745  -0.001244
1328.671427   0.000559
1328.672108  -0.001361
1328.672789  -0.001648
1328.673470   0.000666
1328.674151   0.000296
1328.674832   0.001349
1328.675513   0.000100
1328.676195  -0.001927
1328.676876   0.000654
1328.677557  -0.001321
1328.678238   0.000842
1328.678919  -0.000691
1328.679600   0.000546
1328.680281   0.000436
1328.680963  -0.001562
1328.681644  -0.001498
1328.682325   0.000380
1328.683006  -0.002863
1328.683687  -0.000212
1328.684368  -0.001477
1328.685050  -0.002136
1328.685731  -0.001118
1328.686412   0.000215
1328.687093  -0.000927
1328.687774  -0.002829
1328.688455  -0.000943
1328.689137   0.000093
1328.689818  -0.000104
1328.690499   0.001360
1328.691180  -0.002814
1328.691861   0.000111
1328.692542  -0.001581
1328.693223  -0.001610
1328.693905  -0.001298
1328.694586  -0.002001
1328.695267  -0.001407
1328.695948  -0.002094
1328.696629  -0.001208
1328.697310  -0.000427
1328.697991  -0.000946
1328.698673  -0.000829
1328.699354  -0.000231
1328.700035   0.000724
1328.700716  -0.000518
1328.701397  -0.000965
1328.702078  -0.001039
1328.702760   0.000068
1328.703441  -0.000488
1328.704122  -0.000372
1328.704803  -0.003694
1328.705484  -0.000066
1328.706165   0.000101
1328.706847  -0.001966
1328.707528  -0.001855
1328.708209   0.000001
1328.708890   0.000075
1328.709571  -0.000341
1328.710252  -0.001318
1328.710933   0.000583
1328.711615  -0.001212
1328.712296  -0.001499
1328.712977  -0.000271
1328.713658  -0.001299
1328.714339  -0.004678
1328.715020  -0.002400
1328.715702   0.000525
1328.716383   0.000612
1328.717064   0.000323
1328.717745  -0.002558
1328.718426  -0.000010
1328.719107  -0.001891
1328.719788  -0.000053
1328.720470   0.000203
1328.721151  -0.001703
1328.721832  -0.002130
1328.722513  -0.001057
1328.723194  -0.001422
1328.723875  -0.002219
1328.724556  -0.001289
1328.725238  -0.000734
1328.725919  -0.001631
1328.726600   0.002912
1328.727281  -0.001609
1328.727962  -0.000482
1328.728643  -0.000446
1328.729325  -0.001674
1328.730006   0.000477
1328.730687  -0.000382
1328.731368  -0.002605
1328.732049  -0.001071
1328.732730  -0.001652
1328.733411  -0.000780
1328.734093  -0.001023
1328.734774  -0.000743
1328.735455  -0.001001
1328.736136  -0.000735
1328.736817  -0.000000
1328.737498  -0.001227
1328.746354  -0.000075
1328.747035  -0.000427
1328.747716  -0.000549
1328.748397   0.000877
1328.749078   0.001105
1328.749759   0.000547
1328.750440  -0.001081
1328.751122  -0.000884
1328.751803  -0.002633
1328.752484  -0.000442
1328.753165  -0.001584
1328.753846  -0.000786
1328.754527  -0.001342
1328.755208  -0.001883
1328.755890  -0.001898
1328.756571   0.000396
1328.757252   0.000148
1328.757933  -0.000962
1328.758614  -0.001139
1328.759295  -0.001268
1328.759976   0.001195
1328.760658   0.000414
1328.761339  -0.001013
1328.762020  -0.001706
1328.762701  -0.002112
1328.763382  -0.002926
1328.764063   0.000796
1328.764745  -0.001833
1328.765426  -0.000740
1328.766107   0.000503
1328.766788   0.000360
1328.767469  -0.001093
1328.768150  -0.001321
1328.768831  -0.000825
1328.769513   0.000207
1328.770194  -0.002145
1328.770875  -0.001721
1328.771556  -0.001491
1328.772237  -0.001936
1328.772918   0.000422
1328.773600  -0.001005
1328.774281  -0.000822
1328.774962  -0.000968
1328.775643  -0.001456
1328.776324  -0.000463
1328.777005  -0.003142
1328.777686  -0.001111
1328.778368  -0.001545
1328.779049   0.001153
1328.779730  -0.002358
1328.780411  -0.000839
1328.781092  -0.000522
1328.781773   0.000224
1328.782454  -0.000406
1328.783136  -0.001735
1328.783817  -0.001302
1328.784498   0.000003
1328.785179  -0.000269
1328.785860  -0.000453
1328.786541  -0.001505
1328.787223  -0.001365
1328.787904  -0.002018
1328.788585   0.000493
1328.789266   0.000096
1328.789947  -0.002190
1328.790628  -0.001787
1328.791310   0.000561
1328.791991  -0.001973
1328.792672  -0.000630
1328.793353  -0.000458
1328.794034   0.000160
1328.794715  -0.002834
1328.795396  -0.000805
1328.796078  -0.000487
1328.796759  -0.001899
1328.797440  -0.000054
1328.798121  -0.000962
1328.798802  -0.002057
1328.799483  -0.000926
1328.800165   0.000539
1328.800846   0.000402
1328.801527  -0.002670
1328.802208  -0.002171
1328.802889  -0.001176
1328.803570  -0.000926
1328.804251  -0.002115
1328.804933  -0.001788
1328.805614   0.000231
1328.806295   0.000074
1328.806976  -0.001036
1328.807657  -0.000830
1328.808338   0.001201
1328.809019  -0.001083
1328.809701  -0.001422
1328.810382  -0.001114
1328.811063  -0.000309
1328.811744   0.000437
1328.812425   0.000659
1328.813106  -0.000883
1328.813787  -0.001238
1328.814469  -0.002071
1328.815150  -0.000069
1328.815831  -0.002120
1328.816512  -0.000160
1328.817193   0.000321
1328.817874  -0.000382
1328.818556  -0.001441
1328.819237  -0.000263
1328.819918  -0.002874
1328.820599  -0.000604
1328.821280   0.000691
1328.821961   0.000693
1328.822643  -0.002271
1328.823324  -0.003421
1328.824005  -0.000311
1328.824686   0.001391
1328.825367  -0.000102
1328.826048  -0.000226
1328.826730   0.001273
1328.827411  -0.000897
1328.828092  -0.001527
1328.828773   0.000406
1328.829454  -0.001408
1328.830135  -0.002112
1328.830816  -0.002305
1328.831498   0.000484
1328.832179  -0.001345
1328.832860   0.000391
1328.833541  -0.002240
1328.834222   0.001138
1328.834903  -0.001877
1328.835585  -0.002500
1328.836266  -0.002580
1328.836947  -0.001576
1328.837628   0.001651
1328.838309  -0.001658
1328.838990  -0.000638
1328.839671   0.000343
1328.840353  -0.001266
1328.841034  -0.001922
1328.841715   0.001597
1328.842396  -0.000736
1328.843077   0.000311
1328.843758  -0.000585
1328.844439  -0.001093
1328.845121  -0.000602
1328.845802  -0.001692
1328.846483  -0.000484
1328.847164  -0.001505
1328.847845  -0.000233
1328.848526  -0.000882
1328.849208  -0.001165
1328.849889  -0.001544
1328.850570   0.000153
1328.851251  -0.001234
1328.851932  -0.000813
1328.852613  -0.000184
1328.853294  -0.001700
1328.853976  -0.002138
1328.854657   0.000058
1328.855338   0.000195
1328.856019  -0.000894
1328.856700  -0.000032
1328.857381  -0.000617
1328.858063  -0.001908
1328.858744   0.000800
1328.859425  -0.000013
1328.860106  -0.000249
1328.860787  -0.000607
1328.861468   0.000014
1328.862150  -0.000818
1328.862831  -0.003822
1328.863512  -0.002475
1328.864193  -0.000105
1328.864874  -0.000259
1328.865555  -0.000700
1328.866236  -0.000311
1328.866918  -0.000643
1328.867599  -0.000510
1328.868280  -0.001956
1328.868961  -0.000832
1328.869642  -0.001021
1328.870323  -0.001036
1328.871004  -0.000196
1328.871686  -0.001372
1328.872367  -0.002323
1328.873048  -0.001268
1328.873729  -0.000543
1328.874410   0.000043
1328.875091  -0.000900
1328.875773  -0.001036
1328.876454  -0.000337
1328.877135  -0.001624
1328.877816  -0.001076
1328.878497   0.000451
1328.879178  -0.001699
1328.879860   0.000527
1328.880541  -0.000893
1328.881222  -0.000475
1328.881903   0.000010
1328.882584  -0.002013
1328.883265  -0.000352
1328.883946   0.000713
1328.884628   0.000615
1328.885309  -0.001589
1328.885990  -0.000515
1328.886671   0.001525
1328.887352  -0.002115
1328.888033   0.001344
1328.888714   0.000342
1328.889396  -0.002219
1328.890077  -0.000379
1328.890758  -0.000596
1328.891439  -0.000841
1328.892120   0.000308
1328.892801  -0.003119
1328.893482  -0.001321
1328.894164  -0.001285
1328.894845  -0.002722
1328.895526  -0.002412
1328.896207  -0.001335
1328.896888  -0.001707
1328.897569   0.000351
1328.898251  -0.002044
1328.898932  -0.001089
1328.899613  -0.000923
1328.900294  -0.000133
1328.900975   0.000944
1328.901656  -0.001683
1328.902338  -0.000420
1328.903019  -0.000184
1328.903700   0.000019
1328.904381  -0.000003
1328.905062  -0.001218
1328.905743  -0.001413
1328.906424  -0.000970
1328.907106  -0.002041
1328.907787  -0.001212
1328.908468  -0.000754
1328.909149  -0.002376
1328.909830  -0.000843
1328.910511  -0.001391
1328.911193  -0.001974
1328.911874  -0.001141
1328.912555  -0.000546
1328.913236   0.000059
1328.913917   0.000542
1328.914598  -0.001318
1328.915279   0.000970
1328.915961  -0.000321
1328.916642  -0.001683
1328.917323  -0.001469
1328.918004  -0.000643
1328.918685   0.000465
1328.919366  -0.000610
1328.920047  -0.000933
1328.920729  -0.002012
1328.921410  -0.001092
1328.922091  -0.001491
1328.922772   0.000268
1328.923453   0.000529
1328.924134  -0.001427
1328.924816  -0.000539
1328.925497  -0.000184
1328.926178  -0.000553
1328.926859  -0.000139
1328.927540  -0.000080
1328.928221   0.000955
1328.928902  -0.002141
1328.929584  -0.002016
1328.930265   0.000393
1328.930946   0.000285
1328.931627  -0.000925
1328.932308  -0.001159
1328.932989  -0.000431
1328.933671  -0.001308
1328.934352  -0.001500
1328.935033  -0.000310
1328.935714  -0.000437
1328.936395   0.000636
1328.937076  -0.001311
1328.937757  -0.000390
1328.938439   0.000498
1328.939120   0.000424
1328.939801  -0.001286
1328.940482  -0.000776
1328.941163  -0.001757
1328.941844  -0.002253
1328.942525  -0.000737
1328.943207  -0.001126
1328.943888   0.000217
1328.944569  -0.000263
1328.945250  -0.001109
1328.945931  -0.001819
1328.946613   0.000556
1328.947294   0.000202
1328.947975  -0.000835
1328.948656   0.000289
1328.949337  -0.000587
1328.950018  -0.000715
1328.950699   0.000649
1328.951381   0.001154
1328.952062  -0.000267
1328.952743   0.000581
1328.953424  -0.002160
1328.954105  -0.000055
1328.954786  -0.000741
1328.955467  -0.000236
1328.956149  -0.001555
1328.956830  -0.001276
1328.957511  -0.000830
1328.958192  -0.003081
1328.958873  -0.001884
1328.959554   0.001064
1328.960236  -0.000115
1328.960917  -0.001648
1328.961598   0.000094
1328.962279  -0.000424
1328.962960   0.001332
1328.963641  -0.001385
1328.964323  -0.002521
1328.965004  -0.000549
1328.965685   0.000708
1328.966366  -0.001710
1328.967047   0.001242
1328.967728  -0.001369
1328.968409   0.000203
1328.969091  -0.000790
1328.969772  -0.000489
1328.970453  -0.002415
1328.971134  -0.000978
1328.971815  -0.000497
1328.972496  -0.000423
1328.973177  -0.000546
1328.973859   0.000487
1328.974540  -0.000950
1328.975221   0.000548
1328.975902  -0.000422
1328.976583  -0.001232
1328.977264  -0.001715
1328.977945  -0.000361
1328.978627  -0.001980
1328.979308  -0.001228
1328.979989  -0.000524
1328.980670  -0.002216
1328.981351  -0.002622
1328.982032  -0.000034
1328.982714  -0.001057
1328.983395  -0.000901
1328.984076  -0.002232
1328.984757  -0.000129
1328.985438   0.000122
1328.986119  -0.000612
1328.986801  -0.000147
1328.987482  -0.000833
1328.988163  -0.001475
1328.988844   0.000160
1328.989525  -0.000710
1328.990206  -0.001896
1328.990887   0.000017
1328.991569   0.002077
1328.992250  -0.001028
1328.992931  -0.001211
1328.993612  -0.000891
1328.994293  -0.000026
1328.994974  -0.000965
1328.995656  -0.001194
1328.996337  -0.000463
1328.997018  -0.001026
1328.997699  -0.002424
1328.998380  -0.002640
1328.999061  -0.002889
1328.999742  -0.000482
1329.000424   0.000458
1329.001105  -0.001155
1329.001786  -0.002510
1329.002467  -0.001854
1329.003148   0.000193
1329.003829  -0.001857
1329.004510  -0.001638
1329.005192  -0.002417
1329.005873  -0.000047
1329.006554  -0.001342
1329.007235   0.001489
1329.007916  -0.001701
1329.008597  -0.001001
1329.009279  -0.000065
1329.009960  -0.001038
1329.010641   0.000920
1329.011322   0.000310
1329.012003  -0.000985
1329.012684   0.000785
1329.013366  -0.000007
1329.014047  -0.002166
1329.014728  -0.002005
1329.015409  -0.002313
1329.016090  -0.001286
1329.016771   0.000671
1329.017452  -0.002153
1329.018134   0.000084
1329.018815   0.000340
1329.019496   0.001549
1329.020177   0.001398
1329.020858  -0.000874
1329.021539  -0.000372
1329.022220  -0.000930
1329.022902  -0.000605
1329.023583  -0.003691
1329.024264  -0.000490
1329.024945   0.000197
1329.025626  -0.000479
1329.026307  -0.001152
1329.026988   0.000370
1329.027670   0.001542
1329.028351   0.000803
1329.029032  -0.001139
1329.029713  -0.001780
1329.030394  -0.001026
1329.031076  -0.000128
1329.031757  -0.000687
1329.032438  -0.001063
1329.033119  -0.001061
1329.033800  -0.003341
1329.034481  -0.000632
1329.035162  -0.001020
1329.035844  -0.000469
1329.036525   0.000022
1329.037206   0.000667
1329.037887  -0.002294
1329.038568  -0.002034
1329.039249  -0.001150
1329.039931   0.000653
1329.040612  -0.001110
1329.041293   0.000922
1329.041974  -0.000645
1329.042655  -0.000678
1329.043336  -0.002845
1329.044017   0.000327
1329.044699  -0.000338
1329.045380  -0.001489
1329.046061   0.000435
1329.046742  -0.001694
1329.047423  -0.001910
1329.048104  -0.003560
1329.048785   0.000186
1329.049467  -0.001642
1329.050148  -0.002201
1329.050829  -0.002291
1329.051510  -0.000762
1329.052191  -0.000315
1329.052872   0.000161
1329.053554  -0.000065
1329.054235   0.001738
1329.054916  -0.001653
1329.055597  -0.001775
1329.056278  -0.000306
1329.056959  -0.001991
1329.057640   0.001189
1329.058322  -0.000458
1329.059003  -0.001257
1329.059684  -0.001281
1329.060365  -0.000277
1329.061046  -0.001815
1329.061727   0.000495
1329.062408  -0.001185
1329.063090  -0.001757
1329.063771  -0.000024
1329.064452   0.001447
1329.065133   0.000229
1329.065814   0.000204
1329.066495  -0.000740
1329.067177  -0.001427
1329.067858  -0.001297
1329.068539  -0.002770
1329.069220  -0.000339
1329.069901  -0.001191
1329.070582   0.001331
1329.071263  -0.000617
1329.071945   0.000833
1329.072626  -0.001386
1329.073307  -0.000639
1329.073988   0.000064
1329.074669   0.000620
1329.075350  -0.000573
1329.076032   0.000727
1329.076713  -0.001282
1329.077394  -0.002803
1329.078075  -0.002180
1329.078756  -0.001379
1329.079437   0.000454
1329.080119  -0.000155
1329.080800  -0.001808
1329.081481   0.000440
1329.082162   0.000155
1329.082843  -0.002059
1329.083524  -0.002030
1329.084205  -0.001798
1329.084887  -0.001799
1329.085568  -0.000224
1329.086249  -0.000582
1329.086930   0.000702
1329.087611  -0.000362
1329.088292   0.000993
1329.088973  -0.000599
1329.089655  -0.000681
1329.090336  -0.001754
1329.091017  -0.000066
1329.091698  -0.001219
1329.092379   0.000646
1329.093060   0.001736
1329.093742  -0.000199
1329.094423  -0.001668
1329.095104  -0.000268
1329.095785  -0.000519
1329.096466  -0.000654
1329.097147  -0.002671
1329.097829  -0.002696
1329.098510  -0.000540
1329.099191  -0.001259
1329.099872  -0.000192
1329.100553   0.001093
1329.101234  -0.000953
1329.101915   0.000452
1329.102597  -0.001585
1329.103278   0.000041
1329.103959   0.000170
1329.104640  -0.000064
1329.105321  -0.001772
1329.106002  -0.001109
1329.106683  -0.002441
1329.107365  -0.000472
1329.108046  -0.000730
1329.108727   0.000294
1329.109408  -0.001299
1329.110089  -0.001327
1329.110770  -0.001252
1329.111451   0.000966
1329.112133  -0.000917
1329.112814  -0.001446
1329.113495  -0.000132
1329.114176  -0.002134
1329.114857  -0.000466
1329.115539  -0.001408
1329.116220  -0.001267
1329.116901  -0.000046
1329.117582  -0.002036
1329.118263  -0.000172
1329.118944  -0.001266
1329.119625  -0.001793
1329.120307  -0.002041
1329.120988   0.001461
1329.121669  -0.002365
1329.122350  -0.000078
1329.123031   0.000287
1329.123712   0.000735
1329.124394  -0.000202
1329.125075  -0.001473
1329.125756  -0.002086
1329.126437   0.000243
1329.127118   0.000122
1329.127799  -0.000600
1329.128480   0.002812
1329.129162  -0.001199
1329.129843  -0.000402
1329.130524   0.000251
1329.131205  -0.000039
1329.131886  -0.000456
1329.132567  -0.000919
1329.133248  -0.001372
1329.133930   0.000590
1329.134611  -0.002329
1329.135292   0.000442
1329.135973   0.000349
1329.136654  -0.001862
1329.137335   0.001721
1329.138016  -0.001388
1329.138698   0.000800
1329.139379   0.000153
1329.140060  -0.001322
1329.140741   0.000182
1329.141422   0.002477
1329.142103  -0.000183
1329.142785  -0.002659
1329.143466  -0.000145
1329.144147   0.000102
1329.144828  -0.001302
1329.145509   0.000457
1329.146190  -0.000217
1329.146872  -0.001383
1329.147553  -0.000154
1329.148234  -0.000820
1329.148915  -0.000585
1329.149596  -0.000571
1329.150277   0.000406
1329.150958  -0.001115
1329.151640   0.001295
1329.152321  -0.002117
1329.153002  -0.002153
1329.153683  -0.001050
1329.154364   0.000030
1329.155045  -0.000019
1329.155726  -0.000151
1329.156408  -0.002840
1329.157089  -0.001186
1329.157770  -0.000404
1329.158451  -0.001887
1329.159132   0.001064
1329.159813  -0.000261
1329.160495  -0.000916
1329.161176  -0.000127
1329.161857   0.001234
1329.162538   0.002309
1329.163219  -0.001150
1329.163900  -0.001115
1329.164582  -0.000989
1329.165263  -0.000369
1329.165944  -0.000450
1329.166625  -0.000783
1329.167306  -0.000717
1329.167987  -0.000429
1329.168668   0.000872
1329.169350  -0.000090
1329.170031  -0.001041
1329.170712  -0.001402
1329.171393   0.001297
1329.172074  -0.001055
1329.172755  -0.000645
1329.173436  -0.001761
1329.174118  -0.000977
1329.174799  -0.000291
1329.175480  -0.000689
1329.176161  -0.001045
1329.176842  -0.000305
1329.177523  -0.001348
1329.178205  -0.002047
1329.178886  -0.002354
1329.179567  -0.000684
1329.180248   0.000765
1329.180929   0.000863
1329.181610  -0.000235
1329.182292  -0.001151
1329.182973  -0.000537
1329.183654  -0.006751
1329.184335   0.001564
1329.185016   0.000009
1329.185697   0.003283
1329.186378  -0.000750
1329.187060  -0.001632
1329.187741   0.000115
1329.188422  -0.000672
1329.189103  -0.000677
1329.189784  -0.000490
1329.190465   0.001722
1329.191146  -0.001239
1329.191828  -0.002041
1329.192509  -0.000260
1329.193190   0.000991
1329.193871   0.000167
1329.194552   0.001383
1329.195233   0.000004
1329.195914  -0.000804
1329.196596   0.000898
1329.197277   0.001575
1329.197958  -0.000425
1329.198639  -0.000024
1329.199320  -0.000251
1329.200001  -0.000224
1329.200683  -0.000919
1329.201364  -0.002028
1329.202045  -0.001933
1329.202726  -0.002355
1329.203407  -0.001254
1329.204088  -0.000967
1329.204770  -0.001187
1329.205451  -0.000321
1329.206132  -0.001241
1329.206813  -0.000744
1329.207494  -0.000011
1329.208175  -0.000876
1329.208857  -0.000288
1329.209538   0.000381
1329.210219   0.002029
1329.210900  -0.002446
1329.211581  -0.001220
1329.212262  -0.001385
1329.212943  -0.002146
1329.213625  -0.000251
1329.214306  -0.002974
1329.214987  -0.002031
1329.215668  -0.000102
1329.216349  -0.002223
1329.217030   0.001093
1329.217711  -0.000986
1329.218393  -0.002554
1329.219074   0.000712
1329.219755   0.000175
1329.220436  -0.004387
1329.221117  -0.003370
1329.221798  -0.000748
1329.222479  -0.000941
1329.223161  -0.001946
1329.223842   0.000977
1329.224523   0.000423
1329.225204  -0.000655
1329.225885  -0.001179
1329.226566  -0.001500
1329.227248   0.001729
1329.227929  -0.000015
1329.228610  -0.000939
1329.229291  -0.001700
1329.229972   0.001519
1329.230653  -0.001909
1329.231335   0.001348
1329.232016   0.000002
1329.232697  -0.001438
1329.233378  -0.000703
1329.234059  -0.001181
1329.234740  -0.001126
1329.235421  -0.000766
1329.236103  -0.000385
1329.236784  -0.000410
1329.237465   0.000068
1329.238146  -0.001095
1329.238827  -0.002082
1329.239508  -0.001337
1329.240190  -0.000934
1329.240871  -0.001597
1329.241552   0.000228
1329.242233  -0.002654
1329.242914  -0.000440
1329.243595  -0.001248
1329.244276   0.002032
1329.244958  -0.001132
1329.245639  -0.001636
1329.246320  -0.000794
1329.247001  -0.001552
1329.247682   0.000346
1329.248363  -0.003347
1329.249045  -0.001775
1329.249726  -0.000711
1329.250407  -0.000592
1329.251088  -0.002549
1329.251769   0.000776
1329.252450   0.000168
1329.253131  -0.003184
1329.253813  -0.000742
1329.254494  -0.003527
1329.255175  -0.000734
1329.255856  -0.002968
1329.256537  -0.000137
1329.257218  -0.000957
1329.257900  -0.001722
1329.258581  -0.003108
1329.259262   0.000347
1329.259943  -0.000170
1329.260624  -0.001345
1329.261305   0.002489
1329.261986  -0.000507
1329.262668  -0.001067
1329.263349   0.000834
1329.264030  -0.001374
1329.264711  -0.002013
1329.265392  -0.001100
1329.266073  -0.000929
1329.266754  -0.001074
1329.267436   0.000100
1329.268117  -0.004210
1329.268798  -0.001285
1329.269479   0.002147
1329.270160  -0.000861
1329.270841  -0.001668
1329.271523  -0.000450
1329.272204   0.000768
1329.272885  -0.002995
1329.273566  -0.000108
1329.274247  -0.000542
1329.274928  -0.001669
1329.275609  -0.001140
1329.276291  -0.000658
1329.276972  -0.000292
1329.277653  -0.002226
1329.278334  -0.001424
1329.279015  -0.002708
1329.279696  -0.000922
1329.280377  -0.001482
1329.281059  -0.003498
1329.281740  -0.001837
1329.282421  -0.000029
1329.283102  -0.001070
1329.283783  -0.000623
1329.284464  -0.001489
1329.285146  -0.001259
1329.285827   0.000195
1329.286508   0.000040
1329.287189  -0.000261
1329.287870  -0.001327
1329.288551   0.000293
1329.289233  -0.001482
1329.289914  -0.000935
1329.290595  -0.000644
1329.291276  -0.001653
1329.291957  -0.000762
1329.292638  -0.001417
1329.293320   0.000827
1329.294001   0.000080
1329.294682  -0.000886
1329.295363   0.000734
1329.296044   0.000069
1329.296725  -0.000180
1329.297406  -0.000007
1329.298088   0.000823
1329.298769  -0.000893
1329.299450  -0.000501
1329.300131   0.001354
1329.300812  -0.000566
1329.301493   0.000158
1329.302174   0.001232
1329.302856  -0.001550
1329.303537  -0.002612
1329.304218  -0.000476
1329.304899  -0.000709
1329.305580  -0.002271
1329.306261  -0.002089
1329.306942   0.001759
1329.307624  -0.001273
1329.308305  -0.002446
1329.308986  -0.000408
1329.309667   0.000082
1329.310348   0.001093
1329.311029  -0.001923
1329.311711  -0.000674
1329.312392  -0.000912
1329.313073   0.000864
1329.313754  -0.000031
1329.314435  -0.001342
1329.315116  -0.000497
1329.315798   0.000503
1329.316479  -0.001506
1329.317160  -0.000665
1329.317841   0.000579
1329.318522  -0.000474
1329.319203  -0.001683
1329.319884  -0.001929
1329.320566  -0.001893
1329.321247  -0.000738
1329.321928  -0.001230
1329.322609  -0.000113
1329.323290  -0.002153
1329.323971   0.001328
1329.324653   0.000080
1329.325334  -0.001800
1329.326015  -0.001589
1329.326696  -0.001042
1329.327377  -0.001088
1329.328058  -0.001401
1329.328739  -0.001452
1329.329421   0.000122
1329.330102  -0.001676
1329.330783  -0.000720
1329.331464  -0.001984
1329.332145  -0.001423
1329.332826  -0.001381
1329.333508  -0.000131
1329.334189  -0.000775
1329.334870   0.000899
1329.335551  -0.002343
1329.336232  -0.000238
1329.336913  -0.001330
1329.337594   0.000145
1329.338276  -0.001598
1329.338957   0.002161
1329.339638   0.000199
1329.340319  -0.001028
1329.341000  -0.000623
1329.341681  -0.001919
1329.342363  -0.002660
1329.343044  -0.001269
1329.343725  -0.000375
1329.344406   0.002343
1329.345087  -0.000702
1329.345768  -0.000568
1329.346449  -0.002168
1329.347131  -0.001222
1329.347812  -0.001320
1329.348493   0.000287
1329.349174  -0.001183
1329.349855  -0.000558
1329.350536  -0.000819
1329.351217   0.001583
1329.351899  -0.000843
1329.352580   0.001153
1329.353261  -0.000515
1329.353942  -0.001080
1329.354623  -0.001460
1329.355304   0.002063
1329.355986  -0.000735
1329.356667   0.000142
1329.357348   0.000164
1329.358029   0.000546
1329.358710  -0.001013
1329.359391  -0.001289
1329.360072  -0.001478
1329.360754   0.000842
1329.361435  -0.001193
1329.362116  -0.001316
1329.362797   0.000230
1329.363478   0.000460
1329.364159  -0.003364
1329.364840  -0.000657
1329.365522   0.000331
1329.366203  -0.001726
1329.366884   0.000533
1329.367565  -0.000241
1329.368246   0.000549
1329.368927   0.001956
1329.369609  -0.000378
1329.370290   0.000252
1329.370971  -0.001685
1329.371652   0.000588
1329.372333  -0.001645
1329.373014  -0.001731
1329.373696  -0.001044
1329.374377  -0.003512
1329.375058  -0.001968
1329.375739   0.000521
1329.376420   0.000910
1329.377101   0.000034
1329.377783   0.000584
1329.378464  -0.001256
1329.379145   0.000946
1329.379826   0.000546
1329.380507  -0.002197
1329.381188   0.000699
1329.381869  -0.001278
1329.382551   0.000371
1329.383232  -0.001622
1329.383913  -0.001347
1329.384594  -0.002855
1329.385275  -0.002114
1329.385956  -0.000915
1329.386637   0.000217
1329.387319  -0.000256
1329.388000  -0.001325
1329.388681  -0.002835
1329.389362  -0.000962
1329.390043  -0.003209
1329.390724   0.001245
1329.391405  -0.001087
1329.392087  -0.001231
1329.392768  -0.000386
1329.393449  -0.000855
1329.394130  -0.000464
1329.394811  -0.000189
1329.395492   0.000013
1329.396174  -0.001081
1329.396855  -0.000452
1329.397536  -0.001003
1329.398217  -0.001844
1329.398898  -0.002239
1329.399579  -0.001911
1329.400261  -0.000482
1329.400942   0.000381
1329.401623  -0.001212
1329.402304   0.000105
1329.402985  -0.001146
1329.403666  -0.000235
1329.404347  -0.000997
1329.405029   0.001397
1329.405710   0.000048
1329.406391   0.001008
1329.407072  -0.000542
1329.407753  -0.000286
1329.408434   0.001655
1329.409116  -0.001995
1329.409797  -0.000502
1329.410478   0.000007
1329.411159  -0.001034
1329.411840  -0.000139
1329.412521   0.002417
1329.413202  -0.000473
1329.413884   0.001299
1329.414565   0.001132
1329.415246   0.000563
1329.415927  -0.001716
1329.416608  -0.002023
1329.417289  -0.001424
1329.417970   0.000971
1329.418652   0.000635
1329.419333  -0.002394
1329.420014  -0.000888
1329.420695   0.000555
1329.421376  -0.001148
1329.422057   0.000998
1329.422739  -0.002684
1329.423420  -0.001440
1329.424101  -0.000556
1329.424782  -0.002171
1329.425463  -0.001743
1329.426144  -0.000577
1329.426826  -0.000178
1329.427507  -0.000763
1329.428188   0.001532
1329.428869   0.001147
1329.429550  -0.001002
1329.430231  -0.001126
1329.430912  -0.002003
1329.431594  -0.000781
1329.432275  -0.000742
1329.432956  -0.000335
1329.433637  -0.001261
1329.434318   0.000967
1329.434999  -0.001240
1329.435680   0.000113
1329.436362  -0.000108
1329.437043  -0.000623
1329.437724  -0.000094
1329.438405   0.000906
1329.439086  -0.002337
1329.439767   0.000253
1329.440448   0.000186
1329.441130   0.000377
1329.441811  -0.000564
1329.442492  -0.000656
1329.443173   0.000312
1329.443854  -0.000563
1329.444535  -0.001677
1329.445217  -0.000626
1329.445898  -0.000489
1329.446579  -0.001864
1329.447260  -0.000174
1329.447941  -0.001227
1329.448622   0.000937
1329.449304  -0.002649
1329.449985  -0.001657
1329.450666  -0.001391
1329.451347  -0.001745
1329.452028   0.001469
1329.452709  -0.000845
1329.453390  -0.002031
1329.454072  -0.000294
1329.454753  -0.001436
1329.455434  -0.001651
1329.456115  -0.001861
1329.456796  -0.000288
1329.457477  -0.001655
1329.458159  -0.001046
1329.458840  -0.000234
1329.459521  -0.000907
1329.460202  -0.001382
1329.460883  -0.002161
1329.461564  -0.000132
1329.462246   0.000007
1329.462927   0.001054
1329.463608   0.000195
1329.464289   0.000605
1329.464970  -0.001567
1329.465651  -0.000832
1329.466332  -0.001880
1329.467014   0.000051
1329.467695   0.000130
1329.468376  -0.002446
1329.469057  -0.000816
1329.469738   0.001037
1329.470419  -0.000854
1329.471100  -0.001578
1329.471782  -0.000527
1329.472463  -0.000027
1329.473144  -0.001154
1329.473825  -0.000701
1329.474506   0.001590
1329.475187  -0.002237
1329.475868  -0.000498
1329.476550  -0.000601
1329.477231   0.000978
1329.477912  -0.000176
1329.478593  -0.000011
1329.479274   0.000464
1329.479955  -0.001163
1329.480637   0.001492
1329.481318  -0.001118
1329.481999   0.000445
1329.482680   0.000421
1329.483361  -0.001200
1329.484042   0.000372
1329.484724   0.000558
1329.485405  -0.002209
1329.486086  -0.000761
1329.486767  -0.000656
1329.487448  -0.001139
1329.488129  -0.000008
1329.488810   0.000494
1329.489492   0.001726
1329.490173  -0.001014
1329.490854  -0.001890
1329.491535  -0.001991
1329.492216  -0.002275
1329.492897   0.000218
1329.493579   0.000008
1329.494260  -0.000759
1329.494941  -0.002275
1329.495622  -0.000298
1329.496303  -0.002141
1329.496984  -0.000955
1329.497665   0.000864
1329.498347  -0.001310
1329.499028  -0.001135
1329.499709  -0.000921
1329.500390  -0.000635
1329.501071   0.000330
1329.501752  -0.002537
1329.502433  -0.000280
1329.503115  -0.002487
1329.503796  -0.000420
1329.504477  -0.001490
1329.505158  -0.002187
1329.505839   0.001161
1329.506520  -0.000255
1329.507202  -0.001253
1329.507883  -0.001064
1329.508564  -0.001281
1329.509245   0.001137
1329.509926   0.000127
1329.510607  -0.001023
1329.511289   0.000528
1329.511970  -0.001803
1329.512651   0.001112
1329.513332  -0.000963
1329.514013  -0.000938
1329.514694  -0.002226
1329.515375  -0.001600
1329.516057  -0.000677
1329.516738  -0.000623
1329.517419  -0.001145
1329.518100   0.000125
1329.518781   0.000151
1329.519462  -0.000627
1329.520143  -0.002005
1329.520825  -0.000961
1329.521506   0.001508
1329.522187   0.000257
1329.522868  -0.001252
1329.523549  -0.002459
1329.524230  -0.000132
1329.524912  -0.001964
1329.525593  -0.000430
1329.526274  -0.000840
1329.526955  -0.000614
1329.527636  -0.000384
1329.528317  -0.002633
1329.528998  -0.001833
1329.529680  -0.000884
1329.530361   0.000379
1329.531042  -0.001199
1329.531723  -0.002722
1329.532404  -0.000328
1329.533085  -0.001065
1329.533767  -0.000027
1329.534448  -0.001595
1329.535129   0.001387
1329.535810  -0.000148
1329.536491   0.000303
1329.537172  -0.001656
1329.537853  -0.001118
1329.538535  -0.000807
1329.539216   0.001325
1329.539897  -0.000952
1329.540578  -0.000969
1329.541259  -0.000607
1329.541940  -0.000936
1329.542622  -0.000229
1329.543303  -0.001007
1329.543984   0.001692
1329.544665  -0.001955
1329.545346  -0.000303
1329.546027  -0.002392
1329.546708  -0.000023
1329.547390  -0.001343
1329.548071  -0.000375
1329.548752  -0.000507
1329.549433   0.001223
1329.550114  -0.000526
1329.550795   0.002617
1329.551477  -0.003343
1329.552158  -0.000855
1329.552839  -0.000833
1329.553520  -0.001037
1329.554201   0.000052
1329.554882   0.000027
1329.555563  -0.001573
1329.556245  -0.002674
1329.556926   0.001676
1329.557607  -0.001509
1329.558288  -0.001790
1329.558969  -0.001173
1329.559650  -0.001970
1329.560331  -0.001399
1329.561013  -0.000114
1329.561694  -0.000329
1329.562375  -0.000311
1329.563056  -0.000734
1329.563737  -0.000649
1329.564418   0.000784
1329.565100   0.001126
1329.565781   0.000289
1329.566462   0.000469
1329.567143   0.001682
1329.567824   0.000868
1329.568505   0.000689
1329.569186   0.004368
1329.569868   0.002794
1329.570549   0.004381
1329.571230   0.004087
1329.571911   0.005202
1329.572592   0.004696
1329.573274   0.007125
1329.573955   0.006995
1329.574636   0.007021
1329.575317   0.007826
1329.575998   0.006438
1329.576679   0.005606
1329.577360   0.006526
1329.578042   0.007679
1329.578723   0.007155
1329.579404   0.007301
1329.580085   0.009094
1329.580766   0.007533
1329.581447   0.006166
1329.582128   0.007508
1329.582810   0.008122
1329.583491   0.006764
1329.584172   0.007097
1329.584853   0.007894
1329.585534   0.008342
1329.586215   0.008448
1329.586896   0.008271
1329.587578   0.009949
1329.588259   0.008580
1329.588940   0.009199
1329.589621   0.008357
1329.590302   0.010702
1329.590983   0.006971
1329.591665   0.009462
1329.592346   0.007125
1329.593027   0.011363
1329.593708   0.008375
1329.594389   0.010603
1329.595070   0.010643
1329.595752   0.007690
1329.596433   0.009180
1329.597114   0.007851
1329.597795   0.009312
1329.598476   0.008951
1329.599157   0.011234
1329.599838   0.008521
1329.600520   0.010927
1329.601201   0.011100
1329.601882   0.009629
1329.602563   0.009964
1329.603244   0.009520
1329.603925   0.010007
1329.604606   0.009200
1329.605288   0.008665
1329.605969   0.010767
1329.606650   0.009043
1329.607331   0.010176
1329.608012   0.010085
1329.608693   0.010889
1329.609375   0.010928
1329.610056   0.011257
1329.610737   0.009660
1329.611418   0.010573
1329.612099   0.008591
1329.612780   0.010584
1329.613461   0.013437
1329.614143   0.010744
1329.614824   0.010757
1329.615505   0.009940
1329.616186   0.011066
1329.616867   0.011380
1329.617548   0.009474
1329.618230   0.010210
1329.618911   0.011748
1329.619592   0.011824
1329.620273   0.011189
1329.620954   0.009423
1329.621635   0.010505
1329.622316   0.010082
1329.622998   0.010996
1329.623679   0.009790
1329.624360   0.009704
1329.625041   0.009751
1329.625722   0.012061
1329.626403   0.009936
1329.627085   0.011763
1329.627766   0.010306
1329.628447   0.008714
1329.629128   0.010708
1329.629809   0.012214
1329.630490   0.010747
1329.631171   0.010594
1329.631853   0.008845
1329.632534   0.011471
1329.633215   0.011361
1329.633896   0.011916
1329.634577   0.011791
1329.635258   0.010731
1329.635939   0.010548
1329.636621   0.011922
1329.637302   0.010750
1329.637983   0.010455
1329.638664   0.009926
1329.639345   0.010225
1329.640026   0.010970
1329.640708   0.011765
1329.641389   0.011067
1329.642070   0.011341
1329.642751   0.010806
1329.643432   0.009262
1329.644113   0.011738
1329.644794   0.010425
1329.645476   0.013902
1329.646157   0.014715
1329.646838   0.012519
1329.647519   0.010841
1329.648200   0.013310
1329.648881   0.010645
1329.649563   0.012974
1329.650244   0.011915
1329.650925   0.012999
1329.651606   0.011611
1329.652287   0.011191
1329.652968   0.011166
1329.653649   0.011857
1329.654331   0.010317
1329.655012   0.010412
1329.655693   0.011425
1329.656374   0.010502
1329.657055   0.012158
1329.657737   0.010054
1329.658417   0.011600
1329.659099   0.009022
1329.659780   0.010200
1329.660461   0.010515
1329.661142   0.010203
1329.661823   0.011462
1329.662505   0.010166
1329.663186   0.010884
1329.663867   0.008296
1329.664548   0.010624
1329.665229   0.011446
1329.665910   0.011456
1329.666591   0.010978
1329.667273   0.008764
1329.667954   0.012104
1329.668635   0.011114
1329.669316   0.008761
1329.669997   0.011683
1329.670678   0.008728
1329.671359   0.010291
1329.672041   0.011517
1329.672722   0.009964
1329.673403   0.011769
1329.674084   0.009730
1329.674765   0.010262
1329.675446   0.009369
1329.676128   0.009057
1329.676809   0.008070
1329.677490   0.008285
1329.678171   0.009722
1329.678852   0.008692
1329.679533   0.012156
1329.680215   0.008481
1329.680896   0.010232
1329.681577   0.011502
1329.682258   0.010568
1329.682939   0.009865
1329.683620   0.010730
1329.684301   0.008943
1329.684983   0.010756
1329.685664   0.009452
1329.686345   0.009751
1329.687026   0.010999
1329.687707   0.010408
1329.688388   0.010511
1329.689069   0.011227
1329.689751   0.008357
1329.690432   0.009162
1329.691113   0.008144
1329.691794   0.007685
1329.692475   0.009377
1329.693156   0.009005
1329.693838   0.007044
1329.694519   0.008304
1329.695200   0.007265
1329.695881   0.008143
1329.696562   0.007589
1329.697243   0.010045
1329.697924   0.010817
1329.698606   0.009589
1329.699287   0.006245
1329.699968   0.008820
1329.700649   0.007684
1329.701330   0.008216
1329.702011   0.008855
1329.702693   0.009087
1329.703374   0.009113
1329.704055   0.008231
1329.704736   0.006573
1329.705417   0.008659
1329.706098   0.007046
1329.706779   0.007819
1329.707461   0.006400
1329.708142   0.007083
1329.708823   0.006662
1329.709504   0.005480
1329.710185   0.006983
1329.710866   0.007543
1329.711548   0.005876
1329.712229   0.003466
1329.712910   0.006001
1329.713591   0.003180
1329.714272   0.004546
1329.714953   0.004130
1329.715634   0.004475
1329.716316   0.002153
1329.716997   0.000856
1329.717678   0.002708
1329.718359   0.002100
1329.719040   0.000489
1329.719721   0.001367
1329.720402   0.001285
1329.721084   0.001216
1329.721765  -0.001856
1329.722446   0.000914
1329.723127  -0.000496
1329.723808   0.002383
1329.724489  -0.000527
1329.725171  -0.001806
1329.725852  -0.000969
1329.726533  -0.001433
1329.727214  -0.002833
1329.727895  -0.001091
1329.728576  -0.001963
1329.729257  -0.000106
1329.729939  -0.000634
1329.730620  -0.001034
1329.731301  -0.002069
1329.731982  -0.000157
1329.732663   0.000026
1329.733344   0.000739
1329.734026  -0.001110
1329.734707  -0.001933
1329.735388   0.000564
1329.736069  -0.000260
1329.736750  -0.000575
1329.737431  -0.003443
1329.738112   0.000479
1329.738794  -0.000942
1329.739475   0.001203
1329.740156  -0.000591
1329.740837   0.000932
1329.741518  -0.001902
1329.742199  -0.001531
1329.742881  -0.000861
1329.743562   0.001139
1329.744243  -0.000343
1329.744924  -0.002780
1329.745605  -0.000860
1329.746286  -0.002272
1329.746968   0.001344
1329.747649  -0.000704
1329.748330   0.000598
1329.749011  -0.006925
1329.749692  -0.001913
1329.750373  -0.000525
1329.751054   0.001691
1329.751736  -0.000322
1329.752417  -0.002112
1329.753098   0.000476
1329.753779  -0.000097
1329.754460  -0.001370
1329.755141   0.002529
1329.755822  -0.002096
1329.756504  -0.001055
1329.757185  -0.000802
1329.757866  -0.001639
1329.758547  -0.000776
1329.759228  -0.000640
1329.759909   0.000503
1329.760591   0.000311
1329.761272  -0.000740
1329.761953  -0.002140
1329.762634  -0.000457
1329.763315  -0.000055
1329.763996  -0.001816
1329.764677  -0.000004
1329.765359   0.000137
1329.766040  -0.000438
1329.766721  -0.001367
1329.767402  -0.001297
1329.768083  -0.001869
1329.768764  -0.001322
1329.769446  -0.001777
1329.770127   0.000521
1329.770808   0.000276
1329.771489  -0.002151
1329.772170  -0.001021
1329.772851   0.000038
1329.773532   0.000488
1329.774214  -0.002200
1329.774895  -0.000823
1329.775576  -0.000367
1329.776257  -0.000785
1329.776938   0.000326
1329.777619  -0.002190
1329.778301  -0.002601
1329.778982  -0.001929
1329.779663  -0.001960
1329.780344  -0.001042
1329.781025   0.000873
1329.781706  -0.000666
1329.782387   0.000405
1329.783069  -0.000562
1329.783750   0.000133
1329.784431  -0.000362
1329.785112  -0.002256
1329.785793   0.000347
1329.786474  -0.000456
1329.787156  -0.000784
1329.787837  -0.000994
1329.788518  -0.001699
1329.789199  -0.000977
1329.789880   0.000523
1329.790561  -0.001064
1329.791242  -0.000905
1329.791924  -0.000604
1329.792605  -0.000196
1329.793286  -0.002975
1329.793967  -0.000197
1329.794648  -0.000954
1329.795329  -0.000990
1329.796011  -0.000348
1329.796692  -0.001788
1329.797373   0.001091
1329.798054  -0.000465
1329.798735   0.000894
1329.799416  -0.001735
1329.800097   0.000322
1329.800779  -0.000577
1329.801460  -0.002540
1329.802141  -0.000345
1329.802822  -0.001407
1329.803503  -0.001412
1329.804184  -0.002089
1329.804865  -0.000515
1329.805547  -0.001469
1329.806228  -0.000485
1329.806909   0.000445
1329.807590  -0.000345
1329.808271   0.000726
1329.808952  -0.000689
1329.809633  -0.000392
1329.810315  -0.002095
1329.810996   0.000533
1329.811677  -0.000300
1329.812358   0.001091
1329.813039  -0.000868
1329.813720  -0.001184
1329.814402  -0.001935
1329.815083   0.000598
1329.815764  -0.000554
1329.816445  -0.001778
1329.817126  -0.000180
1329.817807  -0.000484
1329.818489  -0.001048
1329.819170  -0.001566
1329.819851  -0.002761
1329.820532  -0.001618
1329.821213  -0.000736
1329.821894  -0.000492
1329.822575  -0.000923
1329.823257  -0.001208
1329.823938  -0.000465
1329.824619   0.000160
1329.825300   0.000182
1329.825981  -0.002020
1329.826662  -0.001624
1329.827344  -0.000925
1329.828025   0.000372
1329.828706  -0.000989
1329.829387   0.000781
1329.830068  -0.000312
1329.830749   0.000665
1329.831431   0.002037
1329.832112   0.000238
1329.832793  -0.001398
1329.833474  -0.001910
1329.834155  -0.001634
1329.834836  -0.000566
1329.835517  -0.000540
1329.836199  -0.000411
1329.836880  -0.002363
1329.837561  -0.003129
1329.838242  -0.000660
1329.838923  -0.002367
1329.839604  -0.001147
1329.840285  -0.000435
1329.840967  -0.001668
1329.841648  -0.000800
1329.842329  -0.001328
1329.843010  -0.000513
1329.843691   0.000625
1329.844372  -0.001358
1329.845054  -0.001724
1329.845735  -0.000531
1329.846416  -0.000607
1329.847097  -0.000807
1329.847778  -0.001944
1329.848459   0.000084
1329.849140   0.000113
1329.849822  -0.000091
1329.850503   0.000634
1329.851184  -0.000213
1329.851865   0.000479
1329.852546  -0.000592
1329.853227  -0.001394
1329.853909   0.000198
1329.854590   0.001586
1329.855271   0.001705
1329.855952  -0.001916
1329.856633   0.001598
1329.857314  -0.001319
1329.857995  -0.001046
1329.858677   0.000389
1329.859358   0.000555
1329.860039  -0.000692
1329.860720  -0.000181
1329.861401  -0.000872
1329.862082  -0.001330
1329.862764  -0.000925
1329.863445  -0.001103
1329.864126   0.000080
1329.864807   0.000365
1329.865488  -0.000392
1329.866169   0.001119
1329.866850  -0.001239
1329.867532  -0.000305
1329.868213   0.000745
1329.868894   0.000257
1329.869575  -0.000513
1329.870256  -0.000788
1329.870937   0.001971
1329.871619   0.000918
1329.872300  -0.001990
1329.872981   0.000059
1329.873662  -0.000954
1329.874343  -0.000521
1329.875024  -0.000556
1329.875705  -0.001127
1329.876387  -0.001764
1329.877068  -0.000849
1329.877749  -0.002356
1329.878430  -0.001233
1329.879111   0.000222
1329.879792  -0.003159
1329.880474   0.000514
1329.881155  -0.000876
1329.881836  -0.001445
1329.882517  -0.001468
1329.883198  -0.003060
1329.883879  -0.000594
1329.884560  -0.000439
1329.885242   0.000397
1329.885923  -0.002686
1329.886604  -0.000008
1329.887285   0.000744
1329.887966  -0.000014
1329.888647  -0.000858
1329.889328  -0.000225
1329.890010   0.000379
1329.890691   0.000918
1329.891372  -0.000843
1329.892053  -0.000617
1329.892734  -0.000015
1329.893415  -0.000446
1329.894096  -0.002142
1329.894778  -0.001086
1329.895459  -0.001017
1329.896140  -0.001172
1329.896821   0.000952
1329.897502  -0.001197
1329.898183  -0.000847
1329.898865  -0.000738
1329.899546  -0.001794
1329.900227   0.000647
1329.900908  -0.000704
1329.901589  -0.001879
1329.902270  -0.000048
1329.902952  -0.001653
1329.903633  -0.002363
1329.904314  -0.001902
1329.904995  -0.000723
1329.905676   0.000733
1329.906357  -0.000110
1329.907038  -0.001419
1329.907720  -0.000630
1329.908401  -0.000459
1329.909082   0.000029
1329.909763  -0.000721
1329.910444  -0.000869
1329.911125   0.000122
1329.911806  -0.001575
1329.912488  -0.002031
1329.913169  -0.000475
1329.913850  -0.001591
1329.914531  -0.000428
1329.915212  -0.001442
1329.915893  -0.000421
1329.916575  -0.000768
1329.917256  -0.001221
1329.917937  -0.001424
1329.918618   0.000223
1329.919299  -0.000725
1329.919980  -0.001838
1329.920662  -0.001948
1329.921343  -0.002496
1329.922024  -0.000949
1329.922705   0.002345
1329.923386   0.000101
1329.924067   0.001067
1329.924748  -0.001884
1329.925430   0.001426
1329.926111  -0.001006
1329.926792  -0.000216
1329.927473  -0.000900
1329.928154  -0.001771
1329.928835   0.000226
1329.929517  -0.000996
1329.930198   0.001620
1329.930879  -0.003251
1329.931560   0.001654
1329.932241   0.001094
1329.932922  -0.000052
1329.933603  -0.000822
1329.934285   0.000235
1329.934966  -0.000251
1329.935647  -0.001523
1329.936328  -0.001632
1329.937009  -0.000073
1329.937690  -0.001477
1329.938371   0.000105
1329.939053  -0.002813
1329.939734  -0.001771
1329.940415   0.000426
1329.941096  -0.000833
1329.941777  -0.002289
1329.942458  -0.001363
1329.943140  -0.001119
1329.943821  -0.000083
1329.944502  -0.001585
1329.945183  -0.000571
1329.945864  -0.003994
1329.946545   0.000823
1329.947227  -0.002386
1329.947908  -0.002358
1329.948589  -0.000408
1329.949270  -0.000595
1329.949951  -0.000392
1329.950632   0.001245
1329.951313  -0.002350
1329.951995  -0.001345
1329.952676  -0.001607
1329.953357  -0.000970
1329.954038  -0.000872
1329.954719  -0.000028
1329.955400  -0.000848
1329.956081   0.000758
1329.956763  -0.001249
1329.957444   0.000159
1329.958125   0.000036
1329.958806  -0.000170
1329.959487  -0.000754
1329.960168  -0.000478
1329.960850   0.001357
1329.961531  -0.002583
1329.962212  -0.002659
1329.962893  -0.001726
1329.963574  -0.000265
1329.964255   0.000481
1329.964937  -0.000325
1329.965618  -0.001131
1329.966299  -0.001811
1329.966980   0.000414
1329.967661   0.000954
1329.968342  -0.001621
1329.969023  -0.000741
1329.969705  -0.001256
1329.970386   0.000221
1329.971067  -0.001304
1329.971748  -0.001851
1329.972429  -0.001888
1329.973110  -0.001504
1329.973791  -0.001728
1329.974473  -0.000506
1329.975154  -0.003251
1329.975835  -0.001760
1329.976516  -0.000950
1329.977197  -0.002910
1329.977878  -0.000046
1329.978559  -0.000315
1329.979241   0.000712
1329.979922  -0.002165
1329.980603  -0.000590
1329.981284  -0.000149
1329.981965  -0.001946
1329.982646  -0.001274
1329.983328  -0.001982
1329.984009  -0.000563
1329.984690  -0.000080
1329.985371  -0.002199
1329.986052  -0.000746
1329.986733  -0.000465
1329.987415  -0.000495
1329.988096  -0.000900
1329.988777  -0.001417
1329.989458   0.000716
1329.990139  -0.000660
1329.990820  -0.000298
1329.991501   0.000053
1329.992183  -0.001347
1329.992864  -0.000233
1329.993545  -0.001999
1329.994226   0.001188
1329.994907  -0.000443
1329.995588  -0.000857
1329.996269  -0.000777
1329.996951  -0.001046
1329.997632  -0.000435
1329.998313  -0.000126
1329.998994  -0.000578
1329.999675   0.000696
1330.000356  -0.001490
1330.001038  -0.001478
1330.001719  -0.001288
1330.002400  -0.000241
1330.003081  -0.000322
1330.003762  -0.000365
1330.004443  -0.000823
1330.005124  -0.001300
1330.005806  -0.000165
1330.006487  -0.000755
1330.007168  -0.001313
1330.007849   0.000504
1330.008530  -0.000426
1330.009211  -0.000189
1330.009893   0.000344
1330.010574   0.000304
1330.011255  -0.000794
1330.011936   0.000821
1330.012617   0.000308
1330.013298   0.001322
1330.013980  -0.002693
1330.014661   0.000134
1330.015342  -0.000836
1330.016023  -0.000710
1330.016704  -0.002240
1330.017385  -0.001399
1330.018066  -0.000408
1330.018748   0.001179
1330.019429   0.000438
1330.020110   0.000559
1330.020791  -0.002295
1330.021472  -0.001391
1330.022153  -0.000153
1330.022834   0.000628
1330.023516  -0.001211
1330.024197  -0.001118
1330.024878   0.000278
1330.025559  -0.000413
1330.026240  -0.001515
1330.026921   0.002258
1330.027602  -0.001126
1330.028284   0.000412
1330.028965   0.000710
1330.029646   0.000172
1330.030327  -0.001103
1330.031008   0.000114
1330.031690  -0.001083
1330.032371  -0.000554
1330.033052   0.000195
1330.033733   0.000436
1330.034414  -0.001776
1330.035095  -0.001644
1330.035776  -0.000848
1330.036458   0.001499
1330.037139  -0.000582
1330.037820  -0.001693
1330.038501  -0.000836
1330.039182  -0.000697
1330.039863  -0.001082
1330.040544  -0.001835
1330.041226  -0.002457
1330.041907   0.000168
1330.042588  -0.000159
1330.043269   0.000117
1330.043950  -0.002059
1330.044631   0.000235
1330.045313  -0.001323
1330.045994  -0.000937
1330.046675  -0.001322
1330.047356   0.000201
1330.048037  -0.002350
1330.048718  -0.000071
1330.049400  -0.000861
1330.050081   0.000131
1330.050762  -0.001540
1330.051443  -0.000675
1330.052124   0.000137
1330.052805   0.000624
1330.053486   0.000076
1330.054168  -0.002329
1330.054849   0.000221
1330.055530  -0.001446
1330.056211  -0.002809
1330.056892   0.000448
1330.057573  -0.002268
1330.058254  -0.001346
1330.058936  -0.000755
1330.059617  -0.001583
1330.060298   0.001654
1330.060979  -0.003407
1330.061660  -0.000366
1330.062341  -0.000360
1330.063022   0.000393
1330.063704  -0.001695
1330.064385  -0.005378
1330.065066  -0.001174
1330.065747  -0.000780
1330.066428  -0.000658
1330.067109   0.000635
1330.067791   0.001377
1330.068472  -0.001110
1330.069153  -0.001720
1330.069834   0.000162
1330.070515  -0.000474
1330.071196  -0.000344
1330.071878  -0.000361
1330.072559  -0.000547
1330.073240  -0.001462
1330.073921   0.000241
1330.074602  -0.000698
1330.075283   0.000868
1330.075964  -0.000545
1330.076646  -0.000183
1330.077327  -0.000238
1330.078008  -0.002374
1330.078689  -0.000015
1330.079370  -0.000982
1330.080051  -0.002239
1330.080733  -0.000148
1330.081414  -0.000099
1330.082095  -0.000971
1330.082776   0.000972
1330.083457   0.000653
1330.084138  -0.000495
1330.084819  -0.002148
1330.085501  -0.001568
1330.086182  -0.001044
1330.086863  -0.000698
1330.087544  -0.000878
1330.088225  -0.001904
1330.088906  -0.000558
1330.089587  -0.001468
1330.090269  -0.000432
1330.090950  -0.002614
1330.091631  -0.001411
1330.092312  -0.001434
1330.092993  -0.001239
1330.093674   0.000759
1330.094356  -0.001450
1330.095037  -0.001071
1330.095718  -0.002875
1330.096399   0.000629
1330.097080  -0.000568
1330.097761  -0.000205
1330.098442  -0.000003
1330.099124  -0.000927
1330.099805   0.001769
1330.100486  -0.000239
1330.101167  -0.001036
1330.101848  -0.003178
1330.102529  -0.002294
1330.103211  -0.000508
1330.103892   0.000417
1330.104573  -0.002099
1330.105254  -0.001405
1330.105935   0.000161
1330.106616   0.000016
1330.107297   0.000719
1330.107979  -0.000056
1330.108660  -0.001095
1330.109341  -0.001236
1330.110022  -0.001502
1330.110703  -0.000372
1330.111384   0.000446
1330.112065  -0.001871
1330.112747  -0.002109
1330.113428  -0.003289
1330.114109   0.000104
1330.114790  -0.000758
1330.115471  -0.001900
1330.116153   0.000454
1330.116834  -0.001456
1330.117515  -0.001877
1330.118196  -0.000343
1330.118877  -0.002471
1330.119558  -0.001433
1330.120239  -0.001149
1330.120921  -0.003045
1330.121602  -0.001349
1330.122283  -0.001111
1330.122964  -0.000903
1330.123645  -0.000195
1330.124326   0.001158
1330.125007  -0.001052
1330.125689   0.000407
1330.126370  -0.000283
1330.127051  -0.000354
1330.127732  -0.000566
1330.128413   0.000207
1330.129094  -0.002207
1330.129776   0.000379
1330.130457  -0.003632
1330.131138   0.000769
1330.131819   0.000394
1330.132500  -0.000416
1330.133181   0.000694
1330.133862   0.000312
1330.134544   0.000746
1330.135225  -0.000306
1330.135906  -0.001317
1330.136587  -0.001053
1330.137268   0.000561
1330.137949   0.001471
1330.138631   0.000092
1330.139312  -0.000796
1330.139993  -0.000502
1330.140674  -0.000091
1330.141355  -0.000849
1330.142036  -0.000765
1330.142717   0.000467
1330.143399  -0.001075
1330.144080  -0.001222
1330.144761  -0.001968
1330.145442  -0.001165
1330.146123  -0.000158
1330.146804   0.000702
1330.147485  -0.002273
1330.148167  -0.000653
1330.148848  -0.002002
1330.149529  -0.000502
1330.150210  -0.001861
1330.150891  -0.002024
1330.151572  -0.002412
1330.152254  -0.000616
1330.152935  -0.000499
1330.153616  -0.000399
1330.154297   0.000062
1330.154978  -0.000489
1330.155659   0.001445
1330.156341  -0.001180
1330.157022  -0.000984
1330.157703  -0.000552
1330.158384   0.000521
1330.159065  -0.001274
1330.159746  -0.000041
1330.160427  -0.000290
1330.161109   0.000221
1330.161790  -0.000557
1330.162471   0.000578
1330.163152  -0.000086
1330.163833   0.001216
1330.164514  -0.000236
1330.165196  -0.001502
1330.165877  -0.000272
1330.166558  -0.000337
1330.167239  -0.001253
1330.167920  -0.000778
1330.168601  -0.001083
1330.169282   0.001357
1330.169964  -0.000137
1330.170645  -0.000488
1330.171326  -0.000726
1330.172007   0.000614
1330.172688   0.000905
1330.173369  -0.000556
1330.174050   0.000259
1330.174732   0.000492
1330.175413  -0.001702
1330.176094  -0.002015
1330.176775   0.000884
1330.177456   0.000537
1330.178137  -0.000542
1330.178818   0.000399
1330.179500   0.000018
1330.180181  -0.001385
1330.180862   0.000107
1330.181543  -0.001518
1330.182224  -0.001217
1330.182905  -0.001477
1330.183587  -0.001679
1330.184268   0.001737
1330.184949  -0.000232
1330.185630  -0.000840
1330.186311  -0.002109
1330.186992  -0.000483
1330.187674   0.000060
1330.188355  -0.000786
1330.189036  -0.000208
1330.189717  -0.001741
1330.190398  -0.000486
1330.191079  -0.004489
1330.191760  -0.001052
1330.192442  -0.000942
1330.193123   0.000195
1330.193804  -0.001353
1330.194485  -0.001059
1330.195166  -0.000264
1330.195847  -0.000825
1330.196528  -0.000501
1330.197210  -0.001496
1330.197891  -0.003092
1330.198572  -0.001066
1330.199253  -0.001989
1330.199934  -0.000985
1330.200616  -0.001789
1330.201297  -0.000885
1330.201978   0.000212
1330.202659  -0.000792
1330.203340  -0.001065
1330.204021   0.001138
1330.204702  -0.000457
1330.205384   0.000793
1330.206065   0.000318
1330.206746  -0.000739
1330.207427   0.001164
1330.208108  -0.002584
1330.208789   0.000760
1330.209470  -0.000168
1330.210152   0.000198
1330.210833  -0.001706
1330.211514   0.000226
1330.212195  -0.002489
1330.212876   0.000601
1330.213557  -0.000580
1330.214239  -0.000749
1330.214920  -0.000671
1330.215601  -0.002521
1330.216282   0.000042
1330.216963   0.000599
1330.217644  -0.000098
1330.218325   0.000137
1330.219007  -0.002000
1330.219688  -0.000080
1330.220369   0.000005
1330.221050  -0.001407
1330.221731  -0.001149
1330.222412   0.000861
1330.223094  -0.001740
1330.223775  -0.003254
1330.224456  -0.002033
1330.225137  -0.002652
1330.225818  -0.002207
1330.226499  -0.001058
1330.227180  -0.001261
1330.227862   0.000534
1330.228543  -0.000495
1330.229224  -0.000953
1330.229905   0.000164
1330.230586  -0.002722
1330.231267   0.001264
1330.231948  -0.001858
1330.232630  -0.002351
1330.233311  -0.001101
1330.233992  -0.001381
1330.234673   0.000359
1330.235354  -0.001818
1330.236035   0.000379
1330.236717  -0.002509
1330.237398   0.000875
1330.238079  -0.002252
1330.238760   0.000649
1330.239441  -0.001875
1330.240122  -0.001638
1330.240803  -0.000779
1330.241485  -0.001270
1330.242166  -0.000519
1330.242847  -0.001448
1330.243528  -0.000074
1330.244209  -0.002542
1330.244890  -0.002456
1330.245572  -0.001262
1330.246253  -0.000883
1330.246934  -0.000323
1330.247615  -0.001693
1330.248296  -0.001407
1330.248977  -0.002015
1330.249659  -0.002786
1330.250340  -0.001273
1330.251021  -0.000272
1330.251702  -0.003361
1330.252383   0.000825
1330.253064   0.000113
1330.253745   0.000152
1330.254427  -0.001110
1330.255108   0.001069
1330.255789  -0.001322
1330.256470  -0.002062
1330.257151   0.000636
1330.257832  -0.002110
1330.258513   0.001516
1330.259195   0.000559
1330.259876  -0.000438
1330.260557  -0.002043
1330.261238  -0.000389
1330.261919  -0.003166
1330.262600  -0.001551
1330.263281  -0.001287
1330.263963  -0.000875
1330.264644   0.000254
1330.265325  -0.001720
1330.266006  -0.001286
1330.266687  -0.001450
1330.267368   0.000426
1330.268050   0.000225
1330.268731  -0.000012
1330.269412   0.000069
1330.270093  -0.000800
1330.270774  -0.003023
1330.271455  -0.000100
1330.272137   0.000227
1330.272818  -0.000536
1330.273499  -0.001261
1330.274180  -0.001200
1330.274861   0.000933
1330.275542  -0.000079
1330.276223   0.000093
1330.276905  -0.000896
1330.277586  -0.000078
1330.278267  -0.002564
1330.278948  -0.001987
1330.279629  -0.000223
1330.280310  -0.001239
1330.280991  -0.001572
1330.281673  -0.001910
1330.282354  -0.000035
1330.283035   0.001236
1330.283716  -0.000389
1330.284397  -0.002106
1330.285078  -0.001572
1330.285760  -0.000392
1330.286441  -0.002368
1330.287122  -0.001623
1330.287803  -0.000434
1330.288484  -0.001395
1330.289165  -0.002130
1330.289847  -0.001855
1330.290528  -0.001212
1330.291209  -0.000479
1330.291890  -0.000725
1330.292571  -0.002510
1330.293252  -0.000998
1330.293933   0.002166
1330.294615  -0.003228
1330.295296  -0.001496
1330.295977  -0.000160
1330.296658  -0.001809
1330.297339   0.000231
1330.298020  -0.001568
1330.298701   0.001233
1330.299383  -0.000381
1330.300064  -0.000109
1330.300745   0.001228
1330.301426  -0.001008
1330.302107  -0.000290
1330.302788   0.000040
1330.303470   0.001374
1330.304151  -0.001101
1330.304832   0.000643
1330.305513   0.000917
1330.306194  -0.000333
1330.306875   0.000150
1330.307556  -0.000052
1330.308238  -0.001046
1330.308919  -0.000662
1330.309600  -0.001725
1330.310281  -0.000902
1330.310962  -0.000186
1330.311643   0.000083
1330.312325  -0.001022
1330.313006  -0.000824
1330.313687  -0.001141
1330.314368  -0.000457
1330.315049   0.003284
1330.315730  -0.000761
1330.316411  -0.001277
1330.317093  -0.000825
1330.317774  -0.000289
1330.318455  -0.001466
1330.319136  -0.000230
1330.319817  -0.000629
1330.320498  -0.001268
1330.321180  -0.000489
1330.321861  -0.000685
1330.322542  -0.004324
1330.323223  -0.001303
1330.323904  -0.001201
1330.324585   0.000880
1330.325266  -0.000646
1330.325948   0.000335
1330.326629  -0.001883
1330.327310  -0.001182
1330.327991   0.000706
1330.328672  -0.000940
1330.329353  -0.001221
1330.330035  -0.001371
1330.330716  -0.000678
1330.331397  -0.001088
1330.332078  -0.000814
1330.332759  -0.001321
1330.333440  -0.000939
1330.334122  -0.001775
1330.334803  -0.001629
1330.335484  -0.000508
1330.336165  -0.000160
1330.336846   0.001113
1330.337527  -0.001383
1330.338208  -0.001919
1330.338890  -0.000002
1330.339571  -0.002034
1330.340252   0.000956
1330.340933  -0.001047
1330.341614  -0.001292
1330.342295   0.000722
1330.342976  -0.000486
1330.343658  -0.001003
1330.344339  -0.001464
1330.345020  -0.000123
1330.345701  -0.000594
1330.346382  -0.001325
1330.347063  -0.002819
1330.347744  -0.001610
1330.348426   0.000223
1330.349107  -0.001156
1330.349788  -0.000082
1330.350469   0.000993
1330.351150   0.000153
1330.351831  -0.000858
1330.352513  -0.000534
1330.353194  -0.000307
1330.353875  -0.001823
1330.354556  -0.001214
1330.355237  -0.002340
1330.355918  -0.001868
1330.356600  -0.000782
1330.357281  -0.002436
1330.357962  -0.002651
1330.358643  -0.000983
1330.359324  -0.000774
1330.360005  -0.000133
1330.360686   0.001761
1330.361368  -0.002271
1330.362049  -0.001654
1330.362730  -0.001088
1330.363411   0.005319
1330.364092  -0.000902
1330.364773  -0.001828
1330.365455  -0.000623
1330.366136  -0.002258
1330.366817  -0.000605
1330.367498  -0.000926
1330.368179  -0.001045
1330.368860  -0.000904
1330.369541  -0.000823
1330.370223   0.000817
1330.370904   0.000372
1330.371585   0.000300
1330.372266  -0.001651
1330.372947  -0.000525
1330.373628  -0.000963
1330.374309   0.000801
1330.374991  -0.000377
1330.375672  -0.000678
1330.376353   0.001716
1330.377034  -0.000654
1330.377715   0.000446
1330.378396  -0.000509
1330.379078   0.000916
1330.379759  -0.001293
1330.380440  -0.000381
1330.381121  -0.000239
1330.381802   0.001045
1330.382483  -0.000357
1330.383164  -0.000894
1330.383846  -0.000979
1330.384527   0.002047
1330.385208   0.000171
1330.385889   0.000196
1330.386570  -0.002263
1330.387251  -0.000998
1330.387933  -0.001686
1330.388614  -0.001432
1330.389295   0.000103
1330.389976   0.002205
1330.390657  -0.000125
1330.391338  -0.000992
1330.392019   0.000259
1330.392701   0.000523
1330.393382  -0.003184
1330.394063  -0.000386
1330.394744  -0.000519
1330.395425   0.000652
1330.396106   0.000013
1330.396787  -0.000597
1330.397469  -0.000880
1330.398150  -0.000548
1330.398831  -0.001041
1330.399512  -0.002469
1330.400193  -0.000738
1330.400874   0.000972
1330.401556  -0.000064
1330.402237   0.000320
1330.402918   0.000230
1330.403599  -0.000192
1330.404280  -0.000629
1330.404961  -0.000672
1330.405643  -0.000752
1330.406324  -0.000493
1330.407005  -0.000328
1330.407686   0.001785
1330.408367  -0.000551
1330.409048   0.000326
1330.409729   0.000033
1330.410411   0.000186
1330.411092  -0.000573
1330.411773   0.001978
1330.412454  -0.001229
1330.413135   0.000200
1330.413816  -0.000360
1330.414498  -0.001591
1330.415179  -0.001436
1330.415860  -0.001980
1330.416541  -0.002778
1330.417222  -0.000990
1330.417903   0.001228
1330.418585  -0.000450
1330.419266  -0.000528
1330.419947   0.000019
1330.420628  -0.000254
1330.421309   0.000070
1330.421990  -0.000631
1330.422671   0.000273
1330.423353  -0.000662
1330.424034  -0.000372
1330.424715  -0.000239
1330.425396  -0.000574
1330.426077  -0.002047
1330.426758  -0.002721
1330.427439  -0.001257
1330.428121  -0.001965
1330.428802  -0.002213
1330.429483  -0.002139
1330.430164  -0.001479
1330.430845  -0.000827
1330.431526  -0.002063
1330.432207  -0.001735
1330.432889  -0.001119
1330.433570  -0.002799
1330.434251  -0.000132
1330.434932   0.002302
1330.435613  -0.002302
1330.436294  -0.001146
1330.436976  -0.002264
1330.437657   0.000851
1330.438338   0.001540
1330.439019  -0.000749
1330.439700   0.000711
1330.440381   0.000196
1330.441063   0.000436
1330.441744  -0.000833
1330.442425  -0.000471
1330.443106  -0.003741
1330.443787  -0.001278
1330.444468  -0.000838
1330.445149  -0.000138
1330.445831  -0.001060
1330.446512   0.000075
1330.447193  -0.002058
1330.447874  -0.000597
1330.448555  -0.000329
1330.449236  -0.001332
1330.449918  -0.001316
1330.450599  -0.000878
1330.451280  -0.001646
1330.451961  -0.002063
1330.452642  -0.000631
1330.453323   0.000281
1330.454004  -0.002293
1330.454686  -0.000177
1330.455367  -0.000331
1330.456048   0.000480
1330.456729  -0.003064
1330.457410  -0.001722
1330.458091  -0.000410
1330.458772  -0.000691
1330.459454  -0.000244
1330.460135   0.000248
1330.460816  -0.002081
1330.461497  -0.001716
1330.462178  -0.000305
1330.462859  -0.000811
1330.463541  -0.000364
1330.464222   0.000069
1330.464903   0.002102
1330.465584  -0.003223
1330.466265  -0.001032
1330.466946  -0.000691
1330.467627  -0.000458
1330.468309  -0.002936
1330.468990   0.000674
1330.469671  -0.001963
1330.470352  -0.001423
1330.471033  -0.001293
1330.471714  -0.000607
1330.472396   0.001408
1330.473077  -0.002425
1330.473758  -0.000013
1330.474439  -0.002252
1330.475120   0.000820
1330.475801   0.000645
1330.476482  -0.002800
1330.477164   0.000074
1330.477845  -0.001019
1330.478526   0.000300
1330.479207  -0.002314
1330.479888  -0.000719
1330.480569  -0.002327
1330.481250   0.001167
1330.481932   0.000496
1330.482613   0.001377
1330.483294  -0.002160
1330.483975   0.001955
1330.484656  -0.000777
1330.485337   0.000037
1330.486019  -0.002010
1330.486700   0.001554
1330.487381  -0.001279
1330.488062  -0.001663
1330.488743   0.001408
1330.489424  -0.000280
1330.490106  -0.002005
1330.490787   0.001156
1330.491468   0.000857
1330.492149  -0.002206
1330.492830   0.000407
1330.493511  -0.001502
1330.494192  -0.000280
1330.494874  -0.002863
1330.495555  -0.000909
1330.496236  -0.000300
1330.496917   0.001323
1330.497598  -0.000688
1330.498279   0.000726
1330.498960  -0.000424
1330.499642  -0.001781
1330.500323  -0.002310
1330.501004   0.001028
1330.501685  -0.000876
1330.502366   0.000877
1330.503047  -0.000413
1330.503729  -0.000293
1330.504410  -0.001545
1330.505091  -0.000790
1330.505772  -0.000219
1330.506453  -0.000881
1330.507134   0.000989
1330.507816  -0.001455
1330.508497   0.000482
1330.509178  -0.002524
1330.509859   0.000806
1330.510540  -0.000002
1330.511221  -0.000518
1330.511902   0.000136
1330.512584  -0.000193
1330.513265  -0.000315
1330.513946  -0.001050
1330.514627  -0.002652
1330.515308  -0.000293
1330.515989  -0.000651
1330.516670  -0.002191
1330.517352  -0.000835
1330.518033   0.001174
1330.518714   0.000893
1330.519395  -0.002124
1330.520076  -0.002319
1330.520757   0.000059
1330.521439  -0.002161
1330.522120   0.000106
1330.522801  -0.001481
1330.523482  -0.000907
1330.524163   0.000869
1330.524844  -0.001750
1330.525525  -0.002005
1330.526207  -0.002467
1330.526888  -0.001835
1330.527569  -0.000123
1330.528250  -0.001643
1330.528931   0.000036
1330.529612  -0.000748
1330.530294  -0.000532
1330.530975  -0.000828
1330.531656  -0.001361
1330.532337  -0.000991
1330.533018  -0.001749
1330.533699  -0.001749
1330.534381  -0.002465
1330.535062  -0.000001
1330.535743  -0.000390
1330.536424  -0.001040
1330.537105  -0.002399
1330.537786  -0.002694
1330.538467  -0.001487
1330.539149  -0.001495
1330.539830  -0.000658
1330.540511  -0.000910
1330.541192  -0.002831
1330.541873  -0.001739
1330.542554  -0.001584
1330.543235  -0.001746
1330.543917   0.000600
1330.544598   0.000539
1330.545279   0.000820
1330.545960   0.000675
1330.546641  -0.001274
1330.547322  -0.001080
1330.548003  -0.001562
1330.548685   0.000959
1330.549366  -0.001999
1330.550047  -0.000530
1330.550728   0.001273
1330.551409  -0.001690
1330.552090  -0.001462
1330.552772   0.000147
1330.553453  -0.002300
1330.554134  -0.001650
1330.554815   0.000180
1330.555496  -0.000278
1330.556177  -0.001040
1330.556858  -0.002356
1330.557540  -0.001833
1330.558221  -0.000880
1330.558902  -0.001477
1330.559583  -0.000565
1330.560264  -0.000442
1330.560945  -0.002346
1330.561627  -0.001521
1330.562308   0.001674
1330.562989  -0.002325
1330.563670  -0.000427
1330.564351  -0.000779
1330.565032  -0.000356
1330.565714  -0.002320
1330.566395   0.000498
1330.567076   0.000022
1330.567757   0.000770
1330.568438  -0.001138
1330.569119  -0.001733
1330.569800  -0.000016
1330.570482   0.002182
1330.571163  -0.002112
1330.571844  -0.000871
1330.572525  -0.001241
1330.573206  -0.001467
1330.573887  -0.000117
1330.574569  -0.000786
1330.575250  -0.001015
1330.575931  -0.001031
1330.576612  -0.000510
1330.577293  -0.001180
1330.577974  -0.001851
1330.578655   0.000723
1330.579337   0.000064
1330.580018  -0.001740
1330.580699   0.000146
1330.581380  -0.001283
1330.582061   0.000879
1330.582742  -0.001136
1330.583423   0.000386
1330.584105   0.000582
1330.584786  -0.000330
1330.585467   0.000296
1330.586148  -0.000680
1330.586829   0.001121
1330.587510   0.002007
1330.588192  -0.000811
1330.588873  -0.000470
1330.589554  -0.001850
1330.590235   0.000980
1330.590916  -0.000809
1330.591597  -0.000399
1330.592279  -0.001497
1330.592960   0.000518
1330.593641  -0.000697
1330.594322  -0.003098
1330.595003  -0.001876
1330.595684   0.000677
1330.596365  -0.000896
1330.597047  -0.002251
1330.597728  -0.002038
1330.598409  -0.000849
1330.599090   0.000172
1330.599771  -0.000237
1330.600452  -0.002066
1330.601133  -0.000494
1330.601815  -0.001812
1330.602496  -0.000833
1330.603177   0.001216
1330.603858   0.000733
1330.604539  -0.000382
1330.605220   0.000851
1330.605901   0.000050
1330.606583  -0.001628
1330.607264  -0.001117
1330.607945  -0.000641
1330.608626  -0.001628
1330.609307  -0.001807
1330.609988   0.001358
1330.610670  -0.001114
1330.611351  -0.001291
1330.612032  -0.001374
1330.612713   0.000489
1330.613394  -0.001430
1330.614075  -0.000617
1330.614757  -0.000893
1330.615438  -0.001709
1330.616119   0.000230
1330.616800  -0.000834
1330.617481   0.000015
1330.618162  -0.001550
1330.618843   0.001464
1330.619525  -0.001760
1330.620206  -0.000700
1330.620887  -0.000084
1330.621568  -0.002045
1330.622249  -0.000581
1330.622930  -0.000554
1330.623612  -0.000324
1330.624293   0.000782
1330.624974  -0.002304
1330.625655  -0.002093
1330.626336   0.000429
1330.627017  -0.000806
1330.627698  -0.000995
1330.628380   0.000710
1330.629061  -0.000606
1330.629742  -0.000693
1330.630423  -0.001778
1330.631104  -0.002044
1330.631785  -0.001649
1330.632466  -0.000806
1330.633148  -0.000370
1330.633829  -0.001778
1330.634510  -0.000906
1330.635191  -0.000876
1330.635872  -0.001515
1330.636553  -0.000453
1330.637234  -0.001068
1330.637916  -0.000521
1330.638597  -0.001302
1330.639278  -0.002336
1330.639959  -0.001684
1330.640640  -0.000982
1330.641322  -0.001064
1330.642003  -0.000659
1330.642684  -0.000793
1330.643365   0.000469
1330.644046   0.002212
1330.644727   0.000610
1330.645408  -0.000945
1330.646090  -0.000897
1330.646771   0.000419
1330.647452   0.000238
1330.648133  -0.002429
1330.648814  -0.000751
1330.649495   0.000104
1330.650177  -0.001486
1330.650858   0.000638
1330.651539  -0.001146
1330.652220  -0.000263
1330.652901   0.001095
1330.653582  -0.000970
1330.654263   0.002818
1330.654945  -0.000530
1330.655626  -0.000398
1330.656307  -0.000922
1330.656988  -0.000723
1330.657669   0.000821
1330.658350  -0.002207
1330.659032  -0.000334
1330.659713  -0.000399
1330.660394  -0.001493
1330.661075  -0.001198
1330.661756  -0.001351
1330.662437   0.001606
1330.663118  -0.002501
1330.663800  -0.000235
1330.664481   0.000208
1330.665162  -0.000442
1330.665843  -0.000220
1330.666524  -0.002159
1330.667205  -0.002634
1330.667886  -0.001257
1330.668568   0.000063
1330.669249  -0.000692
1330.669930  -0.000895
1330.670611  -0.000895
1330.671292  -0.002525
1330.671973  -0.000041
1330.672654   0.000036
1330.673336  -0.001367
1330.674017   0.000059
1330.674698   0.001261
1330.675379  -0.001698
1330.676060   0.000252
1330.676741  -0.001494
1330.677423  -0.000187
1330.678104  -0.002318
1330.678785  -0.000006
1330.679466  -0.001619
1330.680147  -0.002372
1330.680828   0.000069
1330.681510   0.001578
1330.682191  -0.001040
1330.682872   0.001145
1330.683553  -0.000410
1330.684234  -0.001764
1330.684915   0.000542
1330.685596  -0.000290
1330.686278  -0.000318
1330.686959  -0.000531
1330.687640   0.000353
1330.688321  -0.000239
1330.689002  -0.002269
1330.689683  -0.000666
1330.690365  -0.001159
1330.691046   0.000760
1330.691727  -0.000295
1330.692408   0.000844
1330.693089  -0.002817
1330.693770  -0.000994
1330.694451   0.001067
1330.695133  -0.001146
1330.695814   0.001127
1330.696495  -0.000527
1330.697176   0.000764
1330.697857  -0.001017
1330.698538  -0.001349
1330.699219  -0.001136
1330.699901  -0.001265
1330.700582  -0.001601
1330.701263  -0.000680
1330.701944  -0.001839
1330.702625  -0.001815
1330.703306  -0.001134
1330.703988  -0.000583
1330.704669  -0.000328
1330.705350  -0.001135
1330.706031  -0.001802
1330.706712  -0.001934
1330.707393   0.001223
1330.708075   0.000083
1330.708756  -0.000166
1330.709437  -0.001032
1330.710118  -0.001493
1330.710799  -0.000722
1330.711480  -0.001827
1330.712161  -0.001334
1330.712843   0.000376
1330.713524  -0.001558
1330.714205  -0.002512
1330.714886   0.000368
1330.715567  -0.001286
1330.716248   0.001104
1330.716929  -0.001704
1330.717611  -0.000399
1330.718292   0.000664
1330.718973  -0.000772
1330.719654  -0.000927
1330.720335   0.000304
1330.721016  -0.000734
1330.721697  -0.003352
1330.722379  -0.001127
