1380.388179  -0.000228
1380.388860  -0.001224
1380.389542  -0.001486
1380.390223  -0.002417
1380.390904   0.000110
1380.391585   0.000738
1380.392266  -0.001184
1380.392947  -0.001768
1380.393629  -0.001671
1380.394310   0.000507
1380.394991  -0.000461
1380.395672   0.000047
1380.396353   0.000891
1380.397034   0.000665
1380.397715   0.000418
1380.398396   0.000681
1380.399078  -0.000714
1380.399759  -0.002309
1380.400440  -0.000343
1380.401121  -0.000734
1380.401802  -0.000977
1380.402483  -0.000299
1380.403164  -0.000170
1380.403846  -0.001006
1380.404527  -0.001865
1380.405208  -0.000737
1380.405889  -0.001947
1380.406570  -0.001258
1380.407251   0.000115
1380.407932  -0.001066
1380.408614   0.002417
1380.409295  -0.001306
1380.409976  -0.000821
1380.410657  -0.001941
1380.411338   0.000542
1380.412019  -0.001284
1380.412700  -0.000734
1380.413381  -0.000606
1380.414063   0.000857
1380.414744  -0.003476
1380.415425  -0.005156
1380.416106   0.000873
1380.416787  -0.001321
1380.417468  -0.000632
1380.418149  -0.002090
1380.418831  -0.001573
1380.419512  -0.000162
1380.420193  -0.000951
1380.420874   0.000179
1380.421555  -0.000238
1380.422236  -0.002833
1380.422917   0.001634
1380.423599  -0.000729
1380.424280  -0.001195
1380.424961  -0.001576
1380.425642  -0.003039
1380.426323   0.000403
1380.427004  -0.000924
1380.427685  -0.000561
1380.428366  -0.000005
1380.429048   0.002485
1380.429729  -0.002301
1380.430410  -0.001112
1380.431091   0.000430
1380.431772  -0.000087
1380.432453  -0.002170
1380.433134  -0.003534
1380.433816  -0.002016
1380.434497  -0.000897
1380.435178  -0.001466
1380.435859  -0.001245
1380.436540  -0.001399
1380.437221   0.000410
1380.437902  -0.003088
1380.438584  -0.001395
1380.439265   0.001421
1380.439946  -0.001178
1380.440627  -0.001107
1380.441308  -0.000377
1380.441989  -0.000392
1380.442670  -0.001247
1380.443351   0.000326
1380.444033  -0.001071
1380.444714  -0.000199
1380.445395  -0.000047
1380.446076  -0.000114
1380.446757  -0.002033
1380.447438   0.000358
1380.448120  -0.001882
1380.448801  -0.002145
1380.449482  -0.002255
1380.450163   0.000335
1380.450844  -0.000885
1380.451525  -0.000971
1380.452206   0.000098
1380.452887  -0.001024
1380.453569  -0.001993
1380.454250  -0.000974
1380.454931  -0.001341
1380.455612  -0.003039
1380.456293  -0.002866
1380.456974   0.000063
1380.457655   0.000149
1380.458337   0.000525
1380.459018  -0.000269
1380.459699   0.000819
1380.460380  -0.001620
1380.461061  -0.000033
1380.461742   0.000487
1380.462423   0.000075
1380.463104  -0.000425
1380.463786  -0.001535
1380.464467  -0.001518
1380.465148  -0.001552
1380.465829  -0.001877
1380.466510  -0.002127
1380.467191   0.000202
1380.467872  -0.000825
1380.468554  -0.000430
1380.469235  -0.002146
1380.469916  -0.001975
1380.470597  -0.000858
1380.471278  -0.001486
1380.471959  -0.003143
1380.472640  -0.000917
1380.473321  -0.000183
1380.474003  -0.001668
1380.474684  -0.000280
1380.475365  -0.002083
1380.476046  -0.000386
1380.476727   0.000062
1380.477408  -0.001727
1380.478089  -0.001278
1380.478771   0.000550
1380.479452   0.000982
1380.480133  -0.001718
1380.480814   0.000065
1380.481495  -0.000393
1380.482176  -0.001917
1380.482857   0.000378
1380.483539   0.001407
1380.484220  -0.001835
1380.484901  -0.000156
1380.485582  -0.000952
1380.486263  -0.001405
1380.486944  -0.000479
1380.487626  -0.000438
1380.488307  -0.000714
1380.488988  -0.001592
1380.489669  -0.000611
1380.490350  -0.001631
1380.491031   0.002938
1380.491712  -0.001087
1380.492393  -0.002266
1380.493075  -0.001765
1380.493756  -0.001499
1380.494437  -0.000521
1380.495118  -0.002654
1380.495799  -0.000405
1380.496480  -0.000707
1380.497161  -0.000697
1380.497842  -0.000477
1380.498524  -0.000749
1380.499205   0.000461
1380.499886   0.000719
1380.500567   0.000111
1380.501248   0.000696
1380.501929   0.000162
1380.502610  -0.003141
1380.503292   0.000644
1380.503973   0.000795
1380.504654  -0.000527
1380.505335  -0.001231
1380.506016  -0.001336
1380.506697   0.000638
1380.507378  -0.000891
1380.508060  -0.001202
1380.508741  -0.001118
1380.509422  -0.000708
1380.510103  -0.000543
1380.510784  -0.001230
1380.511465  -0.000596
1380.512146  -0.001456
1380.512827  -0.000637
1380.513509  -0.000598
1380.514190  -0.001506
1380.514871   0.001507
1380.515552  -0.000482
1380.516233   0.001285
1380.516914   0.001418
1380.517595   0.000281
1380.518277   0.000251
1380.518958  -0.000309
1380.519639   0.000492
1380.520320  -0.001006
1380.521001  -0.001144
1380.521682  -0.002120
1380.522363  -0.002001
1380.523044  -0.000356
1380.523726  -0.000659
1380.524407  -0.002393
1380.525088  -0.000149
1380.525769  -0.000278
1380.526450  -0.001128
1380.527131  -0.001000
1380.527813  -0.001090
1380.528494  -0.001336
1380.529175  -0.001567
1380.529856   0.001168
1380.530537   0.000330
1380.531218  -0.001750
1380.531899   0.000640
1380.532581  -0.000637
1380.533262  -0.000468
1380.533943   0.000914
1380.534624  -0.000729
1380.535305  -0.000498
1380.535986   0.000286
1380.536667  -0.001094
1380.537348  -0.001445
1380.538030  -0.002509
1380.538711  -0.000202
1380.539392  -0.001259
1380.540073  -0.001525
1380.540754  -0.000888
1380.541435  -0.000152
1380.542116  -0.000440
1380.542798  -0.001051
1380.543479   0.000890
1380.544160  -0.000914
1380.544841  -0.001602
1380.545522  -0.000025
1380.546203  -0.000740
1380.546884  -0.000589
1380.547566   0.001503
1380.548247  -0.001364
1380.548928  -0.000961
1380.549609   0.000067
1380.550290  -0.001781
1380.550971   0.000507
1380.551652   0.000216
1380.552333  -0.000822
1380.553015  -0.001163
1380.553696  -0.001384
1380.554377  -0.002548
1380.555058  -0.001242
1380.555739  -0.000721
1380.556420   0.001729
1380.557101  -0.003270
1380.557782   0.000606
1380.558464   0.000461
1380.559145  -0.001316
1380.559826  -0.000003
1380.560507  -0.000014
1380.561188  -0.002983
1380.561869  -0.000575
1380.562550  -0.001730
1380.563232   0.000965
1380.563913  -0.000631
1380.564594  -0.000817
1380.565275  -0.003638
1380.565956  -0.002563
1380.566637  -0.000742
1380.567319  -0.000001
1380.568000  -0.001729
1380.568681  -0.001822
1380.569362   0.000928
1380.570043  -0.000746
1380.570724   0.001609
1380.571405  -0.000732
1380.572087   0.000052
1380.572768  -0.002979
1380.573449   0.001638
1380.574130  -0.002476
1380.574811  -0.001482
1380.575492  -0.000620
1380.576173   0.000266
1380.576854  -0.001166
1380.577536  -0.001620
1380.578217  -0.000560
1380.578898  -0.002146
1380.579579  -0.000870
1380.580260  -0.001573
1380.580941   0.000285
1380.581622  -0.000022
1380.582303  -0.000141
1380.582985   0.000058
1380.583666  -0.001307
1380.584347  -0.000779
1380.585028   0.001137
1380.585709  -0.000814
1380.586390  -0.001777
1380.587071  -0.002297
1380.587753   0.000657
1380.588434  -0.000575
1380.589115  -0.000628
1380.589796  -0.000174
1380.590477  -0.002273
1380.591158  -0.003323
1380.591839   0.001649
1380.592521  -0.001268
1380.593202   0.000752
1380.593883  -0.002150
1380.594564  -0.000596
1380.595245  -0.001038
1380.595926   0.000458
1380.596607  -0.001863
1380.597288  -0.000122
1380.597970  -0.000015
1380.598651  -0.001057
1380.599332  -0.000321
1380.600013   0.000286
1380.600694   0.000189
1380.601375  -0.001864
1380.602056   0.000146
1380.602738   0.000625
1380.603419  -0.002140
1380.604100  -0.000978
1380.604781  -0.002437
1380.605462  -0.001343
1380.606143  -0.001093
1380.606824   0.001611
1380.607506  -0.000225
1380.608187  -0.001170
1380.608868  -0.002058
1380.609549   0.001601
1380.610230  -0.000148
1380.610911  -0.001093
1380.611592   0.000789
1380.612274  -0.002115
1380.612955  -0.000395
1380.613636  -0.000332
1380.614317   0.000820
1380.614998  -0.000920
1380.615679  -0.000654
1380.616360  -0.002325
1380.617042   0.000325
1380.617723   0.000090
1380.618404   0.000191
1380.619085  -0.001310
1380.619766  -0.001213
1380.620447  -0.000736
1380.621128  -0.001687
1380.621809  -0.002156
1380.622491   0.002052
1380.623172   0.001257
1380.623853   0.000221
1380.624534   0.000080
1380.625215   0.000889
1380.625896   0.000442
1380.626577   0.001058
1380.627259  -0.002004
1380.627940   0.000297
1380.628621  -0.001461
1380.629302  -0.001431
1380.629983  -0.002484
1380.630664  -0.000353
1380.631345  -0.001986
1380.632027  -0.001610
1380.632708  -0.001617
1380.633389   0.000183
1380.634070  -0.000256
1380.634751   0.001260
1380.635432  -0.002112
1380.636113  -0.002086
1380.636794  -0.000369
1380.637476  -0.000610
1380.638157   0.000692
1380.638838  -0.001497
1380.639519   0.000529
1380.640200  -0.002649
1380.640881   0.000182
1380.641562  -0.001392
1380.642244   0.000683
1380.642925  -0.000466
1380.643606  -0.001640
1380.644287  -0.000068
1380.644968  -0.001796
1380.645649  -0.001540
1380.646330  -0.002234
1380.647011   0.000287
1380.647693   0.000260
1380.648374   0.000135
1380.649055   0.000042
1380.649736   0.000582
1380.650417   0.000279
1380.651098  -0.000014
1380.651779  -0.001918
1380.652461  -0.000614
1380.653142  -0.002115
1380.653823   0.000437
1380.654504   0.000997
1380.655185  -0.002255
1380.655866   0.000435
1380.656548  -0.000951
1380.657229  -0.000699
1380.657910   0.001278
1380.658591   0.000640
1380.659272  -0.001188
1380.659953  -0.000930
1380.660634  -0.000293
1380.661315   0.000181
1380.661997  -0.003733
1380.662678  -0.002756
1380.663359  -0.000975
1380.664040  -0.001220
1380.664721  -0.000301
1380.665402  -0.001235
1380.666083  -0.000410
1380.666764   0.001223
1380.667446  -0.003005
1380.668127  -0.000058
1380.668808  -0.000978
1380.669489  -0.000974
1380.670170  -0.001136
1380.670851  -0.001394
1380.671532  -0.000411
1380.672214  -0.000039
1380.672895  -0.000770
1380.673576  -0.000082
1380.674257  -0.000245
1380.674938  -0.001487
1380.675619  -0.000901
1380.676300  -0.001025
1380.676982  -0.002771
1380.677663  -0.000282
1380.678344  -0.000418
1380.679025  -0.000949
1380.679706  -0.003486
1380.680387  -0.002093
1380.681068  -0.001006
1380.681749  -0.000445
1380.682431   0.001066
1380.683112  -0.003443
1380.683793  -0.000723
1380.684474   0.001224
1380.685155  -0.000161
1380.685836  -0.000864
1380.686517   0.001132
1380.687199  -0.000936
1380.687880  -0.003057
1380.688561  -0.003072
1380.689242  -0.000701
1380.689923  -0.000804
1380.690604  -0.001491
1380.691285  -0.002203
1380.691967   0.000768
1380.692648  -0.001522
1380.693329   0.000675
1380.694010  -0.001800
1380.694691  -0.000468
1380.695372  -0.000408
1380.696053  -0.001826
1380.696735  -0.001679
1380.697416   0.000400
1380.698097  -0.001559
1380.698778  -0.001096
1380.699459  -0.000780
1380.700140  -0.001182
1380.700821   0.000839
1380.701503   0.001493
1380.702184  -0.000125
1380.702865  -0.001673
1380.703546   0.002175
1380.704227  -0.001357
1380.704908  -0.000387
1380.705589  -0.001747
1380.706270  -0.002646
1380.706952   0.000360
1380.707633  -0.001067
1380.708314   0.000544
1380.708995  -0.001438
1380.709676  -0.002047
1380.710357  -0.000482
1380.711038   0.002119
1380.711720   0.000195
1380.712401  -0.000804
1380.713082   0.000264
1380.713763  -0.000797
1380.714444  -0.001499
1380.715125   0.001067
1380.715806   0.000630
1380.716488   0.001650
1380.717169  -0.001415
1380.717850  -0.000921
1380.718531  -0.003143
1380.719212  -0.000417
1380.719893  -0.000758
1380.720574  -0.000537
1380.721255  -0.001271
1380.721937  -0.000182
1380.722618  -0.002501
1380.723299  -0.000158
1380.723980  -0.002088
1380.724661   0.000635
1380.725342  -0.001356
1380.726023  -0.001184
1380.726705  -0.000737
1380.727386   0.000474
1380.728067  -0.002749
1380.728748  -0.004234
1380.729429  -0.002633
1380.730110  -0.000283
1380.730791  -0.000939
1380.731472  -0.000550
1380.732154  -0.001374
1380.732835  -0.001153
1380.733516  -0.002802
1380.734197  -0.000391
1380.734878   0.000470
1380.735559  -0.001460
1380.736240   0.001303
1380.736922  -0.001511
1380.737603  -0.002903
1380.738284  -0.000064
1380.738965  -0.000034
1380.739646   0.000006
1380.740327  -0.001122
1380.741009  -0.000045
1380.741690   0.000116
1380.742371   0.000377
1380.743052   0.000776
1380.743733  -0.000327
1380.744414  -0.001568
1380.745095  -0.001964
1380.745776  -0.000757
1380.746458  -0.001692
1380.747139  -0.000277
1380.747820  -0.004017
1380.748501  -0.002112
1380.749182  -0.001073
1380.749863  -0.001005
1380.750544  -0.000965
1380.751225  -0.000997
1380.751907   0.000346
1380.752588   0.000745
1380.753269  -0.001378
1380.753950   0.000707
1380.754631  -0.000213
1380.755312  -0.000821
1380.755993  -0.000223
1380.756675  -0.000418
1380.757356  -0.000188
1380.758037  -0.000938
1380.758718  -0.003035
1380.759399  -0.000569
1380.760080  -0.000606
1380.760761  -0.002201
1380.761443   0.000282
1380.762124  -0.001054
1380.762805  -0.000398
1380.763486  -0.000579
1380.764167   0.001279
1380.764848   0.000629
1380.765529  -0.001929
1380.766210  -0.001761
1380.766892  -0.000384
1380.767573  -0.001092
1380.768254   0.000824
1380.768935   0.000256
1380.769616  -0.001984
1380.770297   0.000167
1380.770978  -0.001172
1380.771660   0.000609
1380.772341   0.000106
1380.773022  -0.000979
1380.773703  -0.000451
1380.774384  -0.001455
1380.775065   0.001142
1380.775746  -0.000922
1380.776428   0.000304
1380.777109   0.000045
1380.777790  -0.001634
1380.778471  -0.001087
1380.779152  -0.001969
1380.779833  -0.000506
1380.780514  -0.001027
1380.781196  -0.000183
1380.781877  -0.001965
1380.782558  -0.000193
1380.783239  -0.002349
1380.783920  -0.000423
1380.784601  -0.000645
1380.785282   0.000730
1380.785964  -0.000775
1380.786645   0.000969
1380.787326  -0.001673
1380.788007  -0.000869
1380.788688   0.000516
1380.789369  -0.002484
1380.790050  -0.001040
1380.790731  -0.000048
1380.791413   0.001760
1380.792094   0.000127
1380.792775  -0.001368
1380.793456  -0.000862
1380.794137  -0.000251
1380.794818   0.001239
1380.795499  -0.000287
1380.796181   0.000061
1380.796862   0.000573
1380.797543  -0.000661
1380.798224  -0.000399
1380.798905  -0.001637
1380.799586  -0.001074
1380.800267  -0.001657
1380.800949   0.000197
1380.801630   0.001610
1380.802311  -0.001330
1380.802992   0.001102
1380.803673  -0.001645
1380.804354  -0.000259
1380.805035  -0.001185
1380.805716  -0.001524
1380.806398   0.000172
1380.807079   0.000078
1380.807760  -0.001571
1380.808441   0.000257
1380.809122  -0.000352
1380.809803  -0.000147
1380.810484   0.000420
1380.811166   0.001320
1380.811847   0.002120
1380.812528  -0.001236
1380.813209   0.000092
1380.813890   0.000311
1380.814571  -0.000433
1380.815252  -0.001936
1380.815933   0.000309
1380.816615   0.000689
1380.817296  -0.001983
1380.817977  -0.000854
1380.818658  -0.001345
1380.819339   0.000767
1380.820020  -0.001909
1380.820701  -0.001180
1380.821383  -0.001901
1380.822064   0.000143
1380.822745  -0.002479
1380.823426  -0.002404
1380.824107   0.000720
1380.824788  -0.000389
1380.825470  -0.000924
1380.826151  -0.000133
1380.826832  -0.000483
1380.827513   0.000251
1380.828194  -0.001620
1380.828875  -0.000633
1380.829556  -0.002883
1380.830237  -0.001344
1380.830919  -0.001350
1380.831600  -0.000083
1380.832281  -0.000102
1380.832962  -0.000287
1380.833643  -0.000290
1380.834324  -0.001211
1380.835005  -0.000844
1380.835686   0.001197
1380.836368  -0.001014
1380.837049  -0.001383
1380.837730  -0.000776
1380.838411   0.000022
1380.839092  -0.000187
1380.839773  -0.002231
1380.840455  -0.001146
1380.841136   0.000338
1380.841817  -0.001250
1380.842498  -0.000481
1380.843179  -0.000039
1380.843860  -0.002096
1380.844541   0.000573
1380.845222   0.000087
1380.845904   0.000816
1380.846585  -0.002243
1380.847266  -0.000563
1380.847947  -0.001256
1380.848628  -0.002349
1380.849309  -0.000166
1380.849990  -0.000040
1380.850671  -0.000734
1380.851353  -0.001199
1380.852034   0.000574
1380.852715   0.000802
1380.853396  -0.002119
1380.854077  -0.001908
1380.854758  -0.001688
1380.855439  -0.001957
1380.856121  -0.001371
1380.856802  -0.001280
1380.857483  -0.002344
1380.858164  -0.000801
1380.858845   0.001286
1380.859526  -0.002147
1380.860207  -0.001124
1380.860889   0.000021
1380.861570  -0.001572
1380.862251  -0.000379
1380.862932  -0.000279
1380.863613   0.000614
1380.864294   0.000375
1380.864975  -0.000623
1380.865657  -0.001751
1380.866338  -0.001388
1380.867019  -0.001136
1380.867700   0.000088
1380.868381  -0.000776
1380.869062  -0.000319
1380.869743  -0.002061
1380.870424  -0.001373
1380.871106  -0.000651
1380.871787  -0.002958
1380.872468  -0.002432
1380.873149  -0.000287
1380.873830  -0.000261
1380.874511  -0.002729
1380.875192   0.000022
1380.875874   0.000767
1380.876555  -0.001391
1380.877236  -0.001090
1380.877917  -0.001928
1380.878598  -0.002087
1380.879279  -0.001813
1380.879960  -0.000790
1380.880642  -0.001133
1380.881323  -0.000763
1380.882004  -0.000184
1380.882685  -0.001690
1380.883366   0.000667
1380.884047  -0.000790
1380.884728   0.000261
1380.885410  -0.001678
1380.886091  -0.000116
1380.886772  -0.000321
1380.887453  -0.000235
1380.888134  -0.000405
1380.888815   0.000426
1380.889496  -0.003207
1380.890177  -0.000097
1380.890859   0.001012
1380.891540   0.000608
1380.892221  -0.002287
1380.892902  -0.001886
1380.893583  -0.000472
1380.894264   0.000913
1380.894945  -0.001135
1380.895627  -0.002604
1380.896308  -0.001047
1380.896989  -0.000310
1380.897670  -0.000130
1380.898351  -0.001616
1380.899032  -0.000399
1380.899713  -0.001056
1380.900394  -0.000607
1380.901076  -0.001122
1380.901757  -0.000882
1380.902438  -0.000072
1380.903119  -0.001065
1380.903800  -0.000659
1380.904481   0.000507
1380.905162  -0.001200
1380.905844  -0.001707
1380.906525  -0.000946
1380.907206  -0.000286
1380.907887  -0.000542
1380.908568  -0.000861
1380.909249   0.000536
1380.909930  -0.001087
1380.910612  -0.002369
1380.911293  -0.001212
1380.911974  -0.001263
1380.912655  -0.001226
1380.913336   0.000257
1380.914017   0.000204
1380.914698  -0.000456
1380.915379   0.000490
1380.916061  -0.001136
1380.916742   0.001073
1380.917423  -0.000211
1380.918104  -0.000461
1380.918785  -0.000630
1380.919466  -0.000383
1380.920148  -0.001946
1380.920829  -0.000414
1380.921510  -0.000781
1380.922191  -0.000731
1380.922872  -0.000202
1380.923553  -0.001630
1380.924234   0.000596
1380.924915  -0.001241
1380.925597  -0.001211
1380.926278   0.000575
1380.926959  -0.001111
1380.927640  -0.002338
1380.928321   0.000976
1380.929002  -0.000222
1380.929683   0.000155
1380.930365  -0.001551
1380.931046  -0.000044
1380.931727   0.000962
1380.932408   0.002589
1380.933089   0.000409
1380.933770  -0.001766
1380.934451  -0.000448
1380.935132   0.001032
1380.935814  -0.000587
1380.936495  -0.000471
1380.937176   0.000955
1380.937857   0.001255
1380.938538  -0.001858
1380.939219  -0.002022
1380.939900  -0.001996
1380.940582   0.000038
1380.941263  -0.000236
1380.941944   0.001113
1380.942625  -0.000913
1380.943306  -0.001349
1380.943987  -0.000639
1380.944668   0.000071
1380.945350  -0.002410
1380.946031  -0.002846
1380.946712  -0.000626
1380.947393  -0.000982
1380.948074  -0.000034
1380.948755  -0.001350
1380.949436  -0.002003
1380.950118  -0.001290
1380.950799  -0.001305
1380.951480  -0.000446
1380.952161  -0.000823
1380.952842  -0.000649
1380.953523  -0.002956
1380.954204  -0.000772
1380.954885   0.000864
1380.955567  -0.000514
1380.956248  -0.000235
1380.956929  -0.000841
1380.957610   0.000374
1380.958291  -0.000719
1380.958972  -0.001258
1380.959653   0.000099
1380.960334   0.000151
1380.961016  -0.001375
1380.961697  -0.001236
1380.962378  -0.001377
1380.963059  -0.000462
1380.963740  -0.000213
1380.964421   0.002238
1380.965103  -0.000407
1380.965784  -0.000661
1380.966465  -0.001591
1380.967146  -0.001864
1380.967827  -0.000537
1380.968508  -0.001171
1380.969189   0.000235
1380.969871  -0.002001
1380.970552  -0.000834
1380.971233   0.000088
1380.971914  -0.000071
1380.972595   0.000391
1380.973276  -0.001206
1380.973957  -0.001027
1380.974638   0.001625
1380.975320   0.002244
1380.976001  -0.000924
1380.976682   0.000202
1380.977363   0.000579
1380.978044   0.000619
1380.978725   0.000291
1380.979406  -0.000840
1380.980088  -0.001356
1380.980769  -0.002575
1380.981450  -0.000340
1380.982131   0.001002
1380.982812   0.001434
1380.983493  -0.000501
1380.984174   0.000689
1380.984855   0.001491
1380.985537  -0.001887
1380.986218   0.000134
1380.986899  -0.001171
1380.987580   0.000109
1380.988261   0.000708
1380.988942  -0.000892
1380.989623  -0.001957
1380.990305  -0.002438
1380.990986   0.000809
1380.991667  -0.001308
1380.992348  -0.000629
1380.993029  -0.000926
1380.993710  -0.000228
1380.994391  -0.002069
1380.995073   0.000339
1380.995754  -0.000665
1380.996435  -0.000939
1380.997116   0.006404
1380.997797  -0.000690
1380.998478  -0.001017
1380.999159   0.001806
1380.999840  -0.000704
1381.000522  -0.001371
1381.001203  -0.000863
1381.001884  -0.000647
1381.002565  -0.000199
1381.003246   0.001376
1381.003927  -0.002740
1381.004609  -0.002116
1381.005290   0.000720
1381.005971  -0.001119
1381.006652   0.000908
1381.007333   0.000254
1381.008014   0.001271
1381.008695  -0.000143
1381.009376  -0.001526
1381.010058   0.000116
1381.010739  -0.001949
1381.011420  -0.000256
1381.012101  -0.000734
1381.012782  -0.002061
1381.013463  -0.002088
1381.014144  -0.000509
1381.014826  -0.000778
1381.015507   0.000068
1381.016188   0.000298
1381.016869  -0.001225
1381.017550   0.000056
1381.018231  -0.001402
1381.018912   0.000597
1381.019593  -0.002477
1381.020275  -0.001520
1381.020956  -0.001809
1381.021637  -0.000188
1381.022318  -0.000080
1381.022999  -0.000616
1381.023680  -0.000645
1381.024361   0.002579
1381.025043  -0.001826
1381.025724  -0.001453
1381.026405  -0.001025
1381.027086   0.001047
1381.027767  -0.001241
1381.028448  -0.000897
1381.029129  -0.001377
1381.029810   0.000451
1381.030492  -0.004390
1381.031173   0.000552
1381.031854   0.000039
1381.032535  -0.002142
1381.033216  -0.000296
1381.033897  -0.001539
1381.034579  -0.001308
1381.035260  -0.001357
1381.035941  -0.001872
1381.036622  -0.000220
1381.037303   0.002064
1381.037984  -0.000765
1381.038665   0.000637
1381.039346   0.000092
1381.040028  -0.000132
1381.040709  -0.001092
1381.041390  -0.003140
1381.042071  -0.000652
1381.042752  -0.001831
1381.043433  -0.002686
1381.044114   0.000014
1381.044795  -0.000282
1381.045477  -0.001884
1381.046158  -0.000558
1381.046839   0.000238
1381.047520   0.000399
1381.048201   0.001616
1381.048882   0.000744
1381.049564  -0.001995
1381.050245  -0.001328
1381.050926  -0.000806
1381.051607   0.000647
1381.052288   0.000609
1381.052969  -0.001905
1381.053650  -0.000311
1381.054331   0.001192
1381.055013  -0.002560
1381.055694   0.000771
1381.056375  -0.001301
1381.057056   0.000293
1381.057737  -0.002874
1381.058418   0.000864
1381.059099  -0.000674
1381.059781  -0.001736
1381.060462  -0.000133
1381.061143  -0.001527
1381.061824  -0.001669
1381.062505  -0.001314
1381.063186   0.000261
1381.063867  -0.000009
1381.064549  -0.000329
1381.065230   0.000368
1381.065911   0.000136
1381.066592   0.000757
1381.067273  -0.002334
1381.067954  -0.000377
1381.068635   0.000437
1381.069316  -0.001555
1381.069998   0.002056
1381.070679  -0.000707
1381.071360   0.000269
1381.072041   0.000883
1381.072722  -0.001692
1381.073403  -0.001364
1381.074084  -0.001097
1381.074765  -0.001603
1381.075447  -0.001636
1381.076128   0.000093
1381.076809  -0.001725
1381.077490  -0.001613
1381.078171   0.000032
1381.078852  -0.000613
1381.079534  -0.001270
1381.080215   0.000567
1381.080896  -0.001840
1381.081577  -0.001709
1381.082258  -0.002027
1381.082939   0.000812
1381.083620  -0.000256
1381.084301  -0.001172
1381.084983  -0.002264
1381.085664  -0.000243
1381.086345  -0.000012
1381.087026  -0.001067
1381.087707  -0.001301
1381.088388  -0.000079
1381.089069  -0.002716
1381.089751   0.000856
1381.090432  -0.000571
1381.091113  -0.001361
1381.091794  -0.002298
1381.092475   0.001164
1381.093156  -0.000508
1381.093837  -0.000456
1381.094519  -0.001590
1381.095200  -0.001531
1381.095881  -0.001707
1381.096562  -0.000968
1381.097243  -0.002809
1381.097924  -0.001228
1381.098605   0.001451
1381.099286  -0.000903
1381.099968   0.000276
1381.100649  -0.000157
1381.101330  -0.000556
1381.102011   0.000880
1381.102692  -0.000706
1381.103373  -0.000177
1381.104054  -0.002169
1381.104736  -0.001333
1381.105417  -0.000169
1381.106098  -0.001316
1381.106779  -0.000971
1381.107460   0.000906
1381.108141  -0.000269
1381.108822   0.001973
1381.109504  -0.001431
1381.110185  -0.000559
1381.110866   0.000171
1381.111547  -0.000727
1381.112228  -0.000653
1381.112909   0.001233
1381.113590  -0.000990
1381.114271  -0.000113
1381.114953  -0.000234
1381.115634   0.000076
1381.116315  -0.001539
1381.116996  -0.002596
1381.117677   0.000836
1381.118358  -0.002226
1381.119039   0.000742
1381.119721   0.000678
1381.120402   0.000497
1381.121083  -0.000289
1381.121764  -0.002573
1381.122445   0.001193
1381.123126   0.000874
1381.123807  -0.000576
1381.124489   0.000151
1381.125170  -0.002007
1381.125851   0.000478
1381.126532  -0.001617
1381.127213  -0.000506
1381.127894  -0.001812
1381.128575  -0.000792
1381.129256  -0.001129
1381.129938  -0.002025
1381.130619  -0.003223
1381.131300  -0.000922
1381.131981  -0.000901
1381.132662  -0.002234
1381.133343  -0.002188
1381.134024   0.000405
1381.134706  -0.002679
1381.135387   0.000874
1381.136068   0.000519
1381.136749   0.000771
1381.137430  -0.000972
1381.138111  -0.001618
1381.138792   0.001799
1381.139474  -0.001462
1381.140155  -0.001216
1381.140836  -0.002296
1381.141517   0.000199
1381.142198  -0.000789
1381.142879  -0.001200
1381.143560   0.000320
1381.144242  -0.000228
1381.144923  -0.002280
1381.145604  -0.000437
1381.146285  -0.001864
1381.146966   0.001024
1381.147647  -0.000672
1381.148328  -0.002744
1381.149010  -0.001035
1381.149691   0.000464
1381.150372  -0.001061
1381.151053   0.001637
1381.151734  -0.000039
1381.152415  -0.000002
1381.153096  -0.000128
1381.153777  -0.000913
1381.154459   0.000359
1381.155140   0.000120
1381.155821  -0.001842
1381.156502   0.000021
1381.157183   0.000895
1381.157864  -0.001806
1381.158545  -0.000716
1381.159227  -0.001460
1381.159908  -0.001064
1381.160589  -0.001532
1381.161270  -0.001148
1381.161951  -0.001127
1381.162632   0.000171
1381.163313  -0.000907
1381.163994   0.000309
1381.164676   0.000413
1381.165357   0.000443
1381.166038   0.000024
1381.166719  -0.002243
1381.167400  -0.000190
1381.168081  -0.001194
1381.168762  -0.001271
1381.169444  -0.000747
1381.170125  -0.000559
1381.170806  -0.000417
1381.171487  -0.000689
1381.172168  -0.000604
1381.172849   0.001086
1381.173530   0.001160
1381.174212   0.000277
1381.174893  -0.000990
1381.175574   0.000409
1381.176255   0.001391
1381.176936  -0.001392
1381.177617  -0.000693
1381.178298  -0.002018
1381.178979  -0.002369
1381.179661   0.001314
1381.180342   0.000110
1381.181023   0.000390
1381.181704  -0.001589
1381.182385   0.000511
1381.183066   0.000313
1381.183747   0.000903
1381.184429  -0.001959
1381.185110  -0.000859
1381.185791  -0.001111
1381.186472  -0.001017
1381.187153  -0.003166
1381.187834  -0.000566
1381.188515  -0.000846
1381.189197  -0.000280
1381.189878   0.000918
1381.190559   0.000754
1381.191240   0.000213
1381.191921  -0.000821
1381.192602   0.000214
1381.193283  -0.002856
1381.193965  -0.001648
1381.194646   0.000132
1381.195327  -0.000132
1381.196008   0.000367
1381.196689   0.000431
1381.197370  -0.001846
1381.198051  -0.000041
1381.198732  -0.002015
1381.199414  -0.001777
1381.200095  -0.002699
1381.200776  -0.000617
1381.201457   0.001430
1381.202138  -0.001282
1381.202819   0.000348
1381.203500  -0.001140
1381.204182  -0.000041
1381.204863  -0.000236
1381.205544  -0.000212
1381.206225  -0.002609
1381.206906   0.000372
1381.207587   0.001535
1381.208268  -0.001925
1381.208949   0.000512
1381.209631  -0.001577
1381.210312  -0.000889
1381.210993  -0.001109
1381.211674  -0.001099
1381.212355  -0.000716
1381.213036  -0.001363
1381.213717   0.001864
1381.214399  -0.001690
1381.215080  -0.000565
1381.215761  -0.001246
1381.216442  -0.001504
1381.217123  -0.000953
1381.217804  -0.000261
1381.218485  -0.000846
1381.219167  -0.000653
1381.219848   0.000174
1381.220529   0.000014
1381.221210  -0.001807
1381.221891  -0.000304
1381.222572  -0.000595
1381.223253  -0.002798
1381.223934   0.000427
1381.224616  -0.000926
1381.225297  -0.000813
1381.225978  -0.000451
1381.226659  -0.000957
1381.227340  -0.000547
1381.228021   0.001921
1381.228703   0.000116
1381.229384  -0.000989
1381.230065  -0.002111
1381.230746   0.001158
1381.231427  -0.000470
1381.232108  -0.001335
1381.232789   0.000866
1381.233470  -0.001122
1381.234152   0.000345
1381.234833  -0.003272
1381.235514   0.000960
1381.236195   0.000023
1381.236876  -0.000936
1381.237557  -0.000411
1381.238238  -0.000962
1381.238920  -0.000672
1381.239601   0.000095
1381.240282  -0.000780
1381.240963   0.000945
1381.241644   0.000016
1381.242325   0.001788
1381.243006   0.000009
1381.243688  -0.001369
1381.244369  -0.000513
1381.245050  -0.002147
1381.245731  -0.000426
1381.246412   0.001574
1381.247093  -0.000181
1381.247774  -0.002052
1381.248455  -0.001711
1381.249137   0.001371
1381.249818  -0.000711
1381.250499  -0.000968
1381.251180   0.001301
1381.251861  -0.001848
1381.252542  -0.001708
1381.253223  -0.001064
1381.253904   0.001037
1381.254586  -0.000356
1381.255267  -0.001053
1381.255948  -0.002501
1381.256629  -0.000911
1381.257310  -0.000697
1381.257991  -0.001025
1381.258673  -0.001612
1381.259354  -0.000481
1381.260035  -0.001716
1381.260716   0.000134
1381.261397  -0.002428
1381.262078  -0.000321
1381.262759  -0.000943
1381.263440  -0.000368
1381.264122  -0.001281
1381.264803   0.003857
1381.265484  -0.001274
1381.266165   0.000427
1381.266846  -0.000076
1381.267527  -0.001071
1381.268208  -0.001180
1381.268890  -0.000851
1381.269571   0.001323
1381.270252   0.000715
1381.270933  -0.001675
1381.271614  -0.000459
1381.272295   0.002653
1381.272976  -0.005681
1381.273658  -0.003131
1381.274339   0.000202
1381.275020  -0.000864
1381.275701   0.001672
1381.276382   0.000395
1381.277063  -0.001642
1381.277744  -0.001474
1381.278425  -0.001303
1381.279107  -0.000481
1381.279788  -0.001720
1381.280469   0.000756
1381.281150  -0.001466
1381.281831  -0.003587
1381.282512  -0.002004
1381.283193  -0.000580
1381.283875  -0.000971
1381.284556  -0.000304
1381.285237  -0.000340
1381.285918  -0.001422
1381.286599  -0.001165
1381.287280  -0.000136
1381.287961  -0.001430
1381.288643  -0.001622
1381.289324  -0.001424
1381.290005  -0.000912
1381.290686  -0.001386
1381.291367  -0.000791
1381.292048  -0.001703
1381.292729  -0.000984
1381.293410  -0.001919
1381.294092  -0.000572
1381.294773  -0.002870
1381.295454  -0.001947
1381.296135   0.000966
1381.296816  -0.001091
1381.297497  -0.002553
1381.298178   0.000789
1381.298860  -0.001216
1381.299541   0.000296
1381.300222  -0.002120
1381.300903   0.000275
1381.301584   0.000060
1381.302265   0.000631
1381.302946  -0.001291
1381.303628  -0.000693
1381.304309  -0.000965
1381.304990  -0.000827
1381.305671   0.000532
1381.306352  -0.000454
1381.307033   0.001716
1381.307714  -0.000922
1381.308395   0.000917
1381.309077  -0.003189
1381.309758  -0.000458
1381.310439  -0.002417
1381.311120   0.000013
1381.311801  -0.001959
1381.312482  -0.001180
1381.313164  -0.002372
1381.313845  -0.001816
1381.314526   0.000465
1381.315207   0.000067
1381.315888  -0.001021
1381.316569   0.001963
1381.317250  -0.000563
1381.317931   0.000003
1381.318613  -0.000403
1381.319294  -0.000485
1381.319975  -0.000066
1381.320656  -0.001173
1381.321337  -0.001575
1381.322018  -0.000771
1381.322699  -0.001247
1381.323381  -0.000600
1381.324062  -0.000699
1381.324743   0.000099
1381.325424  -0.001661
1381.326105  -0.001107
1381.326786   0.000145
1381.327467   0.002518
1381.328149   0.001033
1381.328830   0.000307
1381.329511   0.000598
1381.330192  -0.000529
1381.330873  -0.001299
1381.331554  -0.003463
1381.332235  -0.000956
1381.332916   0.000513
1381.333598  -0.001367
1381.334279  -0.003226
1381.334960  -0.001675
1381.335641  -0.000006
1381.336322  -0.001483
1381.337003  -0.001945
1381.337684  -0.000348
1381.338365   0.001562
1381.339047   0.000365
1381.339728  -0.000846
1381.340409  -0.002329
1381.341090  -0.001460
1381.341771   0.000128
1381.342452  -0.000687
1381.343133  -0.001147
1381.343815  -0.002351
1381.344496  -0.002589
1381.345177  -0.001353
1381.345858  -0.000715
1381.346539  -0.001441
1381.347220  -0.000498
1381.347901  -0.000465
1381.348583  -0.000760
1381.349264  -0.001112
1381.349945  -0.001932
1381.350626  -0.001172
1381.351307   0.000993
1381.351988   0.002073
1381.352669  -0.000728
1381.353351  -0.001785
1381.354032  -0.000947
1381.354713  -0.001576
1381.355394   0.000405
1381.356075  -0.001579
1381.356756  -0.000224
1381.357437  -0.001410
1381.358118   0.001277
1381.358800  -0.000647
1381.359481   0.001015
1381.360162   0.000136
1381.360843  -0.001005
1381.361524  -0.001398
1381.362205  -0.001517
1381.362886  -0.002014
1381.363568  -0.002138
1381.364249  -0.001721
1381.364930  -0.000311
1381.365611  -0.000627
1381.366292   0.001174
1381.366973  -0.001485
1381.367654  -0.000793
1381.368336  -0.001997
1381.369017   0.000150
1381.369698   0.001806
1381.370379  -0.000050
1381.371060  -0.002180
1381.371741   0.000490
1381.372422  -0.000478
1381.373104  -0.000047
1381.373785  -0.001874
1381.374466  -0.002672
1381.375147   0.000869
1381.375828  -0.000723
1381.376509  -0.000891
1381.377190   0.000717
1381.377871  -0.001386
1381.378553   0.000246
1381.379234  -0.002532
1381.379915   0.001846
1381.380596  -0.001694
1381.381277   0.001739
1381.381958  -0.000520
1381.382639  -0.000833
1381.383321  -0.003147
1381.384002  -0.000336
1381.384683   0.000055
1381.385364  -0.000808
1381.386045  -0.000995
1381.386726  -0.002945
1381.387407   0.000890
1381.388088   0.000409
1381.388770  -0.000065
1381.389451   0.000033
1381.390132  -0.002108
1381.390813  -0.000326
1381.391494   0.001267
1381.392175   0.001823
1381.392856   0.000474
1381.393538   0.001251
1381.394219   0.000428
1381.394900   0.002032
1381.395581   0.000050
1381.396262   0.001189
1381.396943   0.002846
1381.397624   0.003544
1381.398306   0.005201
1381.398987   0.004999
1381.399668   0.005084
1381.400349   0.004429
1381.401030   0.006699
1381.401711   0.004877
1381.402392   0.007123
1381.403073   0.007365
1381.403755   0.007962
1381.404436   0.007386
1381.405117   0.007136
1381.405798   0.005613
1381.406479   0.008643
1381.407160   0.009461
1381.407842   0.008684
1381.408523   0.006617
1381.409204   0.007570
1381.409885   0.008447
1381.410566   0.008236
1381.411247   0.008226
1381.411928   0.011516
1381.412609   0.008276
1381.413291   0.008942
1381.413972   0.007378
1381.414653   0.007790
1381.415334   0.010142
1381.416015   0.009422
1381.416696   0.007296
1381.417377   0.007074
1381.418059   0.008478
1381.418740   0.008852
1381.419421   0.009005
1381.420102   0.005840
1381.420783   0.008426
1381.421464   0.009252
1381.422145   0.009444
1381.422826   0.007320
1381.423508   0.007256
1381.424189   0.006558
1381.424870   0.009394
1381.425551   0.010347
1381.426232   0.008352
1381.426913   0.008247
1381.427594   0.010352
1381.428276   0.008281
1381.428957   0.010985
1381.429638   0.009033
1381.430319   0.011472
1381.431000   0.010657
1381.431681   0.007305
1381.432362   0.008082
1381.433044   0.009437
1381.433725   0.010723
1381.434406   0.010383
1381.435087   0.011157
1381.435768   0.009500
1381.436449   0.011408
1381.437130   0.010613
1381.437811   0.008160
1381.438493   0.010209
1381.439174   0.010378
1381.439855   0.009373
1381.440536   0.008625
1381.441217   0.011014
1381.441898   0.010070
1381.442579   0.009401
1381.443261   0.009527
1381.443942   0.011140
1381.444623   0.010734
1381.445304   0.010181
1381.445985   0.013681
1381.446666   0.012781
1381.447347   0.010060
1381.448028   0.009995
1381.448710   0.010591
1381.449391   0.010047
1381.450072   0.011047
1381.450753   0.013405
1381.451434   0.011716
1381.452115   0.010372
1381.452797   0.011656
1381.453478   0.009616
1381.454159   0.010368
1381.454840   0.010627
1381.455521   0.010663
1381.456202   0.009287
1381.456883   0.010525
1381.457564   0.012781
1381.458246   0.011984
1381.458927   0.011221
1381.459608   0.012063
1381.460289   0.010986
1381.460970   0.009277
1381.461651   0.009919
1381.462332   0.009632
1381.463014   0.010370
1381.463695   0.010884
1381.464376   0.011307
1381.465057   0.008217
1381.465738   0.011327
1381.466419   0.012219
1381.467100   0.009839
1381.467782   0.009978
1381.468463   0.010900
1381.469144   0.012634
1381.469825   0.012645
1381.470506   0.011214
1381.471187   0.010130
1381.471868   0.011461
1381.472549   0.009827
1381.473231   0.010528
1381.473912   0.012310
1381.474593   0.010684
1381.475274   0.010226
1381.475955   0.011248
1381.476636   0.013486
1381.477317   0.012238
1381.477998   0.011266
1381.478680   0.009704
1381.479361   0.012312
1381.480042   0.010871
1381.480723   0.008508
1381.481404   0.009366
1381.482085   0.011819
1381.482766   0.011425
1381.483448   0.010749
1381.484129   0.012243
1381.484810   0.010416
1381.485491   0.008573
1381.486172   0.008862
1381.486853   0.010051
1381.487534   0.011339
1381.488216   0.009547
1381.488897   0.011060
1381.489578   0.009293
1381.490259   0.011696
1381.490940   0.008980
1381.491621   0.010201
1381.492303   0.008995
1381.492984   0.009169
1381.493665   0.011271
1381.494346   0.011595
1381.495027   0.010515
1381.495708   0.009372
1381.496389   0.011892
1381.497070   0.009792
1381.497752   0.011556
1381.498433   0.011269
1381.499114   0.009729
1381.499795   0.009520
1381.500476   0.010700
1381.501157   0.010078
1381.501838   0.009653
1381.502519   0.011237
1381.503201   0.010136
1381.503882   0.009288
1381.504563   0.008987
1381.505244   0.010343
1381.505925   0.010021
1381.506606   0.009590
1381.507287   0.009291
1381.507969   0.009646
1381.508650   0.010369
1381.509331   0.011548
1381.510012   0.012878
1381.510693   0.011509
1381.511374   0.010115
1381.512055   0.009061
1381.512737   0.007599
1381.513418   0.009396
1381.514099   0.009024
1381.514780   0.008567
1381.515461   0.009340
1381.516142   0.007779
1381.516823   0.008245
1381.517505   0.012223
1381.518186   0.008659
1381.518867   0.009024
1381.519548   0.009571
1381.520229   0.008853
1381.520910   0.009446
1381.521591   0.008591
1381.522272   0.007931
1381.522954   0.009756
1381.523635   0.009340
1381.524316   0.008030
1381.524997   0.006458
1381.525678   0.008647
1381.526359   0.007058
1381.527040   0.008105
1381.527721   0.007851
1381.528403   0.011273
1381.529084   0.006704
1381.529765   0.008077
1381.530446   0.007496
1381.531127   0.009709
1381.531808   0.008937
1381.532489   0.007468
1381.533171   0.008897
1381.533852   0.007785
1381.534533   0.006766
1381.535214   0.009102
1381.535895   0.007384
1381.536576   0.006205
1381.537258   0.005046
1381.537939   0.006822
1381.538620   0.004891
1381.539301   0.005482
1381.539982   0.003802
1381.540663   0.005641
1381.541344   0.005847
1381.542025   0.004471
1381.542707   0.003884
1381.543388   0.002668
1381.544069   0.002019
1381.544750   0.002174
1381.545431   0.002177
1381.546112   0.002621
1381.546793  -0.000227
1381.547475   0.000351
1381.548156   0.000251
1381.548837   0.003008
1381.549518   0.000638
1381.550199  -0.001298
1381.550880   0.000258
1381.551561   0.000027
1381.552242  -0.003006
1381.552924  -0.000266
1381.553605  -0.001364
1381.554286   0.001849
1381.554967  -0.002160
1381.555648  -0.000912
1381.556329   0.000447
1381.557010  -0.000496
1381.557692  -0.000999
1381.558373  -0.001135
1381.559054  -0.001156
1381.559735  -0.001624
1381.560416   0.000528
1381.561097   0.002697
1381.561778  -0.000507
1381.562459  -0.002129
1381.563141  -0.002560
1381.563822  -0.001538
1381.564503  -0.001177
1381.565184  -0.001196
1381.565865  -0.001436
1381.566546   0.000800
1381.567227   0.000175
1381.567909  -0.001314
1381.568590   0.001170
1381.569271   0.001579
1381.569952  -0.002558
1381.570633   0.000476
1381.571314  -0.002005
1381.571995   0.001356
1381.572677  -0.001300
1381.573358  -0.002056
1381.574039   0.001698
1381.574720  -0.002487
1381.575401  -0.000001
1381.576082  -0.001286
1381.576763  -0.001587
1381.577444   0.000382
1381.578126  -0.002346
1381.578807  -0.001919
1381.579488  -0.000822
1381.580169  -0.000137
1381.580850  -0.000807
1381.581531  -0.001021
1381.582213  -0.000105
1381.582894   0.000731
1381.583575  -0.002520
1381.584256  -0.000826
1381.584937  -0.000935
1381.585618  -0.000202
1381.586299  -0.001145
1381.586980  -0.003043
1381.587662  -0.001149
1381.588343   0.000039
1381.589024  -0.003074
1381.589705  -0.000959
1381.590386  -0.001578
1381.591067  -0.001173
1381.591748  -0.001704
1381.592430   0.002270
1381.593111  -0.000672
1381.593792  -0.001100
1381.594473  -0.000809
1381.595154   0.001572
1381.595835  -0.003237
1381.596516  -0.001078
1381.597197   0.001309
1381.597879   0.000600
1381.598560  -0.000909
1381.599241   0.000707
1381.599922  -0.000197
1381.600603  -0.000895
1381.601284  -0.000841
1381.601965  -0.001010
1381.602647  -0.002565
1381.603328   0.000418
1381.604009  -0.000239
1381.604690  -0.001231
1381.605371  -0.003191
1381.606052   0.000039
1381.606733   0.002307
1381.607415  -0.000641
1381.608096  -0.002529
1381.608777  -0.000746
1381.609458  -0.001004
1381.610139  -0.001346
1381.610820  -0.000817
1381.611501  -0.000937
1381.612182  -0.000201
1381.612864  -0.000610
1381.613545  -0.001745
1381.614226  -0.000443
1381.614907  -0.002133
1381.615588  -0.000400
1381.616269  -0.000768
1381.616950  -0.001279
1381.617632   0.000226
1381.618313  -0.000216
1381.618994  -0.002616
1381.619675  -0.001580
1381.620356  -0.002454
1381.621037  -0.000112
1381.621718  -0.000717
1381.622399   0.000262
1381.623081  -0.000500
1381.623762   0.000388
1381.624443  -0.002314
1381.625124   0.000363
1381.625805   0.000664
1381.626486   0.000037
1381.627167  -0.000290
1381.627849  -0.000987
1381.628530  -0.001424
1381.629211   0.000914
1381.629892  -0.001451
1381.630573  -0.000421
1381.631254  -0.000077
1381.631936  -0.000790
1381.632617  -0.001100
1381.633298  -0.002006
1381.633979  -0.002865
1381.634660   0.000306
1381.635341  -0.002970
1381.636022   0.001861
1381.636703  -0.000327
1381.637385  -0.001599
1381.638066  -0.000129
1381.638747  -0.001148
1381.639428  -0.001243
1381.640109  -0.000538
1381.640790  -0.001153
1381.641471  -0.001896
1381.642153   0.000625
1381.642834   0.001245
1381.643515  -0.001045
1381.644196   0.000120
1381.644877  -0.000802
1381.645558  -0.001596
1381.646239  -0.003062
1381.646920   0.001050
1381.647602  -0.003027
1381.648283  -0.000746
1381.648964  -0.001403
1381.649645  -0.002484
1381.650326   0.000098
1381.651007  -0.001235
1381.651688  -0.000772
1381.652370  -0.000888
1381.653051   0.000396
1381.653732  -0.001141
1381.654413   0.000189
1381.655094  -0.001298
1381.655775  -0.001556
1381.656456  -0.000673
1381.657138   0.002324
1381.657819  -0.001156
1381.658500  -0.001219
1381.659181   0.000252
1381.659862  -0.002764
1381.660543  -0.000283
1381.661224  -0.000727
1381.661905  -0.000646
1381.662587   0.000523
1381.663268  -0.000554
1381.663949  -0.000359
1381.664630  -0.002022
1381.665311  -0.001235
1381.665992  -0.002796
1381.666673  -0.002925
1381.667355  -0.001442
1381.668036  -0.001847
1381.668717  -0.000630
1381.669398   0.001239
1381.670079  -0.001243
1381.670760  -0.001165
1381.671441  -0.001517
1381.672122  -0.001278
1381.672804  -0.001482
1381.673485  -0.001761
1381.674166  -0.000344
1381.674847  -0.002365
1381.675528  -0.001805
1381.676209  -0.000970
1381.676891  -0.000703
1381.677572  -0.002236
1381.678253  -0.000649
1381.678934  -0.002895
1381.679615  -0.001153
1381.680296  -0.000488
1381.680977  -0.002130
1381.681658  -0.000542
1381.682340  -0.000751
1381.683021  -0.001290
1381.683702  -0.000972
1381.684383  -0.000694
1381.685064  -0.003071
1381.685745   0.000093
1381.686426  -0.000590
1381.687108   0.000311
1381.687789   0.000157
1381.688470  -0.001293
1381.689151   0.000088
1381.689832   0.000123
1381.690513  -0.000198
1381.691194   0.001817
1381.691875  -0.000343
1381.692557   0.000770
1381.693238   0.000296
1381.693919   0.000473
1381.694600  -0.003021
1381.695281  -0.000850
1381.695962  -0.000545
1381.696643   0.000239
1381.697325  -0.001228
1381.698006  -0.001713
1381.698687   0.000095
1381.699368  -0.001718
1381.700049  -0.002307
1381.700730   0.000514
1381.701411  -0.002785
1381.702093  -0.000946
1381.702774  -0.000474
1381.703455  -0.002393
1381.704136  -0.001254
1381.704817  -0.000236
1381.705498  -0.002122
1381.706179  -0.001636
1381.706860   0.000344
1381.707542   0.000228
1381.708223  -0.001573
1381.708904  -0.005045
1381.709585  -0.001740
1381.710266  -0.000973
1381.710947  -0.002054
1381.711628  -0.003109
1381.712310  -0.001314
1381.712991  -0.002064
1381.713672  -0.000409
1381.714353  -0.000899
1381.715034   0.001167
1381.715715  -0.002428
1381.716396  -0.001983
1381.717077   0.000235
1381.717759  -0.001979
1381.718440  -0.001038
1381.719121  -0.001830
1381.719802  -0.002702
1381.720483   0.001569
1381.721164   0.000911
1381.721845   0.001173
1381.722527   0.000136
1381.723208  -0.000956
1381.723889  -0.002322
1381.724570  -0.000789
1381.725251  -0.000993
1381.725932  -0.001360
1381.726614  -0.001393
1381.727295  -0.003518
1381.727976  -0.002637
1381.728657   0.001007
1381.729338  -0.000253
1381.730019  -0.001446
1381.730700  -0.003374
1381.731381  -0.002575
1381.732063  -0.002352
1381.732744   0.001470
1381.733425  -0.000008
1381.734106   0.001021
1381.734787  -0.000715
1381.735468  -0.001828
1381.736149  -0.001874
1381.736830  -0.000567
1381.737512  -0.000058
1381.738193  -0.000921
1381.738874   0.000680
1381.739555  -0.001277
1381.740236  -0.001909
1381.740917  -0.002996
1381.741598   0.000021
1381.742280   0.001896
1381.742961   0.000400
1381.743642  -0.001498
1381.744323   0.002316
1381.745004   0.000069
1381.745685  -0.001360
1381.746366  -0.000755
1381.747048   0.000124
1381.747729  -0.001316
1381.748410  -0.000650
1381.749091   0.000278
1381.749772  -0.000813
1381.750453   0.000557
1381.751134  -0.002002
1381.751816  -0.002244
1381.752497  -0.000218
1381.753178   0.000151
1381.753859  -0.001847
1381.754540  -0.002702
1381.755221  -0.000232
1381.755902   0.000238
1381.756583  -0.000924
1381.757265   0.000630
1381.757946  -0.001055
1381.758627   0.002002
1381.759308  -0.000174
1381.759989  -0.000945
1381.760670  -0.002265
1381.761351  -0.000271
1381.762032   0.000805
1381.762714  -0.000353
1381.763395  -0.001168
1381.764076  -0.001415
1381.764757  -0.002538
1381.765438  -0.003353
1381.766119  -0.000653
1381.766801  -0.000137
1381.767482  -0.000064
1381.768163  -0.001278
1381.768844  -0.000153
1381.769525  -0.001483
1381.770206   0.000456
1381.770887   0.001313
1381.771568   0.000823
1381.772250  -0.001579
1381.772931  -0.000689
1381.773612   0.000241
1381.774293  -0.002147
1381.774974  -0.000212
1381.775655  -0.001027
1381.776336  -0.000502
1381.777018   0.000423
1381.777699  -0.000562
1381.778380  -0.000330
1381.779061   0.000377
1381.779742  -0.000639
1381.780423  -0.002046
1381.781104  -0.002236
1381.781786  -0.000721
1381.782467  -0.000332
1381.783148  -0.000896
1381.783829   0.000587
1381.784510  -0.000055
1381.785191  -0.001164
1381.785872  -0.000389
1381.786553  -0.000772
1381.787235  -0.001433
1381.787916   0.000389
1381.788597  -0.002749
1381.789278  -0.002333
1381.789959  -0.001850
1381.790640  -0.000142
1381.791321  -0.000173
1381.792002   0.000645
1381.792684  -0.000613
1381.793365  -0.001788
1381.794046  -0.002588
1381.794727  -0.001187
1381.795408  -0.000612
1381.796089  -0.001300
1381.796771   0.000394
1381.797452   0.000444
1381.798133   0.000948
1381.798814   0.000569
1381.799495  -0.000500
1381.800176  -0.001330
1381.800857  -0.001262
1381.801538  -0.000371
1381.802220  -0.000599
1381.802901  -0.001961
1381.803582   0.001208
1381.804263  -0.000905
1381.804944  -0.001591
1381.805625  -0.000777
1381.806306   0.000119
1381.806988  -0.001384
1381.807669  -0.001274
1381.808350   0.000961
1381.809031   0.001160
1381.809712  -0.002565
1381.810393  -0.004511
1381.811074  -0.001734
1381.811756  -0.001028
1381.812437  -0.001812
1381.813118   0.001140
1381.813799  -0.002312
1381.814480  -0.002046
1381.815161  -0.002061
1381.815842  -0.000688
1381.816523  -0.002284
1381.817205   0.000168
1381.817886   0.000139
1381.818567  -0.001347
1381.819248  -0.000711
1381.819929  -0.001107
1381.820610  -0.001157
1381.821291   0.002212
1381.821973  -0.000537
1381.822654  -0.000224
1381.823335   0.000095
1381.824016   0.000152
1381.824697  -0.002087
1381.825378   0.000054
1381.826059   0.000600
1381.826741   0.000213
1381.827422  -0.001881
1381.828103   0.001393
1381.828784  -0.001781
1381.829465  -0.000270
1381.830146  -0.002768
1381.830827  -0.000726
1381.831508  -0.000496
1381.832190  -0.000772
1381.832871  -0.003197
1381.833552  -0.001335
1381.834233  -0.001015
1381.834914  -0.002825
1381.835595  -0.001542
1381.836276  -0.001345
1381.836958  -0.002587
1381.837639  -0.000103
1381.838320  -0.001045
1381.839001   0.000889
1381.839682  -0.001026
1381.840363  -0.000162
1381.841044  -0.001846
1381.841725   0.001531
1381.842407  -0.001882
1381.843088   0.000205
1381.843769   0.000267
1381.844450  -0.000381
1381.845131  -0.000529
1381.845812   0.001205
1381.846493  -0.000372
1381.847175   0.001973
1381.847856  -0.001324
1381.848537   0.000075
1381.849218   0.001839
1381.849899   0.001343
1381.850580  -0.002771
1381.851262  -0.002321
1381.851943  -0.000738
1381.852624  -0.002325
1381.853305   0.000258
1381.853986   0.000068
1381.854667  -0.002599
1381.855348  -0.000599
1381.856029  -0.000641
1381.856711   0.000101
1381.857392   0.000390
1381.858073  -0.002303
1381.858754  -0.000185
1381.859435  -0.000242
1381.860116   0.000656
1381.860797  -0.000111
1381.861479   0.000891
1381.862160  -0.000261
1381.862841  -0.000401
1381.863522  -0.002235
1381.864203  -0.001050
1381.864884   0.000462
1381.865565  -0.000915
1381.866246  -0.000600
1381.866928  -0.000782
1381.867609  -0.000192
1381.868290   0.000345
1381.868971  -0.001608
1381.869652  -0.000540
1381.870333  -0.000882
1381.871014  -0.002941
1381.871696  -0.000665
1381.872377  -0.000487
1381.873058   0.000398
1381.873739  -0.000757
1381.874420  -0.001614
1381.875101   0.000124
1381.875782  -0.000903
1381.876463   0.000203
1381.877145  -0.000683
1381.877826  -0.000998
1381.878507  -0.002645
1381.879188  -0.000357
1381.879869  -0.000635
1381.880550  -0.000899
1381.881231  -0.000708
1381.881913  -0.002831
1381.882594  -0.000288
1381.883275   0.000318
1381.883956  -0.001190
1381.884637  -0.001349
1381.885318  -0.000327
1381.885999   0.000151
1381.886680  -0.001679
1381.887362  -0.000032
1381.888043   0.000410
1381.888724  -0.000548
1381.889405  -0.002345
1381.890086   0.001955
1381.890767   0.001401
1381.891448  -0.000645
1381.892130  -0.000775
1381.892811  -0.000264
1381.893492  -0.002645
1381.894173  -0.001568
1381.894854   0.000749
1381.895535   0.000339
1381.896216   0.000527
1381.896898  -0.002581
1381.897579  -0.000161
1381.898260  -0.001595
1381.898941   0.000411
1381.899622   0.000644
1381.900303  -0.002018
1381.900984  -0.001766
1381.901666   0.000533
1381.902347  -0.000227
1381.903028   0.000333
1381.903709  -0.000711
1381.904390  -0.000369
1381.905071  -0.000995
1381.905752  -0.001015
1381.906434  -0.000228
1381.907115   0.000203
1381.907796  -0.001960
1381.908477  -0.000641
1381.909158  -0.000595
1381.909839  -0.001811
1381.910520  -0.000504
1381.911201   0.000128
1381.911883   0.000361
1381.912564  -0.001628
1381.913245  -0.001261
1381.913926  -0.000178
1381.914607  -0.000390
1381.915288   0.001527
1381.915969  -0.001448
1381.916651  -0.002059
1381.917332  -0.001062
1381.918013   0.000458
1381.918694  -0.001439
1381.919375  -0.000386
1381.920056  -0.002530
1381.920737   0.000001
1381.921419  -0.000147
1381.922100  -0.001245
1381.922781  -0.000937
1381.923462  -0.001899
1381.924143  -0.002551
1381.924824  -0.000584
1381.925505  -0.001737
1381.926186   0.000611
1381.926868  -0.001030
1381.927549  -0.002315
1381.928230   0.001078
1381.928911  -0.000901
1381.929592   0.000614
1381.930273  -0.001083
1381.930954  -0.001405
1381.931636   0.000077
1381.932317  -0.001970
1381.932998   0.001216
1381.933679  -0.000038
1381.934360  -0.000882
1381.935041  -0.000924
1381.935722  -0.002451
1381.936403  -0.001924
1381.937085  -0.002063
1381.937766  -0.003732
1381.938447  -0.000406
1381.939128  -0.001004
1381.939809  -0.002099
1381.940490  -0.002621
1381.941171   0.000239
1381.941853  -0.000041
1381.942534  -0.000447
1381.943215  -0.001114
1381.943896  -0.003997
1381.944577  -0.000599
1381.945258  -0.000778
1381.945939  -0.000729
1381.946621   0.000821
1381.947302  -0.000043
1381.947983  -0.000810
1381.948664  -0.001263
1381.949345  -0.000340
1381.950026  -0.000453
1381.950707  -0.000751
1381.951389   0.000088
1381.952070  -0.002126
1381.952751   0.000689
1381.953432  -0.000183
1381.954113  -0.000361
1381.954794   0.000783
1381.955475  -0.003491
1381.956156  -0.001792
1381.956838  -0.001496
1381.957519   0.000199
1381.958200   0.000526
1381.958881  -0.001298
1381.959562  -0.000151
1381.960243   0.002029
1381.960924  -0.000742
1381.961606  -0.002057
1381.962287   0.000088
1381.962968  -0.000545
1381.963649  -0.001444
1381.964330   0.001150
1381.965011  -0.000019
1381.965692   0.000095
1381.966373  -0.000950
1381.967055  -0.000697
1381.967736  -0.000601
1381.968417  -0.000213
1381.969098  -0.000357
1381.969779   0.001266
1381.970460  -0.001220
1381.971141   0.000004
1381.971823   0.000655
1381.972504  -0.001129
1381.973185  -0.002527
1381.973866  -0.000680
1381.974547  -0.000792
1381.975228  -0.001807
1381.975909  -0.000008
1381.976591   0.002813
1381.977272  -0.000735
1381.977953  -0.001208
1381.978634  -0.003122
1381.979315  -0.001009
1381.979996   0.001743
1381.980677   0.000396
1381.981358  -0.000459
1381.982040   0.000922
1381.982721  -0.000643
1381.983402  -0.000126
1381.984083  -0.000419
1381.984764  -0.001448
1381.985445  -0.002086
1381.986126   0.001421
1381.986808  -0.000803
1381.987489  -0.000876
1381.988170   0.000775
1381.988851   0.000597
1381.989532   0.000748
1381.990213  -0.003081
1381.990894  -0.001548
1381.991575  -0.000856
1381.992257  -0.000592
1381.992938  -0.001559
1381.993619  -0.002104
1381.994300  -0.001077
1381.994981  -0.002216
1381.995662  -0.001616
1381.996344  -0.000477
1381.997025   0.000924
1381.997706   0.001324
1381.998387  -0.002041
1381.999068   0.000200
1381.999749   0.000206
1382.000430  -0.000196
1382.001112   0.001798
1382.001793  -0.001006
1382.002474   0.000937
1382.003155  -0.001104
1382.003836   0.000666
1382.004517   0.000714
1382.005198   0.000113
1382.005879  -0.001349
1382.006561  -0.000866
1382.007242  -0.002261
1382.007923  -0.000087
1382.008604  -0.001367
1382.009285  -0.000449
1382.009966  -0.001960
1382.010647  -0.000357
1382.011329  -0.001465
1382.012010  -0.001235
1382.012691  -0.001332
1382.013372   0.001023
1382.014053   0.000253
1382.014734  -0.000864
1382.015415   0.000044
1382.016096  -0.002041
1382.016778   0.001749
1382.017459  -0.002014
1382.018140   0.000631
1382.018821   0.000651
1382.019502  -0.000356
1382.020183  -0.000752
1382.020864   0.000906
1382.021546  -0.000428
1382.022227   0.000602
1382.022908   0.001202
1382.023589   0.001109
1382.024270   0.000992
1382.024951  -0.001591
1382.025632  -0.000034
1382.026313  -0.000764
1382.026995  -0.001126
1382.027676  -0.001616
1382.028357  -0.000505
1382.029038  -0.001788
1382.029719  -0.001965
1382.030400  -0.001357
1382.031081  -0.001888
1382.031763  -0.000359
1382.032444  -0.000077
1382.033125   0.002015
1382.033806  -0.001134
1382.034487  -0.000641
1382.035168  -0.001260
1382.035849   0.000732
1382.036530   0.000413
1382.037212  -0.002333
1382.037893  -0.000080
1382.038574  -0.002606
1382.039255   0.000391
1382.039936  -0.000948
1382.040617  -0.002327
1382.041299   0.001091
1382.041980  -0.000326
1382.042661  -0.002949
1382.043342   0.000585
1382.044023  -0.001451
1382.044704   0.000246
1382.045385   0.000090
1382.046067  -0.002809
1382.046748  -0.001649
1382.047429  -0.002630
1382.048110  -0.000762
1382.048791  -0.000857
1382.049472  -0.000090
1382.050153  -0.000434
1382.050834   0.000389
1382.051516  -0.000086
1382.052197   0.000075
1382.052878   0.000942
1382.053559   0.001824
1382.054240   0.001239
1382.054921  -0.002837
1382.055602   0.001316
1382.056284  -0.001176
1382.056965  -0.001045
1382.057646  -0.000874
1382.058327  -0.000710
1382.059008   0.001387
1382.059689  -0.000215
1382.060370  -0.002504
1382.061051  -0.001789
1382.061733  -0.001991
1382.062414   0.000080
1382.063095   0.001209
1382.063776  -0.000472
1382.064457  -0.000282
1382.065138  -0.002312
1382.065819  -0.001318
1382.066501  -0.000486
1382.067182   0.000822
1382.067863   0.000004
1382.068544  -0.000381
1382.069225   0.001423
1382.069906  -0.001923
1382.070587  -0.000129
1382.071269   0.000179
1382.071950  -0.000459
1382.072631  -0.001169
1382.073312  -0.000745
1382.073993  -0.001279
1382.074674  -0.002406
1382.075355   0.000737
1382.076036  -0.001855
1382.076718  -0.000632
1382.077399  -0.004050
1382.078080   0.001143
1382.078761   0.002703
1382.079442  -0.000573
1382.080123   0.000696
1382.080804  -0.000579
1382.081485  -0.001667
1382.082167  -0.000838
1382.082848   0.000015
1382.083529  -0.001305
1382.084210  -0.002268
1382.084891  -0.001376
1382.085572  -0.001525
1382.086254   0.002302
1382.086935  -0.000443
1382.087616  -0.000576
1382.088297   0.000506
1382.088978  -0.000821
1382.089659   0.001525
1382.090340  -0.000864
1382.091021  -0.000634
1382.091703  -0.001716
1382.092384  -0.000286
1382.093065  -0.000412
1382.093746  -0.000445
1382.094427  -0.000058
1382.095108  -0.000663
1382.095789  -0.000239
1382.096471  -0.001284
1382.097152  -0.001602
1382.097833  -0.002799
1382.098514  -0.001609
1382.099195   0.000260
1382.099876  -0.001123
1382.100557  -0.002510
1382.101239  -0.000669
1382.101920  -0.002178
1382.102601  -0.000117
1382.103282  -0.000777
1382.103963   0.000134
1382.104644   0.001304
1382.105325  -0.001271
1382.106006   0.000359
1382.106688   0.001243
1382.107369  -0.000287
1382.108050  -0.001754
1382.108731  -0.000977
1382.109412  -0.001736
1382.110093  -0.000323
1382.110774  -0.000671
1382.111456  -0.003226
1382.112137  -0.000381
1382.112818  -0.000177
1382.113499  -0.000951
1382.114180  -0.003078
1382.114861   0.001272
1382.115542  -0.003078
1382.116223  -0.002110
1382.116905  -0.000323
1382.117586  -0.001072
1382.118267  -0.000099
1382.118948   0.000666
1382.119629  -0.001696
1382.120310  -0.001342
1382.120991  -0.000728
1382.121673   0.000468
1382.122354  -0.001508
1382.123035   0.001014
1382.123716  -0.000864
1382.124397  -0.000606
1382.125078  -0.001904
1382.125760  -0.001277
1382.126441  -0.000855
1382.127122  -0.001445
1382.127803  -0.001145
1382.128484   0.001205
1382.129165  -0.000016
1382.129846   0.000004
1382.130527   0.000986
1382.131209  -0.001169
1382.131890  -0.001409
1382.132571  -0.000627
1382.133252  -0.001299
1382.133933  -0.000744
1382.134614  -0.001590
1382.135295  -0.000641
1382.135976   0.000001
1382.136658  -0.001028
1382.137339   0.001250
1382.138020  -0.000267
1382.138701   0.000249
1382.139382  -0.001948
1382.140063  -0.002929
1382.140744  -0.001250
1382.141426  -0.002020
1382.142107  -0.000950
1382.142788  -0.001810
1382.143469  -0.002750
1382.144150   0.001755
1382.144831  -0.000195
1382.145512  -0.002501
1382.146193  -0.003487
1382.146875  -0.001123
1382.147556  -0.000515
1382.148237  -0.001687
1382.148918  -0.000938
1382.149599  -0.000599
1382.150280   0.000191
1382.150962   0.001019
1382.151643  -0.002219
1382.152324  -0.001205
1382.153005  -0.001624
1382.153686  -0.001415
1382.154367   0.000826
1382.155048  -0.001042
1382.155729   0.000732
1382.156411  -0.002530
1382.157092  -0.000015
1382.157773  -0.000230
1382.158454  -0.001809
1382.159135  -0.001777
1382.159816   0.000379
1382.160497  -0.001028
1382.161178  -0.000720
1382.161860  -0.002064
1382.162541   0.000361
1382.163222  -0.000712
1382.163903  -0.001017
1382.164584  -0.000179
1382.165265  -0.000022
1382.165946  -0.000329
1382.166628  -0.001597
1382.167309   0.000769
1382.167990  -0.000744
1382.168671  -0.002879
1382.169352  -0.000446
1382.170033  -0.002770
1382.170714   0.000732
1382.171396   0.001390
1382.172077  -0.000630
1382.172758  -0.002170
1382.173439  -0.000228
1382.174120  -0.001378
1382.174801  -0.000042
1382.175482  -0.000236
1382.176164  -0.000669
1382.176845  -0.001846
1382.177526  -0.000099
1382.178207  -0.001564
1382.178888  -0.003410
1382.179569  -0.001106
1382.180250  -0.000609
1382.180932  -0.002144
1382.181613  -0.001299
1382.182294  -0.001014
1382.182975  -0.001292
1382.183656  -0.001003
1382.184337  -0.003501
1382.185018  -0.001118
1382.185699  -0.000104
1382.186381  -0.001239
1382.187062   0.000388
1382.187743  -0.000740
1382.188424  -0.002637
1382.189105   0.000064
1382.189786  -0.000517
1382.190467  -0.000790
1382.191149  -0.000269
1382.191830  -0.000474
1382.192511   0.000726
1382.193192   0.000057
1382.193873   0.000230
1382.194554  -0.000514
1382.195235   0.000047
1382.195916  -0.000883
1382.196598   0.001650
1382.197279  -0.000584
1382.197960   0.000334
1382.198641  -0.000539
1382.199322  -0.003399
1382.200003  -0.000029
1382.200684   0.000274
1382.201366  -0.001447
1382.202047  -0.001198
1382.202728   0.000525
1382.203409  -0.002002
1382.204090   0.000446
1382.204771   0.001595
1382.205452  -0.002352
1382.206134   0.002047
1382.206815  -0.000834
1382.207496  -0.001940
1382.208177  -0.001718
1382.208858  -0.001835
1382.209539  -0.000313
1382.210220  -0.003833
1382.210901  -0.001604
1382.211583   0.000825
1382.212264   0.001700
1382.212945  -0.001185
1382.213626  -0.002732
1382.214307  -0.002359
1382.214988  -0.000472
1382.215669  -0.001039
1382.216351   0.001591
1382.217032   0.001280
1382.217713  -0.002307
1382.218394  -0.002633
1382.219075   0.000323
1382.219756  -0.001029
1382.220437  -0.002175
1382.221119  -0.001708
1382.221800   0.000884
1382.222481   0.000904
1382.223162  -0.001343
1382.223843   0.000079
1382.224524   0.000071
1382.225205  -0.001521
1382.225887   0.000065
1382.226568   0.000467
1382.227249  -0.000209
1382.227930  -0.000871
1382.228611  -0.003086
1382.229292  -0.000626
1382.229973   0.001412
1382.230654  -0.001099
1382.231336  -0.002459
1382.232017  -0.000829
1382.232698  -0.000229
1382.233379   0.000554
1382.234060   0.000586
1382.234741  -0.001862
1382.235422  -0.002426
1382.236104  -0.000353
1382.236785  -0.000399
1382.237466  -0.000915
1382.238147  -0.001673
1382.238828   0.001623
1382.239509  -0.000201
1382.240190  -0.002733
1382.240871  -0.000667
1382.241553  -0.000205
1382.242234  -0.000189
1382.242915   0.002264
1382.243596  -0.003462
1382.244277  -0.003723
1382.244958   0.001041
1382.245639   0.000312
1382.246321   0.001959
1382.247002  -0.000260
1382.247683   0.000160
1382.248364  -0.002385
1382.249045  -0.002411
1382.249726  -0.001078
1382.250407  -0.000729
1382.251089  -0.001959
1382.251770  -0.000615
1382.252451  -0.001311
1382.253132   0.000234
1382.253813  -0.000768
1382.254494  -0.002456
1382.255175  -0.001206
1382.255856  -0.000367
1382.256538   0.000251
1382.257219  -0.000996
1382.257900  -0.001260
1382.258581  -0.000624
1382.259262  -0.001139
1382.259943  -0.000140
1382.260624  -0.001551
1382.261306  -0.001677
1382.261987  -0.000514
1382.262668   0.000445
1382.263349  -0.002121
1382.264030  -0.000232
1382.264711  -0.000810
1382.265392  -0.000397
1382.266074  -0.001645
1382.266755  -0.000735
1382.267436   0.000106
1382.268117  -0.000794
1382.268798  -0.000875
1382.269479   0.000522
1382.270160  -0.000813
1382.270841   0.000763
1382.271523  -0.001428
1382.272204  -0.001200
1382.272885  -0.002729
1382.273566   0.000465
1382.274247  -0.000264
1382.274928  -0.000440
1382.275609  -0.001643
1382.276291   0.000229
1382.276972  -0.001165
1382.277653  -0.001139
1382.278334  -0.001518
1382.279015  -0.000468
1382.279696  -0.001716
1382.280377   0.000167
1382.281059  -0.000124
1382.281740   0.000782
1382.282421  -0.001160
1382.283102  -0.002263
1382.283783  -0.000069
1382.284464   0.000738
1382.285145   0.000343
1382.285826  -0.000034
1382.286508   0.000035
1382.287189  -0.000650
1382.287870  -0.001035
1382.288551  -0.000984
1382.289232  -0.000571
1382.289913   0.000159
1382.290594  -0.000761
1382.291276   0.001621
1382.291957  -0.000397
1382.292638  -0.001216
1382.293319  -0.000054
1382.294000   0.000171
1382.294681  -0.001777
1382.295362  -0.001034
1382.296043  -0.000145
1382.296725  -0.000031
1382.297406  -0.001930
1382.298087  -0.000652
1382.298768  -0.002423
1382.299449  -0.001391
1382.300130   0.000049
1382.300811  -0.002333
1382.301493   0.000161
1382.302174  -0.001918
1382.302855  -0.001572
1382.303536  -0.000982
1382.304217  -0.000699
1382.304898  -0.002067
1382.305579   0.000059
1382.306261  -0.001606
1382.306942  -0.002791
1382.307623  -0.002389
1382.308304  -0.001556
1382.308985  -0.000961
1382.309666  -0.001687
1382.310347  -0.002064
1382.311028  -0.000370
1382.311710  -0.000299
1382.312391  -0.000865
1382.313072   0.001636
1382.313753   0.000639
1382.314434  -0.001631
1382.315115  -0.000211
1382.315797   0.001498
1382.316478  -0.000259
1382.317159  -0.001956
1382.317840  -0.001790
1382.318521  -0.001342
1382.319202  -0.000152
1382.319883  -0.003750
1382.320564  -0.000236
1382.321246  -0.003204
1382.321927  -0.003306
1382.322608  -0.000465
1382.323289   0.000436
1382.323970  -0.001663
1382.324651  -0.000698
1382.325332  -0.001795
1382.326014  -0.001906
1382.326695  -0.000746
1382.327376  -0.000474
1382.328057   0.000739
1382.328738  -0.000292
1382.329419   0.000211
1382.330100  -0.000990
1382.330781   0.000432
1382.331463   0.000742
1382.332144   0.000236
1382.332825   0.001093
1382.333506  -0.000460
1382.334187   0.000589
1382.334868  -0.001033
1382.335549  -0.001462
1382.336231  -0.001956
1382.336912   0.000274
1382.337593   0.000638
1382.338274  -0.000696
1382.338955  -0.001221
1382.339636  -0.001925
1382.340317   0.000245
1382.340998   0.000343
1382.341680   0.001496
1382.342361  -0.000727
1382.343042   0.000812
1382.343723   0.000799
1382.344404  -0.003640
1382.345085  -0.001021
1382.345766  -0.000010
1382.346448  -0.001429
1382.347129  -0.001111
1382.347810  -0.000035
1382.348491  -0.000936
1382.349172  -0.000469
1382.349853  -0.002033
1382.350534   0.000447
1382.351216  -0.000746
1382.351897   0.000155
1382.352578  -0.000773
1382.353259  -0.000872
1382.353940   0.000284
1382.354621  -0.000354
1382.355302  -0.000289
1382.355983  -0.000118
1382.356665  -0.001561
1382.357346   0.000519
1382.358027  -0.001704
1382.358708  -0.001036
1382.359389   0.000043
1382.360070  -0.000424
1382.360752   0.000227
1382.361433   0.000873
1382.362114  -0.002151
1382.362795   0.000451
1382.363476  -0.000576
1382.364157  -0.003075
1382.364838  -0.002250
1382.365519   0.001146
1382.366201   0.000778
1382.366882  -0.000429
1382.367563   0.000644
1382.368244   0.000287
1382.368925   0.000184
1382.369606  -0.003070
1382.370287  -0.000579
1382.370969   0.000053
1382.371650   0.000851
1382.372331   0.000093
1382.373012  -0.000385
1382.373693   0.003206
1382.374374   0.000217
1382.375055  -0.001634
1382.375736   0.000461
1382.376418  -0.000349
1382.377099  -0.000881
1382.377780  -0.001048
1382.378461   0.000084
1382.379142  -0.001188
1382.379823  -0.000282
1382.380504  -0.000151
1382.381186  -0.001384
1382.381867   0.000148
1382.382548  -0.002005
1382.383229   0.001242
1382.383910  -0.000195
1382.384591  -0.001212
1382.385272  -0.001991
1382.385954  -0.003003
1382.386635  -0.003187
1382.387316  -0.000875
1382.387997  -0.002392
1382.388678  -0.000529
1382.389359   0.001463
1382.390040  -0.000442
1382.390721  -0.000281
1382.391403  -0.001565
1382.392084  -0.002515
1382.392765  -0.000641
1382.393446  -0.001186
1382.394127  -0.000528
1382.394808  -0.002949
1382.395489  -0.000681
1382.396171  -0.001266
1382.396852   0.000211
1382.397533  -0.000671
1382.398214   0.001123
1382.398895  -0.000641
1382.399576  -0.002777
1382.400257  -0.002446
1382.400938   0.000539
1382.401620   0.000271
1382.402301   0.000165
1382.402982  -0.001538
1382.403663  -0.000986
1382.404344  -0.000813
1382.405025  -0.000262
1382.405707  -0.000076
1382.406388  -0.001675
1382.407069  -0.002457
1382.407750  -0.000771
1382.408431   0.000973
1382.409112   0.000261
1382.409793  -0.000238
1382.410474  -0.001223
1382.411156  -0.000837
1382.411837  -0.002688
1382.412518  -0.000180
1382.413199   0.001657
1382.413880  -0.001711
1382.414561   0.000832
1382.415242   0.001282
1382.415924  -0.000193
1382.416605   0.000609
1382.417286  -0.000043
1382.417967  -0.002689
1382.418648  -0.000375
1382.419329  -0.002846
1382.420010   0.000909
1382.420691  -0.001734
1382.421373  -0.000484
1382.422054  -0.002197
1382.422735  -0.001717
1382.423416  -0.000339
1382.424097  -0.000802
1382.424778  -0.000756
1382.425459  -0.000591
1382.426141  -0.000978
1382.426822   0.000219
1382.427503  -0.001130
1382.428184  -0.003196
1382.428865  -0.000683
1382.429546  -0.001031
1382.430227   0.000801
1382.430908   0.001260
1382.431590  -0.001563
1382.432271   0.000185
1382.432952  -0.001247
1382.433633  -0.000243
1382.434314  -0.001224
1382.434995  -0.000416
1382.435676   0.000056
1382.436358  -0.001428
1382.437039  -0.001368
1382.437720  -0.000900
1382.438401  -0.000723
1382.439082  -0.002078
1382.439763   0.001079
1382.440444  -0.000429
1382.441126  -0.001862
1382.441807   0.001353
1382.442488  -0.000402
1382.443169  -0.001384
1382.443850  -0.000420
1382.444531  -0.001562
1382.445212  -0.000177
1382.445893  -0.002137
1382.446575  -0.000158
1382.447256  -0.000874
1382.447937  -0.002010
1382.448618   0.000438
1382.449299   0.002201
1382.449980  -0.001758
1382.450661   0.001673
1382.451343  -0.001276
1382.452024  -0.001931
1382.452705  -0.001760
1382.453386  -0.000254
1382.454067  -0.001309
1382.454748  -0.001921
1382.455429   0.000227
1382.456111  -0.001553
1382.456792  -0.003562
1382.457473   0.000632
1382.458154  -0.001688
1382.458835  -0.001248
1382.459516  -0.000218
1382.460197  -0.002458
1382.460879  -0.000255
1382.461560  -0.000825
1382.462241  -0.001525
1382.462922   0.003196
1382.463603  -0.003151
1382.464284  -0.000352
1382.464965  -0.000349
1382.465646  -0.001003
1382.466328   0.000231
1382.467009  -0.000521
1382.467690  -0.000956
1382.468371  -0.000544
1382.469052   0.000483
1382.469733  -0.000586
1382.470414  -0.001020
1382.471096   0.002017
1382.471777   0.001310
1382.472458  -0.001290
1382.473139   0.000715
1382.473820  -0.001531
1382.474501   0.000785
1382.475182  -0.001051
1382.475864   0.000488
1382.476545  -0.000934
1382.477226   0.001537
1382.477907   0.001196
1382.478588  -0.000997
1382.479269  -0.000901
1382.479950  -0.000637
1382.480631  -0.001783
1382.481313  -0.000682
1382.481994  -0.003266
1382.482675  -0.000139
1382.483356  -0.001275
1382.484037   0.000250
1382.484718  -0.000738
1382.485399  -0.000674
1382.486080  -0.001840
1382.486762  -0.002229
1382.487443  -0.001197
1382.488124  -0.002596
1382.488805  -0.000977
1382.489486  -0.001291
1382.490167   0.000549
1382.490848   0.000194
1382.491530  -0.001978
1382.492211  -0.002727
1382.492892   0.000012
1382.493573  -0.000864
1382.494254   0.000256
1382.494935   0.000608
1382.495617  -0.000271
1382.496298   0.000388
1382.496979  -0.000309
1382.497660  -0.002083
1382.498341  -0.000113
1382.499022  -0.001002
1382.499703  -0.001664
1382.500384  -0.000137
1382.501066  -0.003404
1382.501747   0.001517
1382.502428  -0.000827
1382.503109   0.000321
1382.503790  -0.000286
1382.504471  -0.000375
1382.505152   0.000672
1382.505834   0.000133
1382.506515   0.000095
1382.507196  -0.001631
1382.507877  -0.000429
1382.508558   0.000314
1382.509239  -0.002776
1382.509920  -0.000674
1382.510601  -0.001523
1382.511283  -0.000266
1382.511964  -0.000551
1382.512645  -0.001731
1382.513326   0.000784
1382.514007  -0.001640
1382.514688  -0.001563
1382.515369  -0.001877
1382.516051  -0.001108
1382.516732   0.000205
1382.517413  -0.000142
1382.518094  -0.000802
1382.518775  -0.000027
1382.519456  -0.000325
1382.520137  -0.001650
1382.520819  -0.001929
1382.521500   0.001070
1382.522181   0.000803
1382.522862  -0.001160
1382.523543  -0.000533
1382.524224  -0.000607
1382.524905  -0.001435
1382.525586  -0.000237
1382.526268  -0.000732
1382.526949   0.001401
1382.527630   0.000568
1382.528311  -0.000979
1382.528992  -0.001635
1382.529673   0.001111
1382.530354   0.000920
1382.531036  -0.002204
1382.531717  -0.001262
1382.532398  -0.000144
1382.533079  -0.001037
1382.533760  -0.000788
1382.534441  -0.001731
1382.535122   0.001146
1382.535803   0.000677
1382.536485  -0.001085
1382.537166  -0.000883
1382.537847  -0.000917
1382.538528  -0.002435
1382.539209   0.000060
1382.539890  -0.001035
1382.540571   0.000136
1382.541252  -0.000590
1382.541934  -0.002475
1382.542615  -0.000631
1382.543296   0.000835
1382.543977   0.000621
1382.544658  -0.000959
1382.545339  -0.001223
1382.546021  -0.001519
1382.546702   0.000823
1382.547383   0.001086
1382.548064  -0.000478
1382.548745  -0.002061
1382.549426  -0.000539
1382.550107  -0.000302
1382.550789  -0.000820
1382.551470  -0.001387
