1449.493141  -0.000284
1449.493822   0.000098
1449.494503  -0.002828
1449.495185  -0.000442
1449.495866  -0.000634
1449.496547  -0.002110
1449.497228  -0.000686
1449.497909  -0.001100
1449.498590   0.000451
1449.499271  -0.003359
1449.499952  -0.001057
1449.500633  -0.002551
1449.501315  -0.001187
1449.501996  -0.002917
1449.502677  -0.003539
1449.503358  -0.001377
1449.504039  -0.002309
1449.504720   0.000833
1449.505401  -0.001705
1449.506082  -0.000116
1449.506763   0.000369
1449.507444   0.000134
1449.508125   0.000647
1449.508807  -0.001442
1449.509488  -0.001039
1449.510169  -0.002436
1449.510850   0.000623
1449.511531  -0.000853
1449.512212  -0.002050
1449.512893  -0.001868
1449.513574  -0.001529
1449.514255  -0.001926
1449.514936  -0.001805
1449.515618   0.000263
1449.516299  -0.000236
1449.516980   0.000881
1449.517661  -0.000738
1449.518342   0.000427
1449.519023   0.000516
1449.519704  -0.000825
1449.520385  -0.000501
1449.521066  -0.000495
1449.521747  -0.000993
1449.522429  -0.001577
1449.523110  -0.002673
1449.523791   0.001231
1449.524472  -0.002307
1449.525153   0.000480
1449.525834  -0.003276
1449.526515   0.000103
1449.527196  -0.001193
1449.527877  -0.001266
1449.528559   0.000216
1449.529240   0.000412
1449.529921  -0.000877
1449.530602   0.000002
1449.531283   0.000484
1449.531964  -0.000055
1449.532645  -0.000956
1449.533326   0.000006
1449.534007  -0.002720
1449.534688  -0.003607
1449.535370  -0.003371
1449.536051  -0.000066
1449.536732  -0.000466
1449.537413  -0.002328
1449.538094  -0.004569
1449.538775  -0.001227
1449.539456  -0.001304
1449.540137  -0.002673
1449.540818  -0.002331
1449.541499  -0.000212
1449.542181   0.000233
1449.542862  -0.000250
1449.543543   0.000447
1449.544224  -0.000734
1449.544905  -0.001679
1449.545586  -0.001743
1449.546267  -0.001696
1449.546948  -0.003955
1449.547629  -0.000007
1449.548310  -0.001086
1449.548992  -0.000044
1449.549673  -0.002038
1449.550354  -0.000588
1449.551035   0.000877
1449.551716  -0.001138
1449.552397  -0.001535
1449.553078  -0.001243
1449.553759  -0.001208
1449.554440  -0.000383
1449.555121  -0.001451
1449.555803  -0.002258
1449.556484  -0.001746
1449.557165  -0.002126
1449.557846  -0.001414
1449.558527  -0.003682
1449.559208  -0.002311
1449.559889  -0.001718
1449.560570  -0.001433
1449.561251  -0.000780
1449.561932  -0.000968
1449.562614  -0.000524
1449.563295  -0.002195
1449.563976  -0.000827
1449.564657  -0.002158
1449.565338   0.001314
1449.566019   0.000195
1449.566700  -0.001787
1449.567381  -0.000203
1449.568062  -0.002776
1449.568743  -0.000926
1449.569425   0.000284
1449.570106   0.000037
1449.570787  -0.000054
1449.571468  -0.002948
1449.572149  -0.000450
1449.572830  -0.001967
1449.573511  -0.000645
1449.574192   0.000312
1449.574873  -0.001048
1449.575554   0.000474
1449.576236   0.001012
1449.576917  -0.002520
1449.577598   0.000716
1449.578279   0.001453
1449.578960   0.002300
1449.579641  -0.000845
1449.580322  -0.001387
1449.581003   0.000176
1449.581684  -0.002061
1449.582365  -0.002194
1449.583047  -0.000541
1449.583728   0.000636
1449.584409  -0.001076
1449.585090  -0.000441
1449.585771  -0.000487
1449.586452  -0.000323
1449.587133  -0.001190
1449.587814  -0.002063
1449.588495  -0.001743
1449.589176  -0.001072
1449.589858  -0.000479
1449.590539  -0.002358
1449.591220  -0.001651
1449.591901  -0.000992
1449.592582  -0.000668
1449.593263   0.000791
1449.593944  -0.000050
1449.594625  -0.000357
1449.595306  -0.001032
1449.595987  -0.002314
1449.596669  -0.001491
1449.597350   0.000333
1449.598031  -0.002003
1449.598712   0.000004
1449.599393   0.000727
1449.600074  -0.000815
1449.600755   0.001124
1449.601436  -0.000896
1449.602117   0.000515
1449.602798  -0.000447
1449.603480   0.001102
1449.604161  -0.002695
1449.604842   0.000559
1449.605523   0.000016
1449.606204   0.000966
1449.606885  -0.001081
1449.607566  -0.000817
1449.608247  -0.001216
1449.608928  -0.001255
1449.609609   0.002008
1449.610291  -0.000366
1449.610972  -0.001165
1449.611653   0.000953
1449.612334  -0.000848
1449.613015   0.001576
1449.613696  -0.000693
1449.614377  -0.000226
1449.615058  -0.000943
1449.615739   0.001200
1449.616421   0.000825
1449.617102  -0.000517
1449.617783  -0.000218
1449.618464  -0.002191
1449.619145  -0.000016
1449.619826  -0.000531
1449.620507  -0.001617
1449.621188  -0.000956
1449.621869  -0.001215
1449.622550  -0.002263
1449.623232   0.000787
1449.623913  -0.000765
1449.624594  -0.000091
1449.625275  -0.001746
1449.625956  -0.001857
1449.626637   0.001003
1449.627318  -0.000864
1449.627999  -0.002356
1449.628680  -0.000258
1449.629361  -0.001286
1449.630043  -0.000667
1449.630724  -0.000366
1449.631405  -0.000569
1449.632086  -0.000630
1449.632767   0.000873
1449.633448   0.001177
1449.634129  -0.002206
1449.634810  -0.000380
1449.635491  -0.000138
1449.636172   0.000186
1449.636853   0.001064
1449.637535   0.001677
1449.638216  -0.001570
1449.638897  -0.001142
1449.639578  -0.002673
1449.640259  -0.001685
1449.640940   0.000683
1449.641621  -0.000566
1449.642302  -0.000616
1449.642983  -0.000906
1449.643665  -0.002181
1449.644346   0.000874
1449.645027  -0.000011
1449.645708  -0.000655
1449.646389  -0.001048
1449.647070  -0.000244
1449.647751   0.000561
1449.648432  -0.000736
1449.649113  -0.002077
1449.649794  -0.000518
1449.650476  -0.001581
1449.651157  -0.001123
1449.651838  -0.002774
1449.652519  -0.000457
1449.653200   0.000664
1449.653881  -0.000211
1449.654562  -0.000728
1449.655243  -0.000329
1449.655924  -0.000188
1449.656605  -0.001189
1449.657287  -0.002907
1449.657968  -0.000500
1449.658649  -0.001045
1449.659330  -0.000654
1449.660011  -0.001086
1449.660692  -0.000271
1449.661373  -0.000314
1449.662054  -0.000013
1449.662735   0.000660
1449.663416  -0.000602
1449.664097  -0.000669
1449.664779  -0.000559
1449.665460  -0.000097
1449.666141  -0.001486
1449.666822   0.001062
1449.667503  -0.001767
1449.668184  -0.002227
1449.668865  -0.000354
1449.669546   0.000719
1449.670227  -0.001995
1449.670909  -0.001101
1449.671590  -0.001408
1449.672271  -0.001267
1449.672952   0.000305
1449.673633  -0.000973
1449.674314  -0.000003
1449.674995   0.000360
1449.675676  -0.001454
1449.676357  -0.001919
1449.677038  -0.001660
1449.677720   0.000742
1449.678401   0.000238
1449.679082   0.000205
1449.679763  -0.000561
1449.680444   0.000855
1449.681125  -0.000775
1449.681806  -0.000739
1449.682487   0.000521
1449.683168  -0.001893
1449.683849  -0.000449
1449.684531  -0.000268
1449.685212  -0.001050
1449.685893   0.000519
1449.686574  -0.001222
1449.687255   0.001018
1449.687936   0.000052
1449.688617  -0.000110
1449.689298   0.000935
1449.689979  -0.000358
1449.690661  -0.000134
1449.691342  -0.001950
1449.692023  -0.001060
1449.692704  -0.000875
1449.693385   0.000907
1449.694066  -0.000080
1449.694747  -0.000556
1449.695428   0.000386
1449.696109  -0.001226
1449.696790  -0.002112
1449.697472   0.000162
1449.698152  -0.002390
1449.698834  -0.000253
1449.699515   0.000415
1449.700196   0.000464
1449.700877   0.000468
1449.701558  -0.002301
1449.702239  -0.001379
1449.702920   0.000296
1449.703601  -0.000337
1449.704283  -0.001433
1449.704964   0.000092
1449.705645  -0.001462
1449.706326   0.000341
1449.707007  -0.000179
1449.707688  -0.002317
1449.708369   0.001216
1449.709050  -0.000314
1449.709731  -0.001204
1449.710412  -0.000574
1449.711094  -0.000442
1449.711775  -0.000563
1449.712456   0.000392
1449.713137  -0.001765
1449.713818  -0.000718
1449.714499  -0.001361
1449.715180  -0.002794
1449.715861   0.000235
1449.716542  -0.001500
1449.717223  -0.000827
1449.717905  -0.000062
1449.718586  -0.000644
1449.719267  -0.000166
1449.719948   0.000066
1449.720629   0.001312
1449.721310   0.000894
1449.721991  -0.002078
1449.722672   0.000444
1449.723353  -0.000155
1449.724034  -0.001500
1449.724716  -0.001267
1449.725397  -0.001029
1449.726078  -0.000931
1449.726759   0.000588
1449.727440   0.000097
1449.728121  -0.002301
1449.728802  -0.000092
1449.729483   0.001609
1449.730164   0.000170
1449.730845   0.000939
1449.731526  -0.001258
1449.732208  -0.001188
1449.732889   0.001488
1449.733570   0.000440
1449.734251   0.000447
1449.734932  -0.001093
1449.735613  -0.001654
1449.736294  -0.000976
1449.736975  -0.001074
1449.737656  -0.001052
1449.738338  -0.002569
1449.739019  -0.000450
1449.739700  -0.001684
1449.740381  -0.001715
1449.741062  -0.000313
1449.741743  -0.001228
1449.742424  -0.002419
1449.743105   0.000842
1449.743786  -0.000476
1449.744467   0.000734
1449.745149   0.001742
1449.745830   0.001728
1449.746511  -0.000643
1449.747192  -0.000854
1449.747873  -0.000246
1449.748554  -0.000222
1449.749235  -0.001332
1449.749916  -0.000280
1449.750597  -0.000909
1449.751278  -0.001832
1449.751960   0.000585
1449.752641  -0.000852
1449.753322   0.001061
1449.754003  -0.000544
1449.754684  -0.001673
1449.755365   0.000205
1449.756046  -0.000419
1449.756727   0.000965
1449.757408  -0.000452
1449.758089  -0.001224
1449.758771  -0.001512
1449.759452   0.000503
1449.760133  -0.000504
1449.760814  -0.002833
1449.761495   0.001830
1449.762176  -0.000382
1449.762857  -0.000589
1449.763538  -0.001084
1449.764219  -0.001085
1449.764900   0.001278
1449.765582  -0.001176
1449.766263   0.000495
1449.766944  -0.001332
1449.767625  -0.001567
1449.768306  -0.001470
1449.768987  -0.001674
1449.769668  -0.001999
1449.770349  -0.000868
1449.771030   0.000683
1449.771711  -0.001490
1449.772393   0.000768
1449.773074  -0.001889
1449.773755  -0.001592
1449.774436   0.000502
1449.775117  -0.000433
1449.775798  -0.002717
1449.776479  -0.001710
1449.777160  -0.000850
1449.777841  -0.001606
1449.778522  -0.001535
1449.779204  -0.000196
1449.779885  -0.001264
1449.780566   0.000626
1449.781247   0.002197
1449.781928   0.000642
1449.782609   0.001618
1449.783290   0.000104
1449.783971  -0.001270
1449.784652  -0.000484
1449.785334   0.000587
1449.786015  -0.002084
1449.786696  -0.003620
1449.787377  -0.000735
1449.788058  -0.000102
1449.788739  -0.000697
1449.789420  -0.000545
1449.790101  -0.001208
1449.790782  -0.000742
1449.791463  -0.000367
1449.792145  -0.000719
1449.792825  -0.002836
1449.793507  -0.000431
1449.794188  -0.000333
1449.794869  -0.000384
1449.795550  -0.000408
1449.796231  -0.002529
1449.796912  -0.000945
1449.797593  -0.001684
1449.798274  -0.000585
1449.798955  -0.001366
1449.799637   0.000449
1449.800318  -0.001448
1449.800999  -0.001459
1449.801680   0.001253
1449.802361  -0.002174
1449.803042   0.002145
1449.803723   0.001125
1449.804404  -0.001536
1449.805085  -0.000255
1449.805766  -0.000073
1449.806448  -0.001060
1449.807129  -0.000279
1449.807810  -0.001772
1449.808491  -0.001573
1449.809172  -0.000394
1449.809853   0.000500
1449.810534  -0.001827
1449.811215   0.001183
1449.811896  -0.001298
1449.812578  -0.000314
1449.813259  -0.000795
1449.813940   0.000272
1449.814621   0.000032
1449.815302  -0.001181
1449.815983   0.001065
1449.816664  -0.000644
1449.817345   0.000881
1449.818026  -0.000016
1449.818707  -0.000479
1449.819389   0.000247
1449.820070   0.000177
1449.820751  -0.000680
1449.821432  -0.002655
1449.822113  -0.002193
1449.822794  -0.001456
1449.823475   0.001006
1449.824156   0.000655
1449.824837  -0.000930
1449.825518  -0.001696
1449.826200   0.000100
1449.826881   0.001315
1449.827562  -0.001051
1449.828243  -0.002241
1449.828924   0.000124
1449.829605  -0.001916
1449.830286  -0.001006
1449.830967  -0.001008
1449.831648  -0.002624
1449.832329  -0.000666
1449.833010  -0.001261
1449.833692  -0.000368
1449.834373  -0.001121
1449.835054  -0.002133
1449.835735   0.001411
1449.836416  -0.001278
1449.837097  -0.001455
1449.837778  -0.000674
1449.838459  -0.001409
1449.839140  -0.001829
1449.839822  -0.003565
1449.840503  -0.000385
1449.841184   0.000551
1449.841865   0.002124
1449.842546  -0.000428
1449.843227   0.000583
1449.843908  -0.000947
1449.844589  -0.001165
1449.845270  -0.001756
1449.845951  -0.002157
1449.846633  -0.001530
1449.847314  -0.002025
1449.847995  -0.000842
1449.848676  -0.000167
1449.849357  -0.000892
1449.850038  -0.001820
1449.850719  -0.001001
1449.851400  -0.001126
1449.852081  -0.001024
1449.852762   0.000584
1449.853444  -0.002395
1449.854125  -0.000110
1449.854806   0.000794
1449.855487  -0.000582
1449.856168   0.000617
1449.856849  -0.000216
1449.857530  -0.000738
1449.858211   0.000009
1449.858892  -0.001800
1449.859573  -0.000699
1449.860254  -0.001480
1449.860936   0.000402
1449.861617   0.001559
1449.862298   0.000414
1449.862979  -0.000236
1449.863660   0.000214
1449.864341  -0.000199
1449.865022  -0.000200
1449.865703  -0.002284
1449.866384   0.001798
1449.867065  -0.000558
1449.867747  -0.001226
1449.868428  -0.001142
1449.869109  -0.001664
1449.869790   0.001777
1449.870471  -0.000875
1449.871152   0.000672
1449.871833  -0.004606
1449.872514  -0.001100
1449.873195  -0.000479
1449.873877  -0.002088
1449.874558  -0.001767
1449.875239  -0.001405
1449.875920  -0.000406
1449.876601  -0.000891
1449.877282  -0.000434
1449.877963   0.002447
1449.878644  -0.001777
1449.879325  -0.001730
1449.880007  -0.000146
1449.880688  -0.000346
1449.881369  -0.002408
1449.882050  -0.000770
1449.882731  -0.001548
1449.883412  -0.001420
1449.884093   0.002074
1449.884774  -0.000764
1449.885455  -0.000864
1449.886136   0.000418
1449.886818   0.000284
1449.887499  -0.000351
1449.888180  -0.000086
1449.888861   0.000006
1449.889542  -0.000318
1449.890223  -0.000315
1449.890904  -0.002102
1449.891585  -0.001996
1449.892266  -0.001397
1449.892947  -0.002381
1449.893628   0.001270
1449.894309   0.000322
1449.894991  -0.002134
1449.895672  -0.000755
1449.896353   0.000473
1449.897034  -0.000816
1449.897715   0.000490
1449.898396  -0.002537
1449.899077  -0.001372
1449.899758  -0.000212
1449.900439   0.000521
1449.901121  -0.001117
1449.901802   0.001622
1449.902483  -0.000028
1449.903164   0.000582
1449.903845  -0.001655
1449.904526  -0.000286
1449.905207  -0.002045
1449.905888  -0.002556
1449.906569  -0.002324
1449.907251  -0.001377
1449.907932  -0.000665
1449.908613  -0.002151
1449.909294  -0.001277
1449.909975   0.000226
1449.910656  -0.000565
1449.911337  -0.001139
1449.912018  -0.000333
1449.912699  -0.000384
1449.913380   0.001816
1449.914062  -0.000617
1449.914743  -0.003228
1449.915424  -0.002029
1449.916105  -0.003082
1449.916786  -0.001027
1449.917467  -0.002459
1449.918148  -0.000794
1449.918829  -0.000831
1449.919510  -0.000421
1449.920191  -0.001577
1449.920873  -0.001531
1449.921554  -0.004347
1449.922235  -0.001390
1449.922916  -0.001677
1449.923597   0.001775
1449.924278  -0.001400
1449.924959   0.000422
1449.925640  -0.000997
1449.926321  -0.002555
1449.927002   0.001134
1449.927683   0.000898
1449.928365   0.000938
1449.929046  -0.000982
1449.929727  -0.002009
1449.930408  -0.001159
1449.931089   0.000226
1449.931770   0.001361
1449.932451  -0.001086
1449.933132   0.001816
1449.933813  -0.001178
1449.934495   0.000144
1449.935176  -0.000461
1449.935857  -0.001447
1449.936538   0.000992
1449.937219  -0.000504
1449.937900   0.000263
1449.938581   0.000882
1449.939262  -0.001605
1449.939943   0.000218
1449.940624   0.000350
1449.941306  -0.000065
1449.941987  -0.000436
1449.942668   0.000174
1449.943349  -0.000464
1449.944030  -0.001935
1449.944711   0.000667
1449.945392  -0.000416
1449.946073  -0.000186
1449.946754  -0.000017
1449.947435   0.002963
1449.948117  -0.001641
1449.948798   0.001596
1449.949479   0.001575
1449.950160   0.001091
1449.950841   0.000320
1449.951522   0.000416
1449.952203   0.001165
1449.952884  -0.000795
1449.953565  -0.000482
1449.954246  -0.000562
1449.954928  -0.002215
1449.955609  -0.000312
1449.956290  -0.000455
1449.956971  -0.002506
1449.957652  -0.002049
1449.958333   0.000879
1449.959014  -0.000465
1449.959695  -0.001535
1449.960376  -0.000066
1449.961057  -0.000092
1449.961739  -0.000679
1449.962420   0.000009
1449.963101   0.000945
1449.963782  -0.000444
1449.964463  -0.001047
1449.965144   0.001279
1449.965825   0.000907
1449.966506  -0.000463
1449.967187  -0.000643
1449.967868  -0.000166
1449.968550   0.000572
1449.969231  -0.002159
1449.969912  -0.000953
1449.970593   0.000732
1449.971274  -0.001844
1449.971955  -0.001375
1449.972636  -0.000041
1449.973317  -0.002592
1449.973998  -0.001404
1449.974679  -0.002431
1449.975361  -0.001396
1449.976042  -0.001299
1449.976723  -0.002046
1449.977404  -0.003235
1449.978085   0.000465
1449.978766  -0.001780
1449.979447  -0.001370
1449.980128  -0.002154
1449.980809  -0.001210
1449.981490  -0.002937
1449.982172   0.000240
1449.982853   0.001521
1449.983534  -0.000338
1449.984215  -0.001701
1449.984896  -0.001282
1449.985577  -0.001196
1449.986258  -0.000956
1449.986939   0.001166
1449.987620  -0.000980
1449.988302   0.000899
1449.988982  -0.001653
1449.989664  -0.000956
1449.990345  -0.000883
1449.991026   0.000086
1449.991707   0.001364
1449.992388  -0.000915
1449.993069  -0.000383
1449.993750  -0.002408
1449.994431  -0.001614
1449.995112  -0.002433
1449.995794  -0.000378
1449.996475  -0.001765
1449.997156  -0.001638
1449.997837  -0.000690
1449.998518  -0.002951
1449.999199   0.001113
1449.999880   0.001289
1450.000561  -0.001574
1450.001242   0.000851
1450.001924  -0.002452
1450.002605  -0.000177
1450.003286  -0.001891
1450.003967  -0.000211
1450.004648  -0.001601
1450.005329  -0.000674
1450.006010  -0.001322
1450.006691  -0.000444
1450.007372  -0.001208
1450.008053   0.001919
1450.008735  -0.001774
1450.009416   0.000763
1450.010097  -0.000497
1450.010778   0.000225
1450.011459  -0.001146
1450.012140  -0.001593
1450.012821  -0.003085
1450.013502   0.000106
1450.014183  -0.000501
1450.014864  -0.001402
1450.015546   0.000579
1450.016227   0.000047
1450.016908  -0.000680
1450.017589  -0.001339
1450.018270  -0.000022
1450.018951   0.000195
1450.019632  -0.000647
1450.020313  -0.000264
1450.020994   0.000740
1450.021675  -0.000216
1450.022356  -0.001030
1450.023038  -0.001036
1450.023719  -0.000252
1450.024400  -0.001192
1450.025081  -0.002494
1450.025762  -0.000905
1450.026443   0.001049
1450.027124  -0.001479
1450.027805  -0.001642
1450.028486  -0.000790
1450.029167  -0.000870
1450.029849  -0.001068
1450.030530  -0.001823
1450.031211   0.000094
1450.031892   0.001246
1450.032573   0.002047
1450.033254   0.000670
1450.033935  -0.000537
1450.034616  -0.001138
1450.035297   0.000664
1450.035979  -0.000017
1450.036660  -0.002706
1450.037341  -0.001274
1450.038022  -0.000562
1450.038703   0.001632
1450.039384   0.001186
1450.040065  -0.000804
1450.040746  -0.001184
1450.041427  -0.001871
1450.042108   0.000126
1450.042790  -0.000994
1450.043471  -0.000679
1450.044152  -0.001216
1450.044833   0.000565
1450.045514  -0.001460
1450.046195  -0.001217
1450.046876   0.000369
1450.047557  -0.000200
1450.048238  -0.000200
1450.048919  -0.001649
1450.049601  -0.000157
1450.050282  -0.000290
1450.050963  -0.000637
1450.051644  -0.000510
1450.052325  -0.001886
1450.053006   0.000979
1450.053687  -0.002104
1450.054368   0.001119
1450.055049   0.002232
1450.055730   0.000262
1450.056411   0.000218
1450.057093  -0.001809
1450.057774  -0.002278
1450.058455  -0.001364
1450.059136  -0.001313
1450.059817  -0.002588
1450.060498  -0.002957
1450.061179   0.001424
1450.061860   0.001057
1450.062541  -0.003139
1450.063223  -0.000025
1450.063904  -0.001283
1450.064585  -0.001852
1450.065266  -0.000901
1450.065947  -0.000688
1450.066628   0.000963
1450.067309  -0.001539
1450.067990   0.001984
1450.068671  -0.000878
1450.069352  -0.000671
1450.070034   0.001270
1450.070715   0.000703
1450.071396   0.000955
1450.072077   0.000379
1450.072758  -0.000238
1450.073439   0.000963
1450.074120   0.001367
1450.074801   0.000654
1450.075482   0.001241
1450.076163   0.001480
1450.076845  -0.001701
1450.077526   0.000732
1450.078207   0.000525
1450.078888   0.000453
1450.079569  -0.000018
1450.080250  -0.001258
1450.080931  -0.002662
1450.081612  -0.002927
1450.082293  -0.000454
1450.082974   0.000041
1450.083656  -0.001840
1450.084337  -0.001352
1450.085018   0.000534
1450.085699  -0.001037
1450.086380   0.000469
1450.087061  -0.000248
1450.087742  -0.000302
1450.088423  -0.001856
1450.089104  -0.001564
1450.089785  -0.001399
1450.090467   0.000217
1450.091148  -0.000024
1450.091829   0.000738
1450.092510  -0.001093
1450.093191  -0.000013
1450.093872  -0.000650
1450.094553   0.000081
1450.095234  -0.001596
1450.095915  -0.001767
1450.096596  -0.001669
1450.097278  -0.003006
1450.097959  -0.000733
1450.098640  -0.001938
1450.099321   0.001227
1450.100002   0.000990
1450.100683  -0.001417
1450.101364   0.000490
1450.102045  -0.000327
1450.102726  -0.000918
1450.103407  -0.003471
1450.104089  -0.000889
1450.104770   0.000282
1450.105451  -0.000196
1450.106132   0.000640
1450.106813  -0.001069
1450.107494  -0.000635
1450.108175  -0.002741
1450.108856  -0.001926
1450.109537  -0.000170
1450.110219   0.001432
1450.110900  -0.001049
1450.111581  -0.002376
1450.112262  -0.001006
1450.112943   0.000961
1450.113624   0.000683
1450.114305  -0.000619
1450.114986   0.000741
1450.115667  -0.000803
1450.116348  -0.000290
1450.117030  -0.001705
1450.117710  -0.001983
1450.118392  -0.001694
1450.119073  -0.000009
1450.119754  -0.001248
1450.120435  -0.000055
1450.121116  -0.000465
1450.121797  -0.000209
1450.122478  -0.001146
1450.123159   0.000594
1450.123840  -0.002606
1450.124521   0.000556
1450.125203  -0.001398
1450.125884  -0.000605
1450.126565  -0.000579
1450.127246  -0.001449
1450.127927  -0.000272
1450.128608  -0.001333
1450.129289  -0.001507
1450.129970  -0.002971
1450.130651  -0.001411
1450.131333   0.000280
1450.132014  -0.002783
1450.132695  -0.002608
1450.133376  -0.003050
1450.134057   0.000038
1450.134738  -0.001251
1450.135419  -0.000746
1450.136100  -0.001371
1450.136781  -0.001537
1450.137463  -0.001539
1450.138144   0.000668
1450.138825   0.000149
1450.139506  -0.000804
1450.140187  -0.000276
1450.140868   0.000690
1450.141549   0.000252
1450.142230  -0.002423
1450.142911  -0.002381
1450.143592  -0.002907
1450.144274  -0.001370
1450.144955   0.000905
1450.145636  -0.001398
1450.146317  -0.001837
1450.146998  -0.000905
1450.147679  -0.000047
1450.148360   0.001820
1450.149041   0.000681
1450.149722  -0.000421
1450.150403  -0.001012
1450.151084  -0.000017
1450.151766  -0.002300
1450.152447  -0.000278
1450.153128  -0.002289
1450.153809  -0.001983
1450.154490   0.000983
1450.155171   0.001105
1450.155852  -0.001464
1450.156533   0.000068
1450.157214  -0.002098
1450.157895  -0.001994
1450.158577  -0.001688
1450.159258  -0.001835
1450.159939  -0.001136
1450.160620  -0.001132
1450.161301  -0.000759
1450.161982   0.001271
1450.162663  -0.001868
1450.163344   0.000492
1450.164025   0.000990
1450.164707  -0.002735
1450.165388  -0.000852
1450.166069  -0.001483
1450.166750   0.000283
1450.167431   0.000211
1450.168112  -0.000174
1450.168793  -0.000355
1450.169474   0.000049
1450.170155  -0.000098
1450.170836   0.000256
1450.171518   0.001551
1450.172199  -0.000700
1450.172880  -0.000939
1450.173561   0.000641
1450.174242  -0.001026
1450.174923   0.001047
1450.175604  -0.000436
1450.176285  -0.001474
1450.176966   0.000983
1450.177647  -0.001340
1450.178329   0.001135
1450.179010   0.000938
1450.179691  -0.000119
1450.180372  -0.000868
1450.181053  -0.000381
1450.181734  -0.000762
1450.182415  -0.000127
1450.183096   0.000068
1450.183777   0.000328
1450.184458   0.000758
1450.185139   0.000106
1450.185821   0.000235
1450.186502  -0.000341
1450.187183  -0.000788
1450.187864   0.001723
1450.188545   0.000324
1450.189226  -0.001620
1450.189907   0.000194
1450.190588  -0.001238
1450.191269  -0.001152
1450.191951   0.000400
1450.192632  -0.000325
1450.193313   0.000168
1450.193994   0.000404
1450.194675   0.000309
1450.195356  -0.000817
1450.196037  -0.000639
1450.196718  -0.001041
1450.197399   0.000077
1450.198080  -0.000253
1450.198762  -0.000721
1450.199443   0.002222
1450.200124  -0.000882
1450.200805  -0.000311
1450.201486  -0.001023
1450.202167  -0.001460
1450.202848  -0.000752
1450.203529   0.000837
1450.204210  -0.000143
1450.204891  -0.001112
1450.205573  -0.000329
1450.206254  -0.001549
1450.206935  -0.001473
1450.207616  -0.003355
1450.208297  -0.003057
1450.208978  -0.001163
1450.209659  -0.000288
1450.210340   0.000980
1450.211021  -0.002321
1450.211702  -0.000464
1450.212384  -0.001383
1450.213065  -0.000658
1450.213746  -0.001194
1450.214427  -0.000677
1450.215108  -0.003169
1450.215789   0.000859
1450.216470  -0.000304
1450.217151  -0.001122
1450.217832  -0.000283
1450.218513   0.000895
1450.219194  -0.000704
1450.219876   0.000862
1450.220557  -0.002910
1450.221238  -0.000032
1450.221919  -0.000390
1450.222600  -0.000681
1450.223281   0.000628
1450.223962  -0.000185
1450.224643   0.000015
1450.225324  -0.000978
1450.226006   0.000482
1450.226687  -0.000040
1450.227368  -0.001407
1450.228049   0.001554
1450.228730   0.000644
1450.229411  -0.001169
1450.230092  -0.000861
1450.230773   0.000009
1450.231454  -0.001664
1450.232135   0.001345
1450.232817  -0.000753
1450.233498   0.001969
1450.234179  -0.000833
1450.234860  -0.001549
1450.235541  -0.001736
1450.236222  -0.006293
1450.236903  -0.002427
1450.237584  -0.002454
1450.238265   0.000605
1450.238946  -0.000588
1450.239628   0.001603
1450.240309  -0.001208
1450.240990  -0.001848
1450.241671  -0.001705
1450.242352  -0.000427
1450.243033  -0.001531
1450.243714  -0.000690
1450.244395  -0.001279
1450.245076   0.001375
1450.245757   0.000563
1450.246438  -0.000032
1450.247120   0.000050
1450.247801  -0.001839
1450.248482   0.001978
1450.249163  -0.001812
1450.249844  -0.002114
1450.250525  -0.001090
1450.251206  -0.001810
1450.251887  -0.000477
1450.252568  -0.002500
1450.253250   0.001812
1450.253931  -0.000957
1450.254612  -0.000054
1450.255293   0.000195
1450.255974  -0.001222
1450.256655   0.000531
1450.257336  -0.000911
1450.258017   0.000306
1450.258698  -0.000625
1450.259380  -0.002318
1450.260061  -0.000816
1450.260742   0.000236
1450.261423   0.001800
1450.262104   0.001544
1450.262785  -0.002567
1450.263466  -0.001858
1450.264147  -0.001659
1450.264828   0.001159
1450.265509   0.000214
1450.266191  -0.001267
1450.266872   0.000096
1450.267553  -0.001061
1450.268234   0.000075
1450.268915   0.001795
1450.269596   0.000079
1450.270277  -0.002350
1450.270958  -0.000718
1450.271639   0.000911
1450.272320   0.000684
1450.273002   0.001185
1450.273683  -0.001287
1450.274364   0.000037
1450.275045  -0.001679
1450.275726  -0.001254
1450.276407  -0.002044
1450.277088  -0.000089
1450.277769  -0.002025
1450.278450  -0.002222
1450.279131  -0.002192
1450.279812   0.000149
1450.280494  -0.002251
1450.281175   0.001051
1450.281856  -0.001771
1450.282537  -0.000136
1450.283218  -0.001369
1450.283899  -0.000867
1450.284580   0.000063
1450.285261  -0.003200
1450.285942  -0.000327
1450.286624   0.000031
1450.287305  -0.000590
1450.287986  -0.001409
1450.288667  -0.003144
1450.289348   0.002090
1450.290029  -0.000182
1450.290710   0.001701
1450.291391   0.001349
1450.292072  -0.000339
1450.292753  -0.002933
1450.293435   0.000704
1450.294116   0.000844
1450.294797  -0.000212
1450.295478  -0.001902
1450.296159  -0.001938
1450.296840   0.001176
1450.297521  -0.000958
1450.298202  -0.002458
1450.298883   0.001607
1450.299564  -0.002913
1450.300246  -0.000421
1450.300927  -0.002112
1450.301608  -0.001004
1450.302289   0.000090
1450.302970  -0.002293
1450.303651  -0.001784
1450.304332  -0.002036
1450.305013  -0.002807
1450.305694  -0.002141
1450.306375   0.000379
1450.307057   0.000364
1450.307738  -0.002212
1450.308419  -0.002760
1450.309100  -0.000962
1450.309781  -0.002169
1450.310462  -0.002126
1450.311143  -0.001977
1450.311824  -0.000097
1450.312505  -0.002746
1450.313186   0.000424
1450.313868  -0.000578
1450.314549  -0.002165
1450.315230  -0.000170
1450.315911  -0.001071
1450.316592  -0.002234
1450.317273  -0.001863
1450.317954  -0.002612
1450.318635  -0.002368
1450.319316   0.000361
1450.319997   0.000964
1450.320678   0.000026
1450.321360  -0.000388
1450.322041  -0.000042
1450.322722  -0.001180
1450.323403  -0.000590
1450.324084  -0.002179
1450.324765  -0.001066
1450.325446   0.001020
1450.326127   0.001292
1450.326808   0.001178
1450.327490  -0.003268
1450.328171   0.000955
1450.328852  -0.001694
1450.329533   0.001199
1450.330214  -0.001272
1450.330895  -0.000163
1450.331576  -0.001890
1450.332257  -0.000744
1450.332938   0.000437
1450.333619  -0.002062
1450.334301  -0.001786
1450.334982  -0.000340
1450.335663   0.000025
1450.336344  -0.001436
1450.337025   0.000935
1450.337706  -0.000353
1450.338387  -0.001136
1450.339068   0.000102
1450.339749  -0.000892
1450.340430  -0.001176
1450.341112   0.000350
1450.341793  -0.000486
1450.342474   0.001844
1450.343155  -0.000737
1450.343836   0.001300
1450.344517  -0.000953
1450.345198  -0.003635
1450.345879  -0.000314
1450.346560  -0.001411
1450.347241  -0.001373
1450.347922  -0.000500
1450.348604   0.000265
1450.349285   0.000244
1450.349966  -0.000630
1450.350647  -0.000768
1450.351328   0.001636
1450.352009  -0.003049
1450.352690  -0.001736
1450.353371  -0.000385
1450.354052   0.001770
1450.354733  -0.001110
1450.355415  -0.002161
1450.356096  -0.001201
1450.356777  -0.001094
1450.357458   0.000819
1450.358139  -0.001009
1450.358820  -0.001397
1450.359501  -0.002003
1450.360182  -0.001145
1450.360863  -0.001602
1450.361545  -0.002427
1450.362226  -0.003569
1450.362907  -0.001332
1450.363588  -0.000241
1450.364269   0.000190
1450.364950   0.002037
1450.365631  -0.000899
1450.366312  -0.001200
1450.366993   0.001145
1450.367674  -0.000916
1450.368356  -0.001504
1450.369037  -0.000565
1450.369718  -0.000732
1450.370399  -0.001053
1450.371080   0.002099
1450.371761  -0.001733
1450.372442   0.001066
1450.373123   0.000765
1450.373804  -0.001111
1450.374485  -0.001674
1450.375166  -0.002313
1450.375848  -0.002134
1450.376529   0.000191
1450.377210  -0.001227
1450.377891  -0.000089
1450.378572  -0.001905
1450.379253  -0.000295
1450.379934  -0.000807
1450.380615  -0.001846
1450.381296  -0.002910
1450.381977  -0.001106
1450.382659  -0.000350
1450.383340   0.000443
1450.384021  -0.000856
1450.384702  -0.002553
1450.385383  -0.000537
1450.386064  -0.000404
1450.386745   0.001370
1450.387426  -0.000903
1450.388107  -0.000331
1450.388789  -0.001515
1450.389470  -0.001684
1450.390151  -0.001412
1450.390832   0.000900
1450.391513  -0.001654
1450.392194  -0.000031
1450.392875   0.000442
1450.393556  -0.000752
1450.394237   0.000590
1450.394918  -0.000512
1450.395600   0.000869
1450.396281   0.000249
1450.396962   0.001022
1450.397643  -0.000703
1450.398324   0.000211
1450.399005   0.000152
1450.399686   0.000251
1450.400367  -0.000910
1450.401048  -0.000701
1450.401729  -0.001884
1450.402411  -0.000406
1450.403092   0.000174
1450.403773  -0.000233
1450.404454  -0.001109
1450.405135  -0.000863
1450.405816   0.000132
1450.406497  -0.000967
1450.407178  -0.001047
1450.407859   0.000653
1450.408540   0.000380
1450.409221  -0.001350
1450.409903  -0.000057
1450.410584  -0.002340
1450.411265  -0.000601
1450.411946  -0.001273
1450.412627  -0.002227
1450.413308  -0.002428
1450.413989   0.000204
1450.414670  -0.001727
1450.415351  -0.000327
1450.416033  -0.003078
1450.416714  -0.001514
1450.417395  -0.002375
1450.418076  -0.002222
1450.418757   0.000451
1450.419438  -0.000190
1450.420119  -0.000741
1450.420800  -0.000099
1450.421481   0.000496
1450.422162  -0.000577
1450.422844   0.001333
1450.423525   0.000420
1450.424206  -0.000325
1450.424887  -0.002202
1450.425568   0.000404
1450.426249  -0.001396
1450.426930   0.002071
1450.427611  -0.000704
1450.428292   0.000265
1450.428974  -0.001926
1450.429655  -0.000985
1450.430336  -0.000348
1450.431017   0.000019
1450.431698  -0.001348
1450.432379   0.001436
1450.433060  -0.000124
1450.433741  -0.000867
1450.434422  -0.000079
1450.435103  -0.003188
1450.435785  -0.000390
1450.436466  -0.000524
1450.437147  -0.000479
1450.437828   0.000005
1450.438509  -0.000387
1450.439190   0.000120
1450.439871  -0.001824
1450.440552   0.000349
1450.441233  -0.001872
1450.441914   0.000509
1450.442595  -0.000111
1450.443276   0.000387
1450.443958  -0.001196
1450.444639  -0.001137
1450.445320   0.000580
1450.446001   0.000756
1450.446682  -0.001600
1450.447363  -0.001663
1450.448044  -0.000058
1450.448725   0.000293
1450.449407  -0.001788
1450.450088   0.000197
1450.450769   0.000844
1450.451450  -0.001621
1450.452131  -0.000806
1450.452812  -0.000736
1450.453493  -0.001353
1450.454174  -0.000425
1450.454855   0.001925
1450.455536   0.002402
1450.456218   0.000884
1450.456899  -0.000873
1450.457580  -0.002177
1450.458261   0.000792
1450.458942  -0.002510
1450.459623  -0.002021
1450.460304   0.000634
1450.460985  -0.002080
1450.461666  -0.001249
1450.462347  -0.000385
1450.463029  -0.001693
1450.463710  -0.000183
1450.464391  -0.001161
1450.465072  -0.001485
1450.465753  -0.000520
1450.466434  -0.003537
1450.467115  -0.003250
1450.467796  -0.000915
1450.468477   0.000176
1450.469158   0.000780
1450.469840   0.000451
1450.470520  -0.000755
1450.471202  -0.000395
1450.471883   0.000960
1450.472564   0.001237
1450.473245  -0.000952
1450.473926  -0.000395
1450.474607   0.000551
1450.475288  -0.001272
1450.475969  -0.000406
1450.476650  -0.000671
1450.477332  -0.000278
1450.478013  -0.000689
1450.478694   0.000066
1450.479375  -0.002010
1450.480056  -0.000459
1450.480737  -0.000944
1450.481418  -0.001612
1450.482099  -0.000557
1450.482780  -0.000265
1450.483462  -0.001882
1450.484143  -0.003447
1450.484824  -0.001181
1450.485505  -0.000872
1450.486186  -0.001831
1450.486867  -0.000102
1450.487548   0.001942
1450.488229  -0.001013
1450.488910  -0.004889
1450.489591  -0.001509
1450.490273  -0.001545
1450.490954  -0.000703
1450.491635  -0.000604
1450.492316   0.000264
1450.492997  -0.000483
1450.493678  -0.000557
1450.494359   0.000213
1450.495040   0.000890
1450.495721   0.000380
1450.496402   0.000707
1450.497084  -0.000210
1450.497765   0.000080
1450.498446   0.001538
1450.499127   0.000827
1450.499808  -0.000398
1450.500489   0.002311
1450.501170   0.003560
1450.501851   0.003351
1450.502532   0.002979
1450.503213   0.005080
1450.503894   0.005261
1450.504576   0.003324
1450.505257   0.005998
1450.505938   0.005020
1450.506619   0.005505
1450.507300   0.007688
1450.507981   0.005405
1450.508662   0.006355
1450.509343   0.005872
1450.510024   0.007402
1450.510706   0.007248
1450.511387   0.006918
1450.512068   0.008004
1450.512749   0.007093
1450.513430   0.007982
1450.514111   0.007452
1450.514792   0.007393
1450.515473   0.007875
1450.516154   0.006694
1450.516835   0.007656
1450.517517   0.006808
1450.518198   0.009845
1450.518879   0.006361
1450.519560   0.007934
1450.520241   0.006253
1450.520922   0.007572
1450.521603   0.009085
1450.522284   0.007622
1450.522965   0.008938
1450.523646   0.008176
1450.524328   0.009552
1450.525009   0.008804
1450.525690   0.009992
1450.526371   0.009746
1450.527052   0.011673
1450.527733   0.009820
1450.528414   0.010592
1450.529095   0.008590
1450.529776   0.009133
1450.530457   0.009668
1450.531139   0.007259
1450.531820   0.008481
1450.532501   0.010392
1450.533182   0.008453
1450.533863   0.008052
1450.534544   0.008322
1450.535225   0.010049
1450.535906   0.008901
1450.536587   0.007369
1450.537268   0.009476
1450.537950   0.009415
1450.538631   0.009413
1450.539312   0.009821
1450.539993   0.011412
1450.540674   0.010191
1450.541355   0.010970
1450.542036   0.009449
1450.542717   0.011312
1450.543398   0.010569
1450.544079   0.008721
1450.544761   0.010124
1450.545442   0.009257
1450.546123   0.010365
1450.546804   0.010188
1450.547485   0.011691
1450.548166   0.010225
1450.548847   0.010556
1450.549528   0.011045
1450.550209   0.010735
1450.550890   0.010368
1450.551572   0.013264
1450.552253   0.011119
1450.552934   0.010000
1450.553615   0.010142
1450.554296   0.011478
1450.554977   0.010826
1450.555658   0.009263
1450.556339   0.010664
1450.557020   0.011685
1450.557701   0.010639
1450.558383   0.009738
1450.559064   0.008915
1450.559745   0.009328
1450.560426   0.011388
1450.561107   0.011752
1450.561788   0.008375
1450.562469   0.012251
1450.563150   0.012446
1450.563831   0.011176
1450.564512   0.010168
1450.565194   0.011183
1450.565875   0.010411
1450.566556   0.009304
1450.567237   0.011074
1450.567918   0.010210
1450.568599   0.012142
1450.569280   0.010186
1450.569961   0.012050
1450.570642   0.010165
1450.571323   0.010467
1450.572005   0.012406
1450.572686   0.010188
1450.573367   0.010057
1450.574048   0.009878
1450.574729   0.010060
1450.575410   0.007573
1450.576091   0.011082
1450.576772   0.009506
1450.577453   0.009994
1450.578134   0.009756
1450.578816   0.010536
1450.579497   0.009452
1450.580178   0.012265
1450.580859   0.009840
1450.581540   0.011989
1450.582221   0.011465
1450.582902   0.010990
1450.583583   0.009805
1450.584264   0.010290
1450.584945   0.011429
1450.585627   0.009052
1450.586308   0.010841
1450.586989   0.009315
1450.587670   0.010099
1450.588351   0.011085
1450.589032   0.010463
1450.589713   0.011410
1450.590394   0.009123
1450.591075   0.012211
1450.591756   0.012870
1450.592438   0.011987
1450.593119   0.013055
1450.593800   0.011657
1450.594481   0.010144
1450.595162   0.009352
1450.595843   0.009699
1450.596524   0.009865
1450.597205   0.009804
1450.597886   0.008777
1450.598567   0.009810
1450.599249   0.010239
1450.599930   0.008803
1450.600611   0.012906
1450.601292   0.010189
1450.601973   0.010344
1450.602654   0.011186
1450.603335   0.010542
1450.604016   0.010538
1450.604697   0.010179
1450.605378   0.010686
1450.606060   0.010505
1450.606741   0.009986
1450.607422   0.008630
1450.608103   0.010734
1450.608784   0.010742
1450.609465   0.009312
1450.610146   0.007174
1450.610827   0.009870
1450.611508   0.009871
1450.612189   0.009693
1450.612871   0.008815
1450.613552   0.010236
1450.614233   0.010581
1450.614914   0.007971
1450.615595   0.009189
1450.616276   0.007962
1450.616957   0.007824
1450.617638   0.009950
1450.618319   0.010219
1450.619000   0.010109
1450.619682   0.011301
1450.620363   0.007358
1450.621044   0.011648
1450.621725   0.010794
1450.622406   0.009466
1450.623087   0.008998
1450.623768   0.007500
1450.624449   0.008674
1450.625130   0.007995
1450.625811   0.009292
1450.626493   0.007267
1450.627174   0.008905
1450.627855   0.008150
1450.628536   0.009862
1450.629217   0.008004
1450.629898   0.010177
1450.630579   0.007871
1450.631260   0.007734
1450.631941   0.010031
1450.632622   0.008544
1450.633304   0.006098
1450.633985   0.009086
1450.634666   0.007355
1450.635347   0.006216
1450.636028   0.009216
1450.636709   0.005142
1450.637390   0.007436
1450.638071   0.009159
1450.638752   0.009160
1450.639433   0.008029
1450.640115   0.007405
1450.640796   0.007676
1450.641477   0.006564
1450.642158   0.005653
1450.642839   0.005157
1450.643520   0.008224
1450.644201   0.004929
1450.644882   0.005176
1450.645563   0.006279
1450.646244   0.004635
1450.646926   0.005103
1450.647607   0.004684
1450.648288   0.002683
1450.648969   0.002861
1450.649650   0.001169
1450.650331   0.004825
1450.651012   0.001384
1450.651693   0.000069
1450.652374  -0.000808
1450.653055   0.000513
1450.653737  -0.000347
1450.654418  -0.000227
1450.655099   0.000470
1450.655780   0.000165
1450.656461  -0.001160
1450.657142   0.001456
1450.657823  -0.000025
1450.658504  -0.000315
1450.659185  -0.001378
1450.659866  -0.000898
1450.660548  -0.001916
1450.661229  -0.001363
1450.661910  -0.000049
1450.662591  -0.000421
1450.663272  -0.000187
1450.663953  -0.000858
1450.664634   0.000637
1450.665315  -0.000328
1450.665996   0.000229
1450.666677  -0.002030
1450.667359  -0.002614
1450.668040  -0.001187
1450.668721   0.001107
1450.669402  -0.000577
1450.670083  -0.002373
1450.670764  -0.003894
1450.671445  -0.000207
1450.672126  -0.001128
1450.672807   0.000901
1450.673488  -0.001673
1450.674170  -0.000620
1450.674851   0.000268
1450.675532  -0.002885
1450.676213   0.000944
1450.676894   0.000166
1450.677575  -0.000002
1450.678256  -0.000561
1450.678937  -0.000014
1450.679618   0.000059
1450.680299  -0.001097
1450.680981  -0.000578
1450.681662  -0.002750
1450.682343  -0.003215
1450.683024  -0.001604
1450.683705   0.000646
1450.684386  -0.000331
1450.685067   0.000161
1450.685748   0.000128
1450.686429   0.000389
1450.687110  -0.002662
1450.687792  -0.001814
1450.688473  -0.000932
1450.689154  -0.001877
1450.689835  -0.001123
1450.690516  -0.000970
1450.691197  -0.002021
1450.691878  -0.000546
1450.692559  -0.000427
1450.693240  -0.000440
1450.693921  -0.000021
1450.694603   0.000313
1450.695284  -0.000857
1450.695965  -0.000688
1450.696646  -0.001311
1450.697327  -0.002239
1450.698008  -0.002209
1450.698689  -0.001367
1450.699370  -0.001419
1450.700051   0.000684
1450.700732  -0.002731
1450.701414  -0.001623
1450.702095   0.000491
1450.702776  -0.001070
1450.703457  -0.001282
1450.704138  -0.000356
1450.704819  -0.001357
1450.705500   0.001107
1450.706181  -0.000789
1450.706862   0.000052
1450.707544   0.000586
1450.708225   0.000726
1450.708906   0.000834
1450.709587   0.000273
1450.710268  -0.000846
1450.710949  -0.000007
1450.711630   0.000334
1450.712311  -0.001332
1450.712992  -0.001565
1450.713673  -0.000562
1450.714355   0.000096
1450.715036  -0.000911
1450.715717  -0.001508
1450.716398  -0.000597
1450.717079  -0.001649
1450.717760  -0.001812
1450.718441  -0.001399
1450.719122  -0.001559
1450.719803   0.000960
1450.720484  -0.001545
1450.721166   0.000616
1450.721847   0.000933
1450.722528  -0.000667
1450.723209   0.000730
1450.723890  -0.000130
1450.724571  -0.000328
1450.725252  -0.000897
1450.725933  -0.001637
1450.726614  -0.000580
1450.727295  -0.001060
1450.727976   0.000452
1450.728658  -0.001033
1450.729339  -0.001943
1450.730020  -0.001579
1450.730701  -0.000351
1450.731382  -0.001957
1450.732063   0.000313
1450.732744   0.001295
1450.733425   0.000032
1450.734106   0.000262
1450.734788   0.000833
1450.735469  -0.001209
1450.736150   0.000635
1450.736831  -0.000541
1450.737512  -0.000944
1450.738193  -0.001595
1450.738874  -0.001078
1450.739555   0.001001
1450.740236  -0.000457
1450.740917   0.000311
1450.741599  -0.000120
1450.742280  -0.000401
1450.742961  -0.001533
1450.743642  -0.002284
1450.744323   0.000582
1450.745004  -0.001287
1450.745685  -0.001078
1450.746366  -0.002551
1450.747047  -0.000978
1450.747728  -0.000808
1450.748410  -0.002618
1450.749091   0.000197
1450.749772  -0.001254
1450.750453  -0.002197
1450.751134   0.001136
1450.751815  -0.001459
1450.752496  -0.000487
1450.753177   0.000662
1450.753858  -0.000047
1450.754539  -0.000603
1450.755221  -0.000334
1450.755902  -0.001869
1450.756583  -0.000933
1450.757264  -0.001371
1450.757945  -0.001908
1450.758626   0.000190
1450.759307  -0.000722
1450.759988  -0.000992
1450.760669   0.000315
1450.761350  -0.000177
1450.762032  -0.001548
1450.762713   0.000350
1450.763394  -0.002967
1450.764075  -0.001025
1450.764756  -0.001155
1450.765437  -0.001484
1450.766118  -0.001639
1450.766799  -0.002840
1450.767480  -0.003730
1450.768161  -0.001647
1450.768843   0.000793
1450.769524  -0.002404
1450.770205  -0.000127
1450.770886  -0.002645
1450.771567  -0.000810
1450.772248   0.000008
1450.772929  -0.000423
1450.773610  -0.001842
1450.774291  -0.000997
1450.774972   0.000097
1450.775654  -0.002622
1450.776335  -0.001253
1450.777016   0.000537
1450.777697  -0.001329
1450.778378   0.000156
1450.779059  -0.001512
1450.779740  -0.001277
1450.780421  -0.002943
1450.781102  -0.000965
1450.781783  -0.000962
1450.782465   0.000204
1450.783146  -0.002459
1450.783827  -0.001035
1450.784508  -0.000378
1450.785189  -0.001564
1450.785870  -0.001815
1450.786551  -0.002563
1450.787232  -0.001600
1450.787913   0.000642
1450.788594   0.001088
1450.789275  -0.000153
1450.789957  -0.001481
1450.790638  -0.001096
1450.791319  -0.000692
1450.792000  -0.002038
1450.792681  -0.001572
1450.793362   0.000441
1450.794043  -0.000721
1450.794724   0.000310
1450.795405  -0.002672
1450.796087  -0.001322
1450.796768   0.000151
1450.797449  -0.000222
1450.798130  -0.001510
1450.798811  -0.001677
1450.799492   0.000455
1450.800173   0.002314
1450.800854   0.000213
1450.801535  -0.000549
1450.802216  -0.000299
1450.802898  -0.000683
1450.803579  -0.001399
1450.804260  -0.001539
1450.804941  -0.001667
1450.805622   0.000366
1450.806303  -0.000168
1450.806984  -0.000464
1450.807665  -0.000295
1450.808346  -0.001000
1450.809027   0.000581
1450.809709  -0.000175
1450.810390  -0.001716
1450.811071  -0.000142
1450.811752   0.001051
1450.812433  -0.001648
1450.813114  -0.001606
1450.813795  -0.002412
1450.814476  -0.001701
1450.815157  -0.001391
1450.815838  -0.000151
1450.816520  -0.001719
1450.817201  -0.001464
1450.817882  -0.002833
1450.818563  -0.000231
1450.819244  -0.000950
1450.819925   0.000797
1450.820606   0.000491
1450.821287  -0.000975
1450.821968  -0.001929
1450.822650   0.000504
1450.823331  -0.002250
1450.824012   0.001119
1450.824693  -0.001069
1450.825374  -0.000793
1450.826055  -0.002332
1450.826736  -0.001346
1450.827417  -0.001218
1450.828098   0.001042
1450.828779   0.001808
1450.829460  -0.000884
1450.830142  -0.002154
1450.830823  -0.000079
1450.831504   0.000723
1450.832185  -0.000030
1450.832866  -0.000575
1450.833547  -0.000923
1450.834228  -0.001646
1450.834909   0.000831
1450.835590  -0.001067
1450.836271  -0.001203
1450.836953  -0.002098
1450.837634  -0.002431
1450.838315   0.000589
1450.838996   0.000371
1450.839677  -0.001820
1450.840358   0.000180
1450.841039   0.000958
1450.841720  -0.001522
1450.842401  -0.000535
1450.843082  -0.002389
1450.843764  -0.000685
1450.844445   0.001000
1450.845126   0.000441
1450.845807  -0.000062
1450.846488  -0.000535
1450.847169  -0.000995
1450.847850  -0.001228
1450.848531   0.000475
1450.849212  -0.002199
1450.849894  -0.001187
1450.850575  -0.001420
1450.851256  -0.000835
1450.851937   0.001090
1450.852618  -0.000025
1450.853299  -0.001229
1450.853980  -0.000991
1450.854661  -0.000695
1450.855342  -0.002777
1450.856023  -0.001673
1450.856704   0.000909
1450.857386   0.000580
1450.858067  -0.001703
1450.858748  -0.000012
1450.859429   0.000728
1450.860110  -0.001343
1450.860791  -0.000451
1450.861472  -0.001195
1450.862153  -0.001084
1450.862834  -0.002822
1450.863515  -0.000167
1450.864197  -0.001310
1450.864878  -0.000030
1450.865559   0.000025
1450.866240   0.002131
1450.866921   0.000463
1450.867602  -0.004226
1450.868283  -0.000162
1450.868964  -0.000854
1450.869645   0.001033
1450.870326   0.000134
1450.871008   0.000642
1450.871689  -0.001029
1450.872370  -0.001695
1450.873051  -0.001346
1450.873732  -0.001299
1450.874413  -0.001873
1450.875094   0.000168
1450.875775  -0.001415
1450.876456  -0.000256
1450.877137  -0.002833
1450.877819  -0.001255
1450.878500  -0.000184
1450.879181  -0.002021
1450.879862  -0.002455
1450.880543  -0.000463
1450.881224  -0.000679
1450.881905  -0.001174
1450.882586  -0.001907
1450.883267  -0.002246
1450.883949  -0.001634
1450.884630   0.000711
1450.885311  -0.002139
1450.885992  -0.002616
1450.886673   0.000955
1450.887354   0.000103
1450.888035  -0.002253
1450.888716  -0.001798
1450.889397  -0.000376
1450.890078  -0.001469
1450.890759   0.000633
1450.891441   0.001061
1450.892122  -0.000276
1450.892803  -0.002525
1450.893484  -0.001146
1450.894165  -0.002706
1450.894846  -0.003928
1450.895527  -0.000942
1450.896208  -0.000684
1450.896889  -0.001843
1450.897570  -0.000572
1450.898252  -0.002123
1450.898933  -0.001189
1450.899614  -0.000394
1450.900295  -0.002392
1450.900976  -0.001599
1450.901657  -0.001480
1450.902338  -0.000636
1450.903019   0.002091
1450.903700  -0.001528
1450.904381  -0.000884
1450.905063   0.000200
1450.905744  -0.000636
1450.906425   0.000188
1450.907106   0.000733
1450.907787  -0.000350
1450.908468  -0.001034
1450.909149   0.000386
1450.909830  -0.002050
1450.910511  -0.000341
1450.911193   0.000181
1450.911874  -0.002634
1450.912555  -0.000527
1450.913236  -0.001778
1450.913917  -0.001120
1450.914598   0.000890
1450.915279  -0.000004
1450.915960  -0.001151
1450.916641  -0.001096
1450.917322  -0.000260
1450.918003   0.001061
1450.918685  -0.000940
1450.919366  -0.000307
1450.920047  -0.001819
1450.920728  -0.002017
1450.921409  -0.000436
1450.922090  -0.001089
1450.922771   0.001649
1450.923452   0.000055
1450.924133  -0.000921
1450.924814  -0.001051
1450.925496  -0.000279
1450.926177  -0.000135
1450.926858  -0.000116
1450.927539  -0.003099
1450.928220   0.002677
1450.928901   0.000429
1450.929582  -0.000970
1450.930263   0.000274
1450.930944   0.001231
1450.931625   0.000515
1450.932307   0.000635
1450.932988   0.001010
1450.933669  -0.002037
1450.934350  -0.001341
1450.935031  -0.001526
1450.935712  -0.004272
1450.936393  -0.002356
1450.937074  -0.000151
1450.937755  -0.000047
1450.938437  -0.000472
1450.939118  -0.000164
1450.939799  -0.002352
1450.940480  -0.000739
1450.941161  -0.000189
1450.941842  -0.001594
1450.942523  -0.000918
1450.943204  -0.000218
1450.943885  -0.001878
1450.944566  -0.001261
1450.945248  -0.000418
1450.945929  -0.002149
1450.946610  -0.001877
1450.947291   0.000219
1450.947972   0.000154
1450.948653  -0.001359
1450.949334  -0.000242
1450.950015   0.000173
1450.950696  -0.000415
1450.951377  -0.000792
1450.952058  -0.000248
1450.952740   0.000067
1450.953421   0.001191
1450.954102  -0.001594
1450.954783  -0.002914
1450.955464  -0.003177
1450.956145  -0.002804
1450.956826   0.003727
1450.957507   0.000302
1450.958188  -0.001137
1450.958869  -0.001888
1450.959551  -0.000646
1450.960232  -0.002563
1450.960913  -0.000349
1450.961594   0.000088
1450.962275  -0.000526
1450.962956  -0.001528
1450.963637  -0.001493
1450.964318  -0.003202
1450.964999  -0.000854
1450.965680   0.000806
1450.966362  -0.001424
1450.967043  -0.002905
1450.967724  -0.002329
1450.968405   0.001101
1450.969086  -0.000544
1450.969767  -0.001228
1450.970448  -0.001802
1450.971129  -0.000961
1450.971810  -0.001477
1450.972492  -0.002365
1450.973173   0.002973
1450.973854  -0.001676
1450.974535  -0.000331
1450.975216  -0.000851
1450.975897   0.000555
1450.976578   0.000481
1450.977259  -0.001343
1450.977940  -0.001956
1450.978621   0.000426
1450.979303  -0.001338
1450.979984   0.000856
1450.980665  -0.002018
1450.981346   0.002632
1450.982027  -0.000178
1450.982708  -0.000883
1450.983389  -0.002161
1450.984070   0.000884
1450.984751  -0.000402
1450.985432  -0.000122
1450.986113   0.001723
1450.986795  -0.000301
1450.987476  -0.000100
1450.988157  -0.001068
1450.988838  -0.002322
1450.989519  -0.001039
1450.990200  -0.001990
1450.990881  -0.000851
1450.991562   0.000941
1450.992243  -0.001289
1450.992924  -0.003429
1450.993606  -0.001110
1450.994287   0.000209
1450.994968  -0.000140
1450.995649  -0.000274
1450.996330   0.000751
1450.997011   0.000199
1450.997692   0.002053
1450.998373   0.000291
1450.999054   0.000307
1450.999736  -0.000358
1451.000417  -0.000371
1451.001098  -0.000938
1451.001779  -0.001144
1451.002460  -0.000500
1451.003141   0.000795
1451.003822  -0.002012
1451.004503   0.000453
1451.005184  -0.000140
1451.005865  -0.001137
1451.006547  -0.000972
1451.007228  -0.000302
1451.007909  -0.001082
1451.008590  -0.001464
1451.009271   0.000928
1451.009952  -0.002742
1451.010633  -0.000260
1451.011314   0.000301
1451.011995   0.000643
1451.012676  -0.000272
1451.013357  -0.001816
1451.014039  -0.000388
1451.014720  -0.001268
1451.015401   0.000203
1451.016082  -0.002221
1451.016763  -0.002737
1451.017444  -0.001758
1451.018125  -0.000764
1451.018806  -0.001116
1451.019487  -0.003199
1451.020168  -0.000522
1451.020850   0.000420
1451.021531  -0.001601
1451.022212   0.000185
1451.022893  -0.003254
1451.023574  -0.001490
1451.024255  -0.000518
1451.024936  -0.000038
1451.025617   0.000109
1451.026298  -0.002291
1451.026979  -0.000368
1451.027661   0.000037
1451.028342   0.001185
1451.029023  -0.000441
1451.029704  -0.000260
1451.030385   0.001280
1451.031066  -0.001253
1451.031747  -0.001000
1451.032428  -0.001905
1451.033109  -0.000666
1451.033790  -0.002778
1451.034472  -0.000909
1451.035153  -0.000156
1451.035834  -0.002543
1451.036515  -0.001324
1451.037196  -0.001040
1451.037877  -0.001211
1451.038558  -0.001651
1451.039239  -0.003347
1451.039920   0.000524
1451.040602  -0.000570
1451.041283  -0.000322
1451.041964  -0.002215
1451.042645   0.000663
1451.043326   0.000138
1451.044007  -0.002561
1451.044688  -0.003150
1451.045369   0.001052
1451.046050   0.000575
1451.046731   0.000588
1451.047412  -0.001013
1451.048094  -0.001430
1451.048775  -0.001560
1451.049456  -0.000694
1451.050137  -0.001599
1451.050818   0.001316
1451.051499  -0.001550
1451.052180  -0.000180
1451.052861  -0.001429
1451.053542  -0.000222
1451.054223  -0.001349
1451.054905  -0.001419
1451.055586  -0.001346
1451.056267  -0.001474
1451.056948  -0.002999
1451.057629  -0.000123
1451.058310  -0.000540
1451.058991  -0.001742
1451.059672  -0.001953
1451.060353  -0.001590
1451.061034  -0.000674
1451.061716  -0.000450
1451.062397   0.000925
1451.063078  -0.002223
1451.063759  -0.002521
1451.064440  -0.000842
1451.065121  -0.001214
1451.065802  -0.000844
1451.066483   0.000574
1451.067164  -0.000132
1451.067846  -0.001043
1451.068527  -0.000620
1451.069208  -0.000392
1451.069889  -0.001065
1451.070570  -0.002002
1451.071251   0.000623
1451.071932  -0.002308
1451.072613  -0.001422
1451.073294  -0.000961
1451.073975  -0.000685
1451.074657  -0.001426
1451.075338  -0.002711
1451.076019   0.000598
1451.076700  -0.000280
1451.077381  -0.001096
1451.078062  -0.001733
1451.078743   0.000594
1451.079424   0.000773
1451.080105  -0.000280
1451.080786   0.000174
1451.081467  -0.000691
1451.082149   0.000551
1451.082830  -0.000886
1451.083511  -0.002235
1451.084192  -0.001081
1451.084873  -0.001608
1451.085554  -0.001382
1451.086235  -0.001006
1451.086916  -0.001004
1451.087597  -0.000012
1451.088278  -0.000882
1451.088960  -0.001780
1451.089641  -0.002311
1451.090322  -0.001106
1451.091003  -0.002253
1451.091684  -0.001692
1451.092365  -0.000917
1451.093046  -0.002065
1451.093727  -0.001038
1451.094408  -0.000481
1451.095089  -0.001335
1451.095771  -0.000663
1451.096452  -0.001672
1451.097133   0.000130
1451.097814  -0.001000
1451.098495  -0.000697
1451.099176  -0.002002
1451.099857  -0.000791
1451.100538  -0.001899
1451.101219   0.000166
1451.101901   0.001680
1451.102582  -0.000445
1451.103263  -0.001160
1451.103944   0.000575
1451.104625  -0.002700
1451.105306  -0.001006
1451.105987  -0.001817
1451.106668  -0.000738
1451.107349   0.000210
1451.108030  -0.000874
1451.108711  -0.001757
1451.109393  -0.001536
1451.110074  -0.000074
1451.110755  -0.001363
1451.111436  -0.000534
1451.112117   0.000974
1451.112798  -0.000896
1451.113479  -0.001207
1451.114160  -0.001383
1451.114841  -0.002569
1451.115522  -0.000055
1451.116204   0.002269
1451.116885  -0.002019
1451.117566  -0.001302
1451.118247   0.001431
1451.118928  -0.000916
1451.119609   0.000093
1451.120290  -0.001713
1451.120971   0.002228
1451.121652  -0.001510
1451.122333  -0.000272
1451.123015  -0.001792
1451.123696  -0.002983
1451.124377   0.000127
1451.125058  -0.000804
1451.125739  -0.000244
1451.126420  -0.000126
1451.127101   0.000001
1451.127782  -0.001108
1451.128463   0.002459
1451.129145  -0.001237
1451.129826   0.000225
1451.130507  -0.001016
1451.131188   0.000629
1451.131869   0.000736
1451.132550   0.001689
1451.133231  -0.001661
1451.133912   0.000560
1451.134593  -0.001505
1451.135274  -0.001017
1451.135956  -0.002955
1451.136637   0.000934
1451.137318   0.000664
1451.137999   0.000299
1451.138680   0.000309
1451.139361  -0.000449
1451.140042   0.000086
1451.140723   0.000037
1451.141404  -0.000664
1451.142085  -0.000983
1451.142766  -0.002145
1451.143448  -0.001235
1451.144129  -0.001504
1451.144810   0.001811
1451.145491  -0.001167
1451.146172  -0.000437
1451.146853   0.000271
1451.147534   0.000301
1451.148215   0.001089
1451.148896  -0.000859
1451.149577  -0.000539
1451.150259  -0.000618
1451.150940  -0.000671
1451.151621  -0.000233
1451.152302  -0.002300
1451.152983  -0.001187
1451.153664  -0.001504
1451.154345  -0.002423
1451.155026   0.000238
1451.155707  -0.001167
1451.156388  -0.000586
1451.157070  -0.001184
1451.157751   0.000660
1451.158432  -0.000937
1451.159113  -0.000501
1451.159794   0.001348
1451.160475  -0.001089
1451.161156  -0.001132
1451.161837  -0.001421
1451.162518  -0.000133
1451.163200  -0.001240
1451.163881   0.001357
1451.164562  -0.000377
1451.165243   0.001942
1451.165924  -0.000334
1451.166605  -0.001049
1451.167286   0.002436
1451.167967  -0.000717
1451.168648  -0.001780
1451.169329  -0.000754
1451.170010  -0.001766
1451.170692   0.000047
1451.171373  -0.001059
1451.172054  -0.001786
1451.172735   0.000021
1451.173416   0.001033
1451.174097  -0.002120
1451.174778  -0.003101
1451.175459  -0.001437
1451.176140  -0.000727
1451.176821  -0.000481
1451.177503  -0.000329
1451.178184   0.000461
1451.178865   0.000855
1451.179546  -0.000855
1451.180227  -0.000034
1451.180908  -0.001422
1451.181589  -0.001300
1451.182270  -0.001804
1451.182951   0.000108
1451.183632  -0.000167
1451.184314  -0.002177
1451.184995  -0.000151
1451.185676  -0.000927
1451.186357   0.000230
1451.187038  -0.000652
1451.187719   0.000358
1451.188400  -0.001435
1451.189081  -0.001553
1451.189762  -0.000794
1451.190444   0.000688
1451.191125  -0.001240
1451.191806  -0.000318
1451.192487  -0.001492
1451.193168   0.000285
1451.193849  -0.001013
1451.194530   0.001222
1451.195211  -0.001686
1451.195892  -0.000594
1451.196573   0.000511
1451.197255   0.000652
1451.197936   0.000409
1451.198617  -0.001111
1451.199298  -0.001469
1451.199979  -0.000637
1451.200660  -0.000699
1451.201341  -0.000813
1451.202022  -0.001731
1451.202703  -0.000376
1451.203384   0.000610
1451.204065  -0.001367
1451.204747  -0.000811
1451.205428   0.000629
1451.206109   0.000470
1451.206790  -0.000820
1451.207471  -0.001488
1451.208152   0.000054
1451.208833   0.000424
1451.209514  -0.000031
1451.210195  -0.001185
1451.210876  -0.000121
1451.211558  -0.001253
1451.212239   0.000299
1451.212920  -0.001522
1451.213601   0.001250
1451.214282  -0.001668
1451.214963  -0.002041
1451.215644  -0.000682
1451.216325   0.001629
1451.217006  -0.001696
1451.217688  -0.003094
1451.218369  -0.000688
1451.219050  -0.000827
1451.219731  -0.000073
1451.220412  -0.001432
1451.221093  -0.002165
1451.221774  -0.000969
1451.222455  -0.001660
1451.223136   0.000508
1451.223817   0.000758
1451.224499  -0.000192
1451.225180  -0.000678
1451.225861  -0.001122
1451.226542  -0.001929
1451.227223   0.000225
1451.227904  -0.000119
1451.228585  -0.000077
1451.229266   0.000937
1451.229947   0.000716
1451.230628  -0.000759
1451.231310  -0.002158
1451.231991  -0.000174
1451.232672  -0.000824
1451.233353  -0.000331
1451.234034   0.000684
1451.234715  -0.000411
1451.235396  -0.001274
1451.236077  -0.001303
1451.236758  -0.002526
1451.237439   0.000067
1451.238120  -0.002702
1451.238802  -0.000319
1451.239483  -0.002515
1451.240164  -0.002807
1451.240845  -0.000504
1451.241526  -0.001122
1451.242207   0.000759
1451.242888  -0.001249
1451.243569   0.000556
1451.244250   0.001158
1451.244931   0.000213
1451.245613   0.000075
1451.246294  -0.000274
1451.246975  -0.001781
1451.247656  -0.002197
1451.248337  -0.000387
1451.249018   0.000990
1451.249699   0.001207
1451.250380   0.001488
1451.251061  -0.000817
1451.251743  -0.000929
1451.252424  -0.001513
1451.253105  -0.000907
1451.253786  -0.000913
1451.254467   0.000613
1451.255148   0.000909
1451.255829  -0.000579
1451.256510   0.000427
1451.257191  -0.000371
1451.257872   0.000341
1451.258554  -0.002033
1451.259235  -0.000561
1451.259916  -0.000827
1451.260597  -0.000284
1451.261278  -0.000209
1451.261959   0.001350
1451.262640  -0.001393
1451.263321  -0.001040
1451.264002  -0.001183
1451.264683  -0.000125
1451.265364  -0.000323
1451.266046   0.002270
1451.266727  -0.002466
1451.267408   0.001075
1451.268089  -0.002970
1451.268770  -0.000611
1451.269451  -0.000498
1451.270132   0.001286
1451.270813   0.000115
1451.271494   0.000204
1451.272175  -0.000372
1451.272857  -0.000781
1451.273538  -0.001901
1451.274219   0.000838
1451.274900  -0.000995
1451.275581  -0.001894
1451.276262  -0.002249
1451.276943   0.000281
1451.277624  -0.001194
1451.278305   0.000945
1451.278987  -0.000492
1451.279668   0.001036
1451.280349   0.000329
1451.281030   0.000684
1451.281711  -0.001332
1451.282392   0.000120
1451.283073  -0.002232
1451.283754  -0.001068
1451.284435  -0.000428
1451.285116  -0.001873
1451.285798   0.001319
1451.286479   0.000172
1451.287160  -0.001503
1451.287841  -0.001815
1451.288522   0.000191
1451.289203  -0.000592
1451.289884  -0.001032
1451.290565  -0.000193
1451.291246  -0.001494
1451.291927  -0.000994
1451.292609  -0.000905
1451.293290   0.001364
1451.293971   0.000608
1451.294652   0.001512
1451.295333  -0.000652
1451.296014  -0.001185
1451.296695  -0.002008
1451.297376  -0.003326
1451.298057  -0.002571
1451.298738  -0.000497
1451.299419  -0.000866
1451.300100  -0.002954
1451.300782   0.000938
1451.301463   0.000070
1451.302144  -0.001325
1451.302825  -0.000639
1451.303506  -0.000699
1451.304187  -0.001181
1451.304868  -0.001161
1451.305549  -0.001232
1451.306230  -0.003061
1451.306912  -0.003359
1451.307593   0.000447
1451.308274  -0.000079
1451.308955   0.000980
1451.309636  -0.001449
1451.310317  -0.000969
1451.310998  -0.002893
1451.311679   0.000171
1451.312360   0.000108
1451.313042  -0.000314
1451.313723   0.000695
1451.314404  -0.000213
1451.315085  -0.001149
1451.315766  -0.000930
1451.316447  -0.002426
1451.317128  -0.001033
1451.317809  -0.001464
1451.318490  -0.001817
1451.319171   0.000413
1451.319853  -0.001518
1451.320534  -0.003877
1451.321215  -0.004468
1451.321896  -0.000787
1451.322577   0.000029
1451.323258  -0.000184
1451.323939  -0.000531
1451.324620  -0.000714
1451.325301  -0.000181
1451.325982  -0.001135
1451.326664  -0.000091
1451.327344  -0.002389
1451.328026  -0.000193
1451.328707   0.000519
1451.329388  -0.000435
1451.330069  -0.000880
1451.330750  -0.001955
1451.331431  -0.002320
1451.332112  -0.001003
1451.332793  -0.000461
1451.333474  -0.001533
1451.334156   0.000407
1451.334837  -0.000844
1451.335518  -0.001620
1451.336199  -0.003400
1451.336880  -0.001483
1451.337561  -0.000848
1451.338242  -0.000010
1451.338923  -0.000879
1451.339604   0.002466
1451.340286  -0.000311
1451.340967  -0.002332
1451.341648  -0.000408
1451.342329   0.001857
1451.343010  -0.002482
1451.343691  -0.001619
1451.344372   0.000624
1451.345053  -0.002759
1451.345734  -0.000026
1451.346415  -0.000286
1451.347097  -0.001547
1451.347778   0.001652
1451.348459  -0.001651
1451.349140  -0.000804
1451.349821  -0.001429
1451.350502  -0.004441
1451.351183   0.000571
1451.351864  -0.000238
1451.352545  -0.001310
1451.353226  -0.001227
1451.353908  -0.001396
1451.354589  -0.000842
1451.355270  -0.002461
1451.355951  -0.000482
1451.356632  -0.000009
1451.357313  -0.000939
1451.357994  -0.001383
1451.358675   0.001262
1451.359356   0.000259
1451.360037  -0.002566
1451.360718  -0.001400
1451.361400  -0.000467
1451.362081  -0.002106
1451.362762  -0.000985
1451.363443  -0.001166
1451.364124   0.000772
1451.364805   0.002614
1451.365486  -0.001396
1451.366167   0.001465
1451.366848  -0.000719
1451.367529  -0.001699
1451.368211   0.000744
1451.368892  -0.000959
1451.369573  -0.002136
1451.370254  -0.000063
1451.370935  -0.001150
1451.371616  -0.001609
1451.372297   0.000558
1451.372978   0.000388
1451.373659   0.000056
1451.374340  -0.002923
1451.375022  -0.001435
1451.375703  -0.000000
1451.376384  -0.000721
1451.377065  -0.000954
1451.377746   0.000206
1451.378427  -0.002723
1451.379108   0.000363
1451.379789   0.000375
1451.380470  -0.000250
1451.381151  -0.000794
1451.381833  -0.001485
1451.382514  -0.001226
1451.383195  -0.001992
1451.383876   0.000241
1451.384557  -0.000286
1451.385238  -0.000684
1451.385919  -0.000533
1451.386600   0.000620
1451.387281   0.000159
1451.387962   0.002803
1451.388643  -0.001794
1451.389325  -0.000263
1451.390006   0.000307
1451.390687  -0.000813
1451.391368  -0.000034
1451.392049  -0.000758
1451.392730  -0.001276
1451.393411  -0.001947
1451.394092  -0.000586
1451.394773  -0.001425
1451.395455   0.000084
1451.396136  -0.001008
1451.396817  -0.001296
1451.397498  -0.000266
1451.398179  -0.000509
1451.398860  -0.001117
1451.399541   0.000074
1451.400222  -0.000299
1451.400903  -0.001359
1451.401584   0.002473
1451.402266  -0.000920
1451.402947  -0.000409
1451.403628  -0.002894
1451.404309   0.001313
1451.404990  -0.001607
1451.405671  -0.002317
1451.406352   0.001973
1451.407033  -0.001330
1451.407714  -0.002100
1451.408395  -0.000067
1451.409077   0.000815
1451.409758  -0.003293
1451.410439   0.001227
1451.411120  -0.000977
1451.411801  -0.000969
1451.412482  -0.001985
1451.413163  -0.001155
1451.413844  -0.000339
1451.414525  -0.003360
1451.415206   0.000910
1451.415888  -0.000263
1451.416569   0.000292
1451.417250  -0.000563
1451.417931  -0.000952
1451.418612  -0.000842
1451.419293  -0.000508
1451.419974   0.001180
1451.420655   0.000630
1451.421336  -0.000095
1451.422017   0.000253
1451.422699   0.000772
1451.423380  -0.003481
1451.424061  -0.000478
1451.424742  -0.000075
1451.425423  -0.001445
1451.426104   0.000474
1451.426785  -0.000977
1451.427466   0.000302
1451.428147  -0.000722
1451.428828  -0.003174
1451.429510  -0.004960
1451.430191  -0.000551
1451.430872  -0.000827
1451.431553  -0.002077
1451.432234   0.000433
1451.432915   0.000193
1451.433596  -0.000306
1451.434277  -0.000195
1451.434958  -0.001945
1451.435639   0.001197
1451.436321   0.001128
1451.437002  -0.002722
1451.437683  -0.000540
1451.438364   0.000819
1451.439045  -0.001309
1451.439726  -0.002630
1451.440407   0.000172
1451.441088  -0.000302
1451.441769  -0.000783
1451.442450   0.000326
1451.443132  -0.000405
1451.443813  -0.001108
1451.444494  -0.000170
1451.445175  -0.002462
1451.445856  -0.000324
1451.446537  -0.000419
1451.447218  -0.001672
1451.447899   0.001529
1451.448580   0.001629
1451.449261  -0.000662
1451.449942  -0.000777
1451.450624   0.000179
1451.451305  -0.002171
1451.451986   0.000245
1451.452667   0.001554
1451.453348  -0.002346
1451.454029   0.001803
1451.454710  -0.001361
1451.455391   0.001510
1451.456072  -0.001133
1451.456754  -0.000514
1451.457435  -0.001772
1451.458116   0.000240
1451.458797  -0.002998
1451.459478  -0.001484
1451.460159  -0.001069
1451.460840   0.000292
1451.461521   0.000781
1451.462202   0.000612
1451.462883  -0.001080
1451.463565   0.001677
1451.464246   0.000138
1451.464927   0.000029
1451.465608  -0.000051
1451.466289  -0.000690
1451.466970  -0.001381
1451.467651   0.000291
1451.468332   0.000137
1451.469013  -0.000187
1451.469694  -0.001102
1451.470376   0.000127
1451.471057   0.002438
1451.471738  -0.001474
1451.472419  -0.000655
1451.473100  -0.000108
1451.473781  -0.001409
1451.474462  -0.000720
1451.475143  -0.001976
1451.475824   0.000622
1451.476505  -0.001817
1451.477187  -0.000433
1451.477868   0.000044
1451.478549  -0.000429
1451.479230  -0.001145
1451.479911  -0.000443
1451.480592   0.001677
1451.481273  -0.000488
1451.481954   0.000774
1451.482635  -0.000547
1451.483317  -0.000846
1451.483998  -0.001973
1451.484679   0.001240
1451.485360  -0.002459
1451.486041  -0.001787
1451.486722  -0.003017
1451.487403   0.001782
1451.488084  -0.000162
1451.488765   0.000214
1451.489446  -0.001961
1451.490127  -0.001198
1451.490809   0.000193
1451.491490  -0.000933
1451.492171  -0.000597
1451.492852  -0.000847
1451.493533   0.001476
1451.494214  -0.002173
1451.494895  -0.001758
1451.495576  -0.000119
1451.496257   0.001362
1451.496938   0.000758
1451.497620  -0.000146
1451.498301   0.001677
1451.498982  -0.001862
1451.499663  -0.002967
1451.500344  -0.001568
1451.501025   0.000359
1451.501706  -0.000352
1451.502387  -0.003567
1451.503068  -0.001314
1451.503749  -0.001922
1451.504431  -0.002026
1451.505112   0.000711
1451.505793   0.000037
1451.506474  -0.001900
1451.507155  -0.000028
1451.507836  -0.001193
1451.508517   0.001444
1451.509198  -0.001675
1451.509879   0.001174
1451.510561  -0.000382
1451.511242   0.000270
1451.511923   0.000946
1451.512604  -0.002471
1451.513285   0.000605
1451.513966   0.000082
1451.514647   0.001885
1451.515328   0.000958
1451.516009  -0.000918
1451.516690  -0.001635
1451.517371   0.000419
1451.518053  -0.001686
1451.518734  -0.000808
1451.519415   0.000398
1451.520096   0.001642
1451.520777   0.000741
1451.521458   0.000461
1451.522139   0.000845
1451.522820  -0.001357
1451.523501  -0.001432
1451.524182  -0.001236
1451.524864  -0.000627
1451.525545   0.000208
1451.526226   0.000079
1451.526907   0.000179
1451.527588  -0.001982
1451.528269  -0.000481
1451.528950   0.000330
1451.529631   0.000647
1451.530312  -0.000348
1451.530993  -0.001715
1451.531675  -0.001562
1451.532356  -0.002306
1451.533037  -0.002908
1451.533718  -0.002156
1451.534399  -0.001246
1451.535080  -0.000206
1451.535761  -0.002478
1451.536442  -0.000056
1451.537123  -0.000455
1451.537804   0.001787
1451.538486   0.001448
1451.539167  -0.000834
1451.539848   0.000304
1451.540529  -0.001285
1451.541210   0.000959
1451.541891   0.000013
1451.542572  -0.001843
1451.543253  -0.001411
1451.543934  -0.002843
1451.544616  -0.000443
1451.545297   0.000893
1451.545978  -0.000347
1451.546659  -0.000126
1451.547340  -0.002515
1451.548021   0.000361
1451.548702  -0.000177
1451.549383   0.000194
1451.550064  -0.000900
1451.550745   0.000218
1451.551426  -0.001330
1451.552108  -0.001352
1451.552789  -0.000518
1451.553470  -0.002133
1451.554151  -0.001637
1451.554832  -0.002752
1451.555513  -0.000320
1451.556194  -0.002507
1451.556875  -0.002033
1451.557556  -0.001005
1451.558237  -0.000022
1451.558919   0.001815
1451.559600  -0.000164
1451.560281  -0.000448
1451.560962  -0.001899
1451.561643  -0.002027
1451.562324   0.000938
1451.563005  -0.001546
1451.563686  -0.000119
1451.564367  -0.001403
1451.565048   0.000379
1451.565730  -0.001209
1451.566411  -0.000952
1451.567092  -0.001057
1451.567773  -0.000526
1451.568454   0.002561
1451.569135  -0.000304
1451.569816  -0.000616
1451.570497  -0.001074
1451.571178  -0.002357
1451.571860   0.000386
1451.572541  -0.001019
1451.573222   0.000628
1451.573903  -0.000684
1451.574584  -0.002463
1451.575265   0.000029
1451.575946  -0.002926
1451.576627   0.002139
1451.577308   0.001532
1451.577989  -0.000507
1451.578670  -0.000883
1451.579352  -0.000209
1451.580033  -0.000649
1451.580714  -0.001915
1451.581395  -0.000694
1451.582076   0.001209
1451.582757  -0.000981
1451.583438   0.000451
1451.584119  -0.000873
1451.584800  -0.000848
1451.585481  -0.001887
1451.586163  -0.000800
1451.586844  -0.001466
1451.587525  -0.000732
1451.588206  -0.000826
1451.588887   0.000289
1451.589568   0.000062
1451.590249  -0.000311
1451.590930  -0.000333
1451.591611   0.000396
1451.592292   0.001599
1451.592973   0.001773
1451.593655  -0.001864
1451.594336  -0.002331
1451.595017   0.000763
1451.595698  -0.000173
1451.596379  -0.000393
1451.597060  -0.001049
1451.597741  -0.000950
1451.598422  -0.001720
1451.599104   0.000045
1451.599785   0.000350
1451.600466   0.001384
1451.601147  -0.000835
1451.601828  -0.001348
1451.602509  -0.001635
1451.603190  -0.003434
1451.603871  -0.000507
1451.604552  -0.001381
1451.605233   0.000639
1451.605915  -0.000196
1451.606596  -0.001074
1451.607277  -0.001142
1451.607958  -0.002782
1451.608639  -0.002518
1451.609320  -0.001385
1451.610001  -0.000478
1451.610682  -0.000183
1451.611363  -0.000264
1451.612044  -0.001480
1451.612725  -0.000630
1451.613406  -0.001365
1451.614088  -0.002001
1451.614769   0.001362
1451.615450  -0.000444
1451.616131   0.000302
1451.616812  -0.000407
1451.617493  -0.000180
1451.618174  -0.000885
1451.618855  -0.000913
1451.619536  -0.000246
1451.620217  -0.001337
1451.620899  -0.000383
1451.621580  -0.000361
1451.622261  -0.001929
1451.622942   0.000187
1451.623623  -0.002384
1451.624304  -0.003295
1451.624985  -0.001997
1451.625666  -0.000136
1451.626347  -0.001033
1451.627029  -0.002204
1451.627710  -0.000229
1451.628391  -0.001577
1451.629072  -0.000956
1451.629753  -0.000587
1451.630434  -0.001823
1451.631115  -0.002102
1451.631796  -0.000418
1451.632477  -0.001422
1451.633159  -0.001092
1451.633840  -0.002160
1451.634521  -0.001868
1451.635202  -0.000770
1451.635883  -0.000827
1451.636564  -0.001518
1451.637245  -0.000694
1451.637926  -0.001277
1451.638607  -0.002897
1451.639288  -0.001592
1451.639969   0.001904
1451.640650   0.000056
1451.641332  -0.000497
1451.642013  -0.001333
1451.642694  -0.003752
1451.643375  -0.000051
1451.644056  -0.000104
1451.644737  -0.000346
1451.645418  -0.000119
1451.646099  -0.001762
1451.646780  -0.002067
1451.647461   0.001084
1451.648143   0.000341
1451.648824  -0.001387
1451.649505   0.000066
1451.650186  -0.001353
1451.650867   0.001137
1451.651548  -0.001819
1451.652229  -0.000514
1451.652910   0.000152
1451.653591   0.000340
1451.654273  -0.000715
1451.654954  -0.000065
1451.655635  -0.001408
1451.656316  -0.000778
