1190.348605  -0.000202
1190.349286  -0.001081
1190.349967  -0.001429
1190.350648  -0.000944
1190.351329   0.001293
1190.352010   0.001765
1190.352691  -0.001565
1190.353372   0.000441
1190.354054  -0.002689
1190.354735  -0.001088
1190.355416  -0.000020
1190.356097   0.001947
1190.356778  -0.001572
1190.357459  -0.000654
1190.358140  -0.000363
1190.358821  -0.000503
1190.359502   0.001377
1190.360183  -0.000946
1190.360865   0.001163
1190.361546   0.000118
1190.362227  -0.002458
1190.362908  -0.000685
1190.363589  -0.000582
1190.364270  -0.002634
1190.364951  -0.000971
1190.365632   0.000600
1190.366313  -0.000463
1190.366994  -0.001249
1190.367675  -0.001516
1190.368357   0.000271
1190.369038  -0.000487
1190.369719  -0.000820
1190.370400  -0.000307
1190.371081   0.000281
1190.371762   0.000623
1190.372443  -0.001216
1190.373124   0.000361
1190.373805  -0.001553
1190.374486  -0.000132
1190.375168  -0.000174
1190.375849  -0.000945
1190.376530  -0.000809
1190.377211  -0.001975
1190.377892   0.001662
1190.378573  -0.001190
1190.379254  -0.000679
1190.379935  -0.001137
1190.380616   0.000878
1190.381298   0.000281
1190.381979   0.002028
1190.382660  -0.001376
1190.383341   0.000125
1190.384022   0.002292
1190.384703  -0.001523
1190.385384  -0.000858
1190.386065   0.000191
1190.386746   0.001105
1190.387427  -0.001235
1190.388109   0.000754
1190.388790  -0.000541
1190.389471  -0.003166
1190.390152  -0.003012
1190.390833  -0.003279
1190.391514  -0.000463
1190.392195  -0.000420
1190.392876  -0.002406
1190.393557  -0.001900
1190.394238   0.000321
1190.394920  -0.002129
1190.395601  -0.000121
1190.396282  -0.001708
1190.396963  -0.001669
1190.397644  -0.000985
1190.398325  -0.001989
1190.399006  -0.001836
1190.399687  -0.000838
1190.400368  -0.000797
1190.401049  -0.002468
1190.401730  -0.001080
1190.402412  -0.002271
1190.403093  -0.000334
1190.403774  -0.001228
1190.404455  -0.001390
1190.405136  -0.001689
1190.405817   0.000829
1190.406498  -0.002412
1190.407179  -0.003149
1190.407860   0.001952
1190.408541   0.000766
1190.409223   0.001115
1190.409904  -0.000613
1190.410585  -0.001549
1190.411266  -0.001512
1190.411947   0.000934
1190.412628   0.000720
1190.413309  -0.002900
1190.413990  -0.000850
1190.414671   0.001244
1190.415353  -0.002234
1190.416034  -0.000435
1190.416715   0.001120
1190.417396  -0.000784
1190.418077  -0.001243
1190.418758  -0.000462
1190.419439   0.000879
1190.420120  -0.000332
1190.420801  -0.001542
1190.421482  -0.001024
1190.422164   0.000322
1190.422845  -0.001872
1190.423526  -0.001716
1190.424207  -0.000315
1190.424888  -0.001636
1190.425569   0.001271
1190.426250  -0.001946
1190.426931  -0.001575
1190.427612  -0.000142
1190.428293  -0.000984
1190.428974   0.000143
1190.429655   0.000226
1190.430337  -0.001738
1190.431018  -0.000318
1190.431699  -0.000380
1190.432380  -0.000699
1190.433061  -0.000602
1190.433742   0.002076
1190.434423  -0.001848
1190.435104  -0.000382
1190.435785  -0.000528
1190.436467   0.000837
1190.437148   0.000215
1190.437829   0.000469
1190.438510  -0.001048
1190.439191  -0.000763
1190.439872   0.002275
1190.440553  -0.001251
1190.441234  -0.000966
1190.441915  -0.000156
1190.442596  -0.000127
1190.443278  -0.001933
1190.443959  -0.001563
1190.444640  -0.000289
1190.445321  -0.001232
1190.446002  -0.000385
1190.446683  -0.001426
1190.447364  -0.000228
1190.448045   0.000500
1190.448726   0.000751
1190.449407  -0.000632
1190.450089   0.000856
1190.450770   0.000567
1190.451451  -0.000994
1190.452132  -0.000578
1190.452813  -0.000476
1190.453494  -0.000385
1190.454175  -0.000802
1190.454856  -0.000430
1190.455537   0.001140
1190.456218  -0.000274
1190.456899  -0.000700
1190.457581  -0.001552
1190.458262  -0.000704
1190.458943  -0.000322
1190.459624  -0.000001
1190.460305   0.000231
1190.460986  -0.001103
1190.461667   0.000140
1190.462348  -0.000622
1190.463029  -0.001839
1190.463710  -0.000575
1190.464392  -0.001469
1190.465073  -0.001095
1190.465754  -0.002338
1190.466435  -0.003186
1190.467116  -0.000645
1190.467797  -0.000684
1190.468478  -0.000481
1190.469159  -0.001871
1190.469840   0.000042
1190.470522  -0.000737
1190.471203  -0.002106
1190.471884  -0.001919
1190.472565  -0.001618
1190.473246   0.000290
1190.473927  -0.001782
1190.474608  -0.001017
1190.475289  -0.001837
1190.475970  -0.001295
1190.476651  -0.000834
1190.477333  -0.000865
1190.478014  -0.000919
1190.478695  -0.003265
1190.479376  -0.001084
1190.480057  -0.000726
1190.480738  -0.000217
1190.481419  -0.000532
1190.482100  -0.002484
1190.482781  -0.000812
1190.483462  -0.001352
1190.484143  -0.000574
1190.484825  -0.000461
1190.485506   0.000081
1190.486187  -0.000912
1190.486868  -0.000153
1190.487549  -0.001481
1190.488230  -0.001406
1190.488911  -0.000076
1190.489592   0.001068
1190.490273   0.001523
1190.490954  -0.001171
1190.491636   0.000296
1190.492317  -0.001397
1190.492998  -0.000632
1190.493679  -0.001474
1190.494360   0.001822
1190.495041  -0.002286
1190.495722  -0.000312
1190.496403  -0.000300
1190.497084  -0.000862
1190.497766  -0.000339
1190.498447  -0.000705
1190.499128   0.000336
1190.499809  -0.002237
1190.500490   0.000153
1190.501171  -0.001944
1190.501852  -0.001837
1190.502533   0.000188
1190.503214   0.001562
1190.503895  -0.000818
1190.504577  -0.001041
1190.505258   0.000683
1190.505939   0.001167
1190.506620  -0.000457
1190.507301  -0.000756
1190.507982  -0.002024
1190.508663  -0.001177
1190.509344  -0.000514
1190.510025  -0.001009
1190.510706  -0.000583
1190.511387  -0.003263
1190.512069  -0.000136
1190.512750  -0.001292
1190.513431  -0.000792
1190.514112  -0.000775
1190.514793   0.000286
1190.515474   0.001746
1190.516155  -0.000811
1190.516836   0.000473
1190.517517  -0.000580
1190.518198  -0.001021
1190.518879   0.002745
1190.519561   0.000560
1190.520242  -0.001689
1190.520923   0.000038
1190.521604  -0.002192
1190.522285  -0.000773
1190.522966   0.000720
1190.523647  -0.003316
1190.524328  -0.000328
1190.525010   0.000619
1190.525691  -0.000954
1190.526372   0.000047
1190.527053  -0.001617
1190.527734  -0.001387
1190.528415   0.000455
1190.529096   0.000819
1190.529777  -0.001174
1190.530458   0.000664
1190.531139  -0.001014
1190.531821  -0.001356
1190.532502   0.001813
1190.533183  -0.000756
1190.533864  -0.001560
1190.534545  -0.002635
1190.535226  -0.000307
1190.535907   0.000645
1190.536588   0.000959
1190.537269  -0.002188
1190.537950   0.001063
1190.538632  -0.000034
1190.539312  -0.000681
1190.539994   0.000053
1190.540675   0.000248
1190.541356  -0.001455
1190.542037  -0.000031
1190.542718  -0.000699
1190.543399  -0.002511
1190.544080  -0.002107
1190.544761   0.000692
1190.545442  -0.001286
1190.546123   0.002419
1190.546805  -0.001227
1190.547486  -0.000112
1190.548167  -0.000166
1190.548848  -0.001987
1190.549529  -0.000409
1190.550210  -0.001982
1190.550891   0.000772
1190.551572  -0.001195
1190.552253   0.001518
1190.552935  -0.004070
1190.553616   0.000313
1190.554297   0.001442
1190.554978   0.000393
1190.555659  -0.002204
1190.556340  -0.001877
1190.557021  -0.001030
1190.557702  -0.000308
1190.558383  -0.001383
1190.559064  -0.000866
1190.559746   0.001265
1190.560427  -0.000862
1190.561108   0.001152
1190.561789   0.000626
1190.562470  -0.000475
1190.563151  -0.002521
1190.563832  -0.001073
1190.564513  -0.000642
1190.565194   0.000541
1190.565875  -0.001498
1190.566557   0.000305
1190.567238  -0.001371
1190.567919  -0.001756
1190.568600  -0.000558
1190.569281  -0.000798
1190.569962  -0.000533
1190.570643  -0.002333
1190.571324   0.000053
1190.572005  -0.000035
1190.572686  -0.001697
1190.573367  -0.000052
1190.574049  -0.000747
1190.574730  -0.001870
1190.575411  -0.000448
1190.576092  -0.002996
1190.576773  -0.001236
1190.577454  -0.002082
1190.578135  -0.000722
1190.578816  -0.000282
1190.579497  -0.001414
1190.580179  -0.000867
1190.580860  -0.003228
1190.581541  -0.001122
1190.582222  -0.001645
1190.582903  -0.002219
1190.583584  -0.002434
1190.584265  -0.000497
1190.584946  -0.000013
1190.585627  -0.000235
1190.586308   0.000116
1190.586990  -0.000358
1190.587671  -0.002468
1190.588352  -0.000021
1190.589033   0.000079
1190.589714   0.001232
1190.590395  -0.000702
1190.591076  -0.000950
1190.591757  -0.000970
1190.592438  -0.000707
1190.593119  -0.000404
1190.593801   0.000569
1190.594482   0.000409
1190.595163   0.001205
1190.595844   0.000261
1190.596525  -0.000551
1190.597206   0.002412
1190.597887  -0.003977
1190.598568  -0.000709
1190.599249  -0.001272
1190.599930  -0.000925
1190.600611   0.001394
1190.601293   0.000084
1190.601974   0.000075
1190.602655   0.000376
1190.603336  -0.001251
1190.604017  -0.000470
1190.604698  -0.001126
1190.605379   0.000133
1190.606060  -0.000932
1190.606741  -0.000482
1190.607422  -0.002160
1190.608104  -0.002018
1190.608785  -0.000336
1190.609466   0.000701
1190.610147  -0.001776
1190.610828   0.000185
1190.611509   0.000279
1190.612190  -0.001444
1190.612871   0.001224
1190.613552  -0.001637
1190.614234  -0.001765
1190.614915   0.000836
1190.615596   0.000380
1190.616277  -0.000590
1190.616958   0.000961
1190.617639  -0.001185
1190.618320  -0.001578
1190.619001  -0.001935
1190.619682  -0.000065
1190.620363   0.002319
1190.621045   0.000864
1190.621726  -0.000556
1190.622407  -0.000409
1190.623088   0.001127
1190.623769  -0.001225
1190.624450  -0.001519
1190.625131  -0.001228
1190.625812   0.000017
1190.626493  -0.003383
1190.627174  -0.001305
1190.627855   0.000234
1190.628537   0.001287
1190.629218  -0.001841
1190.629899  -0.000491
1190.630580  -0.000930
1190.631261  -0.004320
1190.631942  -0.001508
1190.632623  -0.001568
1190.633304  -0.001022
1190.633985  -0.002344
1190.634666  -0.000113
1190.635348   0.001569
1190.636029  -0.001069
1190.636710  -0.001975
1190.637391   0.000451
1190.638072  -0.000721
1190.638753   0.000499
1190.639434  -0.001198
1190.640115  -0.000983
1190.640796  -0.002254
1190.641478  -0.001849
1190.642159  -0.001307
1190.642840  -0.000160
1190.643521  -0.000725
1190.644202  -0.001420
1190.644883  -0.000561
1190.645564   0.000076
1190.646245  -0.002234
1190.646926   0.000135
1190.647607  -0.001071
1190.648289   0.001188
1190.648970  -0.000955
1190.649651  -0.000144
1190.650332  -0.001811
1190.651013   0.000268
1190.651694  -0.001079
1190.652375  -0.001718
1190.653056  -0.000442
1190.653737   0.002547
1190.654418  -0.002819
1190.655100  -0.003190
1190.655781  -0.001029
1190.656462   0.000441
1190.657143  -0.000048
1190.657824  -0.001646
1190.658505  -0.000849
1190.659186  -0.001731
1190.659867   0.000613
1190.660548  -0.000673
1190.661229  -0.001722
1190.661910  -0.000367
1190.662592  -0.000587
1190.663273  -0.001102
1190.663954  -0.002803
1190.664635  -0.000603
1190.665316  -0.002018
1190.665997  -0.001031
1190.666678   0.000578
1190.667359  -0.002947
1190.668040  -0.000911
1190.668722  -0.001654
1190.669403   0.000969
1190.670084   0.001267
1190.670765  -0.002668
1190.671446  -0.000895
1190.672127   0.000934
1190.672808  -0.001838
1190.673489   0.001064
1190.674170  -0.000056
1190.674851   0.000070
1190.675532  -0.001682
1190.676214  -0.000290
1190.676895   0.000548
1190.677576  -0.000285
1190.678257   0.000611
1190.678938   0.000847
1190.679619   0.000148
1190.680300  -0.001030
1190.680981  -0.001353
1190.681662  -0.002190
1190.682343   0.002427
1190.683025   0.000681
1190.683706  -0.003968
1190.684387   0.000199
1190.685068   0.000592
1190.685749  -0.001733
1190.686430  -0.000054
1190.687111   0.000116
1190.687792  -0.002613
1190.688473  -0.001208
1190.689154   0.001170
1190.689835  -0.000815
1190.690517  -0.001460
1190.691198  -0.002171
1190.691879   0.000302
1190.692560  -0.000297
1190.693241  -0.001507
1190.693922  -0.000182
1190.694603  -0.002239
1190.695284  -0.001784
1190.695965  -0.004301
1190.696647   0.001080
1190.697328   0.000351
1190.698009  -0.001336
1190.698690  -0.000697
1190.699371  -0.001787
1190.700052  -0.002194
1190.700733  -0.001574
1190.701414   0.002734
1190.702095  -0.003720
1190.702776  -0.000805
1190.703458   0.000344
1190.704139  -0.001862
1190.704820   0.001634
1190.705501  -0.001752
1190.706182  -0.001457
1190.706863  -0.000932
1190.707544  -0.001912
1190.708225  -0.000549
1190.708906   0.000128
1190.709587  -0.002188
1190.710269  -0.001119
1190.710950   0.000165
1190.711631  -0.000737
1190.712312  -0.001175
1190.712993   0.001171
1190.713674  -0.001589
1190.714355   0.002121
1190.715036  -0.001171
1190.715717  -0.000224
1190.716398   0.001522
1190.717079   0.000265
1190.717761  -0.002037
1190.718442  -0.001055
1190.719123  -0.000916
1190.719804   0.000563
1190.720485  -0.001012
1190.721166  -0.001512
1190.721847  -0.000020
1190.722528   0.001638
1190.723209  -0.001242
1190.723891  -0.002148
1190.724572  -0.003620
1190.725253  -0.002651
1190.725934  -0.000466
1190.726615  -0.001469
1190.727296  -0.001922
1190.727977  -0.000402
1190.728658  -0.001974
1190.729339  -0.000811
1190.730020  -0.002435
1190.730702  -0.001074
1190.731383  -0.001310
1190.732064   0.000328
1190.732745   0.000501
1190.733426   0.001008
1190.734107  -0.000444
1190.734788  -0.000792
1190.735469  -0.002812
1190.736150   0.000544
1190.736831  -0.001335
1190.737513  -0.000817
1190.738194   0.000118
1190.738875  -0.002565
1190.739556  -0.001353
1190.740237  -0.001233
1190.740918  -0.002571
1190.741599  -0.001178
1190.742280   0.000601
1190.742961   0.001540
1190.743642   0.000324
1190.744323  -0.000393
1190.745005   0.001178
1190.745686   0.001340
1190.746367   0.000701
1190.747048  -0.001201
1190.747729  -0.001650
1190.748410  -0.000800
1190.749091  -0.000889
1190.749772  -0.001093
1190.750453   0.000449
1190.751134  -0.001607
1190.751816  -0.000907
1190.752497  -0.001032
1190.753178  -0.001056
1190.753859   0.000192
1190.754540  -0.000098
1190.755221  -0.002307
1190.755902  -0.002101
1190.756583   0.000123
1190.757264   0.000868
1190.757946  -0.002196
1190.758627  -0.002936
1190.759308   0.000306
1190.759989  -0.000241
1190.760670  -0.001208
1190.761351  -0.000166
1190.762032   0.002560
1190.762713  -0.000612
1190.763394  -0.000976
1190.764075  -0.000621
1190.764757  -0.001555
1190.765438  -0.001461
1190.766119  -0.001274
1190.766800  -0.001626
1190.767481  -0.000995
1190.768162  -0.000613
1190.768843  -0.000005
1190.769524  -0.000428
1190.770205  -0.000031
1190.770886  -0.000947
1190.771567  -0.000523
1190.772249  -0.001339
1190.772930  -0.001588
1190.773611  -0.001348
1190.774292  -0.002342
1190.774973   0.001435
1190.775654  -0.000814
1190.776335   0.000298
1190.777016  -0.000239
1190.777697  -0.001019
1190.778378  -0.002754
1190.779060  -0.001432
1190.779741  -0.000570
1190.780422   0.001185
1190.781103   0.000253
1190.781784   0.001289
1190.782465  -0.000068
1190.783146   0.000483
1190.783827  -0.000428
1190.784508   0.001544
1190.785190  -0.001534
1190.785871  -0.002883
1190.786552   0.000069
1190.787233  -0.000649
1190.787914  -0.002200
1190.788595  -0.000074
1190.789276  -0.001514
1190.789957  -0.000733
1190.790638  -0.002388
1190.791319  -0.000768
1190.792001   0.001478
1190.792682  -0.001308
1190.793363  -0.000404
1190.794044  -0.001341
1190.794725  -0.000603
1190.795406   0.000309
1190.796087   0.002006
1190.796768  -0.000522
1190.797449   0.000269
1190.798130   0.000025
1190.798812   0.000164
1190.799493  -0.000606
1190.800174   0.000691
1190.800855  -0.002834
1190.801536  -0.002568
1190.802217  -0.001638
1190.802898  -0.002609
1190.803579   0.000252
1190.804260   0.000218
1190.804941  -0.002183
1190.805622   0.000071
1190.806304  -0.001581
1190.806985   0.001253
1190.807666  -0.002298
1190.808347  -0.000660
1190.809028  -0.000446
1190.809709   0.000954
1190.810390   0.001518
1190.811071  -0.001470
1190.811752  -0.000666
1190.812434   0.000220
1190.813115   0.000833
1190.813796  -0.003099
1190.814477   0.001564
1190.815158  -0.003006
1190.815839  -0.000575
1190.816520   0.000338
1190.817201   0.000768
1190.817882   0.002096
1190.818563  -0.000898
1190.819245   0.000192
1190.819926  -0.001659
1190.820607  -0.000188
1190.821288   0.000308
1190.821969  -0.000082
1190.822650   0.000079
1190.823331   0.000221
1190.824012  -0.001551
1190.824693   0.000766
1190.825374   0.000180
1190.826056  -0.000243
1190.826737   0.001037
1190.827418  -0.001970
1190.828099  -0.000334
1190.828780  -0.000203
1190.829461  -0.001466
1190.830142  -0.001846
1190.830823  -0.002558
1190.831504  -0.000047
1190.832185  -0.000301
1190.832866  -0.001436
1190.833548  -0.001460
1190.834229  -0.002221
1190.834910  -0.000411
1190.835591   0.001121
1190.836272  -0.002375
1190.836953  -0.001013
1190.837634   0.000281
1190.838315  -0.002572
1190.838996  -0.001130
1190.839677  -0.000335
1190.840359   0.000317
1190.841040  -0.001804
1190.841721  -0.000596
1190.842402  -0.000010
1190.843083  -0.002154
1190.843764   0.000121
1190.844445   0.000014
1190.845126  -0.000843
1190.845807  -0.003081
1190.846488  -0.000706
1190.847170  -0.001030
1190.847851  -0.001305
1190.848532   0.000482
1190.849213   0.000001
1190.849894   0.001612
1190.850575   0.000148
1190.851256   0.000795
1190.851937  -0.001904
1190.852618  -0.000011
1190.853299  -0.000338
1190.853981  -0.000386
1190.854662  -0.000286
1190.855343   0.000190
1190.856024  -0.000132
1190.856705  -0.001989
1190.857386  -0.001054
1190.858067   0.000506
1190.858748   0.000221
1190.859429   0.000927
1190.860110  -0.001082
1190.860792   0.000989
1190.861473   0.000564
1190.862154   0.000345
1190.862835  -0.002096
1190.863516  -0.001271
1190.864197  -0.001031
1190.864878   0.001103
1190.865559  -0.001615
1190.866240  -0.001912
1190.866921   0.000895
1190.867603  -0.001509
1190.868284   0.001139
1190.868965   0.000205
1190.869646  -0.001378
1190.870327  -0.000984
1190.871008   0.001936
1190.871689  -0.002236
1190.872370  -0.000196
1190.873051  -0.000321
1190.873732  -0.001376
1190.874414   0.001594
1190.875095  -0.003188
1190.875776   0.001135
1190.876457  -0.000128
1190.877138   0.000010
1190.877819  -0.000489
1190.878500  -0.001663
1190.879181   0.000640
1190.879862  -0.000393
1190.880543  -0.000635
1190.881225  -0.000047
1190.881906  -0.000989
1190.882587  -0.002300
1190.883268   0.000086
1190.883949  -0.001489
1190.884630  -0.000692
1190.885311  -0.002000
1190.885992  -0.000854
1190.886673   0.000288
1190.887354  -0.001026
1190.888036  -0.001438
1190.888717   0.000332
1190.889398  -0.001336
1190.890079  -0.000054
1190.890760  -0.001972
1190.891441   0.000614
1190.892122   0.000057
1190.892803  -0.000783
1190.893484  -0.000156
1190.894165   0.001170
1190.894847  -0.001674
1190.895528  -0.003666
1190.896209   0.001056
1190.896890  -0.002135
1190.897571  -0.001288
1190.898252   0.000434
1190.898933  -0.000461
1190.899614  -0.001862
1190.900295   0.002383
1190.900976  -0.000621
1190.901658  -0.002454
1190.902339  -0.003351
1190.903020   0.001910
1190.903701   0.000118
1190.904382  -0.001166
1190.905063  -0.001205
1190.905744  -0.001299
1190.906425  -0.000346
1190.907106  -0.000873
1190.907787   0.000011
1190.908469   0.000128
1190.909150  -0.000546
1190.909831   0.000599
1190.910512   0.000116
1190.911193  -0.001193
1190.911874   0.000351
1190.912555  -0.000518
1190.913236   0.000933
1190.913917  -0.001081
1190.914598  -0.000043
1190.915280  -0.003118
1190.915961  -0.002960
1190.916642   0.002224
1190.917323  -0.001001
1190.918004  -0.000790
1190.918685   0.001741
1190.919366  -0.001207
1190.920047  -0.003431
1190.920728   0.000746
1190.921409  -0.000545
1190.922090  -0.002387
1190.922772  -0.000755
1190.923453  -0.000047
1190.924134   0.000961
1190.924815   0.000594
1190.925496  -0.001146
1190.926177   0.000970
1190.926858  -0.000337
1190.927539  -0.002029
1190.928220   0.000608
1190.928902  -0.000243
1190.929583  -0.000203
1190.930264   0.001690
1190.930945  -0.000377
1190.931626  -0.002086
1190.932307   0.001334
1190.932988  -0.000286
1190.933669  -0.000656
1190.934350  -0.001109
1190.935031  -0.000727
1190.935713   0.000423
1190.936394  -0.001584
1190.937075  -0.001346
1190.937756  -0.000357
1190.938437  -0.000463
1190.939118  -0.000087
1190.939799  -0.001598
1190.940480  -0.000195
1190.941161  -0.000088
1190.941842   0.000147
1190.942524  -0.001085
1190.943205  -0.000648
1190.943886   0.000611
1190.944567   0.000851
1190.945248  -0.000393
1190.945929   0.000442
1190.946610  -0.000587
1190.947291  -0.001062
1190.947972  -0.001313
1190.948653  -0.001757
1190.949334  -0.000272
1190.950016   0.000011
1190.950697  -0.002023
1190.951378  -0.002246
1190.952059  -0.002684
1190.952740  -0.000143
1190.953421   0.000317
1190.954102  -0.001273
1190.954783   0.000157
1190.955464   0.000327
1190.956145  -0.003159
1190.956827  -0.000755
1190.957508  -0.000988
1190.958189  -0.000732
1190.958870  -0.001233
1190.959551  -0.000031
1190.960232  -0.001256
1190.960913  -0.001245
1190.961594  -0.000933
1190.962275  -0.000249
1190.962957  -0.002483
1190.963638  -0.001434
1190.964319  -0.000850
1190.965000   0.000552
1190.965681  -0.000877
1190.966362  -0.000391
1190.967043   0.000677
1190.967724  -0.000295
1190.968405  -0.002818
1190.969086  -0.001594
1190.969768  -0.000796
1190.970449   0.002822
1190.971130   0.000592
1190.971811   0.001225
1190.972492  -0.001700
1190.973173  -0.001481
1190.973854  -0.001555
1190.974535  -0.001320
1190.975216   0.000494
1190.975897   0.000378
1190.976578  -0.003110
1190.977260  -0.003337
1190.977941  -0.000463
1190.978622   0.000085
1190.979303  -0.000892
1190.979984  -0.001542
1190.980665  -0.000174
1190.981346  -0.000720
1190.982027  -0.000825
1190.982708  -0.000668
1190.983389   0.001229
1190.984071  -0.001044
1190.984752  -0.000026
1190.985433  -0.002743
1190.986114  -0.001243
1190.986795  -0.001109
1190.987476  -0.001777
1190.988157   0.000485
1190.988838   0.001156
1190.989519  -0.000826
1190.990201  -0.000939
1190.990882   0.001476
1190.991563  -0.001803
1190.992244  -0.000986
1190.992925   0.000746
1190.993606  -0.000866
1190.994287  -0.000161
1190.994968  -0.002139
1190.995649  -0.002565
1190.996330  -0.002300
1190.997012  -0.000527
1190.997693  -0.001565
1190.998374  -0.000675
1190.999055   0.000933
1190.999736  -0.000715
1191.000417  -0.001645
1191.001098  -0.001612
1191.001779  -0.001769
1191.002460   0.000365
1191.003141  -0.001099
1191.003822   0.000311
1191.004504  -0.000599
1191.005185   0.000278
1191.005866  -0.001032
1191.006547  -0.001105
1191.007228   0.000239
1191.007909  -0.000436
1191.008590  -0.001368
1191.009271   0.000305
1191.009952   0.000209
1191.010633  -0.001666
1191.011315  -0.001571
1191.011996  -0.000550
1191.012677   0.000864
1191.013358  -0.000690
1191.014039  -0.001501
1191.014720  -0.002730
1191.015401   0.000076
1191.016082  -0.000858
1191.016763  -0.001581
1191.017445  -0.001123
1191.018126  -0.000414
1191.018807  -0.001023
1191.019488   0.000101
1191.020169  -0.001995
1191.020850  -0.000603
1191.021531   0.001019
1191.022212  -0.003239
1191.022893   0.001007
1191.023574   0.001132
1191.024256  -0.002607
1191.024937  -0.000481
1191.025618  -0.001117
1191.026299  -0.000791
1191.026980  -0.000841
1191.027661  -0.003003
1191.028342   0.000516
1191.029023  -0.001697
1191.029704  -0.000678
1191.030385  -0.001268
1191.031067  -0.001553
1191.031748  -0.000987
1191.032429   0.000970
1191.033110  -0.002836
1191.033791  -0.000438
1191.034472   0.000474
1191.035153  -0.002169
1191.035834  -0.001234
1191.036515  -0.000150
1191.037196   0.001190
1191.037877   0.000351
1191.038559  -0.002305
1191.039240  -0.000525
1191.039921   0.001188
1191.040602  -0.000723
1191.041283  -0.001157
1191.041964  -0.000438
1191.042645  -0.001514
1191.043326  -0.000425
1191.044007  -0.000687
1191.044688   0.001321
1191.045370  -0.001785
1191.046051  -0.000814
1191.046732  -0.001433
1191.047413  -0.000131
1191.048094  -0.000359
1191.048775  -0.000760
1191.049456   0.000241
1191.050137  -0.002821
1191.050818   0.000336
1191.051499  -0.001442
1191.052181  -0.000584
1191.052862   0.000311
1191.053543  -0.000321
1191.054224   0.000157
1191.054905  -0.000387
1191.055586  -0.002486
1191.056267  -0.002318
1191.056948  -0.000317
1191.057629  -0.001546
1191.058310   0.000350
1191.058992  -0.000001
1191.059673  -0.000648
1191.060354  -0.001292
1191.061035   0.001001
1191.061716  -0.002297
1191.062397  -0.001915
1191.063078  -0.000764
1191.063759   0.000043
1191.064440  -0.001982
1191.065121  -0.000041
1191.065803  -0.000693
1191.066484   0.000380
1191.067165   0.001822
1191.067846  -0.002172
1191.068527  -0.001342
1191.069208   0.000281
1191.069889  -0.001967
1191.070570  -0.000352
1191.071251  -0.001097
1191.071932   0.000017
1191.072614  -0.001918
1191.073295  -0.001246
1191.073976  -0.001257
1191.074657  -0.001393
1191.075338   0.000028
1191.076019  -0.001275
1191.076700  -0.001605
1191.077381   0.000605
1191.078062   0.001120
1191.078743  -0.001137
1191.079425   0.000032
1191.080106   0.000731
1191.080787  -0.001303
1191.081468  -0.000680
1191.082149   0.000611
1191.082830  -0.000219
1191.083511  -0.000117
1191.084192  -0.002270
1191.084873  -0.000643
1191.085554  -0.001201
1191.086236  -0.000505
1191.086917   0.001307
1191.087598   0.000205
1191.088279  -0.000271
1191.088960  -0.001337
1191.089641  -0.000461
1191.090322   0.000115
1191.091003  -0.000287
1191.091684   0.000843
1191.092365   0.001924
1191.093047  -0.001568
1191.093728  -0.002138
1191.094409  -0.001301
1191.095090  -0.002061
1191.095771   0.001140
1191.096452  -0.000183
1191.097133   0.000541
1191.097814  -0.000525
1191.098495   0.001317
1191.099176   0.002078
1191.099858   0.000104
1191.100539   0.002293
1191.101220  -0.000871
1191.101901  -0.000013
1191.102582  -0.001785
1191.103263  -0.000300
1191.103944  -0.001087
1191.104625   0.002849
1191.105306  -0.002403
1191.105987  -0.000966
1191.106669  -0.000477
1191.107350  -0.001478
1191.108031   0.000659
1191.108712   0.001485
1191.109393   0.000021
1191.110074  -0.002079
1191.110755   0.000334
1191.111436  -0.001403
1191.112117   0.000505
1191.112798   0.003081
1191.113480  -0.000953
1191.114161  -0.000654
1191.114842  -0.002282
1191.115523  -0.002374
1191.116204   0.000179
1191.116885   0.000715
1191.117566  -0.000707
1191.118247  -0.000760
1191.118928   0.000759
1191.119609   0.000719
1191.120291  -0.001843
1191.120972  -0.003473
1191.121653  -0.000829
1191.122334  -0.002814
1191.123015  -0.001456
1191.123696  -0.001577
1191.124377  -0.001793
1191.125058  -0.000427
1191.125739  -0.002029
1191.126420   0.001096
1191.127102  -0.000727
1191.127783   0.000548
1191.128464  -0.001253
1191.129145   0.000043
1191.129826  -0.001131
1191.130507   0.000329
1191.131188  -0.000687
1191.131869  -0.000111
1191.132550  -0.002294
1191.133231   0.000473
1191.133913  -0.001320
1191.134594  -0.000387
1191.135275  -0.003204
1191.135956  -0.000786
1191.136637   0.001810
1191.137318   0.001469
1191.137999  -0.002378
1191.138680  -0.000657
1191.139361  -0.000101
1191.140042  -0.002094
1191.140724   0.000680
1191.141405   0.000218
1191.142086  -0.001225
1191.142767  -0.001959
1191.143448  -0.000805
1191.144129   0.000896
1191.144810  -0.001805
1191.145491   0.000509
1191.146172   0.001507
1191.146853   0.000197
1191.147534  -0.000422
1191.148216  -0.002502
1191.148897  -0.001620
1191.149578  -0.001059
1191.150259  -0.000618
1191.150940  -0.001675
1191.151621  -0.000185
1191.152302   0.000628
1191.152983  -0.000841
1191.153664  -0.001213
1191.154346   0.002289
1191.155027  -0.000466
1191.155708  -0.002148
1191.156389  -0.001158
1191.157070  -0.001809
1191.157751  -0.001207
1191.158432  -0.002508
1191.159113  -0.002484
1191.159794  -0.001765
1191.160475   0.000832
1191.161157  -0.002286
1191.161838  -0.002928
1191.162519  -0.000919
1191.163200  -0.000089
1191.163881  -0.001015
1191.164562  -0.000440
1191.165243   0.000047
1191.165924  -0.000299
1191.166605  -0.002585
1191.167286  -0.000438
1191.167968  -0.000779
1191.168649  -0.001528
1191.169330  -0.001714
1191.170011  -0.000967
1191.170692   0.000069
1191.171373   0.000327
1191.172054  -0.001087
1191.172735  -0.002649
1191.173416  -0.000542
1191.174097  -0.001523
1191.174779  -0.000227
1191.175460   0.000930
1191.176141  -0.003514
1191.176822  -0.000339
1191.177503  -0.001001
1191.178184  -0.001157
1191.178865  -0.000038
1191.179546   0.000398
1191.180227  -0.002364
1191.180908   0.001193
1191.181590  -0.002452
1191.182271  -0.000006
1191.182952   0.000005
1191.183633   0.000213
1191.184314  -0.002242
1191.184995  -0.000822
1191.185676   0.000152
1191.186357  -0.001138
1191.187038  -0.002865
1191.187719  -0.000211
1191.188400  -0.002899
1191.189082   0.000563
1191.189763  -0.000531
1191.190444  -0.000059
1191.191125  -0.001850
1191.191806  -0.002091
1191.192487  -0.001955
1191.193168  -0.000397
1191.193849  -0.000775
1191.194530  -0.001213
1191.195212   0.000688
1191.195893  -0.000128
1191.196574  -0.000968
1191.197255   0.000231
1191.197936   0.000192
1191.198617   0.001372
1191.199298   0.000370
1191.199979  -0.000271
1191.200660  -0.002031
1191.201341   0.000275
1191.202023   0.000870
1191.202704   0.000703
1191.203385  -0.003472
1191.204066  -0.001785
1191.204747  -0.000071
1191.205428  -0.000301
1191.206109  -0.001111
1191.206790  -0.000655
1191.207471  -0.001225
1191.208152  -0.000795
1191.208834  -0.000771
1191.209515  -0.000167
1191.210196  -0.001118
1191.210877  -0.001526
1191.211558  -0.000967
1191.212239  -0.001701
1191.212920  -0.000153
1191.213601  -0.001268
1191.214282  -0.001414
1191.214963   0.000457
1191.215644  -0.000685
1191.216326  -0.001035
1191.217007  -0.001651
1191.217688   0.001930
1191.218369   0.000936
1191.219050  -0.000389
1191.219731  -0.001800
1191.220412  -0.000058
1191.221093  -0.002668
1191.221774   0.000862
1191.222456  -0.002568
1191.223137   0.000622
1191.223818  -0.002013
1191.224499  -0.000185
1191.225180  -0.000169
1191.225861  -0.001600
1191.226542   0.001239
1191.227223  -0.000541
1191.227904   0.000506
1191.228585  -0.002520
1191.229267  -0.001238
1191.229948  -0.000937
1191.230629  -0.001964
1191.231310  -0.000656
1191.231991  -0.001238
1191.232672  -0.000643
1191.233353  -0.000674
1191.234034   0.000053
1191.234715  -0.002329
1191.235396  -0.000701
1191.236077  -0.001044
1191.236759   0.000597
1191.237440  -0.000501
1191.238121  -0.001203
1191.238802  -0.002028
1191.239483  -0.000677
1191.240164  -0.002301
1191.240845  -0.001809
1191.241526  -0.000299
1191.242207  -0.001758
1191.242888   0.000214
1191.243570  -0.000652
1191.244251  -0.000106
1191.244932   0.000004
1191.245613  -0.000577
1191.246294  -0.000384
1191.246975   0.001705
1191.247656  -0.001613
1191.248337  -0.000981
1191.249018   0.000731
1191.249700   0.001167
1191.250381  -0.002100
1191.251062  -0.000404
1191.251743  -0.002695
1191.252424  -0.002135
1191.253105  -0.002593
1191.253786   0.000363
1191.254467   0.000335
1191.255148  -0.000942
1191.255829   0.000936
1191.256511  -0.000049
1191.257192  -0.000650
1191.257873  -0.001255
1191.258554  -0.003774
1191.259235  -0.000749
1191.259916  -0.000157
1191.260597  -0.000430
1191.261278  -0.000576
1191.261959   0.001200
1191.262640  -0.000978
1191.263322  -0.001260
1191.264003  -0.002826
1191.264684  -0.001052
1191.265365  -0.001530
1191.266046  -0.002047
1191.266727  -0.000929
1191.267408  -0.000332
1191.268089   0.000227
1191.268770  -0.001188
1191.269451  -0.001018
1191.270132  -0.000714
1191.270814  -0.001848
1191.271495   0.000837
1191.272176  -0.000212
1191.272857  -0.002281
1191.273538   0.000719
1191.274219  -0.000510
1191.274900   0.000681
1191.275581  -0.000615
1191.276262   0.001130
1191.276943  -0.000262
1191.277625  -0.001851
1191.278306   0.000778
1191.278987   0.001484
1191.279668  -0.001769
1191.280349  -0.001011
1191.281030  -0.000857
1191.281711  -0.001740
1191.282392  -0.000918
1191.283073  -0.000910
1191.283755  -0.000537
1191.284436  -0.000973
1191.285117  -0.001053
1191.285798  -0.000629
1191.286479  -0.000330
1191.287160  -0.002059
1191.287841  -0.002274
1191.288522   0.001037
1191.289203  -0.001677
1191.289884  -0.002161
1191.290566  -0.001061
1191.291247  -0.001182
1191.291928  -0.000253
1191.292609  -0.001515
1191.293290   0.002270
1191.293971  -0.003123
1191.294652  -0.001062
1191.295333  -0.001674
1191.296014  -0.001164
1191.296695   0.000643
1191.297376   0.000409
1191.298058   0.000633
1191.298739  -0.001787
1191.299420  -0.003063
1191.300101   0.000676
1191.300782   0.001501
1191.301463  -0.001201
1191.302144  -0.000904
1191.302825  -0.001399
1191.303506   0.000196
1191.304187  -0.002896
1191.304869  -0.000134
1191.305550  -0.002013
1191.306231   0.001598
1191.306912  -0.002203
1191.307593   0.000109
1191.308274  -0.000397
1191.308955  -0.001833
1191.309636   0.000874
1191.310317   0.000290
1191.310999  -0.001493
1191.311680  -0.001753
1191.312361  -0.001146
1191.313042   0.001946
1191.313723  -0.001000
1191.314404   0.000727
1191.315085  -0.001671
1191.315766  -0.000197
1191.316447  -0.002262
1191.317128  -0.000059
1191.317810  -0.000480
1191.318491  -0.000923
1191.319172  -0.001042
1191.319853  -0.000013
1191.320534  -0.001526
1191.321215   0.000453
1191.321896  -0.002293
1191.322577  -0.000625
1191.323258   0.000260
1191.323939  -0.002143
1191.324620   0.002189
1191.325302  -0.000585
1191.325983  -0.000825
1191.326664  -0.001039
1191.327345  -0.002701
1191.328026  -0.002556
1191.328707   0.000008
1191.329388  -0.000684
1191.330069   0.000566
1191.330750  -0.000737
1191.331431  -0.001434
1191.332113  -0.001358
1191.332794  -0.000552
1191.333475   0.000472
1191.334156  -0.002475
1191.334837  -0.000446
1191.335518  -0.001125
1191.336199  -0.003282
1191.336880  -0.000440
1191.337561  -0.000986
1191.338243   0.001208
1191.338924  -0.000607
1191.339605  -0.000290
1191.340286   0.000947
1191.340967  -0.000343
1191.341648  -0.000334
1191.342329   0.001691
1191.343010   0.003021
1191.343691   0.001369
1191.344372   0.000847
1191.345054   0.001011
1191.345735   0.002299
1191.346416  -0.000532
1191.347097   0.001260
1191.347778  -0.001926
1191.348459  -0.001329
1191.349140  -0.000345
1191.349821   0.000419
1191.350502  -0.001047
1191.351183  -0.000988
1191.351865   0.001544
1191.352546  -0.000992
1191.353227  -0.000962
1191.353908   0.001606
1191.354589   0.002143
1191.355270   0.001352
1191.355951   0.001719
1191.356632   0.002670
1191.357313   0.002619
1191.357994   0.003132
1191.358675   0.004945
1191.359357   0.003606
1191.360038   0.005422
1191.360719   0.004832
1191.361400   0.007105
1191.362081   0.004625
1191.362762   0.005529
1191.363443   0.006986
1191.364124   0.007833
1191.364805   0.007116
1191.365486   0.007039
1191.366168   0.007422
1191.366849   0.006600
1191.367530   0.007475
1191.368211   0.005868
1191.368892   0.008564
1191.369573   0.008499
1191.370254   0.006909
1191.370935   0.009181
1191.371616   0.008594
1191.372298   0.006572
1191.372979   0.006768
1191.373660   0.009396
1191.374341   0.010316
1191.375022   0.008607
1191.375703   0.008853
1191.376384   0.006908
1191.377065   0.007271
1191.377746   0.007486
1191.378427   0.007651
1191.379109   0.010847
1191.379790   0.008058
1191.388644   0.011861
1191.389325   0.007664
1191.390006   0.008360
1191.390687   0.010282
1191.391368   0.009565
1191.392049   0.009236
1191.392730   0.009591
1191.393412   0.009856
1191.394093   0.009696
1191.394774   0.012227
1191.395455   0.010636
1191.396136   0.009799
1191.396817   0.009764
1191.397498   0.009962
1191.398179   0.009578
1191.398860   0.009213
1191.399542   0.009534
1191.400223   0.009335
1191.400904   0.010761
1191.401585   0.008752
1191.402266   0.012276
1191.402947   0.010205
1191.403628   0.009324
1191.404309   0.010178
1191.404990   0.011052
1191.405671   0.008531
1191.406353   0.009656
1191.407034   0.009705
1191.407715   0.010816
1191.408396   0.012447
1191.409077   0.011949
1191.409758   0.011583
1191.410439   0.010168
1191.411120   0.011863
1191.411801   0.009937
1191.412482   0.008593
1191.413163   0.011263
1191.413845   0.011103
1191.414526   0.011691
1191.415207   0.009800
1191.415888   0.011199
1191.416569   0.008851
1191.417250   0.009571
1191.417931   0.010474
1191.418612   0.010486
1191.419293   0.010675
1191.419974   0.011727
1191.420656   0.009238
1191.421337   0.009807
1191.422018   0.011080
1191.422699   0.009639
1191.423380   0.011266
1191.424061   0.009965
1191.424742   0.011701
1191.425423   0.011087
1191.426104   0.009651
1191.426786   0.010285
1191.427467   0.011377
1191.428148   0.010648
1191.428829   0.011149
1191.429510   0.010711
1191.430191   0.014422
1191.430872   0.010695
1191.431553   0.009567
1191.432234   0.011179
1191.432915   0.009283
1191.433597   0.011638
1191.434278   0.011058
1191.434959   0.012389
1191.435640   0.011331
1191.436321   0.009235
1191.437002   0.009707
1191.437683   0.010648
1191.438364   0.010222
1191.439045   0.012253
1191.439726   0.011861
1191.440408   0.011324
1191.441089   0.010578
1191.441770   0.010646
1191.442451   0.011396
1191.443132   0.010145
1191.443813   0.008791
1191.444494   0.011659
1191.445175   0.010480
1191.445856   0.011912
1191.446537   0.010032
1191.447218   0.011382
1191.447900   0.009915
1191.448581   0.010947
1191.449262   0.010929
1191.449943   0.010103
1191.450624   0.010930
1191.451305   0.013451
1191.451986   0.011355
1191.452667   0.006924
1191.453348   0.011162
1191.454029   0.011725
1191.454711   0.010785
1191.455392   0.009560
1191.456073   0.010499
1191.456754   0.009289
1191.457435   0.009668
1191.458116   0.008064
1191.458797   0.009440
1191.459478   0.011187
1191.460159   0.008960
1191.460841   0.010252
1191.461522   0.009939
1191.462203   0.010168
1191.462884   0.009705
1191.463565   0.010452
1191.464246   0.007679
1191.464927   0.008184
1191.465608   0.008545
1191.466289   0.009672
1191.466970   0.008289
1191.467652   0.008735
1191.468333   0.010720
1191.469014   0.010596
1191.469695   0.008474
1191.470376   0.007579
1191.471057   0.008990
1191.471738   0.009266
1191.472419   0.010529
1191.473100   0.009186
1191.473781   0.011622
1191.474462   0.007918
1191.475144   0.010072
1191.475825   0.008966
1191.476506   0.007910
1191.477187   0.009775
1191.477868   0.010257
1191.478549   0.009119
1191.479230   0.008490
1191.479911   0.008291
1191.480592   0.007162
1191.481273   0.008334
1191.481955   0.009317
1191.482636   0.008304
1191.483317   0.008771
1191.483998   0.006705
1191.484679   0.008308
1191.485360   0.009281
1191.486041   0.008228
1191.486722   0.008803
1191.487403   0.007132
1191.488085   0.007952
1191.488766   0.009698
1191.489447   0.007818
1191.490128   0.008801
1191.490809   0.005960
1191.491490   0.007622
1191.492171   0.007411
1191.492852   0.006736
1191.493533   0.008388
1191.494214   0.007326
1191.494896   0.005935
1191.495577   0.008448
1191.496258   0.005095
1191.496939   0.007513
1191.497620   0.007867
1191.498301   0.007172
1191.498982   0.007835
1191.499663   0.006029
1191.500344   0.008907
1191.501025   0.005590
1191.501706   0.004828
1191.502388   0.006087
1191.503069   0.003936
1191.503750   0.005138
1191.504431   0.003302
1191.505112   0.004585
1191.505793   0.002686
1191.506474   0.002351
1191.507155   0.000857
1191.507836   0.002647
1191.508517   0.000908
1191.509199   0.000056
1191.509880   0.000651
1191.510561  -0.000155
1191.511242  -0.000534
1191.511923   0.000548
1191.512604  -0.000070
1191.513285  -0.002613
1191.513966  -0.000379
1191.514647  -0.001476
1191.515328   0.000821
1191.516010  -0.000974
1191.516691  -0.000711
1191.517372  -0.002205
1191.518053  -0.000182
1191.518734   0.001825
1191.519415  -0.000509
1191.520096  -0.001470
1191.520777   0.000355
1191.521458  -0.000558
1191.522140  -0.000637
1191.522821  -0.002165
1191.523502  -0.000964
1191.524183  -0.000500
1191.524864  -0.000832
1191.525545  -0.000855
1191.526226  -0.001283
1191.526907   0.000397
1191.527588  -0.002064
1191.528269  -0.002396
1191.528951   0.001394
1191.529632  -0.000188
1191.530313  -0.000792
1191.530994  -0.000120
1191.531675   0.000665
1191.532356   0.000118
1191.533037  -0.002789
1191.533718  -0.000920
1191.534399  -0.001187
1191.535080  -0.000315
1191.535761  -0.001205
1191.536443  -0.000810
1191.537124  -0.002112
1191.537805  -0.001092
1191.538486   0.000564
1191.539167  -0.000358
1191.539848  -0.001815
1191.540529  -0.000208
1191.541210   0.000755
1191.541891  -0.001188
1191.542572  -0.001020
1191.543254  -0.000838
1191.543935   0.000403
1191.544616  -0.000751
1191.545297   0.001610
1191.545978   0.001774
1191.546659   0.001263
1191.547340  -0.002697
1191.548021   0.000052
1191.548702  -0.002167
1191.549384  -0.000975
1191.550065  -0.000358
1191.550746   0.000069
1191.551427  -0.000559
1191.552108  -0.002074
1191.552789  -0.000464
1191.553470  -0.000502
1191.554151  -0.000896
1191.554832  -0.002113
1191.555513   0.001172
1191.556195  -0.001242
1191.556876  -0.002054
1191.557557  -0.001777
1191.558238  -0.001840
1191.558919  -0.001217
1191.559600  -0.000446
1191.560281  -0.000082
1191.560962  -0.000022
1191.561643  -0.001517
1191.562324  -0.002649
1191.563005  -0.000434
1191.563687   0.001524
1191.564368  -0.000401
1191.565049  -0.000941
1191.565730   0.001202
1191.566411  -0.000448
1191.567092   0.000393
1191.567773  -0.000595
1191.568454  -0.002888
1191.569135   0.000028
1191.569816  -0.002142
1191.570498  -0.001259
1191.571179  -0.001477
1191.571860   0.000852
1191.572541  -0.001356
1191.573222  -0.001747
1191.573903   0.000271
1191.574584  -0.000679
1191.575265  -0.001489
1191.575946  -0.001364
1191.576628  -0.001059
1191.577309  -0.001049
1191.577990   0.000008
1191.578671  -0.000761
1191.579352  -0.000816
1191.580033   0.000110
1191.580714   0.000938
1191.581395   0.000692
1191.582076   0.000529
1191.582757  -0.001415
1191.583439  -0.000652
1191.584120   0.000118
1191.584801  -0.001085
1191.585482   0.000217
1191.586163  -0.000513
1191.586844  -0.001184
1191.587525  -0.002103
1191.588206  -0.000308
1191.588887  -0.001732
1191.589568   0.002301
1191.590249  -0.002198
1191.590931  -0.000028
1191.591612  -0.001016
1191.592293  -0.001509
1191.592974  -0.000192
1191.593655  -0.002827
1191.594336  -0.001002
1191.595017   0.001339
1191.595698  -0.004085
1191.596379  -0.000304
1191.597060   0.000153
1191.597742  -0.001156
1191.598423  -0.000978
1191.599104  -0.000604
1191.599785  -0.001017
1191.600466  -0.000792
1191.601147   0.001307
1191.601828  -0.001377
1191.602509  -0.001797
1191.603190  -0.001549
1191.603871  -0.000683
1191.604553  -0.001084
1191.605234  -0.001433
1191.605915   0.000712
1191.606596  -0.001509
1191.607277  -0.000793
1191.607958  -0.001116
1191.608639  -0.001077
1191.609320  -0.001069
1191.610001  -0.000099
1191.610683   0.000087
1191.611364  -0.002229
1191.612045  -0.002014
1191.612726  -0.003760
1191.613407   0.000888
1191.614088   0.000967
1191.614769  -0.000687
1191.615450  -0.000965
1191.616131  -0.001789
1191.616812  -0.001446
1191.617494  -0.000341
1191.618175  -0.000670
1191.618856  -0.001352
1191.619537  -0.002136
1191.620218  -0.004321
1191.620899  -0.001088
1191.621580  -0.001572
1191.622261  -0.000694
1191.622942  -0.001293
1191.623623   0.000359
1191.624304  -0.000291
1191.624986  -0.001681
1191.625667  -0.000466
1191.626348   0.000064
1191.627029  -0.000646
1191.627710  -0.001298
1191.628391   0.000043
1191.629072   0.001508
1191.629753   0.001627
1191.630434  -0.001111
1191.631115  -0.002183
1191.631797  -0.000111
1191.632478  -0.001207
1191.633159   0.000720
1191.633840   0.000642
1191.634521  -0.000913
1191.635202  -0.000649
1191.635883   0.000318
1191.636564  -0.002489
1191.637245  -0.000490
1191.637927  -0.001274
1191.638608   0.000705
1191.639289   0.000600
1191.639970   0.000824
1191.640651  -0.001157
1191.641332  -0.000746
1191.642013  -0.001495
1191.642694   0.000014
1191.643375   0.000087
1191.644056  -0.001528
1191.644738  -0.001661
1191.645419  -0.001202
1191.646100  -0.002303
1191.646781  -0.000884
1191.647462  -0.000986
1191.648143  -0.002655
1191.648824  -0.003108
1191.649505   0.000374
1191.650186  -0.000976
1191.650867   0.000402
1191.651548  -0.000562
1191.652230  -0.001277
1191.652911  -0.000556
1191.653592   0.000496
1191.654273  -0.001153
1191.654954   0.000602
1191.655635  -0.000714
1191.656316  -0.001746
1191.656997  -0.000018
1191.657678  -0.000452
1191.658359  -0.002610
1191.659041  -0.001480
1191.659722  -0.000387
1191.660403   0.000250
1191.661084  -0.000205
1191.661765   0.000142
1191.662446  -0.000909
1191.663127   0.000439
1191.663808   0.000405
1191.664489   0.000621
1191.665171   0.000590
1191.665852   0.000696
1191.666533  -0.001376
1191.667214  -0.000645
1191.667895   0.001821
1191.668576  -0.001926
1191.669257  -0.000337
1191.669938  -0.000111
1191.670619   0.000389
1191.671300  -0.000415
1191.671982  -0.000869
1191.672663   0.001340
1191.673344  -0.000321
1191.674025  -0.002478
1191.674706  -0.000771
1191.675387  -0.000695
1191.676068   0.000251
1191.676749  -0.001884
1191.677430  -0.000959
1191.678111  -0.000310
1191.678792   0.000362
1191.679474  -0.002920
1191.680155  -0.001085
1191.680836  -0.000893
1191.681517  -0.000174
1191.682198  -0.002512
1191.682879  -0.000070
1191.683560  -0.000436
1191.684241  -0.000462
1191.684922  -0.001103
1191.685603  -0.001141
1191.686285  -0.002296
1191.686966   0.001248
1191.687647  -0.000953
1191.688328   0.002072
1191.689009  -0.001173
1191.689690  -0.002186
1191.690371  -0.001089
1191.691052  -0.000680
1191.691733  -0.002060
1191.692414  -0.001090
1191.693096   0.000920
1191.693777   0.000162
1191.694458  -0.001729
1191.695139   0.000421
1191.695820   0.001444
1191.696501  -0.002662
1191.697182  -0.002272
1191.697863   0.001064
1191.698544   0.000718
1191.699226  -0.001175
1191.699907  -0.000396
1191.700588  -0.003000
1191.701269  -0.001707
1191.701950  -0.001300
1191.702631  -0.001251
1191.703312  -0.000494
1191.703993  -0.000091
1191.704674  -0.002082
1191.705355  -0.001341
1191.706037   0.000231
1191.706718  -0.003574
1191.707399  -0.001787
1191.708080  -0.000132
1191.708761   0.000020
1191.709442  -0.001060
1191.710123  -0.002974
1191.710804  -0.000299
1191.711485   0.002507
1191.712166   0.000271
1191.712847  -0.001940
1191.713529  -0.000669
1191.714210  -0.000638
1191.714891   0.000256
1191.715572  -0.000346
1191.716253  -0.000542
1191.716934  -0.000385
1191.717615   0.000030
1191.718296   0.000240
1191.718977   0.000009
1191.719658  -0.001898
1191.720340   0.000116
1191.721021  -0.002792
1191.721702  -0.001123
1191.722383   0.000155
1191.723064   0.000154
1191.723745   0.000469
1191.724426  -0.000010
1191.725107  -0.000455
1191.725788  -0.000279
1191.726470  -0.002317
1191.727151  -0.000092
1191.727832   0.000359
1191.728513   0.000062
1191.729194   0.000684
1191.729875  -0.000532
1191.730556  -0.000407
1191.731237  -0.000237
1191.731918  -0.000981
1191.732599  -0.000495
1191.733281   0.000047
1191.733962  -0.002494
1191.734643  -0.002201
1191.735324   0.000572
1191.736005  -0.000080
1191.736686  -0.000642
1191.737367  -0.001703
1191.738048  -0.001522
1191.738729  -0.001049
1191.739410  -0.000330
1191.740091  -0.000064
1191.740773  -0.001622
1191.741454  -0.003199
1191.742135   0.001700
1191.742816  -0.002584
1191.743497  -0.002021
1191.744178   0.000550
1191.744859  -0.000967
1191.745540   0.000917
1191.746221  -0.000843
1191.746902   0.001538
1191.747584  -0.001389
1191.748265   0.000548
1191.748946  -0.000764
1191.749627   0.001292
1191.750308  -0.002153
1191.750989   0.001356
1191.751670   0.000653
1191.752351  -0.000749
1191.753032   0.000384
1191.753714   0.001447
1191.754395   0.001353
1191.755076   0.000379
1191.755757  -0.000309
1191.756438  -0.000601
1191.757119   0.001031
1191.757800  -0.000338
1191.758481  -0.001351
1191.759162  -0.000616
1191.759843   0.000481
1191.760525  -0.000433
1191.761206  -0.001130
1191.761887   0.000153
1191.762568  -0.001751
1191.763249  -0.001198
1191.763930   0.000564
1191.764611  -0.000570
1191.765292  -0.001770
1191.765973  -0.000673
1191.766654  -0.001588
1191.767335  -0.001152
1191.768017  -0.000977
1191.768698   0.000646
1191.769379   0.000578
1191.770060   0.000082
1191.770741  -0.001814
1191.771422  -0.000017
1191.772103   0.000408
1191.772784   0.000387
1191.773465   0.000020
1191.774146  -0.000724
1191.774828   0.000020
1191.775509  -0.000384
1191.776190  -0.000699
1191.776871  -0.000263
1191.777552  -0.000334
1191.778233  -0.000004
1191.778914  -0.000167
1191.779595  -0.000994
1191.780276  -0.000917
1191.780957  -0.002747
1191.781639   0.000018
1191.782320  -0.000814
1191.783001  -0.000522
1191.783682  -0.000578
1191.784363   0.000121
1191.785044  -0.000018
1191.785725  -0.001907
1191.786406  -0.000398
1191.787087  -0.003585
1191.787769  -0.000504
1191.788450   0.000169
1191.789131   0.002444
1191.789812  -0.000263
1191.790493  -0.000943
1191.791174  -0.001521
1191.791855   0.000070
1191.792536  -0.000242
1191.793217  -0.000241
1191.793898   0.000749
1191.794580  -0.001479
1191.795261   0.000796
1191.795942  -0.001212
1191.796623  -0.002113
1191.797304   0.000333
1191.797985  -0.000553
1191.798666  -0.000825
1191.799347  -0.001204
1191.800028   0.000926
1191.800709  -0.001673
1191.801390   0.000537
1191.802072  -0.002229
1191.802753  -0.001290
1191.803434  -0.001439
1191.804115  -0.001257
1191.804796   0.000878
1191.805477   0.000049
1191.806158  -0.002045
1191.806839  -0.001394
1191.807520   0.001548
1191.808201  -0.000324
1191.808883  -0.000859
1191.809564  -0.000803
1191.810245   0.000891
1191.810926  -0.001116
1191.811607  -0.000832
1191.812288  -0.000497
1191.812969   0.001602
1191.813650  -0.000932
1191.814331   0.001146
1191.815013   0.000096
1191.815694  -0.001992
1191.816375  -0.000435
1191.817056   0.000256
1191.817737   0.000858
1191.818418  -0.001041
1191.819099   0.000026
1191.819780  -0.002580
1191.820461  -0.000156
1191.821142  -0.002607
1191.821824  -0.000777
1191.822505   0.000147
1191.823186  -0.000723
1191.823867  -0.002533
1191.824548  -0.000579
1191.825229  -0.000896
1191.825910   0.001509
1191.826591  -0.001126
1191.827272  -0.001058
1191.827953  -0.001589
1191.828634  -0.000644
1191.829316  -0.001612
1191.829997  -0.000830
1191.830678  -0.000429
1191.831359  -0.003038
1191.832040  -0.001484
1191.832721  -0.002534
1191.833402  -0.000193
1191.834083   0.002347
1191.834764  -0.001292
1191.835445   0.000286
1191.836127   0.000535
1191.836808  -0.001279
1191.837489  -0.001565
1191.838170  -0.001599
1191.838851  -0.001826
1191.839532  -0.000022
1191.840213  -0.000351
1191.840894   0.000325
1191.841575  -0.000395
1191.842257  -0.000621
1191.842938  -0.001003
1191.843619   0.000935
1191.844300   0.000676
1191.844981  -0.000505
1191.845662  -0.001468
1191.846343  -0.001142
1191.847024  -0.000149
1191.847705  -0.004182
1191.848386   0.000373
1191.849068   0.001052
1191.849749   0.000775
1191.850430  -0.001603
1191.851111   0.000041
1191.851792   0.000150
1191.852473   0.000301
1191.853154   0.000668
1191.853835   0.001674
1191.854516   0.000909
1191.855197  -0.000955
1191.855878  -0.000448
1191.856560  -0.000531
1191.857241   0.000687
1191.857922   0.000311
1191.858603  -0.000294
1191.859284  -0.002120
1191.859965  -0.002752
1191.860646   0.001165
1191.861327   0.000033
1191.862008   0.000887
1191.862690  -0.001463
1191.863371   0.000858
1191.864052   0.000900
1191.864733  -0.001659
1191.865414  -0.002795
1191.866095  -0.003571
1191.866776  -0.001682
1191.867457   0.000785
1191.868138  -0.002120
1191.868819  -0.000424
1191.869501  -0.001035
1191.870182  -0.001137
1191.870863  -0.003752
1191.871544   0.000334
1191.872225  -0.001601
1191.872906   0.000741
1191.873587  -0.002002
1191.874268  -0.000744
1191.874949  -0.000340
1191.875630   0.000634
1191.876312  -0.002232
1191.876993   0.002351
1191.877674  -0.001473
1191.878355  -0.001829
1191.879036  -0.001020
1191.879717   0.000112
1191.880398  -0.001116
1191.881079  -0.001358
1191.881760  -0.003084
1191.882441  -0.000053
1191.883123  -0.001597
1191.883804   0.002018
1191.884485   0.000341
1191.885166  -0.001233
1191.885847   0.001626
1191.886528  -0.001832
1191.887209  -0.001452
1191.887890  -0.000758
1191.888571  -0.000724
1191.889252  -0.001093
1191.889934  -0.000069
1191.890615   0.000961
1191.891296  -0.000281
1191.891977  -0.002524
1191.892658  -0.001785
1191.893339  -0.000493
1191.894020  -0.002275
1191.894701  -0.000196
1191.895382  -0.002417
1191.896063  -0.001231
1191.896745   0.000408
1191.897426  -0.000560
1191.898107  -0.001134
1191.898788  -0.001928
1191.899469  -0.001376
1191.900150  -0.000358
1191.900831  -0.000024
1191.901512  -0.001429
1191.902193   0.000098
1191.902874  -0.002205
1191.903556  -0.001244
1191.904237  -0.000110
1191.904918  -0.001478
1191.905599  -0.003498
1191.906280  -0.000429
1191.906961  -0.000509
1191.907642  -0.000342
1191.908323  -0.003192
1191.909004   0.000633
1191.909685   0.000741
1191.910367  -0.002256
1191.911048   0.000398
1191.911729   0.000020
1191.912410  -0.000588
1191.913091   0.002321
1191.913772   0.000020
1191.914453  -0.001493
1191.915134   0.000352
1191.915815  -0.000252
1191.916496  -0.002432
1191.917178  -0.000432
1191.917859  -0.000271
1191.918540  -0.001418
1191.919221  -0.001307
1191.919902  -0.001333
1191.920583   0.000149
1191.921264   0.000219
1191.921945  -0.000149
1191.922626  -0.001289
1191.923307  -0.001450
1191.923989  -0.000269
1191.924670  -0.001573
1191.925351  -0.001749
1191.926032   0.002512
1191.926713   0.000341
1191.927394  -0.000359
1191.928075  -0.002203
1191.928756  -0.002646
1191.929437  -0.000059
1191.930118  -0.001480
1191.930800  -0.001640
1191.931481  -0.000641
1191.932162  -0.000931
1191.932843   0.000828
1191.933524   0.000808
1191.934205  -0.000655
1191.934886  -0.000776
1191.935567   0.001487
1191.936248  -0.002115
1191.936929  -0.000830
1191.937611  -0.001892
1191.938292  -0.000898
1191.938973  -0.001761
1191.939654  -0.000920
1191.940335  -0.000598
1191.941016   0.000512
1191.941697   0.000747
1191.942378   0.000321
1191.943059  -0.001853
1191.943740  -0.001053
1191.944422  -0.000726
1191.945103   0.001607
1191.945784  -0.000956
1191.946465  -0.001463
1191.947146  -0.000003
1191.947827  -0.000364
1191.948508  -0.001176
1191.949189  -0.000745
1191.949870  -0.001424
1191.950551  -0.000097
1191.951233   0.004344
1191.951914   0.000021
1191.952595  -0.002420
1191.953276  -0.002700
1191.953957   0.000231
1191.954638   0.000604
1191.955319  -0.002087
1191.956000   0.000903
1191.956681   0.000121
1191.957362  -0.001305
1191.958044  -0.005473
1191.958725   0.000583
1191.959406  -0.000928
1191.960087   0.001229
1191.960768  -0.002466
1191.961449  -0.001819
1191.962130  -0.002018
1191.962811  -0.000169
1191.963492   0.000984
1191.964173  -0.002317
1191.964855  -0.001651
1191.965536  -0.002273
1191.966217  -0.001500
1191.966898   0.000191
1191.967579  -0.002071
1191.968260  -0.000277
1191.968941   0.000481
1191.969622   0.001041
1191.970303  -0.001601
1191.970984   0.000390
1191.971666  -0.000579
1191.972347   0.000763
1191.973028  -0.001058
1191.973709  -0.001562
1191.974390   0.000232
1191.975071  -0.002008
1191.975752  -0.000918
1191.976433   0.000031
1191.977114   0.000180
1191.977795   0.000200
1191.978477  -0.001986
1191.979158  -0.000299
1191.979839   0.000001
1191.980520  -0.000900
1191.981201  -0.000136
1191.981882   0.000065
1191.982563   0.000311
1191.983244   0.000213
1191.983925  -0.001160
1191.984606  -0.003971
1191.985288  -0.000613
1191.985969  -0.000570
1191.986650  -0.001876
1191.987331  -0.002482
1191.988012   0.000399
1191.988693  -0.001311
1191.989374  -0.001111
1191.990055  -0.001100
1191.990736   0.000675
1191.991417  -0.000721
1191.992099  -0.001037
1191.992780  -0.001076
1191.993461   0.001956
1191.994142  -0.001035
1191.994823  -0.001814
1191.995504  -0.000714
1191.996185  -0.000577
1191.996866  -0.002306
1191.997547  -0.001299
1191.998228   0.000204
1191.998910  -0.000174
1191.999591  -0.001764
1192.000272  -0.000525
1192.000953  -0.000857
1192.001634   0.001863
1192.002315   0.000739
1192.002996   0.001068
1192.003677  -0.002744
1192.004358  -0.000598
1192.005039  -0.002389
1192.005721  -0.000428
1192.006402   0.000283
1192.007083  -0.000534
1192.007764  -0.000209
1192.008445  -0.000636
1192.009126   0.000992
1192.009807   0.000023
1192.010488  -0.000583
1192.011169   0.000380
1192.011850   0.000387
1192.012532  -0.000033
1192.013213  -0.000704
1192.013894  -0.001803
1192.014575  -0.001988
1192.015256   0.000385
1192.015937  -0.002414
1192.016618  -0.000569
1192.017299  -0.000542
1192.017980  -0.000746
1192.018661  -0.000438
1192.019343  -0.000031
1192.020024   0.001846
1192.020705  -0.001409
1192.021386  -0.000414
1192.022067  -0.000021
1192.022748  -0.000739
1192.023429  -0.001444
1192.024110  -0.001861
1192.024791   0.000492
1192.025472   0.001183
1192.026154  -0.000833
1192.026835   0.000049
1192.027516   0.000524
1192.028197   0.000029
1192.028878  -0.002388
1192.029559  -0.001886
1192.030240  -0.000186
1192.030921  -0.001564
1192.031602  -0.000663
1192.032283  -0.002101
1192.032965   0.000549
1192.033646  -0.001379
1192.034327  -0.001096
1192.035008   0.000257
1192.035689  -0.000162
1192.036370  -0.000295
1192.037051  -0.000100
1192.037732  -0.000518
1192.038413  -0.002109
1192.039094  -0.001204
1192.039776   0.001267
1192.040457   0.000882
1192.041138   0.000496
1192.041819  -0.001305
1192.042500  -0.000771
1192.043181  -0.000919
1192.043862  -0.001440
1192.044543  -0.002888
1192.045224   0.000855
1192.045905  -0.000505
1192.046587   0.000419
1192.047268  -0.000872
1192.047949   0.000454
1192.048630  -0.001380
1192.049311  -0.001209
1192.049992   0.001017
1192.050673  -0.001329
1192.051354   0.000594
1192.052035  -0.000422
1192.052716  -0.003148
1192.053398  -0.000848
1192.054079  -0.001852
1192.054760  -0.000081
1192.055441  -0.000451
1192.056122  -0.000678
1192.056803  -0.000949
1192.057484  -0.000872
1192.058165   0.001076
1192.058846  -0.000881
1192.059528  -0.000514
1192.060209  -0.002350
1192.060890  -0.000969
1192.061571   0.002309
1192.062252   0.000202
1192.062933   0.001475
1192.063614  -0.000386
1192.064295   0.000474
1192.064976   0.000447
1192.065657  -0.002435
1192.066338  -0.002142
1192.067019   0.001344
1192.067701  -0.002443
1192.068382   0.000948
1192.069063  -0.000361
1192.069744  -0.000484
1192.070425   0.000299
1192.071106  -0.000906
1192.071787  -0.000323
1192.072468  -0.000731
1192.073150   0.000727
1192.073831  -0.000274
1192.074512  -0.000477
1192.075193  -0.001346
1192.075874   0.001357
1192.076555  -0.001528
1192.077236   0.000044
1192.077917  -0.000595
1192.078598  -0.001951
1192.079279   0.000933
1192.079961  -0.002402
1192.080642  -0.000801
1192.081323  -0.000635
1192.082004  -0.000244
1192.082685   0.000248
1192.083366  -0.002003
1192.084047  -0.000565
1192.084728  -0.002863
1192.085409  -0.001301
1192.086090  -0.001938
1192.086772   0.000338
1192.087453  -0.000656
1192.088134  -0.002136
1192.088815  -0.001213
1192.089496   0.000066
1192.090177  -0.000721
1192.090858  -0.001537
1192.091539  -0.001600
1192.092220  -0.001959
1192.092901  -0.000803
1192.093582  -0.001308
1192.094263  -0.002326
1192.094945  -0.002367
1192.095626  -0.000230
1192.096307  -0.000289
1192.096988  -0.002601
1192.097669   0.000725
1192.098350  -0.002009
1192.099031  -0.001986
1192.099712  -0.002586
1192.100393  -0.000161
1192.101075   0.000718
1192.101756   0.000394
1192.102437  -0.000978
1192.103118  -0.000744
1192.103799  -0.000895
1192.104480  -0.002192
1192.105161   0.000928
1192.105842  -0.002914
1192.106523  -0.002159
1192.107205   0.000878
1192.107886  -0.001221
1192.108567  -0.001410
1192.109248  -0.001912
1192.109929  -0.000762
1192.110610   0.000085
1192.111291  -0.001488
1192.111972  -0.001262
1192.112653  -0.002649
1192.113334  -0.001517
1192.114016  -0.002669
1192.114697   0.000375
1192.115378  -0.000037
1192.116059  -0.000437
1192.116740  -0.000509
1192.117421  -0.000641
1192.118102  -0.001065
1192.118783  -0.000631
1192.119464  -0.001534
1192.120145  -0.001518
1192.120827  -0.000992
1192.121508   0.002821
1192.122189   0.000793
1192.122870   0.000982
1192.123551   0.000144
1192.124232   0.000220
1192.124913  -0.000675
1192.125594  -0.001310
1192.126275  -0.001654
1192.126956   0.000016
1192.127637   0.000238
1192.128319  -0.000113
1192.129000  -0.001420
1192.129681  -0.001276
1192.130362   0.001167
1192.131043   0.000773
1192.131724  -0.000959
1192.132405   0.001213
1192.133086   0.000177
1192.133767   0.000642
1192.134449   0.002279
1192.135130  -0.000053
1192.135811  -0.000536
1192.136492  -0.001262
1192.137173  -0.000691
1192.137854  -0.001239
1192.138535  -0.000397
1192.139216   0.002120
1192.139897  -0.001739
1192.140578   0.001061
1192.141260  -0.001807
1192.141941  -0.001435
1192.142622  -0.000737
1192.143303  -0.000823
1192.143984  -0.001512
1192.144665  -0.000286
1192.145346  -0.001343
1192.146027  -0.000550
1192.146708  -0.000392
1192.147389   0.000835
1192.148071  -0.000654
1192.148752  -0.001901
1192.149433   0.002073
1192.150114  -0.001930
1192.150795  -0.000894
1192.151476   0.000173
1192.152157  -0.000432
1192.152838  -0.001601
1192.153519   0.001354
1192.154200  -0.000629
1192.154881   0.000812
1192.155563   0.002010
1192.156244  -0.002010
1192.156925  -0.001698
1192.157606  -0.000717
1192.158287  -0.001077
1192.158968  -0.001219
1192.159649  -0.003625
1192.160330  -0.002119
1192.161011   0.000541
1192.161693   0.000564
1192.162374  -0.000447
1192.163055  -0.000706
1192.163736   0.000210
1192.164417  -0.000129
1192.165098  -0.000749
1192.165779   0.000650
1192.166460   0.000532
1192.167141  -0.002097
1192.167822  -0.001398
1192.168504  -0.001575
1192.169185  -0.000284
1192.169866  -0.001698
1192.170547  -0.000385
1192.171228   0.000102
1192.171909  -0.000467
1192.172590  -0.000502
1192.173271  -0.002349
1192.173952   0.000419
1192.174633  -0.001261
1192.175315  -0.003539
1192.175996   0.000319
1192.176677   0.000174
1192.177358   0.001589
1192.178039  -0.001865
1192.178720  -0.001399
1192.179401  -0.001903
1192.180082  -0.002185
1192.180763  -0.001221
1192.181444  -0.001595
1192.182125  -0.000300
1192.182807   0.001794
1192.183488   0.001455
1192.184169  -0.000116
1192.184850   0.000096
1192.185531  -0.000776
1192.186212  -0.001808
1192.186893   0.000179
1192.187574   0.000612
1192.188255   0.000741
1192.188936  -0.001907
1192.189618   0.002125
1192.190299  -0.000818
1192.190980   0.000219
1192.191661  -0.000409
1192.192342   0.001340
1192.193023  -0.000979
1192.193704  -0.000590
1192.194385   0.001690
1192.195066  -0.002396
1192.195748  -0.000372
1192.196429  -0.000004
1192.197110  -0.000285
1192.197791   0.000149
1192.198472   0.001153
1192.199153  -0.003586
1192.199834  -0.001100
1192.200515   0.001001
1192.201196  -0.000979
1192.201878  -0.000947
1192.202559  -0.000999
1192.203240  -0.000983
1192.203921   0.001069
1192.204602  -0.000062
1192.205283   0.000658
1192.205964  -0.000254
1192.206645  -0.001066
1192.207326  -0.002299
1192.208007  -0.001124
1192.208689   0.000267
1192.209370   0.000652
1192.210051  -0.000419
1192.210732   0.000517
1192.211413   0.000345
1192.212094   0.000089
1192.212775  -0.000345
1192.213456  -0.001181
1192.214137  -0.000245
1192.214818  -0.001352
1192.215499  -0.002458
1192.216180  -0.000981
1192.216862  -0.000835
1192.217543  -0.003432
1192.218224  -0.002257
1192.218905  -0.000416
1192.219586   0.001483
1192.220267  -0.001636
1192.220948   0.000012
1192.221629  -0.001602
1192.222310   0.000859
1192.222992  -0.001164
1192.223673  -0.000683
1192.224354  -0.001059
1192.225035  -0.000357
1192.225716  -0.000510
1192.226397  -0.001109
1192.227078   0.000931
1192.227759  -0.001173
1192.228440   0.000251
1192.229122  -0.000413
1192.229803  -0.000158
1192.230484   0.000575
1192.231165  -0.003436
1192.231846  -0.003433
1192.232527  -0.002336
1192.233208   0.000885
1192.233889  -0.000686
1192.234570   0.000944
1192.235251   0.000487
1192.235933   0.000663
1192.236614  -0.001461
1192.237295   0.000471
1192.237976  -0.002200
1192.238657  -0.001634
1192.239338  -0.000515
1192.240019  -0.000393
1192.240700  -0.000450
1192.241381  -0.001543
1192.242062  -0.001409
1192.242744  -0.000766
1192.243425  -0.002203
1192.244106  -0.000605
1192.244787  -0.001195
1192.245468  -0.000626
1192.246149  -0.003176
1192.246830   0.000149
1192.247511   0.000274
1192.248192  -0.000597
1192.248873  -0.000062
1192.249554  -0.001402
1192.250236   0.000834
1192.250917   0.000046
1192.251598  -0.002131
1192.252279  -0.000751
1192.252960  -0.000449
1192.253641   0.000554
1192.254322   0.000923
1192.255003  -0.001508
1192.255684   0.000810
1192.256366  -0.000320
1192.257047   0.000327
1192.257728   0.002666
1192.258409  -0.001502
1192.259090  -0.000611
1192.259771  -0.001379
1192.260452  -0.001251
1192.261133  -0.000493
1192.261814  -0.000981
1192.262495  -0.001672
1192.263177  -0.001148
1192.263858  -0.001648
1192.264539  -0.000164
1192.265220   0.002184
1192.265901  -0.001541
1192.266582  -0.002580
1192.267263  -0.001912
1192.267944  -0.001048
1192.268625  -0.000917
1192.269306  -0.000858
1192.269988   0.001121
1192.270669  -0.002249
1192.271350  -0.000103
1192.272031   0.000157
1192.272712  -0.000813
1192.273393   0.000076
1192.274074  -0.001282
1192.274755  -0.000400
1192.275436  -0.000820
1192.276117  -0.002130
1192.276798  -0.000566
1192.277480   0.001074
1192.278161  -0.000983
1192.278842  -0.001330
1192.279523  -0.001806
1192.280204  -0.001861
1192.280885  -0.001371
1192.281566  -0.000253
1192.282247  -0.001588
1192.282928  -0.000544
1192.283610  -0.001837
1192.284291  -0.000934
1192.284972  -0.000279
1192.285653  -0.002557
1192.286334  -0.001113
1192.287015  -0.002393
1192.287696  -0.002266
1192.288377   0.000008
1192.289058  -0.001868
1192.289739  -0.003105
1192.290421  -0.000152
1192.291102  -0.000012
1192.291783  -0.001991
1192.292464  -0.001179
1192.293145  -0.000634
1192.293826   0.000421
1192.294507  -0.000199
1192.295188  -0.000509
1192.295869  -0.000568
1192.296550  -0.001296
1192.297232  -0.001882
1192.297913  -0.000377
1192.298594   0.002795
1192.299275  -0.000769
1192.299956  -0.000106
1192.300637  -0.000749
1192.301318   0.000078
1192.301999   0.000041
1192.302680  -0.000080
1192.303361   0.000108
1192.304042  -0.002986
1192.304724  -0.001429
1192.305405  -0.001658
1192.306086  -0.001271
1192.306767   0.000507
1192.307448  -0.002118
1192.308129   0.000524
1192.308810   0.001550
1192.309491  -0.002027
1192.310172  -0.001847
1192.310853   0.000800
1192.311535  -0.000459
1192.312216  -0.000382
1192.312897  -0.000709
1192.313578   0.000323
1192.314259  -0.001775
1192.314940  -0.002457
1192.315621  -0.000741
1192.316302   0.000239
1192.316983  -0.002708
1192.317665  -0.000876
1192.318346  -0.001714
1192.319027   0.000606
1192.319708  -0.000057
1192.320389  -0.000965
1192.321070  -0.000149
1192.321751   0.001937
1192.322432  -0.000206
1192.323113  -0.000479
1192.323794  -0.000216
1192.324476  -0.002274
1192.325157  -0.002257
1192.325838  -0.001645
1192.326519  -0.000038
1192.327200  -0.002205
1192.327881   0.000097
1192.328562   0.000393
1192.329243  -0.000290
1192.329924   0.000397
1192.330606  -0.001042
1192.331286   0.000218
1192.331968  -0.000241
1192.332649   0.000523
1192.333330  -0.002895
1192.334011  -0.003149
1192.334692   0.000225
1192.335373  -0.000590
1192.336054  -0.000216
1192.336735  -0.000092
1192.337416  -0.001796
1192.338097   0.000165
1192.338779  -0.000385
1192.339460   0.000398
1192.340141   0.000453
1192.340822  -0.001143
1192.341503   0.000716
1192.342184  -0.000517
1192.342865  -0.002248
1192.343546   0.000456
1192.344227  -0.002115
1192.344909  -0.000111
1192.345590   0.000062
1192.346271  -0.000918
1192.346952  -0.001966
1192.347633  -0.000142
1192.348314  -0.002396
1192.348995  -0.001434
1192.349676  -0.004693
1192.350357  -0.000379
1192.351038  -0.000143
1192.351719  -0.002061
1192.352401  -0.000540
1192.353082  -0.001171
1192.353763  -0.001232
1192.354444  -0.000517
1192.355125  -0.000970
1192.355806  -0.002176
1192.356487  -0.001462
1192.357168   0.001235
1192.357849  -0.002447
1192.358531  -0.003407
1192.359212  -0.001252
1192.359893  -0.001587
1192.360574   0.001454
1192.361255  -0.000731
1192.361936  -0.000586
1192.362617  -0.001397
1192.363298   0.000561
1192.363979   0.000250
1192.364660  -0.000499
1192.365342   0.000189
1192.366023  -0.000220
1192.366704  -0.001193
1192.367385  -0.001209
1192.368066   0.000092
1192.368747  -0.001862
1192.369428  -0.000025
1192.370109  -0.000902
1192.370790  -0.002188
1192.371471  -0.000251
1192.372153  -0.000008
1192.372834  -0.000360
1192.373515  -0.002119
1192.374196  -0.002312
1192.374877   0.000110
1192.375558  -0.001041
1192.376239  -0.000158
1192.376920  -0.000721
1192.377601  -0.001828
1192.378282  -0.000665
1192.378964   0.000253
1192.379645   0.000376
1192.380326  -0.001210
1192.381007  -0.002131
1192.381688  -0.000805
1192.382369   0.000364
1192.383050  -0.000525
1192.383731   0.001347
1192.384412  -0.001065
1192.385093  -0.001572
1192.385775   0.000471
1192.386456  -0.000536
1192.387137  -0.000184
1192.387818   0.000184
1192.388499  -0.000935
1192.389180   0.000414
1192.389861  -0.001321
1192.390542   0.001567
1192.391223  -0.000600
1192.391905  -0.000835
1192.392586   0.001229
1192.393267  -0.001591
1192.393948  -0.002445
1192.394629  -0.000594
1192.395310  -0.000716
1192.395991   0.001809
1192.396672   0.001575
1192.397353  -0.001691
1192.398034  -0.000846
1192.398715  -0.000051
1192.399397  -0.001707
1192.400078  -0.003022
1192.400759  -0.000780
1192.401440   0.000605
1192.402121  -0.001070
1192.402802   0.000263
1192.403483  -0.000373
1192.404164  -0.000770
1192.404845   0.000159
1192.405526   0.003188
1192.406208   0.000540
1192.406889  -0.000076
1192.407570  -0.003156
1192.408251   0.001847
1192.408932   0.000233
1192.409613  -0.000462
1192.410294   0.002529
1192.410975  -0.001020
1192.411656   0.000611
1192.412337  -0.000980
1192.413019   0.000412
1192.413700  -0.001133
1192.414381  -0.002324
1192.415062   0.000059
1192.415743  -0.001221
1192.416424  -0.000603
1192.417105  -0.002702
1192.417786  -0.002515
1192.418467  -0.000067
1192.419149   0.000608
1192.419830  -0.001558
1192.420511   0.002098
1192.421192  -0.001659
1192.421873  -0.001101
1192.422554  -0.001915
1192.423235  -0.002738
1192.423916   0.000474
1192.424597  -0.000898
1192.425278  -0.000506
1192.425959   0.001155
1192.426641   0.000479
1192.427322   0.001108
1192.428003   0.000784
1192.428684  -0.003896
1192.429365   0.000584
1192.430046  -0.000933
1192.430727  -0.000078
1192.431408  -0.002129
1192.432089   0.000364
1192.432770  -0.000341
1192.433452  -0.000910
1192.434133  -0.001483
1192.434814  -0.000059
1192.435495   0.001502
1192.436176   0.001086
1192.436857   0.000691
1192.437538  -0.001076
1192.438219  -0.001586
1192.438900  -0.002186
1192.439581  -0.001256
1192.440263   0.000390
1192.440944   0.000432
1192.441625   0.000323
1192.442306  -0.001092
1192.442987  -0.002651
1192.443668   0.000688
1192.444349  -0.001280
1192.445030  -0.000276
1192.445711  -0.000510
1192.446392  -0.000235
1192.447074  -0.001259
1192.447755  -0.001239
1192.448436  -0.002759
1192.449117  -0.001851
1192.449798   0.002347
1192.450479  -0.000039
1192.451160  -0.000959
1192.451841  -0.001982
1192.452522   0.001169
1192.453203  -0.002018
1192.453885  -0.000772
1192.454566  -0.001067
1192.455247  -0.001472
1192.455928   0.001292
1192.456609  -0.001582
1192.457290  -0.000728
1192.457971  -0.001197
1192.458652   0.001143
1192.459333  -0.000973
1192.460015  -0.001695
1192.460696  -0.000111
1192.461377   0.001150
1192.462058  -0.000842
1192.462739  -0.002520
1192.463420  -0.003287
1192.464101  -0.001775
1192.464782   0.000315
1192.465463  -0.002134
1192.466144  -0.000422
1192.466826  -0.000372
1192.467507  -0.002193
1192.468188  -0.001639
1192.468869  -0.001465
1192.469550   0.000142
1192.470231  -0.000758
1192.470912  -0.001285
1192.471593   0.000922
1192.472274  -0.000632
1192.472955  -0.000213
1192.473637  -0.002533
1192.474318  -0.000309
1192.474999  -0.001195
1192.475680  -0.000660
1192.476361  -0.002238
1192.477042  -0.000450
1192.477723  -0.000018
1192.478404  -0.001906
1192.479085  -0.000405
1192.479766   0.000113
1192.480448   0.000422
1192.481129  -0.001067
1192.481810  -0.000987
1192.482491  -0.000871
1192.483172  -0.000817
1192.483853  -0.001268
1192.484534  -0.000364
1192.485215  -0.000564
1192.485896  -0.000730
1192.486577  -0.003461
1192.487259  -0.000676
1192.487940  -0.000288
1192.488621  -0.000162
1192.489302  -0.001374
1192.489983   0.000349
1192.490664   0.000731
1192.491345  -0.001914
1192.492026  -0.000381
1192.492707  -0.000366
1192.493388   0.000149
1192.494070  -0.000095
1192.494751   0.000498
1192.495432  -0.001360
1192.496113  -0.000279
1192.496794  -0.002206
1192.497475  -0.002056
1192.498156   0.000013
1192.498837  -0.000035
1192.499518   0.001245
1192.500199  -0.002222
1192.500881  -0.002077
1192.501562  -0.002315
1192.502243   0.001125
1192.502924  -0.002271
1192.503605  -0.002550
1192.504286   0.001486
1192.504967  -0.000320
1192.505648  -0.001476
1192.506329  -0.000708
1192.507010  -0.000373
1192.507692  -0.001540
1192.508373  -0.000463
1192.509054   0.000025
1192.509735   0.001249
1192.510416   0.000091
1192.511097   0.000661
1192.511778   0.000081
