1363.111716  -0.000571
1363.112397  -0.000262
1363.113078   0.001185
1363.113760  -0.001038
1363.114441  -0.000689
1363.115122   0.001212
1363.115803  -0.000738
1363.116484   0.000627
1363.117165  -0.002028
1363.117846  -0.001463
1363.118527  -0.002209
1363.119209  -0.001083
1363.119890   0.002627
1363.120571  -0.001252
1363.121252  -0.001789
1363.121933  -0.000803
1363.122614  -0.001103
1363.123295  -0.000771
1363.123977   0.000264
1363.124658   0.000740
1363.125339  -0.000901
1363.126020  -0.000879
1363.126701  -0.002579
1363.127382  -0.001962
1363.128063   0.001707
1363.128745  -0.003164
1363.129426   0.000501
1363.130107  -0.003238
1363.130788  -0.000848
1363.131469  -0.002700
1363.132150   0.000147
1363.132832   0.000363
1363.133513  -0.002026
1363.134194   0.000275
1363.134875  -0.000104
1363.135556  -0.001930
1363.136237  -0.001642
1363.136918  -0.000447
1363.137600  -0.000309
1363.138281  -0.002138
1363.138962  -0.002126
1363.139643  -0.000394
1363.140324   0.000058
1363.141005  -0.001030
1363.141686  -0.000228
1363.142368  -0.000114
1363.143049  -0.000483
1363.143730  -0.000911
1363.144411  -0.001202
1363.145092  -0.001178
1363.145773   0.000945
1363.146454  -0.001108
1363.147136  -0.000209
1363.147817   0.000176
1363.148498  -0.001713
1363.149179  -0.000590
1363.149860  -0.001679
1363.150541  -0.001769
1363.151222   0.000190
1363.151904  -0.001866
1363.152585  -0.002569
1363.153266  -0.002171
1363.153947   0.000428
1363.154628  -0.001082
1363.155309  -0.002540
1363.155990   0.000610
1363.156672  -0.000430
1363.157353  -0.001197
1363.158034  -0.000835
1363.158715   0.000726
1363.159396   0.001271
1363.160077  -0.002338
1363.160758  -0.000346
1363.161440  -0.001182
1363.162121   0.000442
1363.162802   0.000983
1363.163483  -0.001953
1363.164164   0.000757
1363.164845  -0.000118
1363.165527   0.000702
1363.166208   0.000617
1363.166889  -0.001033
1363.167570  -0.001915
1363.168251   0.002100
1363.168932   0.000694
1363.169613  -0.000078
1363.170295  -0.002082
1363.170976   0.001560
1363.171657  -0.001171
1363.172338   0.001042
1363.173019   0.000555
1363.173700   0.002608
1363.174381  -0.000191
1363.175063  -0.001017
1363.175744  -0.001577
1363.176425  -0.000865
1363.177106  -0.000374
1363.177787   0.000701
1363.178468  -0.001435
1363.179149  -0.000401
1363.179830  -0.001698
1363.180512  -0.001960
1363.181193  -0.001958
1363.181874  -0.001186
1363.182555  -0.001163
1363.183236  -0.001928
1363.183917  -0.000418
1363.184598  -0.000953
1363.185280   0.000150
1363.185961   0.000191
1363.186642   0.000593
1363.187323   0.000261
1363.188004   0.000561
1363.188685  -0.001717
1363.189367  -0.001862
1363.190048  -0.002212
1363.190729  -0.001398
1363.191410  -0.000187
1363.192091  -0.000289
1363.192772   0.000765
1363.193453  -0.001098
1363.194135   0.000705
1363.194816  -0.002573
1363.195497  -0.001336
1363.196178   0.000122
1363.196859  -0.001083
1363.197540  -0.002510
1363.198221  -0.003234
1363.198903  -0.001409
1363.199584  -0.001554
1363.200265  -0.000985
1363.200946  -0.000177
1363.201627  -0.000615
1363.202308  -0.001210
1363.202989  -0.000179
1363.203671  -0.002753
1363.204352  -0.002285
1363.205033  -0.000224
1363.205714  -0.000432
1363.206395   0.001051
1363.207076   0.001180
1363.207757  -0.001891
1363.208439  -0.000151
1363.209120  -0.000263
1363.209801  -0.001940
1363.210482   0.001037
1363.211163   0.000796
1363.211844   0.000122
1363.212525   0.000282
1363.213207   0.000486
1363.213888  -0.000727
1363.214569  -0.000495
1363.215250   0.000852
1363.215931   0.001241
1363.216612  -0.000328
1363.217293   0.000061
1363.217975   0.000591
1363.218656  -0.001306
1363.219337   0.000184
1363.220018   0.000478
1363.220699  -0.000444
1363.221380  -0.000061
1363.222061  -0.000726
1363.222743   0.000572
1363.223424  -0.000077
1363.224105  -0.001777
1363.224786   0.000693
1363.225467  -0.000217
1363.226148  -0.000122
1363.226830  -0.001202
1363.227511  -0.002450
1363.228192  -0.000873
1363.228873  -0.002667
1363.229554  -0.000766
1363.230235   0.000003
1363.230916   0.000892
1363.231598  -0.000822
1363.232279  -0.001156
1363.232960   0.000104
1363.233641  -0.001157
1363.234322  -0.001102
1363.235003  -0.001834
1363.235684  -0.003031
1363.236366  -0.000425
1363.237047   0.000249
1363.237728  -0.002029
1363.238409  -0.002151
1363.239090  -0.000600
1363.239771  -0.001117
1363.240452  -0.000645
1363.241133  -0.001412
1363.241815  -0.000106
1363.242496  -0.000250
1363.243177  -0.001687
1363.243858  -0.000747
1363.244539  -0.000633
1363.245220  -0.001917
1363.245901  -0.003710
1363.246583   0.000951
1363.247264   0.001530
1363.247945  -0.001381
1363.248626  -0.001516
1363.249307  -0.000748
1363.249988  -0.000929
1363.250670   0.000659
1363.251351  -0.000316
1363.252032   0.000220
1363.252713   0.000571
1363.253394  -0.002020
1363.254075   0.000912
1363.254756  -0.000381
1363.255438  -0.001123
1363.256119  -0.001980
1363.256800  -0.002196
1363.257481   0.000935
1363.258162  -0.001528
1363.258843  -0.002011
1363.259524   0.001083
1363.260206   0.000865
1363.260887  -0.000636
1363.261568  -0.000059
1363.262249  -0.000959
1363.262930   0.000257
1363.263611  -0.000832
1363.264292   0.000939
1363.264974  -0.000455
1363.265655  -0.000693
1363.266336  -0.001568
1363.267017  -0.000648
1363.267698   0.001369
1363.268379  -0.000222
1363.269060   0.000730
1363.269742   0.000189
1363.270423  -0.001639
1363.271104  -0.000136
1363.271785   0.001082
1363.272466  -0.000270
1363.273147  -0.001083
1363.273828  -0.001103
1363.274510  -0.000591
1363.275191  -0.000833
1363.275872  -0.001000
1363.276553  -0.001422
1363.277234  -0.000915
1363.277915  -0.002349
1363.278597   0.001061
1363.279278  -0.001655
1363.279959  -0.002669
1363.280640  -0.000239
1363.281321  -0.000455
1363.282002  -0.001280
1363.282683   0.001384
1363.283364   0.000667
1363.284046  -0.000796
1363.284727  -0.002251
1363.285408   0.000348
1363.286089   0.001574
1363.286770  -0.003245
1363.287451  -0.000157
1363.288132   0.002534
1363.288814  -0.000394
1363.289495  -0.000184
1363.290176  -0.001741
1363.290857  -0.001823
1363.291538  -0.001400
1363.292219   0.000325
1363.292901  -0.001640
1363.293582  -0.001359
1363.294263  -0.001457
1363.294944  -0.000817
1363.295625   0.000032
1363.296306  -0.001753
1363.296987   0.002157
1363.297669  -0.001026
1363.298350  -0.001243
1363.299031  -0.000281
1363.299712   0.000845
1363.300393   0.000030
1363.301074  -0.000052
1363.301755   0.000008
1363.302436  -0.001441
1363.303118   0.000476
1363.303799  -0.000334
1363.304480   0.000403
1363.305161  -0.000282
1363.305842   0.000109
1363.306523  -0.000332
1363.307205   0.001354
1363.307886  -0.001580
1363.308567  -0.000965
1363.309248   0.000520
1363.309929   0.001874
1363.310610   0.000219
1363.311291   0.000569
1363.311973   0.000037
1363.312654   0.000631
1363.313335   0.001104
1363.314016  -0.000430
1363.314697   0.002220
1363.315378   0.000252
1363.316059  -0.000252
1363.316741  -0.001612
1363.317422  -0.000765
1363.318103   0.000018
1363.318784  -0.000365
1363.319465  -0.003649
1363.320146   0.000355
1363.320827  -0.001835
1363.321509  -0.001082
1363.322190  -0.000981
1363.322871  -0.000221
1363.323552  -0.000395
1363.324233  -0.001115
1363.324914  -0.001872
1363.325595  -0.002260
1363.326277   0.000314
1363.326958  -0.001550
1363.327639  -0.003597
1363.328320  -0.000219
1363.329001  -0.001963
1363.329682  -0.003290
1363.330363  -0.001395
1363.331045  -0.001592
1363.331726  -0.000780
1363.332407  -0.000405
1363.333088   0.000045
1363.333769   0.000695
1363.334450  -0.000998
1363.335131  -0.000517
1363.335813  -0.000134
1363.336494  -0.002224
1363.337175  -0.000655
1363.337856  -0.000581
1363.338537  -0.002103
1363.339218  -0.001457
1363.339900  -0.001226
1363.340581  -0.001050
1363.341262  -0.000792
1363.341943  -0.001674
1363.342624  -0.001181
1363.343305   0.000840
1363.343986  -0.002877
1363.344667  -0.001485
1363.345349  -0.001506
1363.346030   0.000491
1363.346711  -0.000915
1363.347392   0.001191
1363.348073   0.000905
1363.348754  -0.000758
1363.349435   0.000071
1363.350117  -0.001638
1363.350798  -0.002167
1363.351479  -0.000322
1363.352160  -0.000743
1363.352841  -0.001367
1363.353522  -0.001154
1363.354204  -0.001458
1363.354885   0.000702
1363.355566   0.000452
1363.356247  -0.000216
1363.356928  -0.001658
1363.357609  -0.002755
1363.358290   0.000996
1363.358971  -0.001126
1363.359653  -0.002096
1363.360334   0.000350
1363.361015  -0.001388
1363.361696  -0.000273
1363.362377  -0.001169
1363.363058   0.000851
1363.363739  -0.001039
1363.364421   0.000413
1363.365102   0.000868
1363.365783  -0.002019
1363.366464  -0.000122
1363.367145  -0.002014
1363.367826   0.000896
1363.368508  -0.001609
1363.369189  -0.000215
1363.369870  -0.001929
1363.370551  -0.001183
1363.371232  -0.000694
1363.371913  -0.002158
1363.372594  -0.000154
1363.373276  -0.001824
1363.373957  -0.004245
1363.374638  -0.001427
1363.375319   0.000968
1363.376000  -0.001488
1363.376681  -0.000051
1363.377362   0.000283
1363.378044  -0.002032
1363.378725  -0.001147
1363.379406  -0.000443
1363.380087  -0.000254
1363.380768  -0.002583
1363.381449  -0.001232
1363.382130  -0.002761
1363.382812  -0.001423
1363.383493  -0.002555
1363.384174   0.000372
1363.384855  -0.003248
1363.385536  -0.001342
1363.386217  -0.000288
1363.386898  -0.000203
1363.387580  -0.000158
1363.388261  -0.001605
1363.388942  -0.001331
1363.389623   0.000601
1363.390304  -0.001811
1363.390985  -0.001375
1363.391666  -0.001575
1363.392348   0.002094
1363.393029   0.001082
1363.393710  -0.000881
1363.394391   0.001155
1363.395072  -0.002966
1363.395753  -0.001645
1363.396434  -0.002010
1363.397116   0.000426
1363.397797  -0.002297
1363.398478  -0.001102
1363.399159   0.001108
1363.399840   0.000151
1363.400521  -0.000273
1363.401203   0.000133
1363.401884  -0.002040
1363.402565  -0.000561
1363.403246   0.001056
1363.403927   0.000028
1363.404608   0.001686
1363.405289  -0.001073
1363.405970  -0.000433
1363.406652  -0.000657
1363.407333  -0.000625
1363.408014  -0.000882
1363.408695  -0.001921
1363.409376  -0.000717
1363.410057   0.000154
1363.410738  -0.000261
1363.411420   0.000412
1363.412101  -0.003225
1363.412782   0.000284
1363.413463  -0.001279
1363.414144  -0.001908
1363.414825  -0.001106
1363.415507  -0.001591
1363.416188   0.000291
1363.416869   0.000305
1363.417550   0.000900
1363.418231  -0.000835
1363.418912   0.000139
1363.419593   0.000844
1363.420274  -0.001059
1363.420956  -0.001391
1363.421637  -0.000428
1363.422318  -0.001494
1363.422999   0.000798
1363.423680  -0.000618
1363.424361  -0.001246
1363.425042  -0.000133
1363.425724   0.000281
1363.426405  -0.000811
1363.427086  -0.001477
1363.427767  -0.001104
1363.428448   0.000959
1363.429129  -0.001425
1363.429811   0.000415
1363.430492  -0.002272
1363.431173  -0.000974
1363.431854  -0.000644
1363.432535   0.000979
1363.433216  -0.000342
1363.433897   0.001351
1363.434579  -0.001351
1363.435260  -0.000684
1363.435941   0.000662
1363.436622  -0.001127
1363.437303  -0.001205
1363.437984  -0.001492
1363.438665  -0.000879
1363.439347  -0.003597
1363.440028  -0.000712
1363.440709  -0.000297
1363.441390  -0.000680
1363.442071  -0.001372
1363.442752  -0.000204
1363.443433  -0.000788
1363.444115  -0.001390
1363.444796  -0.000169
1363.445477  -0.000832
1363.446158  -0.000560
1363.446839  -0.004273
1363.447520  -0.000449
1363.448201  -0.002944
1363.448883  -0.000981
1363.449564  -0.002155
1363.450245   0.002355
1363.450926   0.002563
1363.451607  -0.000181
1363.452288  -0.001016
1363.452969  -0.002373
1363.453651  -0.001120
1363.454332  -0.000235
1363.455013   0.001069
1363.455694   0.000187
1363.456375  -0.000265
1363.457056  -0.000986
1363.457738  -0.000652
1363.458419  -0.002202
1363.459100  -0.001053
1363.459781  -0.000383
1363.460462  -0.000348
1363.461143  -0.000543
1363.461824   0.000959
1363.462505  -0.001689
1363.463187   0.001004
1363.463868  -0.000446
1363.464549  -0.001682
1363.465230  -0.000089
1363.465911  -0.000840
1363.466592   0.000019
1363.467273  -0.001652
1363.467955   0.000191
1363.468636  -0.000443
1363.469317   0.000702
1363.469998  -0.000651
1363.470679  -0.000009
1363.471360  -0.000621
1363.472042  -0.000592
1363.472723  -0.002385
1363.473404  -0.001496
1363.474085  -0.000130
1363.474766  -0.002783
1363.475447  -0.000896
1363.476128  -0.001126
1363.476810  -0.001212
1363.477491   0.001849
1363.478172  -0.000697
1363.478853   0.000751
1363.479534  -0.001348
1363.480215  -0.000550
1363.480896  -0.000351
1363.481577  -0.000821
1363.482259   0.000834
1363.482940  -0.001325
1363.483621  -0.000174
1363.484302  -0.000436
1363.484983  -0.002088
1363.485664  -0.001399
1363.486345  -0.001090
1363.487027  -0.000980
1363.487708  -0.000673
1363.488389  -0.000310
1363.489070  -0.001649
1363.489751  -0.001565
1363.490432  -0.001083
1363.491114  -0.000389
1363.491795   0.000283
1363.492476   0.000009
1363.493157  -0.000824
1363.493838  -0.002414
1363.494519  -0.001736
1363.495200  -0.001993
1363.495882  -0.001913
1363.496563  -0.000449
1363.497244   0.000138
1363.497925  -0.000275
1363.498606   0.001521
1363.499287  -0.000487
1363.499968  -0.001215
1363.500650  -0.001322
1363.501331  -0.004213
1363.502012   0.000381
1363.502693  -0.002404
1363.503374  -0.000087
1363.504055  -0.000435
1363.504736  -0.001976
1363.505418  -0.002287
1363.506099  -0.001348
1363.506780  -0.000476
1363.507461  -0.000201
1363.508142  -0.002207
1363.508823  -0.000139
1363.509504  -0.001616
1363.510186  -0.000465
1363.510867   0.001184
1363.511548  -0.000169
1363.512229  -0.001401
1363.512910  -0.001112
1363.513591  -0.001293
1363.514272  -0.003831
1363.514954  -0.000016
1363.515635  -0.000906
1363.516316  -0.000294
1363.516997  -0.002498
1363.517678   0.000450
1363.518359   0.000323
1363.519041  -0.001906
1363.519722   0.000990
1363.520403   0.001235
1363.521084   0.000326
1363.521765  -0.002552
1363.522446  -0.001972
1363.523127  -0.000899
1363.523808  -0.002116
1363.524490  -0.000444
1363.525171  -0.000304
1363.525852  -0.001453
1363.526533   0.000634
1363.527214  -0.001685
1363.527895  -0.000349
1363.528576  -0.000648
1363.529258  -0.000174
1363.529939  -0.000657
1363.530620  -0.002351
1363.531301   0.000672
1363.531982  -0.000585
1363.532663  -0.000232
1363.533345  -0.001419
1363.534026  -0.003118
1363.534707  -0.002104
1363.535388  -0.001531
1363.536069  -0.001125
1363.536750   0.000030
1363.537431  -0.002181
1363.538112  -0.001522
1363.538794   0.000287
1363.539475  -0.000045
1363.540156  -0.001792
1363.540837  -0.000450
1363.541518   0.001210
1363.542199  -0.000731
1363.542880  -0.000958
1363.543562  -0.000528
1363.544243  -0.002046
1363.544924  -0.000769
1363.545605  -0.000536
1363.546286  -0.000349
1363.546967  -0.001474
1363.547648   0.000317
1363.548330  -0.001390
1363.549011   0.000136
1363.549692  -0.000373
1363.550373   0.001446
1363.551054  -0.002229
1363.551735  -0.000714
1363.552417  -0.002048
1363.553098  -0.001057
1363.553779  -0.001748
1363.554460  -0.000379
1363.555141  -0.000304
1363.555822   0.000711
1363.556503  -0.000135
1363.557185   0.000964
1363.557866   0.000285
1363.558547  -0.001389
1363.559228   0.001376
1363.559909   0.000571
1363.560590  -0.002505
1363.561271   0.000469
1363.561953   0.000971
1363.562634  -0.001188
1363.563315  -0.000354
1363.563996  -0.001197
1363.564677  -0.001352
1363.565358   0.000783
1363.566039   0.001659
1363.566721  -0.001932
1363.567402  -0.002248
1363.568083  -0.000974
1363.568764  -0.001183
1363.569445   0.000080
1363.570126  -0.001537
1363.570807   0.000360
1363.571489   0.000006
1363.572170  -0.003342
1363.572851  -0.001438
1363.573532   0.000423
1363.574213  -0.000304
1363.574894   0.000252
1363.575575  -0.001225
1363.576257  -0.001621
1363.576938   0.001054
1363.577619   0.000938
1363.578300   0.000181
1363.578981  -0.001250
1363.579662   0.000985
1363.580343  -0.001343
1363.581025  -0.001373
1363.581706  -0.002362
1363.582387   0.001550
1363.583068  -0.000697
1363.583749   0.000643
1363.584430  -0.001106
1363.585111   0.000044
1363.585793  -0.000385
1363.586474  -0.002257
1363.587155  -0.000155
1363.587836  -0.003287
1363.588517  -0.000971
1363.589198   0.000240
1363.589880   0.000040
1363.590561  -0.000842
1363.591242  -0.001460
1363.591923   0.000491
1363.592604   0.000238
1363.593285  -0.002384
1363.593966  -0.000294
1363.594648  -0.000437
1363.595329  -0.001798
1363.596010  -0.001586
1363.596691  -0.001474
1363.597372  -0.001358
1363.598053  -0.001229
1363.598734  -0.001130
1363.599415   0.000156
1363.600097  -0.001555
1363.600778  -0.001154
1363.601459  -0.000674
1363.602140  -0.001448
1363.602821  -0.000738
1363.603502  -0.002823
1363.604183  -0.001469
1363.604865  -0.002110
1363.605546  -0.000731
1363.606227  -0.000153
1363.606908  -0.000371
1363.607589   0.000298
1363.608270  -0.000879
1363.608952  -0.000329
1363.609633  -0.000892
1363.610314  -0.001405
1363.610995  -0.000694
1363.611676   0.000790
1363.612357  -0.000017
1363.613038  -0.000836
1363.613720   0.000425
1363.614401   0.001952
1363.615082  -0.000821
1363.615763   0.001205
1363.616444  -0.000402
1363.617125  -0.001862
1363.617806  -0.000990
1363.618488   0.000562
1363.619169  -0.000810
1363.619850  -0.000192
1363.620531  -0.001391
1363.621212  -0.001452
1363.621893  -0.001539
1363.622574   0.001169
1363.623256   0.000640
1363.623937  -0.002056
1363.624618  -0.000601
1363.625299  -0.001399
1363.625980  -0.002369
1363.626661  -0.000542
1363.627342  -0.001164
1363.628024   0.000019
1363.628705   0.000034
1363.629386  -0.000793
1363.630067  -0.000391
1363.630748   0.000078
1363.631429  -0.001261
1363.632110  -0.000008
1363.632792  -0.001498
1363.633473  -0.001523
1363.634154  -0.000444
1363.634835  -0.000117
1363.635516  -0.000957
1363.636197  -0.001268
1363.636879   0.000197
1363.637560   0.000492
1363.638241  -0.001426
1363.638922  -0.000260
1363.639603  -0.001862
1363.640284  -0.001814
1363.640965  -0.001662
1363.641646   0.001427
1363.642328  -0.002784
1363.643009  -0.000902
1363.643690  -0.002076
1363.644371  -0.003413
1363.645052  -0.000682
1363.645733  -0.000185
1363.646414  -0.000208
1363.647096  -0.000391
1363.647777   0.000820
1363.648458  -0.000131
1363.649139  -0.000242
1363.649820  -0.000228
1363.650501  -0.000001
1363.651183  -0.001562
1363.651864  -0.001742
1363.652545   0.000972
1363.653226   0.000410
1363.653907   0.001151
1363.654588  -0.000948
1363.655269   0.001093
1363.655950   0.000846
1363.656632  -0.001608
1363.657313  -0.000979
1363.657994   0.000352
1363.658675  -0.000361
1363.659356   0.000028
1363.660037  -0.000790
1363.660718   0.000476
1363.661400   0.000426
1363.662081   0.000096
1363.662762  -0.002568
1363.663443  -0.002455
1363.664124  -0.002437
1363.664805  -0.000031
1363.665486  -0.000612
1363.666168   0.000103
1363.666849  -0.004157
1363.667530  -0.001691
1363.668211   0.000073
1363.668892  -0.000337
1363.669573  -0.005037
1363.670255  -0.000247
1363.670936   0.001449
1363.671617  -0.001072
1363.672298   0.000207
1363.672979  -0.001720
1363.673660  -0.000066
1363.674341   0.000201
1363.675023  -0.000952
1363.675704  -0.001323
1363.676385  -0.000678
1363.677066  -0.000385
1363.677747  -0.004046
1363.678428   0.000560
1363.679109  -0.002163
1363.679791  -0.000689
1363.680472  -0.000714
1363.681153   0.000104
1363.681834   0.000173
1363.682515  -0.002354
1363.683196  -0.000343
1363.683877   0.000314
1363.684559  -0.001206
1363.685240  -0.001440
1363.685921  -0.002109
1363.686602   0.000831
1363.687283  -0.001175
1363.687964  -0.000930
1363.688645  -0.001806
1363.689327  -0.000501
1363.690008   0.001005
1363.690689  -0.001728
1363.691370   0.000254
1363.692051  -0.000450
1363.692732  -0.001317
1363.693413  -0.002266
1363.694095  -0.002462
1363.694776  -0.000250
1363.695457   0.000399
1363.696138   0.000048
1363.696819  -0.001842
1363.697500  -0.001110
1363.698181   0.000362
1363.698863   0.001170
1363.699544  -0.001062
1363.700225  -0.000555
1363.700906   0.000315
1363.709761  -0.001123
1363.710442  -0.000963
1363.711123  -0.001127
1363.711804  -0.000177
1363.712485  -0.001529
1363.713167  -0.000878
1363.713848   0.000425
1363.714529  -0.000179
1363.715210   0.000716
1363.715891  -0.001348
1363.716572   0.000583
1363.717253  -0.000069
1363.717935  -0.001142
1363.718616  -0.001223
1363.719297   0.001855
1363.719978  -0.000494
1363.720659  -0.000132
1363.721340  -0.001218
1363.722021   0.001014
1363.722703  -0.000653
1363.723384  -0.002629
1363.724065  -0.002033
1363.724746  -0.002371
1363.725427  -0.001565
1363.726108   0.000497
1363.726789  -0.000945
1363.727471   0.001437
1363.728152  -0.000192
1363.728833  -0.002178
1363.729514  -0.002326
1363.730195  -0.001998
1363.730876  -0.000859
1363.731558  -0.000087
1363.732239  -0.000669
1363.732920  -0.001841
1363.733601  -0.002278
1363.734282   0.000293
1363.734963  -0.002222
1363.735644   0.000599
1363.736326  -0.002952
1363.737007  -0.001332
1363.737688  -0.000717
1363.738369   0.001627
1363.739050  -0.000355
1363.739731  -0.002145
1363.740412  -0.000877
1363.741094  -0.000254
1363.741775  -0.000816
1363.742456  -0.003034
1363.743137   0.000993
1363.743818  -0.000922
1363.744499  -0.002169
1363.745180  -0.001164
1363.745861  -0.000902
1363.746543  -0.001714
1363.747224  -0.002022
1363.747905  -0.003250
1363.748586   0.001162
1363.749267  -0.000899
1363.749948  -0.000608
1363.750629  -0.001524
1363.751311  -0.000822
1363.751992   0.000469
1363.752673  -0.000569
1363.753354  -0.000780
1363.754035   0.000619
1363.754716  -0.001445
1363.755398   0.000429
1363.756079  -0.001869
1363.756760   0.000035
1363.757441   0.000411
1363.758122  -0.001009
1363.758803  -0.004040
1363.759484  -0.002206
1363.760166  -0.000086
1363.760847  -0.001976
1363.761528  -0.001286
1363.762209   0.000197
1363.762890  -0.001102
1363.763571   0.001481
1363.764252  -0.000467
1363.764934   0.000013
1363.765615   0.000951
1363.766296  -0.001152
1363.766977   0.000945
1363.767658   0.000213
1363.768339  -0.000510
1363.769020  -0.001489
1363.769702  -0.001290
1363.770383  -0.001549
1363.771064  -0.000599
1363.771745  -0.000527
1363.772426  -0.001534
1363.773107   0.000511
1363.773788  -0.000655
1363.774470  -0.000167
1363.775151  -0.001996
1363.775832  -0.002663
1363.776513   0.001670
1363.777194  -0.000403
1363.777875   0.002403
1363.778556  -0.000102
1363.779238   0.000355
1363.779919   0.002152
1363.780600  -0.000651
1363.781281   0.000607
1363.781962   0.000717
1363.782643   0.000726
1363.783324   0.000131
1363.784006   0.001057
1363.784687  -0.000681
1363.785368  -0.000737
1363.786049   0.000931
1363.786730  -0.001258
1363.787411  -0.000266
1363.788093  -0.000549
1363.788774  -0.002767
1363.789455  -0.000792
1363.790136  -0.000557
1363.790817  -0.000989
1363.791498  -0.000907
1363.792179  -0.000367
1363.792861  -0.002114
1363.793542  -0.003602
1363.794223  -0.002168
1363.794904  -0.002099
1363.795585  -0.002723
1363.796266  -0.001448
1363.796947  -0.001726
1363.797629  -0.001167
1363.798310  -0.002284
1363.798991  -0.001104
1363.799672  -0.000391
1363.800353  -0.000016
1363.801034  -0.002267
1363.801715  -0.000778
1363.802396   0.000524
1363.803078   0.000289
1363.803759  -0.002779
1363.804440  -0.000619
1363.805121   0.000703
1363.805802  -0.001281
1363.806483   0.001138
1363.807164  -0.000244
1363.807846  -0.002110
1363.808527  -0.001596
1363.809208  -0.000053
1363.809889  -0.001580
1363.810570  -0.000749
1363.811251   0.000056
1363.811932  -0.000050
1363.812614  -0.001653
1363.813295  -0.000956
1363.813976  -0.001775
1363.814657   0.000644
1363.815338  -0.003665
1363.816019  -0.001073
1363.816700  -0.001044
1363.817382  -0.002624
1363.818063  -0.002993
1363.818744  -0.000870
1363.819425  -0.000840
1363.820106  -0.002584
1363.820787  -0.000851
1363.821469  -0.000941
1363.822150  -0.001456
1363.822831  -0.001414
1363.823512   0.000399
1363.824193  -0.002115
1363.824874   0.000295
1363.825555  -0.000077
1363.826237  -0.000588
1363.826918  -0.000391
1363.827599  -0.000346
1363.828280  -0.000333
1363.828961  -0.001297
1363.829642   0.000673
1363.830323  -0.001759
1363.831005  -0.001259
1363.831686  -0.000259
1363.832367  -0.001413
1363.833048  -0.001624
1363.833729  -0.000481
1363.834410  -0.001023
1363.835091  -0.000661
1363.835773  -0.001113
1363.836454   0.000085
1363.837135  -0.000851
1363.837816  -0.000740
1363.838497  -0.003192
1363.839178  -0.000115
1363.839859  -0.000924
1363.840541   0.000704
1363.841222  -0.001900
1363.841903   0.000228
1363.842584  -0.000155
1363.843265  -0.000234
1363.843946   0.000691
1363.844627  -0.001110
1363.845309  -0.000231
1363.845990   0.000361
1363.846671  -0.001108
1363.847352  -0.001462
1363.848033  -0.000875
1363.848714  -0.000383
1363.849396  -0.000681
1363.850077  -0.001967
1363.850758   0.000884
1363.851439  -0.002635
1363.852120  -0.001574
1363.852801  -0.001594
1363.853482  -0.001735
1363.854164  -0.001138
1363.854845  -0.000787
1363.855526  -0.000727
1363.856207  -0.002868
1363.856888  -0.000456
1363.857569  -0.000262
1363.858250  -0.000371
1363.858931  -0.000372
1363.859613  -0.000491
1363.860294  -0.001676
1363.860975   0.001665
1363.861656  -0.001861
1363.862337  -0.000225
1363.863018  -0.001387
1363.863699   0.000266
1363.864381   0.000614
1363.865062  -0.000462
1363.865743  -0.001476
1363.866424  -0.000691
1363.867105  -0.001983
1363.867786  -0.000443
1363.868467  -0.003146
1363.869149  -0.000841
1363.869830   0.000298
1363.870511  -0.000021
1363.871192   0.000986
1363.871873  -0.001115
1363.872554  -0.001159
1363.873236   0.000015
1363.873917  -0.000066
1363.874598  -0.000640
1363.875279  -0.002059
1363.875960  -0.000055
1363.876641  -0.001920
1363.877322  -0.000886
1363.878003  -0.001555
1363.878685   0.001196
1363.879366  -0.001684
1363.880047  -0.000490
1363.880728  -0.001368
1363.881409  -0.000362
1363.882090   0.000310
1363.882772  -0.000358
1363.883453  -0.001084
1363.884134  -0.000625
1363.884815   0.000357
1363.885496  -0.000971
1363.886177  -0.002768
1363.886858  -0.002373
1363.887540  -0.000643
1363.888221  -0.002341
1363.888902   0.001243
1363.889583  -0.001151
1363.890264   0.000470
1363.890945  -0.001490
1363.891626  -0.001145
1363.892308   0.000767
1363.892989   0.000443
1363.893670  -0.000674
1363.894351   0.000184
1363.895032  -0.001687
1363.895713  -0.001543
1363.896394  -0.001024
1363.897076   0.000454
1363.897757  -0.000877
1363.898438  -0.000538
1363.899119  -0.000153
1363.899800  -0.000755
1363.900481  -0.001623
1363.901162   0.001291
1363.901844  -0.001561
1363.902525   0.000346
1363.903206  -0.000469
1363.903887  -0.001820
1363.904568   0.000910
1363.905249  -0.003658
1363.905930   0.000228
1363.906611  -0.000092
1363.907293  -0.000706
1363.907974  -0.001547
1363.908655  -0.001181
1363.909336   0.000969
1363.910017  -0.001286
1363.910699  -0.001065
1363.911380   0.000492
1363.912061  -0.000514
1363.912742   0.000390
1363.913423  -0.000198
1363.914104  -0.002278
1363.914785  -0.001511
1363.915466  -0.000758
1363.916148  -0.001465
1363.916829  -0.001113
1363.917510  -0.001508
1363.918191   0.000589
1363.918872  -0.001880
1363.919553  -0.000833
1363.920234   0.001829
1363.920916  -0.001074
1363.921597  -0.000500
1363.922278  -0.001179
1363.922959   0.000813
1363.923640  -0.001237
1363.924321  -0.000285
1363.925002  -0.000091
1363.925684  -0.000711
1363.926365   0.000563
1363.927046  -0.002031
1363.927727  -0.000765
1363.928408  -0.002910
1363.929089  -0.002179
1363.929770  -0.000834
1363.930452  -0.000893
1363.931133  -0.000055
1363.931814  -0.001820
1363.932495  -0.001731
1363.933176  -0.000824
1363.933857  -0.001853
1363.934538  -0.000392
1363.935220   0.000842
1363.935901   0.000942
1363.936582  -0.001135
1363.937263   0.001334
1363.937944   0.000457
1363.938625   0.000196
1363.939307   0.002468
1363.939988   0.000045
1363.940669  -0.000348
1363.941350  -0.001180
1363.942031  -0.001220
1363.942712   0.000198
1363.943393  -0.000543
1363.944075   0.000030
1363.944756  -0.000682
1363.945437  -0.000110
1363.946118  -0.001427
1363.946799  -0.000305
1363.947480  -0.000633
1363.948161  -0.001779
1363.948842  -0.002370
1363.949524  -0.001446
1363.950205  -0.000951
1363.950886  -0.000384
1363.951567  -0.000818
1363.952248  -0.000015
1363.952929  -0.000178
1363.953611  -0.001370
1363.954292  -0.001777
1363.954973  -0.000082
1363.955654  -0.000155
1363.956335  -0.001042
1363.957016   0.000591
1363.957697  -0.001542
1363.958379   0.000538
1363.959060  -0.000810
1363.959741  -0.001684
1363.960422   0.001283
1363.961103  -0.001093
1363.961784  -0.000835
1363.962465  -0.000389
1363.963146  -0.002080
1363.963828   0.000158
1363.964509  -0.001694
1363.965190   0.000065
1363.965871  -0.001328
1363.966552   0.000210
1363.967233  -0.001019
1363.967915  -0.001382
1363.968596  -0.000043
1363.969277  -0.000854
1363.969958  -0.001840
1363.970639  -0.001381
1363.971320  -0.002048
1363.972002  -0.000813
1363.972683  -0.001954
1363.973364  -0.001125
1363.974045  -0.000419
1363.974726  -0.000019
1363.975407  -0.000122
1363.976088  -0.000310
1363.976769  -0.001695
1363.977451  -0.002459
1363.978132  -0.000995
1363.978813  -0.001580
1363.979494   0.000184
1363.980175   0.000295
1363.980856   0.000188
1363.981537   0.000375
1363.982219   0.000970
1363.982900  -0.001791
1363.983581  -0.002948
1363.984262  -0.000243
1363.984943  -0.000865
1363.985624   0.000921
1363.986305   0.000417
1363.986987  -0.000693
1363.987668   0.000148
1363.988349  -0.001864
1363.989030   0.000863
1363.989711   0.000633
1363.990392  -0.002834
1363.991073  -0.001066
1363.991755  -0.000376
1363.992436  -0.001033
1363.993117  -0.000716
1363.993798  -0.000887
1363.994479   0.000818
1363.995160  -0.001159
1363.995841  -0.000550
1363.996523  -0.002345
1363.997204   0.000675
1363.997885   0.000115
1363.998566  -0.001896
1363.999247   0.000645
1363.999928  -0.000270
1364.000610  -0.002632
1364.001291   0.001204
1364.001972  -0.000453
1364.002653  -0.002226
1364.003334   0.000525
1364.004015  -0.001464
1364.004696  -0.000887
1364.005377  -0.001723
1364.006059   0.001273
1364.006740   0.001472
1364.007421  -0.002898
1364.008102   0.001216
1364.008783   0.000456
1364.009464  -0.000978
1364.010145  -0.000933
1364.010827  -0.000750
1364.011508  -0.001673
1364.012189  -0.000461
1364.012870   0.000291
1364.013551   0.000430
1364.014232  -0.001192
1364.014914  -0.001060
1364.015595   0.000755
1364.016276  -0.002435
1364.016957   0.000296
1364.017638  -0.001837
1364.018319   0.000810
1364.019000   0.001342
1364.019681  -0.001280
1364.020363  -0.000585
1364.021044   0.000125
1364.021725   0.000740
1364.022406  -0.001492
1364.023087  -0.001050
1364.023768  -0.001322
1364.024449  -0.001406
1364.025131   0.000292
1364.025812  -0.003530
1364.026493   0.000691
1364.027174  -0.001210
1364.027855  -0.001452
1364.028536  -0.000708
1364.029218   0.000430
1364.029899  -0.001205
1364.030580  -0.000368
1364.031261   0.001879
1364.031942  -0.000286
1364.032623   0.000386
1364.033304  -0.000105
1364.033986  -0.001842
1364.034667   0.000280
1364.035348   0.000421
1364.036029  -0.000623
1364.036710  -0.001059
1364.037391  -0.002709
1364.038072  -0.000493
1364.038754  -0.001977
1364.039435  -0.000063
1364.040116  -0.000560
1364.040797  -0.001530
1364.041478  -0.002052
1364.042159   0.001231
1364.042840  -0.001570
1364.043522   0.000556
1364.044203  -0.002435
1364.044884  -0.001044
1364.045565  -0.000433
1364.046246   0.001161
1364.046927   0.000058
1364.047608  -0.000278
1364.048290  -0.001261
1364.048971  -0.001102
1364.049652  -0.001587
1364.050333  -0.000113
1364.051014  -0.000151
1364.051695   0.000554
1364.052376  -0.000450
1364.053058  -0.001623
1364.053739   0.000797
1364.054420   0.001503
1364.055101   0.000365
1364.055782  -0.001746
1364.056463  -0.000006
1364.057144  -0.001575
1364.057826  -0.000707
1364.058507   0.000421
1364.059188  -0.002364
1364.059869   0.000099
1364.060550   0.000076
1364.061231  -0.003742
1364.061912  -0.000362
1364.062594  -0.001245
1364.063275   0.000451
1364.063956  -0.001034
1364.064637   0.000413
1364.065318  -0.001873
1364.065999   0.000481
1364.066680  -0.001598
1364.067362  -0.002254
1364.068043  -0.000342
1364.068724   0.001044
1364.069405  -0.001169
1364.070086  -0.002727
1364.070767  -0.000463
1364.071449  -0.002684
1364.072130  -0.003716
1364.072811   0.000159
1364.073492  -0.000729
1364.074173  -0.000619
1364.074854  -0.000791
1364.075535  -0.001883
1364.076216  -0.000268
1364.076898  -0.002178
1364.077579   0.000860
1364.078260  -0.000698
1364.078941   0.000727
1364.079622  -0.000280
1364.080303   0.000219
1364.080984  -0.000076
1364.081666   0.000310
1364.082347  -0.002852
1364.083028  -0.000372
1364.083709  -0.001563
1364.084390  -0.002911
1364.085071  -0.002050
1364.085753  -0.000354
1364.086434  -0.000620
1364.087115  -0.000644
1364.087796  -0.000749
1364.088477  -0.001312
1364.089158   0.000929
1364.089839  -0.000482
1364.090521  -0.001623
1364.091202  -0.001184
1364.091883  -0.002100
1364.092564  -0.000678
1364.093245   0.001062
1364.093926  -0.002031
1364.094607   0.001106
1364.095289  -0.000952
1364.095970  -0.000659
1364.096651  -0.000143
1364.097332   0.000299
1364.098013  -0.001618
1364.098694  -0.001797
1364.099375   0.000222
1364.100057   0.000405
1364.100738  -0.000277
1364.101419  -0.003071
1364.102100   0.000933
1364.102781  -0.001929
1364.103462  -0.000847
1364.104143   0.000655
1364.104824   0.000716
1364.105506  -0.001220
1364.106187  -0.000077
1364.106868   0.000488
1364.107549  -0.001362
1364.108230   0.000207
1364.108911   0.000215
1364.109593  -0.001352
1364.110274   0.000081
1364.110955   0.000705
1364.111636   0.001040
1364.112317  -0.000074
1364.112998  -0.000530
1364.113679   0.001200
1364.114361  -0.000310
1364.115042   0.000059
1364.115723   0.000176
1364.116404   0.001470
1364.117085  -0.000117
1364.117766   0.001480
1364.118447   0.001910
1364.119129   0.002325
1364.119810   0.004172
1364.120491   0.002499
1364.121172   0.003413
1364.121853   0.003935
1364.122534   0.004993
1364.123215   0.004364
1364.123897   0.003907
1364.124578   0.007045
1364.125259   0.004059
1364.125940   0.004452
1364.126621   0.007484
1364.127302   0.006665
1364.127983   0.006750
1364.128665   0.007031
1364.129346   0.006625
1364.130027   0.008712
1364.130708   0.006444
1364.131389   0.006531
1364.132070   0.005011
1364.132751   0.008656
1364.133433   0.007405
1364.134114   0.008178
1364.134795   0.006656
1364.135476   0.006877
1364.136157   0.009170
1364.136838   0.009955
1364.137519   0.008791
1364.138201   0.007092
1364.138882   0.009803
1364.139563   0.007989
1364.140244   0.008536
1364.140925   0.007541
1364.141606   0.009337
1364.142287   0.008779
1364.142969   0.007939
1364.143650   0.008427
1364.144331   0.010425
1364.145012   0.008643
1364.145693   0.007576
1364.146374   0.010879
1364.147055   0.010302
1364.147737   0.006729
1364.148418   0.009949
1364.149099   0.009132
1364.149780   0.006865
1364.150461   0.009688
1364.151142   0.008625
1364.151824   0.008872
1364.152505   0.008987
1364.153186   0.010470
1364.153867   0.010050
1364.154548   0.009866
1364.155229   0.009969
1364.155910   0.008881
1364.156592   0.009284
1364.157273   0.008719
1364.157954   0.010496
1364.158635   0.011132
1364.159316   0.009214
1364.159997   0.009126
1364.160678   0.011205
1364.161359   0.011117
1364.162041   0.009612
1364.162722   0.010793
1364.163403   0.011469
1364.164084   0.008953
1364.164765   0.009673
1364.165446   0.010806
1364.166128   0.009287
1364.166809   0.009964
1364.167490   0.009972
1364.168171   0.009671
1364.168852   0.011702
1364.169533   0.009012
1364.170214   0.008935
1364.170896   0.009784
1364.171577   0.008669
1364.172258   0.008218
1364.172939   0.011662
1364.173620   0.009365
1364.174301   0.008626
1364.174982   0.010324
1364.175664   0.011523
1364.176345   0.012176
1364.177026   0.006998
1364.177707   0.011154
1364.178388   0.011874
1364.179069   0.009566
1364.179750   0.010246
1364.180431   0.010081
1364.181113   0.010519
1364.181794   0.010974
1364.182475   0.010319
1364.183156   0.009010
1364.183837   0.012228
1364.184518   0.011978
1364.185200   0.010350
1364.185881   0.011357
1364.186562   0.012070
1364.187243   0.012100
1364.187924   0.010416
1364.188605   0.010613
1364.189286   0.012392
1364.189968   0.009664
1364.190649   0.011501
1364.191330   0.013169
1364.192011   0.012119
1364.192692   0.011459
1364.193373   0.011283
1364.194054   0.009576
1364.194736   0.011580
1364.195417   0.010865
1364.196098   0.008666
1364.196779   0.010884
1364.197460   0.010077
1364.198141   0.010149
1364.198822   0.012276
1364.199504   0.011556
1364.200185   0.012398
1364.200866   0.011534
1364.201547   0.011762
1364.202228   0.009945
1364.202909   0.010908
1364.203590   0.010800
1364.204272   0.009488
1364.204953   0.010465
1364.205634   0.009174
1364.206315   0.010168
1364.206996   0.005862
1364.207677   0.011379
1364.208358   0.010248
1364.209040   0.012350
1364.209721   0.010018
1364.210402   0.009693
1364.211083   0.008690
1364.211764   0.009118
1364.212445   0.010902
1364.213127   0.010883
1364.213808   0.008803
1364.214489   0.010287
1364.215170   0.012879
1364.215851   0.011805
1364.216532   0.010342
1364.217213   0.010512
1364.217894   0.009149
1364.218576   0.009680
1364.219257   0.009103
1364.219938   0.011411
1364.220619   0.011647
1364.221300   0.009680
1364.221981   0.008199
1364.222662   0.008681
1364.223344   0.010214
1364.224025   0.008919
1364.224706   0.009309
1364.225387   0.011739
1364.226068   0.007750
1364.226749   0.011368
1364.227431   0.011714
1364.228112   0.011517
1364.228793   0.009603
1364.229474   0.008728
1364.230155   0.010125
1364.230836   0.011439
1364.231517   0.009416
1364.232198   0.008056
1364.232880   0.008918
1364.233561   0.008836
1364.234242   0.011240
1364.234923   0.010265
1364.235604   0.010788
1364.236285   0.010099
1364.236966   0.007960
1364.237648   0.009353
1364.238329   0.008714
1364.239010   0.009414
1364.239691   0.010074
1364.240372   0.006622
1364.241053   0.009666
1364.241734   0.008931
1364.242416   0.009425
1364.243097   0.007337
1364.243778   0.009349
1364.244459   0.011010
1364.245140   0.008941
1364.245821   0.010855
1364.246503   0.007799
1364.247184   0.008020
1364.247865   0.009390
1364.248546   0.007192
1364.249227   0.008886
1364.249908   0.008287
1364.250589   0.008872
1364.251271   0.009962
1364.251952   0.009387
1364.252633   0.008234
1364.253314   0.008115
1364.253995   0.008821
1364.254676   0.008461
1364.255357   0.008514
1364.256039   0.006659
1364.256720   0.006573
1364.257401   0.007162
1364.258082   0.006843
1364.258763   0.007063
1364.259444   0.007949
1364.260125   0.007743
1364.260807   0.005924
1364.261488   0.005825
1364.262169   0.005841
1364.262850   0.004970
1364.263531   0.007455
1364.264212   0.005012
1364.264893   0.004014
1364.265575   0.004644
1364.266256   0.004695
1364.266937   0.002451
1364.267618   0.005582
1364.268299   0.002861
1364.268980   0.003536
1364.269662   0.000217
1364.270343   0.001593
1364.271024   0.000110
1364.271705   0.000625
1364.272386   0.001312
1364.273067  -0.000238
1364.273748   0.000953
1364.274429   0.000109
1364.275111   0.000059
1364.275792  -0.001400
1364.276473   0.000138
1364.277154  -0.000414
1364.277835   0.000645
1364.278516  -0.002341
1364.279197  -0.001789
1364.279879  -0.000492
1364.280560  -0.001358
1364.281241  -0.000585
1364.281922  -0.000268
1364.282603  -0.001734
1364.283284   0.000525
1364.283966  -0.000204
1364.284647  -0.000968
1364.285328  -0.003002
1364.286009   0.000106
1364.286690  -0.000928
1364.287371   0.000219
1364.288052   0.000386
1364.288733   0.000518
1364.289415  -0.001769
1364.290096  -0.002228
1364.290777  -0.002189
1364.291458  -0.000990
1364.292139  -0.000269
1364.292820   0.000847
1364.293501  -0.001300
1364.294183   0.000006
1364.294864   0.000815
1364.295545   0.000695
1364.296226  -0.000327
1364.296907  -0.000584
1364.297588  -0.001557
1364.298269  -0.001076
1364.298951  -0.001411
1364.299632   0.000614
1364.300313  -0.000192
1364.300994  -0.000144
1364.301675  -0.001367
1364.302356  -0.000041
1364.303037  -0.000800
1364.303719  -0.001923
1364.304400  -0.000681
1364.305081  -0.001360
1364.305762  -0.000310
1364.306443   0.000506
1364.307124  -0.002747
1364.307806  -0.000064
1364.308487  -0.000590
1364.309168  -0.001102
1364.309849  -0.001795
1364.310530  -0.000565
1364.311211  -0.000754
1364.311892  -0.000674
1364.312574  -0.001521
1364.313255  -0.001889
1364.313936  -0.000159
1364.314617   0.000896
1364.315298  -0.002018
1364.315979  -0.002513
1364.316660  -0.002638
1364.317341   0.000165
1364.318023  -0.001729
1364.318704   0.000696
1364.319385  -0.000224
1364.320066  -0.001174
1364.320747  -0.000625
1364.321428  -0.002896
1364.322109   0.000077
1364.322791   0.001679
1364.323472   0.000260
1364.324153  -0.001866
1364.324834  -0.001718
1364.325515  -0.000778
1364.326196  -0.000158
1364.326877  -0.001199
1364.327559  -0.000333
1364.328240  -0.002945
1364.328921  -0.000246
1364.329602  -0.001272
1364.330283  -0.001684
1364.330964   0.000613
1364.331645  -0.000788
1364.332327  -0.000249
1364.333008  -0.002035
1364.333689  -0.001421
1364.334370   0.000270
1364.335051  -0.000616
1364.335732  -0.000987
1364.336414   0.002589
1364.337095  -0.000827
1364.337776  -0.001844
1364.338457  -0.000547
1364.339138  -0.001107
1364.339819   0.000440
1364.340500  -0.000050
1364.341182  -0.001213
1364.341863  -0.000775
1364.342544  -0.001564
1364.343225   0.000488
1364.343906  -0.000722
1364.344587  -0.001712
1364.345268  -0.002381
1364.345950  -0.002157
1364.346631   0.000157
1364.347312  -0.000393
1364.347993   0.000443
1364.348674  -0.001157
1364.349355  -0.000649
1364.350036   0.001140
1364.350718   0.002712
1364.351399  -0.000785
1364.352080  -0.000395
1364.352761  -0.000602
1364.353442  -0.001068
1364.354123   0.001108
1364.354804  -0.000650
1364.355486  -0.000545
1364.356167  -0.002056
1364.356848  -0.001413
1364.357529  -0.001051
1364.358210  -0.000008
1364.358891  -0.001410
1364.359572  -0.001883
1364.360254  -0.001049
1364.360935  -0.000597
1364.361616   0.000024
1364.362297  -0.000220
1364.362978  -0.001556
1364.363659  -0.001287
1364.364341  -0.001303
1364.365022   0.000600
1364.365703  -0.000849
1364.366384  -0.000272
1364.367065  -0.000950
1364.367746  -0.003343
1364.368427   0.000362
1364.369109  -0.001629
1364.369790  -0.002045
1364.370471  -0.000258
1364.371152   0.000786
1364.371833  -0.001027
1364.372514  -0.000269
1364.373195   0.000028
1364.373876  -0.002666
1364.374558  -0.000747
1364.375239  -0.001691
1364.375920  -0.001562
1364.376601   0.001147
1364.377282  -0.001697
1364.377963  -0.000821
1364.378644  -0.002097
1364.379326  -0.001701
1364.380007  -0.001940
1364.380688  -0.001371
1364.381369  -0.000573
1364.382050  -0.000259
1364.382731   0.000129
1364.383412  -0.003476
1364.384094   0.000829
1364.384775  -0.000299
1364.385456  -0.000169
1364.386137  -0.000198
1364.386818  -0.001054
1364.387499  -0.000314
1364.388180  -0.000954
1364.388862  -0.000903
1364.389543  -0.001535
1364.390224  -0.001623
1364.390905  -0.000206
1364.391586  -0.002131
1364.392267   0.000169
1364.392948  -0.000345
1364.393630  -0.001548
1364.394311   0.000144
1364.394992   0.000114
1364.395673  -0.003495
1364.396354  -0.001278
1364.397035  -0.001273
1364.397717  -0.000896
1364.398398  -0.001047
1364.399079  -0.000122
1364.399760   0.000338
1364.400441  -0.001096
1364.401122   0.001219
1364.401803   0.001111
1364.402485  -0.002007
1364.403166  -0.001530
1364.403847   0.000508
1364.404528  -0.001465
1364.405209  -0.000964
1364.405890   0.000377
1364.406571   0.003497
1364.407253   0.002482
1364.407934  -0.001556
1364.408615  -0.000890
1364.409296  -0.001472
1364.409977   0.000408
1364.410658  -0.000779
1364.411339  -0.001325
1364.412021  -0.001144
1364.412702  -0.000209
1364.413383  -0.000453
1364.414064  -0.001291
1364.414745   0.001136
1364.415426   0.001340
1364.416107  -0.002490
1364.416788  -0.000553
1364.417470  -0.001088
1364.418151  -0.001642
1364.418832  -0.001777
1364.419513  -0.001187
1364.420194  -0.003323
1364.420875  -0.000351
1364.421556  -0.000776
1364.422238  -0.000589
1364.422919  -0.002377
1364.423600  -0.000469
1364.424281  -0.001132
1364.424962  -0.001195
1364.425644  -0.001827
1364.426325  -0.002572
1364.427006  -0.003146
1364.427687  -0.000180
1364.428368  -0.000168
1364.429049  -0.000125
1364.429730   0.000133
1364.430411  -0.000644
1364.431093  -0.000384
1364.431774  -0.000695
1364.432455  -0.001097
1364.433136  -0.000947
1364.433817   0.000540
1364.434498  -0.000562
1364.435179  -0.001163
1364.435861   0.000072
1364.436542  -0.001522
1364.437223  -0.001845
1364.437904   0.001056
1364.438585   0.000406
1364.439266  -0.000085
1364.439947   0.000784
1364.440629  -0.000592
1364.441310  -0.000535
1364.441991   0.000142
1364.442672   0.000485
1364.443353  -0.000326
1364.444034   0.000794
1364.444715   0.002261
1364.445397  -0.000146
1364.446078  -0.000494
1364.446759   0.000274
1364.447440  -0.000130
1364.448121  -0.001136
1364.448802  -0.000682
1364.449483   0.002385
1364.450165  -0.001102
1364.450846  -0.000372
1364.451527  -0.000228
1364.452208  -0.000927
1364.452889   0.000736
1364.453570  -0.002229
1364.454252   0.000433
1364.454933  -0.000466
1364.455614  -0.000588
1364.456295  -0.002522
1364.456976  -0.001800
1364.457657  -0.000325
1364.458338   0.000115
1364.459019   0.000544
1364.459701  -0.000972
1364.460382  -0.000687
1364.461063   0.000423
1364.461744   0.001242
1364.462425  -0.000144
1364.463106   0.001036
1364.463788  -0.000248
1364.464469  -0.001710
1364.465150   0.001263
1364.465831  -0.000710
1364.466512   0.000039
1364.467193  -0.002043
1364.467874  -0.000631
1364.468556  -0.000002
1364.469237   0.000723
1364.469918  -0.001799
1364.470599  -0.002474
1364.471280  -0.000143
1364.471961   0.000364
1364.472642   0.001362
1364.473323  -0.001995
1364.474005  -0.001753
1364.474686   0.001082
1364.475367   0.001685
1364.476048  -0.000415
1364.476729  -0.001335
1364.477410  -0.001088
1364.478091   0.000043
1364.478773  -0.001757
1364.479454  -0.001265
1364.480135  -0.000630
1364.480816  -0.000579
1364.481497  -0.000218
1364.482178  -0.001742
1364.482860  -0.001027
1364.483541  -0.000817
1364.484222   0.002368
1364.484903  -0.002129
1364.485584  -0.000209
1364.486265   0.000417
1364.486946  -0.002525
1364.487628   0.000615
1364.488309  -0.002138
1364.488990   0.000068
1364.489671  -0.000437
1364.490352  -0.002060
1364.491033  -0.000586
1364.491714   0.000010
1364.492396  -0.002142
1364.493077  -0.001389
1364.493758  -0.001146
1364.494439   0.000188
1364.495120   0.000798
1364.495801   0.000321
1364.496482  -0.000088
1364.497164  -0.001579
1364.497845  -0.000439
1364.498526  -0.000070
1364.499207   0.002862
1364.499888  -0.001971
1364.500569  -0.000858
1364.501250  -0.000874
1364.501931  -0.000978
1364.502613   0.000547
1364.503294  -0.000506
1364.503975  -0.002592
1364.504656  -0.000839
1364.505337  -0.002134
1364.506018  -0.000828
1364.506700  -0.000145
1364.507381   0.000296
1364.508062  -0.000347
1364.508743  -0.001940
1364.509424  -0.002565
1364.510105  -0.000670
1364.510786   0.000731
1364.511468  -0.001477
1364.512149   0.000039
1364.512830   0.000739
1364.513511  -0.000136
1364.514192   0.000012
1364.514873  -0.000937
1364.515554  -0.001124
1364.516236   0.000635
1364.516917  -0.001776
1364.517598  -0.001873
1364.518279  -0.000796
1364.518960  -0.001498
1364.519641   0.000661
1364.520322  -0.000641
1364.521004   0.000777
1364.521685  -0.000313
1364.522366  -0.001187
1364.523047   0.000396
1364.523728  -0.000593
1364.524409  -0.000845
1364.525090  -0.002124
1364.525772  -0.000819
1364.526453  -0.001096
1364.527134  -0.002857
1364.527815  -0.000172
1364.528496  -0.000399
1364.529177  -0.001254
1364.529858   0.000066
1364.530540  -0.000206
1364.531221   0.000188
1364.531902  -0.001040
1364.532583  -0.000791
1364.533264  -0.001551
1364.533945  -0.000535
1364.534626  -0.002557
1364.535308  -0.001880
1364.535989   0.000183
1364.536670  -0.001802
1364.537351   0.002105
1364.538032  -0.001579
1364.538713  -0.001732
1364.539394  -0.001626
1364.540076  -0.000287
1364.540757  -0.000345
1364.541438  -0.000425
1364.542119  -0.001215
1364.542800   0.000450
1364.543481  -0.001366
1364.544162  -0.001859
1364.544844  -0.001083
1364.545525  -0.000971
1364.546206  -0.002592
1364.546887  -0.000830
1364.547568   0.000520
1364.548249  -0.001148
1364.548931  -0.000665
1364.549612   0.002621
1364.550293  -0.000974
1364.550974  -0.000333
1364.551655   0.000140
1364.552336  -0.001250
1364.553017  -0.000694
1364.553699  -0.001128
1364.554380  -0.001464
1364.555061  -0.001319
1364.555742  -0.001901
1364.556423  -0.001152
1364.557104  -0.000157
1364.557785   0.000011
1364.558466   0.001841
1364.559148   0.000709
1364.559829   0.001702
1364.560510  -0.003177
1364.561191  -0.004451
1364.561872  -0.000927
1364.562553  -0.001663
1364.563235   0.000197
1364.563916  -0.000849
1364.564597  -0.000832
1364.565278   0.001628
1364.565959  -0.001909
1364.566640  -0.000327
1364.567321  -0.000956
1364.568003  -0.000682
1364.568684   0.000139
1364.569365   0.000286
1364.570046  -0.001001
1364.570727  -0.001562
1364.571408  -0.001162
1364.572089  -0.000566
1364.572770  -0.001965
1364.573452  -0.000596
1364.574133  -0.000201
1364.574814   0.000082
1364.575495  -0.001376
1364.576176   0.000764
1364.576857   0.000442
1364.577539  -0.001253
1364.578220  -0.000692
1364.578901   0.001225
1364.579582  -0.000328
1364.580263   0.000639
1364.580944  -0.001533
1364.581625  -0.000473
1364.582307  -0.000854
1364.582988  -0.002922
1364.583669  -0.000388
1364.584350  -0.002422
1364.585031  -0.001263
1364.585712  -0.000003
1364.586393  -0.000193
1364.587075   0.000018
1364.587756  -0.000941
1364.588437  -0.000605
1364.589118  -0.001204
1364.589799  -0.000440
1364.590480  -0.000786
1364.591161  -0.000377
1364.591843  -0.001761
1364.592524  -0.000649
1364.593205   0.002363
1364.593886  -0.000058
1364.594567  -0.001399
1364.595248  -0.001200
1364.595929   0.000970
1364.596611  -0.000907
1364.597292   0.000539
1364.597973  -0.000842
1364.598654   0.000022
1364.599335   0.000589
1364.600016   0.001558
1364.600697  -0.000236
1364.601379  -0.000501
1364.602060  -0.002914
1364.602741  -0.000437
1364.603422  -0.001752
1364.604103   0.000039
1364.604784  -0.001777
1364.605466   0.000082
1364.606147  -0.000984
1364.606828   0.001123
1364.607509   0.001439
1364.608190  -0.000923
1364.608871  -0.000481
1364.609552  -0.000902
1364.610233   0.000217
1364.610915   0.000214
1364.611596  -0.001186
1364.612277   0.000999
1364.612958  -0.001074
1364.613639  -0.001752
1364.614320  -0.000339
1364.615001  -0.002042
1364.615683  -0.000907
1364.616364  -0.001745
1364.617045  -0.002413
1364.617726  -0.002034
1364.618407  -0.000364
1364.619088   0.001627
1364.619769  -0.002137
1364.620451   0.000065
1364.621132  -0.000382
1364.621813  -0.000909
1364.622494   0.000433
1364.623175  -0.001633
1364.623856   0.001145
1364.624537  -0.002092
1364.625219  -0.001978
1364.625900  -0.001874
1364.626581  -0.001402
1364.627262  -0.001547
1364.627943   0.002534
1364.628624  -0.000420
1364.629305  -0.000943
1364.629987   0.000170
1364.630668  -0.001043
1364.631349   0.000416
1364.632030  -0.000683
1364.632711  -0.001279
1364.633392  -0.002214
1364.634073  -0.001472
1364.634755  -0.001668
1364.635436  -0.000127
1364.636117  -0.000340
1364.636798  -0.000240
1364.637479  -0.000814
1364.638160  -0.001750
1364.638841   0.000023
1364.639523  -0.000374
1364.640204  -0.001563
1364.640885  -0.001139
1364.641566  -0.000448
1364.642247   0.001217
1364.642928  -0.000592
1364.643610  -0.000761
1364.644291  -0.002035
1364.644972  -0.000235
1364.645653   0.000817
1364.646334  -0.001230
1364.647015  -0.000716
1364.647696  -0.000939
1364.648378  -0.001052
1364.649059  -0.001489
1364.649740   0.001071
1364.650421   0.000667
1364.651102   0.000264
1364.651783   0.001153
1364.652464  -0.000439
1364.653145  -0.004144
1364.653827   0.000409
1364.654508  -0.000369
1364.655189  -0.001510
1364.655870  -0.001294
1364.656551  -0.001351
1364.657232   0.001352
1364.657914  -0.000850
1364.658595  -0.000697
1364.659276  -0.000392
1364.659957  -0.002701
1364.660638   0.000287
1364.661319  -0.001264
1364.662000  -0.001644
1364.662682  -0.000924
1364.663363  -0.000253
1364.664044  -0.003285
1364.664725  -0.000215
1364.665406  -0.000617
1364.666087   0.000144
1364.666768   0.000002
1364.667449   0.000091
1364.668131  -0.001086
1364.668812  -0.001849
1364.669493  -0.000846
1364.670174  -0.001228
1364.670855  -0.000620
1364.671536  -0.002443
1364.672218  -0.001003
1364.672899  -0.001463
1364.673580  -0.000806
1364.674261  -0.000875
1364.674942  -0.000765
1364.675623  -0.000815
1364.676304   0.000805
1364.676986   0.000521
1364.677667  -0.000553
1364.678348  -0.000925
1364.679029  -0.000459
1364.679710  -0.001259
1364.680391  -0.002652
1364.681072  -0.000977
1364.681754  -0.000917
1364.682435  -0.000289
1364.683116   0.000449
1364.683797  -0.000302
1364.684478  -0.001030
1364.685159  -0.001452
1364.685840  -0.001381
1364.686522  -0.001643
1364.687203   0.000670
1364.687884  -0.000328
1364.688565  -0.000772
1364.689246   0.000977
1364.689927   0.001100
1364.690608  -0.000668
1364.691290  -0.001400
1364.691971  -0.002968
1364.692652   0.000918
1364.693333   0.000465
1364.694014  -0.001095
1364.694695   0.000014
1364.695376   0.000480
1364.696058  -0.001710
1364.696739  -0.000995
1364.697420   0.002448
1364.698101   0.000736
1364.698782  -0.000210
1364.699463  -0.001961
1364.700144  -0.000620
1364.700826  -0.000612
1364.701507   0.000905
1364.702188   0.000922
1364.702869   0.000555
1364.703550  -0.000018
1364.704231  -0.003832
1364.704912  -0.003490
1364.705594  -0.000658
1364.706275  -0.000227
1364.706956   0.000035
1364.707637  -0.002434
1364.708318  -0.000086
1364.708999  -0.001794
1364.709680  -0.000475
1364.710362  -0.000582
1364.711043  -0.000430
1364.711724   0.000111
1364.712405   0.000050
1364.713086  -0.002166
1364.713767  -0.001300
1364.714449  -0.001388
1364.715130  -0.001072
1364.715811  -0.000083
1364.716492   0.000401
1364.717173   0.000675
1364.717854  -0.001579
1364.718535  -0.001106
1364.719216  -0.001408
1364.719898   0.000983
1364.720579  -0.001735
1364.721260  -0.002393
1364.721941  -0.003058
1364.722622   0.000483
1364.723303   0.000494
1364.723984  -0.001597
1364.724666  -0.000714
1364.725347  -0.001001
1364.726028  -0.000277
1364.726709  -0.001215
1364.727390   0.001236
1364.728071  -0.000041
1364.728753   0.000267
1364.729434  -0.002928
1364.730115   0.000911
1364.730796   0.000754
1364.731477   0.000256
1364.732158  -0.001600
1364.732839  -0.000781
1364.733520  -0.001193
1364.734202  -0.000688
1364.734883   0.000484
1364.735564   0.000920
1364.736245   0.000082
1364.736926   0.000542
1364.737607  -0.001400
1364.738289  -0.001293
1364.738970   0.000279
1364.739651   0.000475
1364.740332  -0.000685
1364.741013  -0.001018
1364.741694   0.000115
1364.742375  -0.000511
1364.743057  -0.001375
1364.743738  -0.001547
1364.744419  -0.002115
1364.745100  -0.001611
1364.745781   0.000634
1364.746462   0.002086
1364.747143   0.001783
1364.747824  -0.001232
1364.748506  -0.001078
1364.749187   0.001448
1364.749868  -0.001904
1364.750549  -0.002101
1364.751230  -0.000222
1364.751911   0.000533
1364.752592  -0.000078
1364.753274  -0.000234
1364.753955  -0.000272
1364.754636   0.001566
1364.755317   0.000853
1364.755998   0.000170
1364.756679  -0.001443
1364.757361   0.000351
1364.758042   0.000190
1364.758723  -0.001942
1364.759404  -0.000967
1364.760085   0.000418
1364.760766  -0.000091
1364.761447  -0.002139
1364.762129  -0.000747
1364.762810   0.000763
1364.763491  -0.002068
1364.764172  -0.000252
1364.764853  -0.001226
1364.765534  -0.000408
1364.766215  -0.001095
1364.766897  -0.001767
1364.767578   0.000157
1364.768259  -0.003379
1364.768940  -0.001224
1364.769621  -0.000595
1364.770302  -0.001569
1364.770983   0.001226
1364.771665   0.000021
1364.772346  -0.001508
1364.773027  -0.002118
1364.773708  -0.002636
1364.774389  -0.000140
1364.775070  -0.000940
1364.775751  -0.001376
1364.776433  -0.000689
1364.777114  -0.000531
1364.777795  -0.000157
1364.778476  -0.000613
1364.779157  -0.000902
1364.779838  -0.001355
1364.780519   0.000297
1364.781201  -0.001343
1364.781882  -0.001171
1364.782563   0.000118
1364.783244   0.002594
1364.783925  -0.001590
1364.784606  -0.001127
1364.785287  -0.001544
1364.785969   0.001206
1364.786650  -0.000814
1364.787331  -0.000989
1364.788012  -0.000367
1364.788693   0.000411
1364.789374  -0.000263
1364.790055  -0.000316
1364.790736  -0.001276
1364.791418  -0.002042
1364.792099   0.000241
1364.792780  -0.000304
1364.793461  -0.000030
1364.794142  -0.000581
1364.794823  -0.001298
1364.795505  -0.000382
1364.796186  -0.000620
1364.796867   0.000105
1364.797548  -0.001212
1364.798229  -0.000585
1364.798910  -0.000212
1364.799592  -0.000720
1364.800273  -0.000821
1364.800954  -0.000884
1364.801635  -0.000817
1364.802316  -0.002181
1364.802997  -0.001283
1364.803678  -0.000877
1364.804359  -0.000485
1364.805041   0.000125
1364.805722   0.001558
1364.806403  -0.000380
1364.807084   0.000098
1364.807765  -0.000619
1364.808446  -0.000645
1364.809127  -0.001140
1364.809809   0.000545
1364.810490  -0.001878
1364.811171  -0.000431
1364.811852  -0.000253
1364.812533  -0.002799
1364.813214   0.001138
1364.813895  -0.000276
1364.814577  -0.000451
1364.815258  -0.001338
1364.815939  -0.000705
1364.816620  -0.000762
1364.817301  -0.000434
1364.817982  -0.000840
1364.818663  -0.002772
1364.819345  -0.001731
1364.820026  -0.000807
1364.820707  -0.001011
1364.821388  -0.000404
1364.822069  -0.001269
1364.822750  -0.001619
1364.823432  -0.003591
1364.824113  -0.001460
1364.824794  -0.001585
1364.825475  -0.002751
1364.826156  -0.000077
1364.826837   0.000075
1364.827518   0.001272
1364.828200  -0.000396
1364.828881   0.001621
1364.829562  -0.002118
1364.830243  -0.000911
1364.830924  -0.002590
1364.831605  -0.001907
1364.832286  -0.001875
1364.832968   0.000759
1364.833649  -0.000459
1364.834330   0.000651
1364.835011  -0.000459
1364.835692  -0.002907
1364.836373  -0.001263
1364.837054  -0.001777
1364.837736  -0.000465
1364.838417   0.000400
1364.839098  -0.000597
1364.839779  -0.001558
1364.840460  -0.000851
1364.841141  -0.001182
1364.841822  -0.000168
1364.842504  -0.000550
1364.843185   0.000238
1364.843866  -0.002239
1364.844547  -0.001829
1364.845228  -0.002242
1364.845909  -0.000208
1364.846590  -0.001138
1364.847271   0.001747
1364.847953   0.000190
1364.848634   0.000024
1364.849315   0.000699
1364.849996   0.001689
1364.850677  -0.001851
1364.851358  -0.000656
1364.852039  -0.001960
1364.852721   0.000267
1364.853402  -0.000758
1364.854083   0.000517
1364.854764  -0.001011
1364.855445  -0.000010
1364.856126  -0.002592
1364.856808  -0.001711
1364.857489  -0.000581
1364.858170  -0.002278
1364.858851  -0.000458
1364.859532  -0.000554
1364.860213  -0.001424
1364.860894  -0.002032
1364.861576   0.001390
1364.862257   0.000547
1364.862938  -0.001837
1364.863619   0.001369
1364.864300  -0.001687
1364.864981  -0.000540
1364.865662  -0.002229
1364.866344  -0.001471
1364.867025   0.000333
1364.867706   0.001875
1364.868387   0.000287
1364.869068  -0.000506
1364.869749  -0.000825
1364.870430  -0.000158
1364.871112  -0.000568
1364.871793  -0.001665
1364.872474   0.000589
1364.873155  -0.000748
1364.873836  -0.002980
1364.874517   0.000464
1364.875198  -0.000429
1364.875880  -0.002779
1364.876561  -0.000377
1364.877242  -0.000620
1364.877923  -0.001592
1364.878604  -0.000684
1364.879285   0.000855
1364.879967  -0.000800
1364.880648  -0.000604
1364.881329  -0.001698
1364.882010  -0.002142
1364.882691  -0.000102
1364.883372   0.000743
1364.884053  -0.000138
1364.884734  -0.000175
1364.885416   0.000674
1364.886097  -0.001508
1364.886778  -0.000351
1364.887459  -0.000768
1364.888140  -0.000491
1364.888821   0.000296
1364.889502  -0.001744
1364.890184  -0.003565
1364.890865  -0.002004
1364.891546  -0.001270
1364.892227  -0.000156
1364.892908  -0.002963
1364.893589  -0.001466
1364.894271  -0.001015
1364.894952   0.000354
1364.895633  -0.001139
1364.896314  -0.000868
1364.896995   0.001329
1364.897676   0.000000
1364.898357  -0.001221
1364.899038  -0.001638
1364.899720  -0.002478
1364.900401  -0.001568
1364.901082  -0.000560
1364.901763  -0.001718
1364.902444   0.001917
1364.903125  -0.000651
1364.903806  -0.002070
1364.904488  -0.001222
1364.905169  -0.000316
1364.905850  -0.000395
1364.906531  -0.001120
1364.907212  -0.001387
1364.907893  -0.000357
1364.908574  -0.001629
1364.909256  -0.000171
1364.909937  -0.000865
1364.910618  -0.002048
1364.911299   0.001477
1364.911980  -0.000914
1364.912661  -0.002533
1364.913343  -0.002060
1364.914024  -0.001185
1364.914705  -0.000946
1364.915386  -0.001915
1364.916067  -0.001834
1364.916748  -0.001603
1364.917429  -0.001119
1364.918111  -0.002150
1364.918792  -0.000435
1364.919473  -0.000005
1364.920154  -0.000043
1364.920835   0.000716
1364.921516  -0.002375
1364.922197  -0.000789
1364.922879  -0.001983
1364.923560  -0.000349
1364.924241  -0.000902
1364.924922  -0.000831
1364.925603   0.001735
1364.926284  -0.002371
1364.926965   0.000199
1364.927646  -0.001915
1364.928328  -0.001151
1364.929009   0.000820
1364.929690  -0.001478
1364.930371  -0.001617
1364.931052   0.000371
1364.931733  -0.000170
1364.932414  -0.000512
1364.933096  -0.000478
1364.933777  -0.000071
1364.934458   0.000011
1364.935139  -0.001872
1364.935820   0.001086
1364.936501   0.000442
1364.937183   0.000866
1364.937864  -0.001134
1364.938545   0.001399
1364.939226  -0.001430
1364.939907   0.000836
1364.940588   0.000763
1364.941269  -0.000669
1364.941950  -0.000864
1364.942632  -0.000690
1364.943313  -0.001087
1364.943994  -0.001870
1364.944675  -0.002502
1364.945356  -0.001201
1364.946037  -0.000263
1364.946719   0.000695
1364.947400  -0.000291
1364.948081   0.000312
1364.948762  -0.001252
1364.949443   0.000265
1364.950124  -0.000005
1364.950805  -0.000094
1364.951487  -0.001489
1364.952168   0.000295
1364.952849   0.001443
1364.953530  -0.001484
1364.954211  -0.001537
1364.954892   0.000390
1364.955573  -0.000317
1364.956255  -0.000093
1364.956936   0.000335
1364.957617  -0.000298
1364.958298   0.000999
1364.958979   0.000384
1364.959660  -0.000337
1364.960341  -0.001894
1364.961023  -0.001970
1364.961704  -0.000503
1364.962385  -0.000758
1364.963066  -0.000306
1364.963747  -0.000854
1364.964428  -0.001055
1364.965109  -0.002133
1364.965791  -0.001441
1364.966472  -0.001727
1364.967153  -0.000616
1364.967834  -0.000841
1364.968515   0.001291
1364.969196  -0.001751
1364.969877  -0.000622
1364.970559  -0.000467
1364.971240  -0.001401
1364.971921  -0.001326
1364.972602   0.000798
1364.973283  -0.000125
1364.973964  -0.001384
1364.974646  -0.000355
1364.975327  -0.000879
1364.976008  -0.001904
1364.976689   0.001071
1364.977370  -0.000790
1364.978051  -0.000374
1364.978732  -0.004488
1364.979413  -0.001636
1364.980095   0.000319
1364.980776  -0.001177
1364.981457  -0.001957
1364.982138  -0.000721
1364.982819  -0.001048
1364.983500  -0.001253
1364.984181  -0.000891
1364.984863  -0.001114
1364.985544  -0.001061
1364.986225   0.001962
1364.986906   0.000350
1364.987587  -0.001872
1364.988268  -0.000042
1364.988949  -0.000302
1364.989631  -0.000047
1364.990312  -0.001374
1364.990993  -0.000117
1364.991674  -0.000521
1364.992355   0.002296
1364.993036   0.001549
1364.993717  -0.001445
1364.994399   0.000464
1364.995080   0.001274
1364.995761  -0.000720
1364.996442  -0.001549
1364.997123  -0.001752
1364.997804  -0.000672
1364.998485  -0.000470
1364.999167  -0.001190
1364.999848   0.000106
1365.000529  -0.000823
1365.001210   0.000790
1365.001891  -0.001593
1365.002572  -0.000526
1365.003253  -0.001126
1365.003935  -0.000256
1365.004616  -0.000775
1365.005297  -0.000083
1365.005978   0.000070
1365.006659  -0.001225
1365.007340  -0.000976
1365.008021  -0.001165
1365.008703  -0.000381
1365.009384  -0.002294
1365.010065   0.001099
1365.010746  -0.001945
1365.011427  -0.000408
1365.012108  -0.001394
1365.012790   0.000542
1365.013471  -0.000767
1365.014152  -0.002153
1365.014833  -0.000069
1365.015514   0.002405
1365.016195   0.000445
1365.016876   0.000479
1365.017558  -0.002579
1365.018239  -0.001845
1365.018920  -0.002371
1365.019601   0.001528
1365.020282  -0.000733
1365.020963  -0.001221
1365.021644  -0.002220
1365.022325  -0.000736
1365.023007  -0.001620
1365.023688  -0.000220
1365.024369   0.001180
1365.025050   0.000358
1365.025731   0.001408
1365.026412  -0.000466
1365.027093   0.000054
1365.027775  -0.000893
1365.028456  -0.000137
1365.029137  -0.001876
1365.029818  -0.002580
1365.030499   0.000421
1365.031180   0.000445
1365.031862  -0.000096
1365.032543  -0.001842
1365.033224  -0.001364
1365.033905  -0.001185
1365.034586  -0.000894
1365.035267  -0.000302
1365.035948  -0.003498
1365.036630  -0.001603
1365.037311   0.000049
1365.037992  -0.000503
1365.038673  -0.000716
1365.039354  -0.001902
1365.040035  -0.000987
1365.040716  -0.000711
1365.041398  -0.002208
1365.042079  -0.000419
1365.042760  -0.000736
1365.043441  -0.001754
1365.044122   0.001062
1365.044803  -0.002089
1365.045484   0.001187
1365.046166   0.000473
1365.046847  -0.000150
1365.047528  -0.001381
1365.048209  -0.001448
1365.048890  -0.000951
1365.049571   0.001458
1365.050252  -0.000025
1365.050934  -0.001771
1365.051615  -0.000688
1365.052296   0.000998
1365.052977   0.000012
1365.053658  -0.001821
1365.054339  -0.001320
1365.055020  -0.000889
1365.055702  -0.001559
1365.056383  -0.000167
1365.057064  -0.001702
1365.057745   0.000508
1365.058426   0.000331
1365.059107  -0.000575
1365.059788  -0.001561
1365.060470  -0.002499
1365.061151  -0.002333
1365.061832  -0.001769
1365.062513  -0.000625
1365.063194  -0.001335
1365.063875  -0.000533
1365.064556  -0.000510
1365.065238  -0.001755
1365.065919  -0.003143
1365.066600   0.001259
1365.067281  -0.001061
1365.067962  -0.000837
1365.068643   0.000802
1365.069324   0.000098
1365.070006   0.000332
1365.070687  -0.000401
1365.071368   0.001660
1365.072049   0.000479
1365.072730   0.000625
1365.073411   0.000298
1365.074092   0.000565
1365.074774   0.000141
1365.075455  -0.002665
1365.076136  -0.002569
1365.076817   0.001073
1365.077498  -0.001160
1365.078179  -0.001376
1365.078860   0.000579
1365.079542  -0.001124
1365.080223  -0.000500
1365.080904  -0.000356
1365.081585  -0.002599
1365.082266  -0.001024
1365.082947  -0.001207
1365.083628  -0.001950
1365.084310  -0.003258
1365.084991  -0.001220
1365.085672  -0.000905
1365.086353  -0.002435
1365.087034   0.000025
1365.087715   0.000170
1365.088396  -0.000825
1365.089078  -0.005264
1365.089759  -0.001233
1365.090440  -0.000394
1365.091121  -0.000141
1365.091802   0.000099
1365.092483  -0.000342
1365.093164   0.000878
1365.093846  -0.000788
1365.094527  -0.000307
1365.095208  -0.000693
1365.095889  -0.000299
1365.096570   0.000485
1365.097251  -0.000035
1365.097933   0.000192
1365.098614  -0.000344
1365.099295  -0.000887
1365.099976  -0.000330
1365.100657  -0.002461
1365.101338  -0.000725
1365.102019   0.001050
1365.102700  -0.000981
1365.103382  -0.000634
1365.104063   0.000134
1365.104744  -0.000085
1365.105425   0.000427
1365.106106  -0.000433
1365.106787  -0.001370
1365.107469   0.000276
1365.108150  -0.000874
1365.108831  -0.000612
1365.109512  -0.000232
1365.110193  -0.001641
1365.110874  -0.004207
1365.111555  -0.003214
1365.112237  -0.001137
1365.112918  -0.001184
1365.113599  -0.000787
1365.114280  -0.001676
1365.114961  -0.003871
1365.115642  -0.000366
1365.116323  -0.001692
1365.117004  -0.000961
1365.117686  -0.001089
1365.118367   0.000786
1365.119048  -0.003322
1365.119729  -0.000386
1365.120410  -0.002166
1365.121091   0.000072
1365.121772  -0.000991
1365.122454  -0.001528
1365.123135  -0.002187
1365.123816  -0.000700
1365.124497   0.000371
1365.125178  -0.001230
1365.125859  -0.001633
1365.126541  -0.002305
1365.127222   0.000171
1365.127903   0.000978
1365.128584   0.000631
1365.129265   0.001085
1365.129946  -0.000862
1365.130627  -0.001162
1365.131309  -0.001100
1365.131990  -0.001632
1365.132671  -0.000348
1365.133352  -0.001423
1365.134033  -0.000877
1365.134714   0.000323
1365.135395  -0.001810
1365.136077  -0.000103
1365.136758  -0.002861
1365.137439  -0.001125
1365.138120  -0.001355
1365.138801   0.000227
1365.139482  -0.001318
1365.140163  -0.003106
1365.140844  -0.002230
1365.141526  -0.000571
1365.142207  -0.002460
1365.142888  -0.000506
1365.143569  -0.001956
1365.144250  -0.001674
1365.144931  -0.001953
1365.145613   0.000870
1365.146294   0.001493
1365.146975   0.000567
1365.147656   0.002598
1365.148337  -0.000891
1365.149018  -0.001132
1365.149699  -0.001578
1365.150381   0.001074
1365.151062  -0.001119
1365.151743  -0.000061
1365.152424   0.000869
1365.153105  -0.001241
1365.153786  -0.000471
1365.154467   0.001082
1365.155148   0.000548
1365.155830   0.000586
1365.156511  -0.000569
1365.157192   0.000785
1365.157873   0.000052
1365.158554  -0.001041
1365.159235  -0.002419
1365.159916  -0.000089
1365.160598  -0.000652
1365.161279  -0.000144
1365.161960   0.001242
1365.162641   0.000470
1365.163322  -0.000247
1365.164003  -0.001711
1365.164685  -0.002069
1365.165366  -0.001430
1365.166047   0.000356
1365.166728  -0.001116
1365.167409  -0.000583
1365.168090  -0.001986
1365.168771  -0.000023
1365.169453  -0.000542
1365.170134  -0.000540
1365.170815  -0.000796
1365.171496  -0.001010
1365.172177  -0.001120
1365.172858  -0.000349
1365.173539  -0.002019
1365.174221   0.000363
1365.174902  -0.004114
1365.175583  -0.000495
1365.176264   0.000602
1365.176945   0.000551
1365.177626   0.000108
1365.178307  -0.000489
1365.178989  -0.002077
1365.179670  -0.001868
1365.180351  -0.000768
1365.181032  -0.000668
1365.181713  -0.001728
1365.182394  -0.000129
1365.183075  -0.000446
1365.183757  -0.001999
1365.184438  -0.000660
1365.185119  -0.000366
1365.185800  -0.000506
1365.186481   0.000441
1365.187162   0.000371
1365.187844  -0.001229
1365.188525  -0.001576
1365.189206  -0.001422
1365.189887  -0.000530
1365.190568   0.000360
1365.191249   0.000832
1365.191930  -0.002998
1365.192611  -0.000090
1365.193293  -0.000670
1365.193974  -0.001508
1365.194655  -0.001167
1365.195336  -0.001245
1365.196017  -0.001927
1365.196698  -0.000304
1365.197379  -0.001989
1365.198061  -0.001823
1365.198742  -0.001346
1365.199423   0.000733
1365.200104  -0.000018
1365.200785  -0.001054
1365.201466   0.000493
1365.202148   0.000296
1365.202829   0.001984
1365.203510  -0.001294
1365.204191   0.000154
1365.204872  -0.000249
1365.205553  -0.002057
1365.206234   0.000151
1365.206915  -0.002769
1365.207597  -0.002050
1365.208278  -0.001214
1365.208959   0.000308
1365.209640   0.000494
1365.210321  -0.000258
1365.211002  -0.001664
1365.211683  -0.001123
1365.212365  -0.001056
1365.213046  -0.001098
1365.213727   0.000675
1365.214408  -0.001262
1365.215089  -0.000101
1365.215770  -0.002597
1365.216451  -0.001606
1365.217133  -0.000624
1365.217814  -0.000444
1365.218495   0.000704
1365.219176  -0.000284
1365.219857   0.000298
1365.220538   0.000975
1365.221219   0.000244
1365.221901  -0.000278
1365.222582  -0.003344
1365.223263  -0.000512
1365.223944  -0.000259
1365.224625  -0.000608
1365.225306  -0.001105
1365.225988  -0.001825
1365.226669  -0.000086
1365.227350  -0.000556
1365.228031  -0.000331
1365.228712   0.000314
1365.229393  -0.001419
1365.230074  -0.001909
1365.230756   0.000020
1365.231437  -0.001326
1365.232118  -0.000541
1365.232799  -0.000912
1365.233480  -0.000450
1365.234161  -0.000557
1365.234842   0.000390
1365.235523  -0.001273
1365.236205  -0.000311
1365.236886  -0.000548
1365.237567  -0.000873
1365.238248  -0.000575
1365.238929  -0.001589
1365.239610  -0.000381
1365.240292  -0.002768
1365.240973  -0.001058
1365.241654  -0.000284
1365.242335   0.001474
1365.243016  -0.002155
1365.243697  -0.000552
1365.244378   0.000334
1365.245060  -0.002257
1365.245741   0.000028
1365.246422   0.000546
1365.247103  -0.000195
1365.247784  -0.000065
1365.248465  -0.000385
1365.249146  -0.001302
1365.249827  -0.000646
1365.250509  -0.000906
1365.251190  -0.001108
1365.251871  -0.001081
1365.252552  -0.001859
1365.253233  -0.001572
1365.253914   0.001718
1365.254596  -0.001641
1365.255277  -0.001885
1365.255958   0.000480
1365.256639  -0.001424
1365.257320  -0.000731
1365.258001  -0.000117
1365.258682  -0.001472
1365.259364   0.000414
1365.260045  -0.000787
1365.260726   0.001556
1365.261407  -0.001173
1365.262088   0.000549
1365.262769  -0.001203
1365.263450   0.000369
1365.264132  -0.002295
1365.264813  -0.002979
1365.265494  -0.002396
1365.266175   0.000654
1365.266856   0.000845
1365.267537  -0.000593
1365.268218  -0.001050
1365.268900  -0.002216
1365.269581  -0.003079
1365.270262  -0.000564
1365.270943   0.000153
1365.271624  -0.001757
1365.272305  -0.000229
1365.272986  -0.000482
1365.273668   0.001306
1365.274349   0.000499
1365.275030   0.000103
