1484.045711  -0.003136
1484.046392   0.000771
1484.047073   0.000570
1484.047754  -0.001328
1484.048435   0.000142
1484.049116  -0.001331
1484.049797  -0.000827
1484.050478  -0.002171
1484.051159  -0.001274
1484.051841  -0.000148
1484.052522  -0.001780
1484.053203  -0.002752
1484.053884  -0.000982
1484.054565  -0.000727
1484.055246  -0.000691
1484.055927  -0.002171
1484.056608   0.000268
1484.057289  -0.001844
1484.057970  -0.001925
1484.058651   0.001009
1484.059332   0.001652
1484.060014  -0.000628
1484.060695  -0.000183
1484.061376  -0.000520
1484.062057  -0.000707
1484.062738  -0.002936
1484.063419  -0.000832
1484.064100   0.000057
1484.064781   0.000248
1484.065462  -0.001719
1484.066143   0.001129
1484.066824  -0.002458
1484.067506  -0.000738
1484.068187  -0.000523
1484.068868  -0.001795
1484.069549  -0.001219
1484.070230   0.001798
1484.070911   0.000419
1484.071592  -0.001907
1484.072273   0.000175
1484.072954  -0.001640
1484.073635  -0.002695
1484.074316  -0.000809
1484.074998   0.000168
1484.075679  -0.002288
1484.076360  -0.002137
1484.077041  -0.001576
1484.077722  -0.002700
1484.078403  -0.000645
1484.079084  -0.001092
1484.079765  -0.001010
1484.080446  -0.000862
1484.081127  -0.000955
1484.081808  -0.001580
1484.082489  -0.000131
1484.083171  -0.000397
1484.083852  -0.001379
1484.084533  -0.000262
1484.085214   0.001688
1484.085895  -0.001042
1484.086576  -0.002455
1484.087257  -0.000991
1484.087938  -0.001311
1484.088619   0.002067
1484.089300  -0.000042
1484.089981  -0.001169
1484.090663  -0.000319
1484.091344  -0.003085
1484.092025   0.002450
1484.092706   0.000093
1484.093387   0.001184
1484.094068  -0.001325
1484.094749  -0.000895
1484.095430   0.000196
1484.096111  -0.002655
1484.096792   0.001211
1484.097473   0.001718
1484.098154  -0.001142
1484.098836   0.000238
1484.099517   0.000191
1484.100198  -0.001103
1484.100879   0.001432
1484.101560  -0.000092
1484.102241  -0.003075
1484.102922  -0.000463
1484.103603  -0.001152
1484.104284  -0.001284
1484.104965   0.001324
1484.105646  -0.002618
1484.106328  -0.001248
1484.107009   0.001553
1484.107690  -0.001256
1484.108371  -0.001751
1484.109052  -0.003418
1484.109733  -0.000191
1484.110414  -0.001620
1484.111095   0.001001
1484.111776  -0.002698
1484.112457  -0.000437
1484.113138   0.000284
1484.113820  -0.000524
1484.114501  -0.002482
1484.115182  -0.000968
1484.115863   0.000220
1484.116544  -0.000628
1484.117225   0.000677
1484.117906   0.000994
1484.118587  -0.000825
1484.119268  -0.000330
1484.119949  -0.001560
1484.120630  -0.002877
1484.121311  -0.000149
1484.121993  -0.000390
1484.122674  -0.000430
1484.123355  -0.002206
1484.124036  -0.003106
1484.124717  -0.000234
1484.125398  -0.001999
1484.126079  -0.001644
1484.126760   0.000381
1484.127441  -0.001686
1484.128122  -0.001303
1484.128804  -0.001994
1484.129485  -0.003393
1484.130166  -0.000847
1484.130847  -0.000278
1484.131528  -0.000824
1484.132209   0.001778
1484.132890   0.000927
1484.133571  -0.000226
1484.134252  -0.000559
1484.134933  -0.000147
1484.135614   0.000284
1484.136295  -0.002016
1484.136976   0.000251
1484.137658   0.000173
1484.138339  -0.002538
1484.139020   0.000142
1484.139701  -0.001976
1484.140382   0.000135
1484.141063  -0.000103
1484.141744  -0.001702
1484.142425   0.001350
1484.143106   0.002190
1484.143787   0.000125
1484.144468  -0.000244
1484.145150   0.000737
1484.145831   0.000274
1484.146512  -0.000452
1484.147193   0.000941
1484.147874  -0.000703
1484.148555  -0.000334
1484.149236  -0.000257
1484.149917   0.000608
1484.150598  -0.000693
1484.151279  -0.003056
1484.151961   0.000538
1484.152642  -0.002600
1484.153323   0.000837
1484.154004  -0.000133
1484.154685  -0.001622
1484.155366   0.002104
1484.156047  -0.002963
1484.156728  -0.001109
1484.157409   0.001031
1484.158090  -0.001530
1484.158771   0.001475
1484.159452  -0.000867
1484.160133  -0.001426
1484.160815  -0.002971
1484.161496   0.000371
1484.162177  -0.000374
1484.162858  -0.000687
1484.163539  -0.002231
1484.164220   0.001001
1484.164901   0.000107
1484.165582  -0.002347
1484.166263   0.000838
1484.166944  -0.001147
1484.167625  -0.000485
1484.168307  -0.001068
1484.168988  -0.000362
1484.169669  -0.003646
1484.170350   0.000770
1484.171031   0.000576
1484.171712  -0.003254
1484.172393   0.001042
1484.173074   0.000917
1484.173755  -0.000242
1484.174436  -0.001040
1484.175118  -0.000973
1484.175799  -0.001072
1484.176480   0.001949
1484.177161  -0.001839
1484.177842   0.000758
1484.178523  -0.001626
1484.179204   0.000874
1484.179885   0.000069
1484.180566  -0.000587
1484.181247  -0.000297
1484.181928  -0.000188
1484.182609  -0.002036
1484.183290  -0.001091
1484.183972  -0.001561
1484.184653   0.000615
1484.185334  -0.000817
1484.186015  -0.002090
1484.186696  -0.001027
1484.187377  -0.000626
1484.188058  -0.000670
1484.188739  -0.001963
1484.189420  -0.001445
1484.190101  -0.001930
1484.190782   0.000704
1484.191464   0.000421
1484.192145  -0.000346
1484.192826   0.001823
1484.193507  -0.002420
1484.194188  -0.001780
1484.194869   0.000173
1484.195550   0.000997
1484.196231  -0.002262
1484.196912   0.001466
1484.197593   0.001572
1484.198275  -0.001180
1484.198955  -0.001912
1484.199637  -0.000141
1484.200318  -0.002387
1484.200999   0.002911
1484.201680  -0.000235
1484.202361  -0.000850
1484.203042   0.002036
1484.203723  -0.001409
1484.204404  -0.002079
1484.205085  -0.002052
1484.205766  -0.000565
1484.206448  -0.002067
1484.207129  -0.002357
1484.207810  -0.002046
1484.208491  -0.001456
1484.209172  -0.000284
1484.209853   0.001992
1484.210534   0.000551
1484.211215   0.001359
1484.211896  -0.001462
1484.212577   0.000474
1484.213258  -0.001607
1484.213939  -0.000524
1484.214621  -0.001068
1484.215302  -0.001204
1484.215983  -0.002614
1484.216664  -0.000459
1484.217345  -0.000067
1484.218026  -0.000614
1484.218707  -0.000995
1484.219388   0.001870
1484.220069  -0.000403
1484.220750   0.000189
1484.221431  -0.003189
1484.222112  -0.000941
1484.222794  -0.001088
1484.223475  -0.003188
1484.224156   0.000850
1484.224837  -0.002195
1484.225518   0.000658
1484.226199   0.000238
1484.226880  -0.000953
1484.227561  -0.001462
1484.228242  -0.000406
1484.228923  -0.001615
1484.229605  -0.001825
1484.230286   0.000733
1484.230967   0.001038
1484.231648   0.000536
1484.232329  -0.000351
1484.233010  -0.000337
1484.233691  -0.001871
1484.234372  -0.002021
1484.235053  -0.000939
1484.235734  -0.001011
1484.236415  -0.000027
1484.237096  -0.001120
1484.237777   0.001316
1484.238459   0.001046
1484.239140  -0.000946
1484.239821  -0.001110
1484.240502  -0.000342
1484.241183   0.000133
1484.241864  -0.000390
1484.242545   0.001124
1484.243226   0.000317
1484.243907  -0.001034
1484.244588   0.000973
1484.245269  -0.001133
1484.245951  -0.001660
1484.246632   0.001448
1484.247313   0.000016
1484.247994  -0.002902
1484.248675   0.000214
1484.249356  -0.001317
1484.250037  -0.000979
1484.250718  -0.002523
1484.251399  -0.001854
1484.252080   0.000095
1484.252761  -0.001550
1484.253443  -0.002039
1484.254124   0.000795
1484.254805   0.000157
1484.255486  -0.001960
1484.256167  -0.002433
1484.256848   0.000803
1484.257529  -0.000983
1484.258210   0.001621
1484.258891  -0.001757
1484.259572  -0.002309
1484.260253  -0.001526
1484.260934   0.001647
1484.261616  -0.000840
1484.262297  -0.001226
1484.262978   0.000338
1484.263659  -0.000939
1484.264340   0.000006
1484.265021  -0.000630
1484.265702  -0.004450
1484.266383  -0.000863
1484.267064  -0.000233
1484.267745   0.000021
1484.268426  -0.002756
1484.269108  -0.001225
1484.269789  -0.001539
1484.270470  -0.000297
1484.271151   0.001626
1484.271832   0.000269
1484.272513  -0.000903
1484.273194   0.000075
1484.273875   0.000104
1484.274556   0.000409
1484.275237   0.001741
1484.275918   0.002525
1484.276600  -0.001633
1484.277281  -0.000398
1484.277962  -0.000686
1484.278643  -0.001228
1484.279324   0.000459
1484.280005  -0.001708
1484.280686  -0.001067
1484.281367  -0.000145
1484.282048   0.000073
1484.282729  -0.000545
1484.283410  -0.001115
1484.284091   0.000326
1484.284773  -0.000123
1484.285454  -0.002605
1484.286135  -0.001921
1484.286816  -0.000156
1484.287497  -0.000976
1484.288178   0.000774
1484.288859  -0.002159
1484.289540  -0.002823
1484.290221  -0.003514
1484.290902  -0.000354
1484.291583  -0.000498
1484.292265  -0.001871
1484.292946  -0.003666
1484.293627  -0.000150
1484.294308   0.000330
1484.294989  -0.002396
1484.295670  -0.001486
1484.296351  -0.000007
1484.297032  -0.002806
1484.297713  -0.001457
1484.298394   0.001176
1484.299075  -0.000244
1484.299756   0.002514
1484.300438  -0.002169
1484.301119   0.003338
1484.301800   0.000773
1484.302481  -0.000628
1484.303162  -0.000381
1484.303843  -0.000624
1484.304524   0.000122
1484.305205   0.000002
1484.305886  -0.002307
1484.306567  -0.001158
1484.307248  -0.002195
1484.307930  -0.001858
1484.308611  -0.000277
1484.309292  -0.000399
1484.309973  -0.001376
1484.310654  -0.001305
1484.311335  -0.001463
1484.312016   0.001683
1484.312697   0.001188
1484.313378  -0.000485
1484.314059  -0.001641
1484.314740  -0.000218
1484.315422  -0.002420
1484.316103   0.000418
1484.316784  -0.001080
1484.317465  -0.000253
1484.318146  -0.003452
1484.318827   0.000173
1484.319508  -0.002894
1484.320189   0.000269
1484.320870   0.000658
1484.321551  -0.001277
1484.322232  -0.002297
1484.322913  -0.001798
1484.323595  -0.001878
1484.324276   0.000445
1484.324957  -0.000456
1484.325638  -0.001919
1484.326319  -0.001441
1484.327000  -0.001585
1484.327681  -0.001634
1484.328362  -0.001180
1484.329043   0.000712
1484.329724  -0.002005
1484.330405  -0.002536
1484.331087  -0.002464
1484.331768  -0.001232
1484.332449  -0.001127
1484.333130  -0.000405
1484.333811  -0.001875
1484.334492  -0.002918
1484.335173  -0.001604
1484.335854  -0.001836
1484.336535   0.000921
1484.337216  -0.001793
1484.337897  -0.002183
1484.338579  -0.000885
1484.339260   0.000451
1484.339941  -0.001091
1484.340622   0.000992
1484.341303   0.000521
1484.341984   0.000327
1484.342665  -0.004345
1484.343346  -0.002034
1484.344027  -0.001023
1484.344708   0.002002
1484.345389  -0.000482
1484.346070  -0.003082
1484.346752  -0.001345
1484.347433   0.000002
1484.348114  -0.001492
1484.348795  -0.001712
1484.349476  -0.000584
1484.350157  -0.000406
1484.350838  -0.000247
1484.351519   0.001186
1484.352200  -0.001008
1484.352881  -0.001927
1484.353562  -0.001132
1484.354244  -0.003002
1484.354925   0.000864
1484.355606  -0.000664
1484.356287  -0.000711
1484.356968  -0.001281
1484.357649  -0.000416
1484.358330   0.001602
1484.359011   0.002879
1484.359692  -0.001631
1484.360373   0.002426
1484.361054  -0.001843
1484.361735   0.000482
1484.362417  -0.003403
1484.363098  -0.000529
1484.363779   0.001046
1484.364460  -0.000296
1484.365141   0.000605
1484.365822   0.001735
1484.366503  -0.000427
1484.367184  -0.000035
1484.367865   0.000851
1484.368546  -0.002280
1484.369227   0.000574
1484.369909   0.001148
1484.370590   0.001222
1484.371271  -0.000389
1484.371952  -0.000734
1484.372633  -0.001105
1484.373314   0.000351
1484.373995  -0.000631
1484.374676  -0.000089
1484.375357  -0.001440
1484.376038   0.000603
1484.376719  -0.001685
1484.377401  -0.001750
1484.378082  -0.001553
1484.378763   0.000307
1484.379444   0.000632
1484.380125  -0.000351
1484.380806   0.000374
1484.381487  -0.001610
1484.382168   0.001665
1484.382849   0.000875
1484.383530   0.001199
1484.384211  -0.000628
1484.384892   0.000810
1484.385574   0.001739
1484.386255   0.001327
1484.386936  -0.001505
1484.387617  -0.000546
1484.388298  -0.000902
1484.388979  -0.001258
1484.389660  -0.000740
1484.390341  -0.000169
1484.391022  -0.002651
1484.391703  -0.000279
1484.392384   0.002478
1484.393066  -0.000745
1484.393747  -0.001550
1484.394428   0.000264
1484.395109  -0.000947
1484.395790  -0.001551
1484.396471  -0.001478
1484.397152  -0.001827
1484.397833   0.000295
1484.398514   0.001053
1484.399195   0.000433
1484.399876   0.001860
1484.400557  -0.000812
1484.401239  -0.002503
1484.401920  -0.000427
1484.402601  -0.001098
1484.403282  -0.000994
1484.403963   0.001778
1484.404644  -0.001940
1484.405325  -0.001165
1484.406006  -0.001124
1484.406687  -0.000827
1484.407368  -0.001463
1484.408049   0.000721
1484.408731  -0.000382
1484.409412   0.000387
1484.410093  -0.000192
1484.410774   0.001829
1484.411455   0.000253
1484.412136  -0.000722
1484.412817  -0.001234
1484.413498  -0.001612
1484.414179  -0.001016
1484.414860  -0.002430
1484.415541  -0.002422
1484.416223   0.002335
1484.416904  -0.000452
1484.417585  -0.002740
1484.418266  -0.000946
1484.418947   0.000048
1484.419628   0.000191
1484.420309  -0.000751
1484.420990  -0.002196
1484.421671  -0.000097
1484.422352  -0.002900
1484.423033   0.000100
1484.423714  -0.002234
1484.424396  -0.001489
1484.425077  -0.001466
1484.425758  -0.002481
1484.426439  -0.000714
1484.427120  -0.001405
1484.427801  -0.002460
1484.428482  -0.002726
1484.429163  -0.000469
1484.429844  -0.000028
1484.430525  -0.003460
1484.431206  -0.000377
1484.431888  -0.001027
1484.432569  -0.001073
1484.433250  -0.000690
1484.433931  -0.001272
1484.434612  -0.000067
1484.435293   0.000837
1484.435974   0.001319
1484.436655  -0.000022
1484.437336  -0.000695
1484.438017  -0.000744
1484.438698  -0.000373
1484.439380   0.001164
1484.440061   0.000250
1484.440742  -0.000241
1484.441423  -0.001657
1484.442104  -0.000486
1484.442785  -0.000174
1484.443466   0.001258
1484.444147   0.001259
1484.444828   0.001216
1484.445509  -0.002066
1484.446190  -0.001370
1484.446871  -0.001892
1484.447553  -0.000846
1484.448234  -0.000582
1484.448915  -0.001526
1484.449596  -0.001778
1484.450277  -0.000060
1484.450958  -0.002115
1484.451639   0.000738
1484.452320   0.001120
1484.453001  -0.001909
1484.453682  -0.001881
1484.454363  -0.000106
1484.455045  -0.000469
1484.455726   0.000166
1484.456407   0.000119
1484.457088   0.001768
1484.457769  -0.001967
1484.458450  -0.002006
1484.459131  -0.000597
1484.459812  -0.001700
1484.460493  -0.000313
1484.461174   0.000843
1484.461855   0.001663
1484.462536   0.002388
1484.463218  -0.003269
1484.463899  -0.002105
1484.464580  -0.001952
1484.465261   0.000346
1484.465942  -0.002291
1484.466623  -0.001233
1484.467304  -0.000778
1484.467985  -0.000926
1484.468666   0.000053
1484.469347  -0.000834
1484.470028  -0.000389
1484.470710  -0.002567
1484.471391   0.000250
1484.472072   0.000180
1484.472753  -0.000956
1484.473434   0.000221
1484.474115  -0.001061
1484.474796  -0.000253
1484.475477   0.000535
1484.476158  -0.002228
1484.476839   0.000283
1484.477520   0.001539
1484.478202  -0.002141
1484.478883  -0.000210
1484.479564  -0.000775
1484.480245   0.000294
1484.480926  -0.002830
1484.481607  -0.002093
1484.482288  -0.000215
1484.482969  -0.002161
1484.483650  -0.002205
1484.484331   0.002493
1484.485012   0.000348
1484.485693  -0.000144
1484.486375   0.001304
1484.487056  -0.002195
1484.487737   0.000066
1484.488418  -0.001290
1484.489099  -0.000919
1484.489780  -0.000513
1484.490461  -0.002512
1484.491142   0.001140
1484.491823  -0.002785
1484.492504  -0.002598
1484.493185  -0.000023
1484.493867  -0.003088
1484.494548  -0.002590
1484.495229   0.000135
1484.495910  -0.000425
1484.496591  -0.003048
1484.497272   0.000303
1484.497953  -0.001533
1484.498634  -0.000884
1484.499315  -0.002049
1484.499996  -0.000561
1484.500677  -0.000497
1484.501358  -0.001063
1484.502040  -0.000630
1484.502721  -0.001373
1484.503402  -0.001917
1484.504083   0.000074
1484.504764  -0.000982
1484.505445  -0.000327
1484.506126  -0.001373
1484.506807  -0.001394
1484.507488  -0.000358
1484.508169  -0.000267
1484.508850  -0.003870
1484.509532  -0.000351
1484.510213   0.000496
1484.510894  -0.003750
1484.511575   0.000173
1484.512256  -0.001435
1484.512937   0.000128
1484.513618  -0.000997
1484.514299  -0.001007
1484.514980  -0.001130
1484.515661  -0.001062
1484.516342  -0.000428
1484.517024  -0.000390
1484.517705  -0.001522
1484.518386  -0.000510
1484.519067  -0.000880
1484.519748   0.001786
1484.520429  -0.000112
1484.521110  -0.000354
1484.521791   0.000361
1484.522472  -0.002157
1484.523153  -0.003838
1484.523834  -0.000348
1484.524515  -0.001111
1484.525197   0.001062
1484.525878  -0.000334
1484.526559   0.000631
1484.527240  -0.000445
1484.527921  -0.000320
1484.528602  -0.000695
1484.529283   0.000772
1484.529964  -0.000541
1484.530645  -0.000285
1484.531326  -0.002424
1484.532007  -0.000355
1484.532689   0.000521
1484.533370   0.003068
1484.534051  -0.001232
1484.534732  -0.001932
1484.535413  -0.000486
1484.536094  -0.000778
1484.536775  -0.001991
1484.537456  -0.001907
1484.538137  -0.001560
1484.538818   0.000451
1484.539499  -0.000471
1484.540181  -0.000243
1484.540862  -0.001142
1484.541543  -0.002851
1484.542224  -0.001480
1484.542905  -0.000901
1484.543586  -0.001511
1484.544267  -0.001949
1484.544948   0.001830
1484.545629  -0.000965
1484.546310  -0.001643
1484.546991   0.000440
1484.547672   0.000450
1484.548354  -0.000202
1484.549035   0.000513
1484.549716  -0.000343
1484.550397   0.000030
1484.551078  -0.000718
1484.551759  -0.000176
1484.552440  -0.000522
1484.553121   0.000726
1484.553802  -0.003914
1484.554483  -0.001270
1484.555164  -0.001128
1484.555846  -0.001497
1484.556527   0.000378
1484.557208   0.000732
1484.557889   0.000245
1484.558570  -0.001464
1484.559251  -0.001232
1484.559932   0.000979
1484.560613  -0.001534
1484.561294  -0.001090
1484.561975  -0.001316
1484.562656   0.000852
1484.563337  -0.000940
1484.564019  -0.002757
1484.564700   0.001288
1484.565381  -0.000391
1484.566062  -0.001107
1484.566743  -0.000477
1484.567424   0.000586
1484.568105  -0.000664
1484.568786  -0.000838
1484.569467  -0.001621
1484.570148  -0.003111
1484.570829   0.001079
1484.571511  -0.000359
1484.572192  -0.000336
1484.572873   0.000314
1484.573554  -0.000981
1484.574235  -0.001196
1484.574916  -0.001002
1484.575597  -0.000213
1484.576278   0.001921
1484.576959  -0.000349
1484.577640  -0.001254
1484.578321   0.000583
1484.579003   0.001111
1484.579684  -0.000834
1484.580365   0.000992
1484.581046   0.001874
1484.581727  -0.001496
1484.582408  -0.000666
1484.583089  -0.002181
1484.583770   0.000032
1484.584451  -0.000477
1484.585132  -0.000897
1484.585813  -0.000923
1484.586494  -0.000696
1484.587176   0.000403
1484.587857   0.001743
1484.588538  -0.000923
1484.589219   0.000216
1484.589900  -0.002040
1484.590581  -0.001220
1484.591262   0.001192
1484.591943  -0.000816
1484.592624  -0.001810
1484.593305  -0.000211
1484.593986   0.000172
1484.594667  -0.002482
1484.595349  -0.000398
1484.596030   0.000112
1484.596711  -0.001579
1484.597392  -0.001719
1484.598073  -0.004089
1484.598754  -0.002569
1484.599435   0.001405
1484.600116  -0.001347
1484.600797  -0.001222
1484.601478  -0.000709
1484.602160  -0.002763
1484.602840  -0.001886
1484.603522   0.000579
1484.604203   0.004115
1484.604884   0.000897
1484.605565  -0.001069
1484.606246  -0.001570
1484.606927  -0.000259
1484.607608  -0.000278
1484.608289   0.000099
1484.608970   0.002719
1484.609651  -0.000615
1484.610333  -0.001859
1484.611014  -0.002123
1484.611695  -0.001670
1484.612376  -0.002241
1484.613057  -0.000916
1484.613738   0.000005
1484.614419  -0.000229
1484.615100  -0.000905
1484.615781  -0.000280
1484.616462   0.000493
1484.617143  -0.001381
1484.617824  -0.000915
1484.618506  -0.002153
1484.619187   0.001528
1484.619868  -0.000557
1484.620549  -0.000936
1484.621230  -0.000186
1484.621911   0.000839
1484.622592   0.000697
1484.623273  -0.000307
1484.623954   0.000558
1484.624635  -0.001090
1484.625316   0.000450
1484.625997   0.003996
1484.626679  -0.001191
1484.627360   0.001822
1484.628041   0.000335
1484.628722   0.001073
1484.629403  -0.002678
1484.630084   0.000128
1484.630765  -0.000093
1484.631446  -0.002750
1484.632127  -0.001538
1484.632808  -0.001355
1484.633490  -0.000203
1484.634171  -0.001804
1484.634852  -0.001405
1484.635533  -0.003113
1484.636214  -0.001755
1484.636895  -0.001267
1484.637576  -0.002617
1484.638257  -0.001942
1484.638938  -0.002347
1484.639619  -0.002374
1484.640300   0.001278
1484.640981  -0.000746
1484.641663  -0.001105
1484.642344   0.000933
1484.643025   0.000546
1484.643706  -0.000880
1484.644387   0.001363
1484.645068  -0.000290
1484.645749   0.000461
1484.646430  -0.003144
1484.647111  -0.001584
1484.647792  -0.001286
1484.648473  -0.001800
1484.649154  -0.001045
1484.649836   0.000365
1484.650517  -0.002766
1484.651198   0.001804
1484.651879  -0.001729
1484.652560   0.001250
1484.653241  -0.000057
1484.653922  -0.004211
1484.654603  -0.002346
1484.655284  -0.000950
1484.655965   0.002497
1484.656647  -0.000494
1484.657328  -0.000865
1484.658009  -0.001722
1484.658690   0.000679
1484.659371  -0.001222
1484.660052  -0.001300
1484.660733   0.000637
1484.661414  -0.000113
1484.662095  -0.000790
1484.662776  -0.001256
1484.663457  -0.001508
1484.664138   0.000594
1484.664820  -0.000665
1484.665501  -0.001376
1484.666182  -0.001952
1484.666863   0.000054
1484.667544  -0.000922
1484.668225  -0.002149
1484.668906  -0.001093
1484.669587  -0.000533
1484.670268  -0.000948
1484.670949  -0.002037
1484.671630  -0.000923
1484.672311  -0.000292
1484.672993  -0.002569
1484.673674  -0.000017
1484.674355  -0.001018
1484.675036  -0.001169
1484.675717  -0.004291
1484.676398  -0.000996
1484.677079   0.000359
1484.677760  -0.001470
1484.678441  -0.002214
1484.679122  -0.002788
1484.679804  -0.001059
1484.680485  -0.002505
1484.681166  -0.000869
1484.681847   0.001663
1484.682528   0.000519
1484.683209  -0.001512
1484.683890  -0.001858
1484.684571  -0.001474
1484.685252   0.001174
1484.685933   0.000828
1484.686614  -0.001231
1484.687295   0.001034
1484.687977  -0.001885
1484.688658  -0.000412
1484.689339   0.000150
1484.690020  -0.002787
1484.690701  -0.002494
1484.691382  -0.002774
1484.692063   0.000398
1484.692744   0.000825
1484.693425  -0.003058
1484.694106  -0.001344
1484.694787   0.000060
1484.695468   0.002615
1484.696150  -0.000843
1484.696831  -0.000297
1484.697512  -0.000057
1484.698193  -0.001073
1484.698874   0.000710
1484.699555   0.000963
1484.700236   0.000254
1484.700917  -0.000414
1484.701598   0.000096
1484.702279  -0.001263
1484.702961   0.000579
1484.703641  -0.001838
1484.704323   0.000761
1484.705004   0.000028
1484.705685   0.000276
1484.706366  -0.001046
1484.707047  -0.001133
1484.707728   0.000197
1484.708409  -0.000931
1484.709090   0.000120
1484.709771   0.002215
1484.710452  -0.002291
1484.711134   0.001154
1484.711815   0.000502
1484.712496  -0.002041
1484.713177   0.001004
1484.713858   0.001034
1484.714539  -0.001666
1484.715220  -0.001565
1484.715901   0.000385
1484.716582   0.000296
1484.717263  -0.000704
1484.717944  -0.001593
1484.718625  -0.001128
1484.719307  -0.000913
1484.719988  -0.001343
1484.720669  -0.002454
1484.721350  -0.002351
1484.722031  -0.002573
1484.722712  -0.001883
1484.723393  -0.000097
1484.724074   0.000590
1484.724755  -0.000745
1484.725436  -0.000871
1484.726117   0.000186
1484.726798  -0.000229
1484.727480  -0.000832
1484.728161  -0.001200
1484.728842   0.001499
1484.729523  -0.001978
1484.730204  -0.002151
1484.730885  -0.000689
1484.731566  -0.000539
1484.732247  -0.001065
1484.732928  -0.000258
1484.733609  -0.000721
1484.734290  -0.000616
1484.734972  -0.002763
1484.735653  -0.001276
1484.736334   0.001067
1484.737015  -0.000359
1484.737696  -0.000824
1484.738377  -0.000017
1484.739058   0.000329
1484.739739  -0.000536
1484.740420  -0.001420
1484.741101  -0.000618
1484.741782  -0.001258
1484.742464   0.001518
1484.743145  -0.000647
1484.743826   0.002088
1484.744507  -0.000083
1484.745188  -0.001754
1484.745869  -0.001543
1484.746550   0.000041
1484.747231  -0.000143
1484.747912  -0.001666
1484.748593   0.000478
1484.749274   0.000545
1484.749955   0.000307
1484.750637  -0.000764
1484.751318  -0.000908
1484.751999   0.000355
1484.752680  -0.000896
1484.753361  -0.001468
1484.754042  -0.000514
1484.754723   0.000095
1484.755404   0.000748
1484.756085   0.000692
1484.756766   0.000715
1484.757448  -0.002396
1484.758129   0.001136
1484.758810   0.000520
1484.759491  -0.000629
1484.760172   0.001092
1484.760853  -0.000629
1484.761534  -0.002264
1484.762215  -0.002752
1484.762896   0.000110
1484.763577  -0.000318
1484.764258  -0.003362
1484.764939  -0.000160
1484.765620  -0.001249
1484.766301  -0.000254
1484.766983  -0.001446
1484.767664  -0.002871
1484.768345  -0.002649
1484.769026  -0.001091
1484.769707  -0.000639
1484.770388  -0.000566
1484.771069  -0.002755
1484.771750  -0.001784
1484.772431  -0.000370
1484.773112  -0.001236
1484.773794  -0.001583
1484.774475  -0.001797
1484.775156  -0.000812
1484.775837   0.001661
1484.776518   0.000508
1484.777199  -0.000669
1484.777880  -0.003453
1484.778561   0.001350
1484.779242  -0.000510
1484.779923   0.000406
1484.780605  -0.001205
1484.781286   0.001181
1484.781967   0.000282
1484.782648  -0.000321
1484.783329  -0.002493
1484.784010  -0.000627
1484.784691   0.001332
1484.785372  -0.002178
1484.786053  -0.000564
1484.786734  -0.000849
1484.787415  -0.000149
1484.788096  -0.000031
1484.788777  -0.000402
1484.789459  -0.001629
1484.790140  -0.000236
1484.790821  -0.000466
1484.791502  -0.000390
1484.792183  -0.001882
1484.792864  -0.000345
1484.793545  -0.000860
1484.794226  -0.001855
1484.794907  -0.001075
1484.795588   0.000744
1484.796269  -0.000393
1484.796951   0.000103
1484.797632  -0.000416
1484.798313  -0.000429
1484.798994  -0.001439
1484.799675  -0.003378
1484.800356  -0.000064
1484.801037  -0.001473
1484.801718  -0.000840
1484.802399  -0.000397
1484.803080  -0.001697
1484.803762  -0.002218
1484.804442   0.000206
1484.805124  -0.001720
1484.805805   0.001688
1484.806486  -0.001378
1484.807167  -0.000589
1484.807848  -0.003540
1484.808529  -0.003646
1484.809210  -0.001111
1484.809891  -0.001675
1484.810572  -0.001534
1484.811253  -0.000148
1484.811934  -0.000298
1484.812616  -0.001243
1484.813297  -0.001092
1484.813978  -0.001459
1484.814659  -0.000900
1484.815340  -0.001085
1484.816021  -0.001185
1484.816702  -0.001074
1484.817383  -0.001117
1484.818064  -0.000401
1484.818745  -0.001159
1484.819426  -0.001238
1484.820108  -0.001169
1484.820789  -0.001292
1484.821470   0.000111
1484.822151  -0.000386
1484.822832   0.000477
1484.823513  -0.001125
1484.824194  -0.002317
1484.824875  -0.001780
1484.825556  -0.000449
1484.826237   0.000131
1484.826918  -0.000335
1484.827599  -0.001405
1484.828281  -0.000479
1484.828962  -0.000698
1484.829643  -0.000059
1484.830324  -0.001296
1484.831005   0.000562
1484.831686   0.000267
1484.832367  -0.000730
1484.833048   0.000728
1484.833729   0.002554
1484.834410  -0.000593
1484.835092  -0.001663
1484.835773   0.001422
1484.836454  -0.002425
1484.837135  -0.000466
1484.837816  -0.001323
1484.838497   0.001140
1484.839178  -0.000833
1484.839859   0.000495
1484.840540   0.000224
1484.841221  -0.001514
1484.841902   0.001504
1484.842583  -0.000130
1484.843265   0.001053
1484.843946   0.000015
1484.844627  -0.003508
1484.845308   0.001129
1484.845989  -0.001653
1484.846670   0.000341
1484.847351  -0.002392
1484.848032  -0.001052
1484.848713   0.000734
1484.849394  -0.002450
1484.850075  -0.000416
1484.850756  -0.001336
1484.851438   0.000045
1484.852119  -0.002956
1484.852800  -0.000117
1484.853481   0.000980
1484.854162  -0.002120
1484.854843  -0.000960
1484.855524  -0.003219
1484.856205  -0.001622
1484.856886  -0.000781
1484.857567  -0.002457
1484.858248  -0.002186
1484.858930  -0.002150
1484.859611   0.001068
1484.860292   0.000473
1484.860973  -0.000457
1484.861654  -0.003069
1484.862335  -0.001444
1484.863016  -0.002727
1484.863697   0.000505
1484.864378  -0.000427
1484.865059  -0.001037
1484.865740  -0.001160
1484.866421   0.000927
1484.867103  -0.000957
1484.867784  -0.004186
1484.868465  -0.001512
1484.869146  -0.000305
1484.869827  -0.001078
1484.870508  -0.000297
1484.871189   0.000486
1484.871870  -0.000289
1484.872551  -0.000403
1484.873232  -0.000957
1484.873913  -0.001250
1484.874595  -0.002121
1484.875276  -0.002918
1484.875957  -0.001402
1484.876638  -0.001095
1484.877319  -0.001247
1484.878000   0.000637
1484.878681   0.000258
1484.879362  -0.000477
1484.880043  -0.000194
1484.880724  -0.000650
1484.881405  -0.002376
1484.882087  -0.001060
1484.882768  -0.002121
1484.883449   0.001599
1484.884130   0.000096
1484.884811  -0.001433
1484.885492   0.000632
1484.886173   0.000092
1484.886854   0.001841
1484.887535  -0.000261
1484.888216  -0.001624
1484.888897   0.002290
1484.889578  -0.002249
1484.890260  -0.000024
1484.890941  -0.001550
1484.891622  -0.000984
1484.892303   0.001057
1484.892984  -0.001527
1484.893665  -0.000597
1484.894346  -0.000844
1484.895027  -0.000615
1484.895708  -0.000975
1484.896389  -0.000251
1484.897070  -0.000887
1484.897752  -0.002003
1484.898433  -0.000959
1484.899114   0.000108
1484.899795  -0.002130
1484.900476  -0.002011
1484.901157  -0.000103
1484.901838  -0.000850
1484.902519  -0.000324
1484.903200  -0.000860
1484.903881  -0.000668
1484.904562  -0.001755
1484.905243  -0.000101
1484.905925  -0.002586
1484.906606   0.001016
1484.907287  -0.001528
1484.907968  -0.001830
1484.908649  -0.000643
1484.909330  -0.000624
1484.910011  -0.001809
1484.910692   0.003539
1484.911373  -0.001114
1484.912054  -0.002344
1484.912735  -0.000531
1484.913416  -0.000550
1484.914098  -0.002090
1484.914779  -0.001958
1484.915460  -0.001269
1484.916141  -0.002055
1484.916822  -0.000317
1484.917503  -0.000272
1484.918184  -0.001831
1484.918865   0.001641
1484.919546   0.000326
1484.920227   0.000544
1484.920909  -0.001347
1484.921590  -0.001417
1484.922271  -0.003016
1484.922952  -0.001513
1484.923633  -0.001625
1484.924314  -0.001733
1484.924995  -0.000275
1484.925676   0.002883
1484.926357  -0.000840
1484.927038  -0.000657
1484.927719  -0.002534
1484.928400   0.001195
1484.929082  -0.001942
1484.929763  -0.001521
1484.930444   0.000092
1484.931125  -0.001758
1484.931806   0.000007
1484.932487  -0.001928
1484.933168  -0.003750
1484.933849  -0.000742
1484.934530  -0.000666
1484.935211  -0.000697
1484.935892  -0.003381
1484.936573  -0.001368
1484.937255  -0.000797
1484.937936  -0.002068
1484.938617  -0.001913
1484.939298  -0.001678
1484.939979  -0.000606
1484.940660  -0.000178
1484.941341  -0.002495
1484.942022  -0.001533
1484.942703   0.000986
1484.943384   0.001154
1484.944066  -0.003398
1484.944746  -0.001763
1484.945428  -0.001361
1484.946109  -0.001175
1484.946790  -0.000687
1484.947471  -0.000795
1484.948152  -0.001600
1484.948833  -0.000027
1484.949514  -0.000128
1484.950195   0.000041
1484.950876  -0.001624
1484.951557  -0.001104
1484.952239  -0.000811
1484.952920  -0.002010
1484.953601  -0.000393
1484.954282  -0.002926
1484.954963  -0.002061
1484.955644   0.000791
1484.956325   0.000299
1484.957006  -0.000648
1484.957687  -0.000127
1484.958368   0.000105
1484.959049  -0.001132
1484.959730  -0.002232
1484.960412   0.000031
1484.961093  -0.002797
1484.961774  -0.002027
1484.962455   0.001543
1484.963136  -0.001783
1484.963817  -0.001674
1484.964498  -0.000166
1484.965179  -0.002642
1484.965860  -0.000481
1484.966541  -0.002295
1484.967222   0.000425
1484.967903  -0.001070
1484.968585   0.000464
1484.969266   0.001164
1484.969947   0.001740
1484.970628  -0.000955
1484.971309   0.001474
1484.971990  -0.000725
1484.972671  -0.003273
1484.973352   0.000368
1484.974033   0.000097
1484.974714  -0.000840
1484.975396   0.000079
1484.976077  -0.002035
1484.976758   0.001464
1484.977439  -0.002934
1484.978120  -0.000808
1484.978801  -0.000566
1484.979482  -0.003774
1484.980163  -0.000964
1484.980844  -0.002048
1484.981525  -0.001273
1484.982206  -0.001959
1484.982887  -0.000000
1484.983569  -0.000830
1484.984250  -0.002149
1484.984931  -0.001616
1484.985612  -0.002765
1484.986293   0.000652
1484.986974  -0.000443
1484.987655  -0.002306
1484.988336   0.000235
1484.989017  -0.001044
1484.989698  -0.000699
1484.990379  -0.002616
1484.991060  -0.001726
1484.991742  -0.000763
1484.992423  -0.001760
1484.993104   0.000110
1484.993785  -0.002757
1484.994466   0.000165
1484.995147  -0.002933
1484.995828  -0.000836
1484.996509  -0.000834
1484.997190  -0.000015
1484.997871  -0.001011
1484.998553   0.000218
1484.999234   0.000923
1484.999915  -0.000065
1485.000596   0.000433
1485.001277  -0.000793
1485.001958  -0.001614
1485.002639   0.001593
1485.003320   0.000697
1485.004001  -0.000292
1485.004682  -0.000124
1485.005363   0.001003
1485.006044  -0.000320
1485.006726  -0.001869
1485.007407  -0.000954
1485.008088  -0.001031
1485.008769   0.001662
1485.009450  -0.000563
1485.010131   0.002383
1485.010812  -0.002334
1485.011493   0.000174
1485.012174  -0.001031
1485.012855   0.000456
1485.013536  -0.001316
1485.014217  -0.000225
1485.014899  -0.001662
1485.015580  -0.000989
1485.016261   0.001128
1485.016942  -0.002084
1485.017623   0.002299
1485.018304  -0.002727
1485.018985  -0.001725
1485.019666   0.000094
1485.020347  -0.001976
1485.021028  -0.001261
1485.021710  -0.001041
1485.022391  -0.003575
1485.023072  -0.002483
1485.023753  -0.002542
1485.024434  -0.001454
1485.025115  -0.000646
1485.025796  -0.000930
1485.026477  -0.002227
1485.027158   0.000430
1485.027839   0.000129
1485.028520  -0.000411
1485.029201  -0.000293
1485.029883  -0.002808
1485.030564  -0.000444
1485.031245  -0.000193
1485.031926  -0.001796
1485.032607  -0.000812
1485.033288   0.001961
1485.033969   0.001723
1485.034650  -0.002018
1485.035331  -0.001565
1485.036012  -0.002288
1485.036693   0.000761
1485.037374  -0.002114
1485.038056  -0.001101
1485.038737   0.000835
1485.039418  -0.001246
1485.040099   0.001174
1485.040780  -0.000383
1485.041461  -0.002033
1485.042142   0.000699
1485.042823  -0.001036
1485.043504  -0.001408
1485.044185  -0.000120
1485.044867   0.001246
1485.045547  -0.000994
1485.046229   0.000006
1485.046910  -0.002636
1485.047591   0.000689
1485.048272  -0.002370
1485.048953   0.000320
1485.049634  -0.000660
1485.050315   0.000480
1485.050996   0.001056
1485.051677   0.001787
1485.052358   0.002183
1485.053039   0.002590
1485.053721   0.002607
1485.054402   0.004790
1485.055083   0.004734
1485.055764   0.004249
1485.056445   0.005218
1485.057126   0.006474
1485.057807   0.006855
1485.058488   0.004962
1485.059169   0.005001
1485.059850   0.005535
1485.060531   0.005617
1485.061213   0.007638
1485.061894   0.006389
1485.062575   0.007672
1485.063256   0.004314
1485.063937   0.008695
1485.064618   0.007249
1485.065299   0.005859
1485.065980   0.006171
1485.066661   0.005091
1485.067342   0.008895
1485.068023   0.006921
1485.068704   0.007550
1485.069386   0.007628
1485.070067   0.007702
1485.070748   0.008324
1485.071429   0.006772
1485.072110   0.006835
1485.072791   0.008574
1485.073472   0.009100
1485.074153   0.006227
1485.074834   0.006788
1485.075515   0.009572
1485.076196   0.007259
1485.076878   0.010179
1485.077559   0.008375
1485.078240   0.009342
1485.078921   0.009186
1485.079602   0.008910
1485.080283   0.008887
1485.080964   0.008753
1485.081645   0.008733
1485.082326   0.008622
1485.083007   0.009642
1485.083688   0.008380
1485.084370   0.008738
1485.085051   0.009865
1485.085732   0.010551
1485.086413   0.010948
1485.087094   0.009600
1485.087775   0.008403
1485.088456   0.010421
1485.089137   0.009118
1485.089818   0.008340
1485.090499   0.011385
1485.091180   0.008714
1485.091861   0.008975
1485.092543   0.009623
1485.093224   0.009820
1485.093905   0.010205
1485.094586   0.010312
1485.095267   0.010452
1485.095948   0.006628
1485.096629   0.011555
1485.097310   0.010515
1485.097991   0.010060
1485.098672   0.011385
1485.099354   0.011440
1485.100035   0.012651
1485.100716   0.010822
1485.101397   0.009846
1485.102078   0.010977
1485.102759   0.010451
1485.103440   0.012212
1485.104121   0.010038
1485.104802   0.010491
1485.105483   0.009641
1485.106164   0.009807
1485.106845   0.009678
1485.107526   0.012113
1485.108208   0.010734
1485.108889   0.011062
1485.109570   0.008577
1485.110251   0.009997
1485.110932   0.012797
1485.111613   0.008027
1485.112294   0.008705
1485.112975   0.010114
1485.113656   0.009551
1485.114337   0.007632
1485.115018   0.009747
1485.115700   0.010992
1485.116381   0.014542
1485.117062   0.008847
1485.117743   0.010769
1485.118424   0.010959
1485.119105   0.009596
1485.119786   0.011653
1485.120467   0.009392
1485.121148   0.012841
1485.121829   0.011325
1485.122511   0.011360
1485.123192   0.007778
1485.123873   0.013429
1485.124554   0.012449
1485.125235   0.012771
1485.125916   0.010099
1485.126597   0.009793
1485.127278   0.010019
1485.127959   0.011217
1485.128640   0.011526
1485.129321   0.011180
1485.130002   0.009116
1485.130683   0.010719
1485.131365   0.011877
1485.132046   0.013787
1485.132727   0.011052
1485.133408   0.011507
1485.134089   0.010362
1485.134770   0.011634
1485.135451   0.012719
1485.136132   0.009841
1485.136813   0.010775
1485.137494   0.009604
1485.138175   0.008876
1485.138857   0.007776
1485.139538   0.011379
1485.140219   0.009174
1485.140900   0.010299
1485.141581   0.010727
1485.142262   0.011902
1485.142943   0.010994
1485.143624   0.010214
1485.144305   0.009683
1485.144986   0.010128
1485.145667   0.009999
1485.146348   0.009786
1485.147030   0.011079
1485.147711   0.010147
1485.148392   0.011034
1485.149073   0.009897
1485.149754   0.008923
1485.150435   0.010311
1485.151116   0.010777
1485.151797   0.009605
1485.152478   0.009760
1485.153159   0.009558
1485.153841   0.010190
1485.154522   0.011660
1485.155203   0.012799
1485.155884   0.009582
1485.156565   0.011329
1485.157246   0.011336
1485.157927   0.008511
1485.158608   0.011835
1485.159289   0.010335
1485.159970   0.010573
1485.160651   0.009066
1485.161332   0.008423
1485.162014   0.009846
1485.162695   0.007582
1485.163376   0.012442
1485.164057   0.009704
1485.164738   0.010472
1485.165419   0.011123
1485.166100   0.010327
1485.166781   0.010737
1485.167462   0.008954
1485.168143   0.010477
1485.168824   0.009166
1485.169505   0.008825
1485.170187   0.007281
1485.170868   0.007648
1485.171549   0.009228
1485.172230   0.009799
1485.172911   0.010437
1485.173592   0.012074
1485.174273   0.007988
1485.174954   0.007438
1485.175635   0.011852
1485.176316   0.009082
1485.176997   0.007853
1485.177679   0.007362
1485.178360   0.009880
1485.179041   0.012833
1485.179722   0.010734
1485.180403   0.008733
1485.181084   0.007061
1485.181765   0.008455
1485.182446   0.010687
1485.183127   0.008744
1485.183808   0.007284
1485.184489   0.010517
1485.185171   0.007554
1485.185852   0.009529
1485.186533   0.007286
1485.187214   0.008031
1485.187895   0.007446
1485.188576   0.007577
1485.189257   0.009273
1485.189938   0.005826
1485.190619   0.007768
1485.191300   0.005407
1485.191981   0.005804
1485.192662   0.005902
1485.193344   0.007408
1485.194025   0.005455
1485.194706   0.005266
1485.195387   0.004734
1485.196068   0.006379
1485.196749   0.006153
1485.197430   0.005488
1485.198111   0.005425
1485.198792   0.005760
1485.199473   0.003447
1485.200154   0.005246
1485.200836   0.003380
1485.201517   0.003350
1485.202198   0.002206
1485.202879   0.002203
1485.203560   0.000772
1485.204241  -0.000248
1485.204922   0.002461
1485.205603  -0.000289
1485.206284   0.000998
1485.206965  -0.000140
1485.207646  -0.001195
1485.208327   0.001808
1485.209009  -0.001191
1485.209690  -0.000464
1485.210371  -0.002281
1485.211052  -0.003348
1485.211733  -0.002242
1485.212414   0.000223
1485.213095  -0.000734
1485.213776   0.000863
1485.214457   0.001295
1485.215138  -0.001100
1485.215819  -0.001355
1485.216501  -0.000343
1485.217182  -0.000149
1485.217863  -0.000411
1485.218544   0.000872
1485.219225  -0.002236
1485.219906   0.001169
1485.220587   0.000063
1485.221268   0.000030
1485.221949   0.000592
1485.222630   0.000103
1485.223311  -0.001167
1485.223993  -0.001666
1485.224674   0.000487
1485.225355  -0.001909
1485.226036  -0.001468
1485.226717  -0.000736
1485.227398  -0.000277
1485.228079   0.000520
1485.228760  -0.003857
1485.229441  -0.001396
1485.230122  -0.000705
1485.230803  -0.000541
1485.231484  -0.002782
1485.232166  -0.002055
1485.232847   0.000761
1485.233528  -0.002703
1485.234209  -0.001410
1485.234890  -0.000408
1485.235571  -0.000847
1485.236252  -0.000702
1485.236933  -0.000860
1485.237614  -0.002759
1485.238295  -0.001839
1485.238976   0.000580
1485.239658  -0.000104
1485.240339  -0.004536
1485.241020  -0.000613
1485.241701  -0.001223
1485.242382  -0.001560
1485.243063  -0.001792
1485.243744  -0.002205
1485.244425   0.000675
1485.245106  -0.001658
1485.245787   0.000460
1485.246468  -0.002041
1485.247149   0.000814
1485.247831  -0.000591
1485.248512  -0.002527
1485.249193  -0.002052
1485.249874   0.000120
1485.250555   0.000122
1485.251236   0.000181
1485.251917   0.001005
1485.252598  -0.001117
1485.253279  -0.002153
1485.253960  -0.000451
1485.254641  -0.001299
1485.255322  -0.001324
1485.256004   0.001280
1485.256685   0.000110
1485.257366  -0.001599
1485.258047  -0.000233
1485.258728  -0.000323
1485.259409  -0.001980
1485.260090   0.000392
1485.260771   0.001122
1485.261452   0.000228
1485.262133  -0.001598
1485.262814  -0.000146
1485.263496   0.001699
1485.264177  -0.000946
1485.264858  -0.001442
1485.265539  -0.001502
1485.266220  -0.000527
1485.266901  -0.001447
1485.267582  -0.000575
1485.268263   0.000331
1485.268944  -0.000617
1485.269625  -0.001308
1485.270306  -0.000788
1485.270988   0.000204
1485.271669  -0.002214
1485.272350   0.000764
1485.273031  -0.002630
1485.273712  -0.001552
1485.274393   0.001100
1485.275074  -0.000192
1485.275755  -0.000347
1485.276436  -0.001649
1485.277117  -0.000701
1485.277798  -0.001062
1485.278479  -0.001553
1485.279161  -0.000758
1485.279842  -0.000488
1485.280523  -0.001919
1485.281204  -0.001667
1485.281885  -0.002188
1485.282566  -0.003003
1485.283247  -0.002108
1485.283928  -0.001344
1485.284609  -0.000998
1485.285290  -0.000245
1485.285971  -0.000105
1485.286652  -0.000601
1485.287334  -0.002559
1485.288015  -0.002656
1485.288696  -0.001425
1485.289377  -0.001171
1485.290058  -0.000505
1485.290739  -0.002538
1485.291420  -0.003033
1485.292101   0.001422
1485.292782  -0.000314
1485.293463  -0.001686
1485.294144  -0.002166
1485.294826  -0.002895
1485.295507  -0.001942
1485.296188  -0.001072
1485.296869  -0.000790
1485.297550  -0.000076
1485.298231   0.000369
1485.298912  -0.000846
1485.299593  -0.001182
1485.300274  -0.001544
1485.300955  -0.000725
1485.301636  -0.002198
1485.302318   0.000843
1485.302999   0.002223
1485.303680  -0.001911
1485.304361  -0.000675
1485.305042  -0.000459
1485.305723   0.000066
1485.306404   0.002785
1485.307085   0.001173
1485.307766  -0.000061
1485.308447   0.001640
1485.309128   0.000171
1485.309809  -0.001398
1485.310491   0.000838
1485.311172  -0.002529
1485.311853  -0.001497
1485.312534   0.000250
1485.313215  -0.000514
1485.313896  -0.000655
1485.314577  -0.000141
1485.315258   0.000361
1485.315939  -0.000607
1485.316620   0.001824
1485.317301  -0.000681
1485.317983  -0.001034
1485.318664   0.000883
1485.319345   0.000303
1485.320026  -0.001027
1485.320707  -0.000519
1485.321388  -0.000612
1485.322069  -0.001305
1485.322750  -0.004404
1485.323431  -0.001752
1485.324112   0.000082
1485.324794   0.000652
1485.325475  -0.001226
1485.326156  -0.001601
1485.326837  -0.001099
1485.327518  -0.001821
1485.328199  -0.001373
1485.328880  -0.000889
1485.329561  -0.002751
1485.330242  -0.001833
1485.330923   0.000367
1485.331604  -0.000758
1485.332285  -0.001534
1485.332966  -0.001156
1485.333648   0.001801
1485.334329  -0.000998
1485.335010   0.000721
1485.335691  -0.000100
1485.336372  -0.000001
1485.337053  -0.000729
1485.337734  -0.000170
1485.338415   0.000313
1485.339096   0.001154
1485.339777  -0.000649
1485.340458  -0.000228
1485.341140  -0.000755
1485.341821  -0.001926
1485.342502  -0.000762
1485.343183  -0.000102
1485.343864   0.000695
1485.344545  -0.001038
1485.345226   0.000137
1485.345907   0.000181
1485.346588  -0.001034
1485.347269  -0.001200
1485.347951   0.001141
1485.348631  -0.000794
1485.349313  -0.000073
1485.349994  -0.002814
1485.350675   0.000475
1485.351356  -0.001976
1485.352037   0.002545
1485.352718  -0.000054
1485.353399  -0.000403
1485.354080   0.000036
1485.354761  -0.001224
1485.355442   0.000496
1485.356123  -0.000895
1485.356805   0.000646
1485.357486  -0.001373
1485.358167  -0.000764
1485.358848   0.000911
1485.359529   0.000115
1485.360210  -0.000582
1485.360891   0.000278
1485.361572  -0.001321
1485.362253  -0.001143
1485.362934   0.000770
1485.363615  -0.000159
1485.364297  -0.000854
1485.364978   0.000546
1485.365659  -0.003463
1485.366340   0.001353
1485.367021  -0.001329
1485.367702  -0.000100
1485.368383  -0.000881
1485.369064  -0.003006
1485.369745  -0.000127
1485.370426   0.000243
1485.371107  -0.001097
1485.371788   0.000522
1485.372470   0.001075
1485.373151  -0.001319
1485.373832   0.000128
1485.374513  -0.002431
1485.375194   0.001172
1485.375875  -0.002020
1485.376556   0.000968
1485.377237   0.001689
1485.377918  -0.000296
1485.378599  -0.000811
1485.379280  -0.002267
1485.379962  -0.000738
1485.380643  -0.001683
1485.381324   0.001291
1485.382005  -0.000344
1485.382686  -0.001289
1485.383367   0.001327
1485.384048  -0.000914
1485.384729   0.001632
1485.385410  -0.001143
1485.386091  -0.000233
1485.386772  -0.001333
1485.387453   0.000432
1485.388135  -0.003607
1485.388816  -0.000040
1485.389497  -0.001184
1485.390178   0.000985
1485.390859  -0.001173
1485.391540  -0.000018
1485.392221  -0.000110
1485.392902  -0.000421
1485.393583  -0.001909
1485.394264  -0.000632
1485.394945   0.000379
1485.395627  -0.001887
1485.396308   0.001658
1485.396989  -0.001580
1485.397670  -0.000715
1485.398351   0.000302
1485.399032   0.000049
1485.399713  -0.000564
1485.400394  -0.003158
1485.401075   0.000210
1485.401756  -0.002349
1485.402437  -0.001672
1485.403119  -0.001976
1485.403800   0.000744
1485.404481   0.000364
1485.405162  -0.003057
1485.405843   0.000794
1485.406524  -0.000758
1485.407205  -0.004337
1485.407886   0.000943
1485.408567  -0.000865
1485.409248  -0.002345
1485.409929  -0.002632
1485.410610  -0.000637
1485.411292   0.000703
1485.411973   0.001250
1485.412654  -0.001544
1485.413335  -0.001569
1485.414016  -0.003981
1485.414697  -0.002233
1485.415378  -0.000939
1485.416059  -0.001523
1485.416740  -0.000411
1485.417421   0.001180
1485.418102  -0.001974
1485.418784   0.000333
1485.419465   0.000379
1485.420146   0.001146
1485.420827  -0.002024
1485.421508  -0.002549
1485.422189  -0.000278
1485.422870  -0.000400
1485.423551  -0.001044
1485.424232  -0.000231
1485.424913   0.000896
1485.425594  -0.000329
1485.426276   0.000907
1485.426957  -0.001430
1485.427638   0.000885
1485.428319  -0.001819
1485.429000  -0.000830
1485.429681  -0.000264
1485.430362  -0.000156
1485.431043  -0.000638
1485.431724  -0.001782
1485.432405  -0.000027
1485.433086   0.000830
1485.433767  -0.000638
1485.434448   0.001135
1485.435130   0.000859
1485.435811  -0.001702
1485.436492   0.000812
1485.437173  -0.000862
1485.437854   0.000489
1485.438535  -0.000827
1485.439216   0.000542
1485.439897  -0.000626
1485.440578  -0.000435
1485.441259  -0.000209
1485.441941  -0.000651
1485.442622  -0.003089
1485.443303   0.002273
1485.443984  -0.000816
1485.444665  -0.000937
1485.445346  -0.001773
1485.446027   0.001434
1485.446708  -0.000640
1485.447389  -0.002782
1485.448070   0.001752
1485.448751  -0.000174
1485.449432  -0.002371
1485.450114  -0.000945
1485.450795  -0.000654
1485.451476  -0.000900
1485.452157   0.000628
1485.452838   0.000483
1485.453519  -0.001024
1485.454200  -0.001218
1485.454881   0.000461
1485.455562  -0.000734
1485.456243  -0.000396
1485.456924  -0.001533
1485.457605  -0.000248
1485.458287  -0.001559
1485.458968  -0.001691
1485.459649  -0.000674
1485.460330  -0.000150
1485.461011  -0.000598
1485.461692  -0.001046
1485.462373  -0.000172
1485.463054  -0.000710
1485.463735  -0.000174
1485.464416  -0.001857
1485.465098  -0.002922
1485.465779  -0.000872
1485.466460  -0.000339
1485.467141  -0.003737
1485.467822  -0.003009
1485.468503   0.000393
1485.469184   0.002247
1485.469865   0.000020
1485.470546   0.001870
1485.471227   0.000055
1485.471908   0.000090
1485.472589  -0.000229
1485.473271  -0.000610
1485.473952  -0.000699
1485.474633   0.001429
1485.475314  -0.001521
1485.475995  -0.001002
1485.476676  -0.000740
1485.477357  -0.002260
1485.478038  -0.000902
1485.478719  -0.000249
1485.479400  -0.002004
1485.480081   0.000436
1485.480762  -0.001853
1485.481444  -0.001150
1485.482125  -0.000144
1485.482806  -0.001421
1485.483487   0.000249
1485.484168  -0.000810
1485.484849  -0.000548
1485.485530  -0.001185
1485.486211  -0.001132
1485.486892  -0.000221
1485.487573  -0.000211
1485.488254  -0.000822
1485.488935  -0.001601
1485.489617  -0.000901
1485.490298  -0.000963
1485.490979  -0.000291
1485.491660   0.000918
1485.492341   0.000108
1485.493022   0.001359
1485.493703  -0.000363
1485.494384   0.000444
1485.495065  -0.003694
1485.495746  -0.000264
1485.496428  -0.000999
1485.497109  -0.002704
1485.497790  -0.001527
1485.498471   0.000112
1485.499152  -0.001497
1485.499833  -0.000817
1485.500514   0.000377
1485.501195  -0.000631
1485.501876  -0.002042
1485.502557  -0.000709
1485.503238  -0.000797
1485.503919  -0.000751
1485.504601  -0.000536
1485.505282   0.001092
1485.505963  -0.001333
1485.506644  -0.000169
1485.507325   0.000882
1485.508006   0.000979
1485.508687  -0.002643
1485.509368   0.001032
1485.510049   0.000250
1485.510730  -0.000635
1485.511411  -0.001585
1485.512092  -0.000011
1485.512774   0.001061
1485.513455   0.000244
1485.514136   0.000556
1485.514817  -0.000273
1485.515498  -0.001239
1485.516179  -0.000675
1485.516860   0.001290
1485.517541  -0.000236
1485.518222  -0.000924
1485.518903   0.000091
1485.519585  -0.002382
1485.520266  -0.000570
1485.520947  -0.000811
1485.521628   0.000643
1485.522309  -0.000441
1485.522990   0.000609
1485.523671  -0.000896
1485.524352  -0.000274
1485.525033  -0.000886
1485.525714   0.003150
1485.526395   0.000761
1485.527076  -0.001563
1485.527758  -0.000466
1485.528439  -0.001543
1485.529120   0.000508
1485.529801   0.000668
1485.530482  -0.000378
1485.531163  -0.000228
1485.531844   0.000772
1485.532525  -0.002530
1485.533206  -0.001621
1485.533887  -0.000202
1485.534568  -0.002490
1485.535249   0.001164
1485.535931  -0.000158
1485.536612  -0.001180
1485.537293  -0.001784
1485.537974  -0.000121
1485.538655  -0.001977
1485.539336  -0.002204
1485.540017  -0.001374
1485.540698  -0.000467
1485.541379  -0.003189
1485.542060  -0.001314
1485.542741   0.000037
1485.543423  -0.001901
1485.544104  -0.000598
1485.544785  -0.000623
1485.545466  -0.000187
1485.546147   0.002288
1485.546828   0.002189
1485.547509   0.002603
1485.548190  -0.000910
1485.548871  -0.002743
1485.549552  -0.001494
1485.550233  -0.000178
1485.550915  -0.000971
1485.551596   0.000487
1485.552277  -0.001705
1485.552958  -0.003200
1485.553639  -0.000899
1485.554320  -0.000596
1485.555001   0.000541
1485.555682   0.000942
1485.556363  -0.000859
1485.557044  -0.000604
1485.557725   0.000766
1485.558406  -0.001192
1485.559088  -0.001886
1485.559769   0.001192
1485.560450   0.002504
1485.561131   0.000309
1485.561812  -0.000723
1485.562493  -0.001427
1485.563174  -0.000078
1485.563855  -0.000187
1485.564536   0.001908
1485.565217   0.000677
1485.565898   0.000830
1485.566580  -0.000329
1485.567261  -0.002876
1485.567942   0.000057
1485.568623  -0.000044
1485.569304   0.000999
1485.569985  -0.001239
1485.570666   0.000882
1485.571347  -0.000594
1485.572028  -0.001524
1485.572709  -0.000580
1485.573390   0.000142
1485.574071   0.000386
1485.574753  -0.000253
1485.575434   0.000629
1485.576115  -0.000847
1485.576796  -0.002226
1485.577477  -0.000633
1485.578158  -0.001304
1485.578839  -0.000727
1485.579520  -0.002491
1485.580201  -0.002099
1485.580882  -0.001276
1485.581563  -0.004920
1485.582245  -0.002280
1485.582926  -0.003147
1485.583607  -0.001977
1485.584288  -0.000754
1485.584969  -0.000546
1485.585650  -0.002068
1485.586331  -0.000921
1485.587012  -0.000435
1485.587693   0.000397
1485.588374  -0.000765
1485.589055   0.000185
1485.589736  -0.000656
1485.590418  -0.000854
1485.591099  -0.001373
1485.591780  -0.000131
1485.592461   0.002178
1485.593142   0.000930
1485.593823  -0.001172
1485.594504  -0.000009
1485.595185   0.000388
1485.595866   0.000392
1485.596547  -0.000317
1485.597228  -0.002469
1485.597910  -0.000246
1485.598591  -0.002052
1485.599272  -0.000955
1485.599953  -0.001061
1485.600634  -0.001277
1485.601315   0.000964
1485.601996  -0.001376
1485.602677  -0.000770
1485.603358  -0.000713
1485.604039  -0.001746
1485.604720  -0.001802
1485.605402   0.003360
1485.606083   0.000544
1485.606764   0.000430
1485.607445   0.001642
1485.608126   0.000314
1485.608807  -0.000667
1485.609488  -0.001051
1485.610169  -0.000313
1485.610850   0.000080
1485.611531   0.001961
1485.612212   0.001115
1485.612893  -0.001803
1485.613575   0.002315
1485.614256   0.000441
1485.614937   0.002123
1485.615618  -0.000087
1485.616299  -0.000526
1485.616980  -0.000791
1485.617661  -0.001397
1485.618342   0.000520
1485.619023  -0.001554
1485.619704   0.000966
1485.620385  -0.002222
1485.621067  -0.002273
1485.621748  -0.003515
1485.622429  -0.002416
1485.623110  -0.001584
1485.623791  -0.001142
1485.624472  -0.003440
1485.625153  -0.001641
1485.625834   0.000510
1485.626515  -0.001789
1485.627196  -0.000967
1485.627877  -0.003196
1485.628558   0.000048
1485.629240  -0.002199
1485.629921   0.000554
1485.630602  -0.000262
1485.631283  -0.000103
1485.631964   0.000780
1485.632645   0.000354
1485.633326   0.000062
1485.634007  -0.001640
1485.634688  -0.002030
1485.635369  -0.000879
1485.636050  -0.001228
1485.636731  -0.001532
1485.637413  -0.000725
1485.638094  -0.001297
1485.638775  -0.000122
1485.639456  -0.000619
1485.640137  -0.001072
1485.640818  -0.001179
1485.641499   0.000388
1485.642180  -0.001047
1485.642861  -0.001062
1485.643542  -0.000703
1485.644224   0.001413
1485.644905  -0.001611
1485.645586  -0.000788
1485.646267  -0.000682
1485.646948  -0.001021
1485.647629   0.000547
1485.648310  -0.000598
1485.648991  -0.000974
1485.649672  -0.000003
1485.650353  -0.000498
1485.651034   0.000179
1485.651715  -0.002302
1485.652396  -0.003459
1485.653078   0.001492
1485.653759   0.001519
1485.654440  -0.001284
1485.655121  -0.001538
1485.655802   0.001316
1485.656483  -0.001304
1485.657164   0.000038
1485.657845   0.000992
1485.658526  -0.002353
1485.659207  -0.000959
1485.659888  -0.001549
1485.660570   0.000699
1485.661251  -0.000616
1485.661932  -0.002742
1485.662613  -0.003229
1485.663294   0.000355
1485.663975  -0.002399
1485.664656   0.000210
1485.665337  -0.000745
1485.666018  -0.001359
1485.666699  -0.000660
1485.667381  -0.002564
1485.668061  -0.000452
1485.668743  -0.001168
1485.669424  -0.000514
1485.670105   0.000642
1485.670786  -0.000543
1485.671467  -0.001811
1485.672148  -0.000098
1485.672829  -0.000150
1485.673510  -0.001178
1485.674191   0.000124
1485.674872  -0.000667
1485.675554   0.000429
1485.676235   0.001724
1485.676916  -0.001222
1485.677597  -0.001273
1485.678278   0.000121
1485.678959   0.000553
1485.679640  -0.002212
1485.680321  -0.002167
1485.681002  -0.000272
1485.681683  -0.000266
1485.682364  -0.002330
1485.683045  -0.000389
1485.683727  -0.002005
1485.684408   0.001576
1485.685089  -0.002075
1485.685770  -0.002554
1485.686451  -0.003191
1485.687132   0.002790
1485.687813   0.000592
1485.688494  -0.002264
1485.689175   0.000494
1485.689856  -0.000409
1485.690537  -0.000636
1485.691218   0.002147
1485.691900  -0.000751
1485.692581  -0.002413
1485.693262  -0.002592
1485.693943  -0.000792
1485.694624  -0.001102
1485.695305  -0.001090
1485.695986  -0.000370
1485.696667  -0.000877
1485.697348  -0.000893
1485.698029  -0.000390
1485.698711   0.000751
1485.699392  -0.001464
1485.700073  -0.001651
1485.700754  -0.001348
1485.701435  -0.001486
1485.702116  -0.000959
1485.702797   0.000255
1485.703478  -0.001508
1485.704159  -0.000156
1485.704840  -0.001753
1485.705521  -0.001213
1485.706202   0.000056
1485.706884  -0.001630
1485.707565  -0.001358
1485.708246  -0.000981
1485.708927   0.000574
1485.709608  -0.000628
1485.710289  -0.000782
1485.710970  -0.000943
1485.711651  -0.001860
1485.712332  -0.000392
1485.713013  -0.001780
1485.713694  -0.001713
1485.714375  -0.001377
1485.715057  -0.002174
1485.715738  -0.000949
1485.716419   0.000302
1485.717100  -0.000138
1485.717781  -0.002298
1485.718462  -0.000953
1485.719143  -0.002488
1485.719824   0.000812
1485.720505  -0.000325
1485.721186   0.000146
1485.721868  -0.001324
1485.722549  -0.001486
1485.723230  -0.002669
1485.723911  -0.000184
1485.724592  -0.001293
1485.725273   0.000263
1485.725954   0.001313
1485.726635  -0.000787
1485.727316   0.000615
1485.727997  -0.002793
1485.728678  -0.000071
1485.729359  -0.000926
1485.730041  -0.001231
1485.730722  -0.000166
1485.731403   0.001271
1485.732084  -0.001925
1485.732765  -0.000928
1485.733446  -0.001431
1485.734127  -0.000692
1485.734808   0.000975
1485.735489   0.001575
1485.736170  -0.000276
1485.736851   0.000585
1485.737532  -0.000606
1485.738214  -0.000688
1485.738895   0.000489
1485.739576   0.001815
1485.740257   0.001122
1485.740938  -0.001610
1485.741619  -0.000248
1485.742300  -0.000873
1485.742981  -0.000607
1485.743662  -0.001338
1485.744343  -0.001817
1485.745024   0.000065
1485.745706  -0.000786
1485.746387  -0.001637
1485.747068  -0.001336
1485.747749  -0.002376
1485.748430  -0.001633
1485.749111   0.001712
1485.749792   0.000571
1485.750473  -0.000822
1485.751154  -0.001785
1485.751835   0.000727
1485.752516  -0.001680
1485.753198   0.000048
1485.753879  -0.001290
1485.754560  -0.000215
1485.755241  -0.000581
1485.755922   0.000231
1485.756603   0.000169
1485.757284   0.000607
1485.757965  -0.001635
1485.758646  -0.001799
1485.759327  -0.000588
1485.760008   0.000114
1485.760689  -0.000281
1485.761371  -0.000437
1485.762052  -0.001343
1485.762733  -0.001812
1485.763414  -0.002506
1485.764095  -0.000501
1485.764776  -0.003315
1485.765457  -0.002490
1485.766138  -0.000739
1485.766819  -0.000369
1485.767500  -0.002278
1485.768181  -0.002375
1485.768862  -0.003286
1485.769544  -0.002254
1485.770225   0.000900
1485.770906  -0.000813
1485.771587   0.000334
1485.772268  -0.000028
1485.772949  -0.002650
1485.773630   0.000738
1485.774311  -0.001605
1485.774992   0.001570
1485.775673  -0.001395
1485.776354  -0.002029
1485.777036  -0.000366
1485.777717   0.000086
1485.778398   0.000315
1485.779079   0.000090
1485.779760   0.001897
1485.780441   0.000451
1485.781122   0.000243
1485.781803  -0.000059
1485.782484   0.000340
1485.783165  -0.002074
1485.783846  -0.001633
1485.784528   0.001118
1485.785209  -0.001059
1485.785890  -0.002246
1485.786571   0.000972
1485.787252  -0.002505
1485.787933  -0.001118
1485.788614   0.001329
1485.789295  -0.002110
1485.789976  -0.002474
1485.790657  -0.001667
1485.791338  -0.000780
1485.792019   0.000013
1485.792701  -0.000354
1485.793382  -0.003673
1485.794063  -0.001497
1485.794744   0.001731
1485.795425   0.000454
1485.796106   0.001456
1485.796787  -0.001751
1485.797468   0.000004
1485.798149  -0.000855
1485.798830   0.000249
1485.799511  -0.000925
1485.800193  -0.001713
1485.800874  -0.001669
1485.801555  -0.000611
1485.802236   0.000028
1485.802917   0.000603
1485.803598   0.000080
1485.804279  -0.001195
1485.804960   0.001598
1485.805641  -0.000940
1485.806322   0.000318
1485.807003  -0.001714
1485.807685   0.000548
1485.808366  -0.000461
1485.809047   0.000376
1485.809728   0.000845
1485.810409  -0.000867
1485.811090  -0.001081
1485.811771   0.000859
1485.812452  -0.000638
1485.813133   0.001654
1485.813814   0.000676
1485.814495  -0.000142
1485.815176  -0.000963
1485.815857  -0.001521
1485.816539  -0.000802
1485.817220   0.001023
1485.817901   0.001383
1485.818582  -0.000232
1485.819263   0.001404
1485.819944  -0.000631
1485.820625   0.000452
1485.821306  -0.001799
1485.821987  -0.000493
1485.822668   0.000643
1485.823350  -0.001290
1485.824031  -0.000299
1485.824712   0.000323
1485.825393   0.000449
1485.826074  -0.001159
1485.826755   0.001127
1485.827436  -0.000526
1485.828117  -0.001760
1485.828798  -0.001399
1485.829479  -0.000662
1485.830160  -0.002491
1485.830841  -0.000072
1485.831523  -0.001574
1485.832204  -0.002848
1485.832885  -0.002416
1485.833566  -0.000868
1485.834247  -0.001863
1485.834928  -0.002147
1485.835609  -0.000469
1485.836290  -0.000297
1485.836971  -0.000852
1485.837652  -0.001274
1485.838333  -0.001417
1485.839014  -0.000903
1485.839696  -0.000444
1485.840377  -0.001490
1485.841058  -0.001190
1485.841739   0.001138
1485.842420   0.000340
1485.843101  -0.000385
1485.843782  -0.000228
1485.844463   0.001845
1485.845144   0.001379
1485.845825  -0.000377
1485.846507  -0.000439
1485.847187   0.001017
1485.847869  -0.001428
1485.848550  -0.001562
1485.849231  -0.001123
1485.849912  -0.002515
1485.850593   0.000140
1485.851274   0.000217
1485.851955   0.001194
1485.852636  -0.000127
1485.853317  -0.000410
1485.853998   0.001704
1485.854679   0.000974
1485.855361  -0.000914
1485.856042   0.000397
1485.856723   0.000218
1485.857404   0.000703
1485.858085   0.000090
1485.858766  -0.002307
1485.859447  -0.003695
1485.860128   0.000187
1485.860809  -0.002145
1485.861490   0.000244
1485.862171  -0.001364
1485.862853  -0.002160
1485.863534   0.000919
1485.864215  -0.001834
1485.864896  -0.000378
1485.865577  -0.002772
1485.866258   0.001200
1485.866939   0.000899
1485.867620  -0.002119
1485.868301  -0.000778
1485.868982  -0.000247
1485.869663  -0.000797
1485.870344  -0.000512
1485.871026  -0.002250
1485.871707  -0.002980
1485.872388   0.000555
1485.873069  -0.001495
1485.873750  -0.001889
1485.874431  -0.003089
1485.875112  -0.003270
1485.875793  -0.001869
1485.876474  -0.001147
1485.877155  -0.002065
1485.877836  -0.000909
1485.878518  -0.002691
1485.879199  -0.000129
1485.879880  -0.001963
1485.880561  -0.000791
1485.881242   0.000720
1485.881923   0.000166
1485.882604  -0.000998
1485.883285   0.001764
1485.883966  -0.001347
1485.884647   0.001552
1485.885328   0.001550
1485.886010  -0.002013
1485.886691  -0.001298
1485.887372  -0.000233
1485.888053   0.000580
1485.888734  -0.000458
1485.889415  -0.001731
1485.890096  -0.001300
1485.890777   0.000930
1485.891458  -0.001107
1485.892139   0.001849
1485.892820   0.000127
1485.893501  -0.001268
1485.894183  -0.001983
1485.894864  -0.001004
1485.895545   0.001305
1485.896226  -0.000661
1485.896907   0.001181
1485.897588  -0.000524
1485.898269   0.001012
1485.898950  -0.000128
1485.899631   0.000111
1485.900312  -0.001426
1485.900993  -0.001901
1485.901675   0.000002
1485.902356  -0.001561
1485.903037  -0.001265
1485.903718  -0.002518
1485.904399   0.001681
1485.905080  -0.000805
1485.905761  -0.002586
1485.906442  -0.000711
1485.907123  -0.001460
1485.907804   0.000563
1485.908485  -0.001349
1485.909166  -0.001280
1485.909847  -0.003038
1485.910529   0.000708
1485.911210  -0.000465
1485.911891  -0.000968
1485.912572   0.002121
1485.913253  -0.001243
1485.913934  -0.003392
1485.914615  -0.001472
1485.915296  -0.001339
1485.915977  -0.002077
1485.916658  -0.001182
1485.917340  -0.002486
1485.918021  -0.000468
1485.918702  -0.000955
1485.919383   0.000833
1485.920064  -0.001413
1485.920745  -0.002212
1485.921426  -0.000223
1485.922107  -0.001451
1485.922788  -0.003069
1485.923469  -0.000903
1485.924150  -0.000296
1485.924832  -0.000122
1485.925513  -0.001526
1485.926194   0.000632
1485.926875   0.002576
1485.927556  -0.001197
1485.928237  -0.001453
1485.928918   0.001368
1485.929599   0.000824
1485.930280  -0.000228
1485.930961  -0.001415
1485.931642  -0.000297
1485.932323  -0.003372
1485.933005   0.000753
1485.933686   0.000190
1485.934367  -0.000889
1485.935048  -0.000474
1485.935729  -0.001865
1485.936410   0.001461
1485.937091  -0.000433
1485.937772   0.001062
1485.938453   0.001433
1485.939134   0.000769
1485.939815  -0.001217
1485.940497  -0.000455
1485.941178   0.000855
1485.941859  -0.000698
1485.942540   0.000872
1485.943221  -0.001330
1485.943902  -0.000062
1485.944583   0.001394
1485.945264  -0.002319
1485.945945  -0.001033
1485.946626   0.001847
1485.947307  -0.001536
1485.947989  -0.002262
1485.948670  -0.001483
1485.949351   0.000259
1485.950032  -0.003583
1485.950713   0.002975
1485.951394  -0.000135
1485.952075  -0.000072
1485.952756  -0.000258
1485.953437   0.001241
1485.954118   0.000347
1485.954799   0.001312
1485.955480   0.000488
1485.956162  -0.000095
1485.956843  -0.000474
1485.957524   0.001844
1485.958205  -0.002394
1485.958886  -0.001494
1485.959567  -0.000861
1485.960248  -0.001999
1485.960929   0.000027
1485.961610  -0.000307
1485.962291  -0.002393
1485.962972   0.000390
1485.963653   0.000635
1485.964335  -0.001115
1485.965016  -0.000948
1485.965697   0.001468
1485.966378  -0.000957
1485.967059  -0.001224
1485.967740  -0.000158
1485.968421  -0.002347
1485.969102  -0.004615
1485.969783  -0.001340
1485.970464  -0.000431
1485.971145  -0.001030
1485.971827   0.000392
1485.972508  -0.000732
1485.973189   0.000375
1485.973870  -0.000052
1485.974551  -0.000269
1485.975232  -0.000314
1485.975913  -0.001108
1485.976594  -0.001345
1485.977275  -0.000710
1485.977956  -0.002037
1485.978637   0.000275
1485.979319  -0.000718
1485.980000  -0.001382
1485.980681  -0.002360
1485.981362  -0.001225
1485.982043  -0.001376
1485.982724   0.000991
1485.983405  -0.001192
1485.984086   0.000582
1485.984767   0.000007
1485.985448  -0.001409
1485.986129   0.001584
1485.986810  -0.001903
1485.987492  -0.003635
1485.988173  -0.001546
1485.988854  -0.001903
1485.989535   0.001132
1485.990216   0.003101
1485.990897   0.000044
1485.991578  -0.000512
1485.992259  -0.000357
1485.992940  -0.001550
1485.993621   0.001101
1485.994302  -0.000760
1485.994983  -0.000053
1485.995665  -0.002282
1485.996346  -0.001790
1485.997027  -0.001722
1485.997708  -0.001671
1485.998389   0.000856
1485.999070   0.000924
1485.999751  -0.000483
1486.000432  -0.000422
1486.001113   0.001539
1486.001794  -0.000431
1486.002476  -0.000975
1486.003157   0.000338
1486.003838   0.000132
1486.004519  -0.000999
1486.005200  -0.002746
1486.005881  -0.001405
1486.006562  -0.002593
1486.007243  -0.002005
1486.007924   0.001018
1486.008605  -0.002149
1486.009286  -0.001911
1486.009967  -0.000045
1486.010649   0.000072
1486.011330  -0.000576
1486.012011   0.000859
1486.012692   0.000496
1486.013373  -0.002340
1486.014054   0.000767
1486.014735  -0.000302
1486.015416  -0.001829
1486.016097  -0.000564
1486.016778  -0.001520
1486.017459   0.000457
1486.018140   0.000025
1486.018822   0.000552
1486.019503  -0.003811
1486.020184  -0.000981
1486.020865  -0.003210
1486.021546  -0.000437
1486.022227  -0.000596
1486.022908   0.000243
1486.023589  -0.001972
1486.024270  -0.001872
1486.024951   0.000010
1486.025633  -0.000922
1486.026314   0.001444
1486.026995  -0.002961
1486.027676  -0.001277
1486.028357  -0.000454
1486.029038  -0.002999
1486.029719  -0.000915
1486.030400  -0.002551
1486.031081  -0.001473
1486.031762  -0.000637
1486.032443   0.000417
1486.033124  -0.000939
1486.033805  -0.001908
1486.034487  -0.000853
1486.035168  -0.001164
1486.035849  -0.001336
1486.036530  -0.001383
1486.037211  -0.001404
1486.037892  -0.001118
1486.038573  -0.001947
1486.039254   0.002039
1486.039935   0.001524
1486.040616  -0.000862
1486.041297  -0.001113
1486.041979   0.000478
1486.042660  -0.000252
1486.043341  -0.000079
1486.044022  -0.001752
1486.044703  -0.001940
1486.045384  -0.000990
1486.046065  -0.000136
1486.046746  -0.001762
1486.047427   0.000982
1486.048108  -0.001685
1486.048789  -0.001252
1486.049470   0.000697
1486.050152  -0.001137
1486.050833  -0.002658
1486.051514  -0.001438
1486.052195  -0.000626
1486.052876  -0.001146
1486.053557  -0.000778
1486.054238  -0.001169
1486.054919   0.000245
1486.055600  -0.000441
1486.056281  -0.001184
1486.056962  -0.001889
1486.057644  -0.003051
1486.058325   0.001112
1486.059006   0.000105
1486.059687   0.000791
1486.060368  -0.000423
1486.061049  -0.003244
1486.061730   0.000730
1486.062411  -0.001893
1486.063092  -0.001672
1486.063773  -0.001418
1486.064454   0.000019
1486.065136   0.001293
1486.065817  -0.001149
1486.066498  -0.001383
1486.067179  -0.003106
1486.067860  -0.002453
1486.068541  -0.001575
1486.069222  -0.000565
1486.069903  -0.000018
1486.070584  -0.002454
1486.071265   0.000513
1486.071946  -0.001584
1486.072627  -0.000217
1486.073309  -0.000849
1486.073990  -0.000754
1486.074671   0.000086
1486.075352   0.000229
1486.076033  -0.000285
1486.076714   0.000094
1486.077395   0.001194
1486.078076   0.000229
1486.078757   0.001897
1486.079438   0.002236
1486.080119  -0.001881
1486.080801  -0.000504
1486.081482  -0.000541
1486.082163   0.000528
1486.082844  -0.001822
1486.083525  -0.001165
1486.084206   0.000123
1486.084887  -0.001510
1486.085568   0.000171
1486.086249  -0.000632
1486.086930  -0.001454
1486.087611  -0.001045
1486.088293  -0.000065
1486.088973  -0.001932
1486.089655  -0.000984
1486.090336  -0.000585
1486.091017  -0.002533
1486.091698  -0.003103
1486.092379   0.000127
1486.093060  -0.001432
1486.093741  -0.000257
1486.094422  -0.000960
1486.095103  -0.001706
1486.095784  -0.001479
1486.096466  -0.001755
1486.097147  -0.002603
1486.097828  -0.000744
1486.098509   0.000172
1486.099190  -0.000946
1486.099871  -0.001321
1486.100552  -0.000393
1486.101233  -0.001803
1486.101914  -0.000014
1486.102595  -0.000828
1486.103276  -0.002669
1486.103958  -0.000802
1486.104639  -0.003725
1486.105320   0.000541
1486.106001  -0.001152
1486.106682   0.002324
1486.107363  -0.000930
1486.108044  -0.000423
1486.108725   0.000459
1486.109406   0.002058
1486.110087  -0.001079
1486.110768  -0.001586
1486.111449  -0.000107
1486.112130  -0.001127
1486.112812  -0.000287
1486.113493  -0.002742
1486.114174   0.000305
1486.114855  -0.002046
1486.115536  -0.001231
1486.116217  -0.000280
1486.126433  -0.001243
1486.127115   0.000345
1486.127796   0.000549
1486.128477   0.000671
1486.129158  -0.000075
1486.129839  -0.002040
1486.130520  -0.001891
1486.131201  -0.002142
1486.131882  -0.001998
1486.132563  -0.001023
1486.133244  -0.000763
1486.133925  -0.002159
1486.134606  -0.000962
1486.135287  -0.001426
1486.135969  -0.001871
1486.136650  -0.000972
1486.137331  -0.000395
1486.138012   0.000612
1486.138693  -0.000857
1486.139374  -0.000746
1486.140055  -0.001211
1486.140736  -0.001813
1486.141417   0.000736
1486.142098   0.000309
1486.142779  -0.000480
1486.143461   0.000722
1486.144142  -0.001512
1486.144823   0.000786
1486.145504   0.000997
1486.146185  -0.000179
1486.146866  -0.002054
1486.147547   0.000246
1486.148228  -0.000287
1486.148909  -0.001329
1486.149590  -0.000688
1486.150271  -0.000522
1486.150952  -0.002292
1486.151634   0.000386
1486.152315  -0.001401
1486.152996  -0.000500
1486.153677   0.000535
1486.154358  -0.000639
1486.155039  -0.002432
1486.155720  -0.002718
1486.156401  -0.000200
1486.157082  -0.002372
1486.157763   0.001575
1486.158445  -0.001560
1486.159126   0.000732
1486.159807  -0.000761
1486.160488  -0.000141
1486.161169  -0.000065
1486.161850  -0.000488
1486.162531   0.001586
1486.163212  -0.001437
1486.163893  -0.000870
1486.164574  -0.001349
1486.165255  -0.001087
1486.165936  -0.000303
1486.166618  -0.000338
1486.167299  -0.000418
1486.167980  -0.000480
1486.168661  -0.002025
1486.169342  -0.001509
1486.170023  -0.002168
1486.170704  -0.001307
1486.171385  -0.002752
1486.172066  -0.000626
1486.172747  -0.002270
1486.173428  -0.002083
1486.174109  -0.001242
1486.174791  -0.002690
1486.175472  -0.003347
1486.176153  -0.000444
1486.176834   0.000652
1486.177515  -0.000922
1486.178196  -0.000102
1486.178877  -0.001528
1486.179558  -0.001157
1486.180239   0.000770
1486.180920  -0.000232
1486.181602  -0.003657
1486.182283  -0.001349
1486.182964  -0.000902
1486.183645   0.000548
1486.184326  -0.001283
1486.185007  -0.000270
1486.185688  -0.000004
1486.186369  -0.002346
1486.187050   0.000340
1486.187731  -0.000656
1486.188412   0.000310
1486.189093  -0.000625
1486.189774  -0.000914
1486.190456  -0.001790
1486.191137   0.001505
1486.191818  -0.000840
1486.192499  -0.002149
1486.193180   0.000343
1486.193861  -0.000612
1486.194542   0.000967
1486.195223  -0.000547
1486.195904  -0.002304
1486.196585  -0.000638
1486.197266   0.000115
1486.197948  -0.001130
1486.198629   0.000341
1486.199310  -0.002140
1486.199991  -0.001182
1486.200672  -0.001401
1486.201353   0.001279
1486.202034  -0.000375
1486.202715  -0.000483
1486.203396   0.001934
1486.204077  -0.001732
1486.204759   0.000305
1486.205440  -0.001211
1486.206121  -0.000678
1486.206802   0.001573
1486.207483   0.000239
1486.208164  -0.002554
1486.208845  -0.002992
