1311.282931  -0.000513
1311.283612  -0.000366
1311.284293  -0.000750
1311.284974  -0.000586
1311.285656  -0.000387
1311.286337  -0.001318
1311.287018  -0.002134
1311.287699   0.000039
1311.288380   0.000071
1311.289061  -0.000882
1311.289743   0.000157
1311.290424  -0.000959
1311.291105   0.000167
1311.291786   0.000024
1311.292467   0.002021
1311.293148  -0.002959
1311.293830  -0.000279
1311.294511  -0.000422
1311.295192  -0.000112
1311.295873  -0.000974
1311.296554   0.001706
1311.297235  -0.000850
1311.297916   0.000162
1311.298598  -0.000465
1311.299279  -0.001527
1311.299960   0.000217
1311.300641  -0.001631
1311.301322  -0.000847
1311.302003  -0.001402
1311.302685  -0.001169
1311.303366  -0.001917
1311.304047  -0.000817
1311.304728   0.000452
1311.305409  -0.001009
1311.306090   0.000087
1311.306771  -0.002372
1311.307453   0.001673
1311.308134  -0.000821
1311.308815  -0.001168
1311.309496   0.000782
1311.310177  -0.001142
1311.310858  -0.000404
1311.311539  -0.000602
1311.312221  -0.001885
1311.312902   0.000426
1311.313583   0.000009
1311.314264  -0.000984
1311.314945  -0.000392
1311.315626   0.001530
1311.316308  -0.002270
1311.316989  -0.000250
1311.317670   0.000209
1311.318351  -0.003240
1311.319032   0.000865
1311.319713  -0.000410
1311.320395  -0.000239
1311.321076  -0.002154
1311.321757  -0.001308
1311.322438  -0.001253
1311.323119  -0.001212
1311.323800  -0.000323
1311.324481   0.000111
1311.325163   0.000973
1311.325844   0.000518
1311.326525  -0.000530
1311.327206  -0.001403
1311.327887  -0.002299
1311.328568  -0.000502
1311.329249   0.000543
1311.329931  -0.000459
1311.330612  -0.002771
1311.331293  -0.000927
1311.331974   0.000527
1311.332655  -0.000571
1311.333336  -0.001396
1311.334018   0.000769
1311.334699  -0.000193
1311.335380  -0.000378
1311.336061  -0.001304
1311.336742  -0.000087
1311.337423   0.000591
1311.338105  -0.002466
1311.338786  -0.001041
1311.339467  -0.000670
1311.340148  -0.002563
1311.340829  -0.001202
1311.341510   0.000724
1311.342192  -0.000895
1311.342873  -0.002208
1311.343554  -0.001111
1311.344235  -0.000753
1311.344916  -0.000540
1311.345597  -0.003261
1311.346278  -0.001734
1311.346960  -0.000082
1311.347641  -0.001463
1311.348322  -0.002183
1311.349003   0.000977
1311.349684   0.000717
1311.350365  -0.002312
1311.351046  -0.001072
1311.351728  -0.001035
1311.352409  -0.001540
1311.353090  -0.000960
1311.353771   0.001007
1311.354452  -0.000485
1311.355133   0.000885
1311.355814  -0.000421
1311.356496   0.000787
1311.357177   0.000641
1311.357858  -0.002935
1311.358539   0.000415
1311.359220  -0.000115
1311.359901  -0.002143
1311.360583  -0.000692
1311.361264  -0.000927
1311.361945  -0.001726
1311.362626   0.000438
1311.363307  -0.001705
1311.363988  -0.000309
1311.364670  -0.002156
1311.365351   0.001269
1311.366032  -0.000590
1311.366713  -0.000703
1311.367394  -0.000934
1311.368075   0.001364
1311.368756  -0.001268
1311.369438   0.001239
1311.370119  -0.001324
1311.370800  -0.002791
1311.371481  -0.001784
1311.372162  -0.002351
1311.372843  -0.001987
1311.373524  -0.001450
1311.374206  -0.001336
1311.374887   0.000244
1311.375568  -0.001156
1311.376249  -0.001224
1311.376930  -0.001408
1311.377611  -0.001211
1311.378293  -0.003878
1311.378974  -0.001215
1311.379655  -0.000396
1311.380336  -0.001192
1311.381017  -0.001818
1311.381698  -0.002530
1311.382380  -0.001135
1311.383061  -0.000493
1311.383742  -0.000596
1311.384423  -0.001814
1311.385104   0.000209
1311.385785  -0.001451
1311.386466   0.000648
1311.387148  -0.001710
1311.387829  -0.002392
1311.388510  -0.001994
1311.389191  -0.001314
1311.389872   0.000080
1311.390553   0.000594
1311.391234   0.000918
1311.391916   0.001142
1311.392597   0.001195
1311.393278  -0.001694
1311.393959  -0.001024
1311.394640  -0.000124
1311.395321  -0.000754
1311.396003  -0.002655
1311.396684  -0.001330
1311.397365  -0.000467
1311.398046   0.000164
1311.398727   0.000538
1311.399408   0.000048
1311.400089  -0.001789
1311.400771  -0.001823
1311.401452   0.001361
1311.402133  -0.001471
1311.402814  -0.002706
1311.403495  -0.001069
1311.404176   0.000696
1311.404858  -0.001966
1311.405539  -0.000342
1311.406220  -0.000754
1311.406901  -0.000024
1311.407582  -0.003541
1311.408263  -0.000333
1311.408945  -0.000191
1311.409626  -0.002240
1311.410307  -0.001351
1311.410988  -0.002186
1311.411669  -0.000144
1311.412350   0.000221
1311.413031  -0.001046
1311.413713  -0.000030
1311.414394   0.001308
1311.415075   0.001339
1311.415756  -0.000807
1311.416437  -0.000672
1311.417118  -0.000733
1311.417799  -0.000547
1311.418481  -0.001348
1311.419162  -0.002059
1311.419843  -0.000818
1311.420524  -0.000132
1311.421205  -0.000445
1311.421886  -0.000411
1311.422568  -0.001040
1311.423249   0.000084
1311.423930  -0.002687
1311.424611  -0.001364
1311.425292   0.000316
1311.425973  -0.000835
1311.426655  -0.000411
1311.427336  -0.000969
1311.428017  -0.000362
1311.428698  -0.002281
1311.429379   0.000132
1311.430060  -0.000329
1311.430741  -0.000251
1311.431423   0.001195
1311.432104   0.000230
1311.432785  -0.001253
1311.433466   0.000460
1311.434147  -0.001416
1311.434828   0.002765
1311.435510  -0.000188
1311.436191  -0.001130
1311.436872  -0.001140
1311.437553  -0.001221
1311.438234  -0.000862
1311.438915  -0.001255
1311.439596  -0.001757
1311.440278  -0.000668
1311.440959  -0.000476
1311.441640  -0.000279
1311.442321  -0.001001
1311.443002   0.000641
1311.443683  -0.001695
1311.444365  -0.000201
1311.445046   0.000000
1311.445727  -0.001771
1311.446408  -0.000719
1311.447089  -0.000783
1311.447770  -0.001666
1311.448452   0.000891
1311.449133  -0.000754
1311.449814  -0.000582
1311.450495  -0.002221
1311.451176  -0.000469
1311.451857   0.001456
1311.452538   0.000478
1311.453220  -0.001635
1311.453901  -0.001938
1311.454582  -0.000716
1311.455263   0.000323
1311.455944  -0.000770
1311.456625  -0.000590
1311.457306  -0.002049
1311.457988  -0.000082
1311.458669  -0.000752
1311.459350  -0.001352
1311.460031   0.000133
1311.460712  -0.000621
1311.461393   0.002255
1311.462074   0.000264
1311.462756  -0.001694
1311.463437  -0.000899
1311.464118   0.001155
1311.464799  -0.000382
1311.465480  -0.000697
1311.466161  -0.000021
1311.466843  -0.001345
1311.467524   0.000108
1311.468205   0.000170
1311.468886  -0.001450
1311.469567  -0.001279
1311.470248  -0.001041
1311.470930  -0.000641
1311.471611   0.000348
1311.472292   0.000682
1311.472973  -0.000811
1311.473654  -0.000095
1311.474335  -0.000477
1311.475016  -0.001815
1311.475698  -0.002021
1311.476379  -0.000388
1311.477060  -0.000221
1311.477741  -0.000322
1311.478422   0.000080
1311.479103  -0.000567
1311.479784  -0.000752
1311.480466   0.000069
1311.481147   0.000081
1311.481828  -0.000242
1311.482509  -0.000497
1311.483190  -0.000557
1311.483871  -0.000719
1311.484553  -0.000804
1311.485234  -0.002832
1311.485915  -0.000530
1311.486596  -0.002703
1311.487277  -0.000452
1311.487958  -0.000627
1311.488640  -0.000836
1311.489321  -0.001507
1311.490002  -0.001399
1311.490683  -0.002042
1311.491364  -0.002200
1311.492045  -0.002162
1311.492727  -0.000328
1311.493408  -0.000475
1311.494089  -0.002385
1311.494770  -0.001564
1311.495451  -0.001897
1311.496132  -0.001259
1311.496813  -0.001949
1311.497495  -0.001597
1311.498176  -0.000543
1311.498857  -0.000588
1311.499538  -0.000121
1311.500219  -0.000825
1311.500900   0.000848
1311.501581  -0.002849
1311.502263  -0.000750
1311.502944  -0.000863
1311.503625  -0.000672
1311.504306  -0.001326
1311.504987  -0.000505
1311.505668  -0.000242
1311.506349  -0.000231
1311.507031  -0.000755
1311.507712  -0.000323
1311.508393  -0.000263
1311.509074  -0.000132
1311.509755  -0.001705
1311.510436  -0.002246
1311.511118   0.000017
1311.511799  -0.000011
1311.512480  -0.000757
1311.513161   0.000860
1311.513842  -0.000101
1311.514523  -0.000334
1311.515205   0.000541
1311.515886  -0.000596
1311.516567  -0.000935
1311.517248  -0.000897
1311.517929  -0.000271
1311.518610  -0.001540
1311.519291   0.000506
1311.519973   0.001641
1311.520654   0.000549
1311.521335   0.000101
1311.522016  -0.001115
1311.522697  -0.001413
1311.523378  -0.001022
1311.524060  -0.003281
1311.524741  -0.000688
1311.525422   0.000613
1311.526103  -0.000675
1311.526784   0.001618
1311.527465  -0.000634
1311.528147  -0.001141
1311.528828  -0.000676
1311.529509  -0.002091
1311.530190  -0.001989
1311.530871   0.000393
1311.531552  -0.002478
1311.532233  -0.001339
1311.532915  -0.000186
1311.533596  -0.001774
1311.534277  -0.000583
1311.534958  -0.001014
1311.535639  -0.000321
1311.536320  -0.000570
1311.537002  -0.001347
1311.537683  -0.003052
1311.538364  -0.001811
1311.539045  -0.002116
1311.539726   0.001361
1311.540407   0.000187
1311.541088  -0.000743
1311.541770   0.001240
1311.542451   0.000642
1311.543132   0.000656
1311.543813   0.001808
1311.544494   0.001245
1311.545175  -0.001207
1311.545856  -0.001275
1311.546538  -0.000336
1311.547219  -0.000670
1311.547900  -0.002000
1311.548581   0.001662
1311.549262  -0.001324
1311.549943  -0.001265
1311.550625   0.000663
1311.551306  -0.001541
1311.551987   0.000683
1311.552668   0.000265
1311.553349   0.000830
1311.554030   0.000429
1311.554711  -0.002252
1311.555393  -0.001453
1311.556074  -0.001256
1311.556755  -0.002153
1311.557436  -0.002753
1311.558117   0.000208
1311.558798  -0.002759
1311.559480  -0.001950
1311.560161  -0.001970
1311.560842  -0.000874
1311.561523  -0.000634
1311.562204  -0.000735
1311.562885  -0.002176
1311.563566   0.000688
1311.564248  -0.000966
1311.564929  -0.000934
1311.565610  -0.000777
1311.566291  -0.000821
1311.566972   0.001537
1311.567653  -0.000235
1311.568334  -0.000946
1311.569016  -0.000665
1311.569697  -0.002485
1311.570378  -0.000567
1311.571059   0.000151
1311.571740   0.000551
1311.572422  -0.001960
1311.573103   0.000790
1311.573784  -0.000706
1311.574465  -0.000050
1311.575146   0.000074
1311.575827  -0.000700
1311.576508  -0.002149
1311.577190  -0.000355
1311.577871  -0.001837
1311.578552  -0.001572
1311.579233  -0.000802
1311.579914  -0.000537
1311.580595   0.000085
1311.581277  -0.000535
1311.581958  -0.001323
1311.582639  -0.001681
1311.583320  -0.001625
1311.584001   0.000667
1311.584682  -0.001298
1311.585363   0.001007
1311.586045   0.000432
1311.586726  -0.001545
1311.587407   0.000884
1311.588088  -0.000666
1311.588769   0.000382
1311.589450  -0.000565
1311.590131   0.000926
1311.590813  -0.001297
1311.591494  -0.000370
1311.592175  -0.000762
1311.592856  -0.002199
1311.593537  -0.000080
1311.594218  -0.001873
1311.594900   0.000257
1311.595581  -0.000786
1311.596262   0.001260
1311.596943  -0.001897
1311.597624  -0.001264
1311.598305  -0.000776
1311.598986  -0.002008
1311.599668  -0.000397
1311.600349   0.000082
1311.601030  -0.001576
1311.601711   0.000924
1311.602392   0.001542
1311.603073   0.000552
1311.603755   0.000500
1311.604436  -0.001572
1311.605117  -0.000345
1311.605798   0.000397
1311.606479  -0.000210
1311.607160   0.000303
1311.607841   0.000787
1311.608523  -0.001765
1311.609204  -0.001794
1311.609885   0.001795
1311.610566  -0.000983
1311.611247   0.000315
1311.611928   0.000968
1311.612610   0.000134
1311.613291  -0.001763
1311.613972  -0.001966
1311.614653   0.000912
1311.615334   0.000172
1311.616015   0.001616
1311.616696  -0.001342
1311.617378   0.000384
1311.618059   0.000329
1311.618740  -0.000244
1311.619421  -0.001379
1311.620102   0.000149
1311.620783   0.000710
1311.621465  -0.001091
1311.622146  -0.000665
1311.622827  -0.001792
1311.623508  -0.000289
1311.624189  -0.001522
1311.624870  -0.000124
1311.625551  -0.000565
1311.626233   0.000076
1311.626914  -0.000726
1311.627595   0.001254
1311.628276  -0.002618
1311.628957  -0.002127
1311.629638  -0.001053
1311.630320   0.000652
1311.631001  -0.002052
1311.631682  -0.001280
1311.632363  -0.000320
1311.633044   0.000211
1311.633725  -0.000979
1311.634407   0.000906
1311.635088  -0.001420
1311.635769   0.000167
1311.636450  -0.001928
1311.637131  -0.000712
1311.637812  -0.001920
1311.638493  -0.000789
1311.639175  -0.002325
1311.639856   0.000201
1311.640537  -0.000597
1311.641218  -0.000030
1311.641899  -0.001346
1311.642580  -0.000281
1311.643261   0.000341
1311.643943  -0.000563
1311.644624  -0.002419
1311.645305  -0.002932
1311.645986  -0.001653
1311.646667   0.001128
1311.647348   0.000367
1311.648030  -0.000881
1311.648711  -0.002175
1311.649392  -0.000702
1311.650073  -0.001852
1311.650754  -0.000882
1311.651435  -0.000247
1311.652116  -0.000550
1311.652798  -0.001961
1311.653479  -0.000531
1311.654160  -0.001952
1311.654841  -0.000782
1311.655522  -0.002177
1311.656203  -0.001671
1311.656885  -0.000331
1311.657566  -0.000513
1311.658247  -0.000726
1311.658928  -0.002419
1311.659609   0.000351
1311.660290  -0.001231
1311.660972  -0.000825
1311.661653  -0.002964
1311.662334  -0.000462
1311.663015  -0.000761
1311.663696  -0.000782
1311.664377  -0.000047
1311.665058  -0.001026
1311.665740  -0.001484
1311.666421  -0.000063
1311.667102  -0.000250
1311.667783  -0.000778
1311.668464  -0.001226
1311.669145  -0.001728
1311.669827   0.000360
1311.670508  -0.002538
1311.671189  -0.002160
1311.671870  -0.000734
1311.672551  -0.001693
1311.673232  -0.000666
1311.673913  -0.000222
1311.674595  -0.001545
1311.675276  -0.001368
1311.675957   0.002533
1311.676638  -0.002335
1311.677319  -0.000924
1311.678000  -0.002091
1311.678682   0.000002
1311.679363  -0.001437
1311.680044  -0.000642
1311.680725  -0.000238
1311.681406   0.000275
1311.682087  -0.000801
1311.682768   0.000806
1311.683450  -0.001258
1311.684131  -0.001931
1311.684812  -0.000924
1311.685493   0.000328
1311.686174   0.000741
1311.686855  -0.002649
1311.687536  -0.001087
1311.688218  -0.000140
1311.688899   0.000675
1311.689580  -0.001016
1311.690261  -0.001872
1311.690942  -0.000282
1311.691623  -0.001322
1311.692305  -0.001143
1311.692986  -0.000489
1311.693667   0.000159
1311.694348  -0.000006
1311.695029  -0.001777
1311.695710  -0.000073
1311.696391  -0.001859
1311.697073  -0.001467
1311.697754  -0.000978
1311.698435   0.000003
1311.699116  -0.000501
1311.699797  -0.001312
1311.700478  -0.001273
1311.701160  -0.001657
1311.701841  -0.001858
1311.702522  -0.001476
1311.703203   0.000327
1311.703884   0.000225
1311.704565  -0.001008
1311.705246   0.000436
1311.705928  -0.000324
1311.706609  -0.002499
1311.707290  -0.002173
1311.707971   0.000070
1311.708652   0.000801
1311.709333   0.000224
1311.710015   0.000047
1311.710696  -0.000245
1311.711377  -0.000745
1311.712058  -0.001195
1311.712739   0.000017
1311.713420  -0.000341
1311.714101  -0.000836
1311.714783   0.001857
1311.715464  -0.001561
1311.716145  -0.002153
1311.716826  -0.001143
1311.717507   0.001120
1311.718189   0.001635
1311.718870  -0.000734
1311.719551  -0.001574
1311.720232  -0.000865
1311.720913  -0.000072
1311.721594   0.001472
1311.722275   0.000533
1311.722957  -0.000586
1311.723638  -0.000943
1311.724319  -0.001340
1311.725000  -0.001058
1311.725681  -0.001414
1311.726362  -0.001979
1311.727043  -0.000652
1311.727725  -0.000491
1311.728406  -0.000928
1311.729087  -0.000502
1311.729768  -0.001415
1311.730449  -0.000846
1311.731130  -0.000796
1311.731811  -0.001031
1311.732493  -0.000715
1311.733174   0.000519
1311.733855   0.001166
1311.734536  -0.001102
1311.735217  -0.001096
1311.735898   0.000298
1311.736580  -0.001149
1311.737261  -0.000800
1311.737942  -0.000598
1311.738623   0.001481
1311.739304   0.001180
1311.739985  -0.002313
1311.740667   0.000008
1311.741348  -0.002027
1311.742029  -0.002080
1311.742710   0.000991
1311.743391  -0.001470
1311.744072   0.000045
1311.744753  -0.000426
1311.745435  -0.000631
1311.746116  -0.001132
1311.746797  -0.001465
1311.747478  -0.001443
1311.748159  -0.000006
1311.748840  -0.000441
1311.749522   0.000645
1311.750203  -0.000951
1311.750884   0.001830
1311.751565  -0.001162
1311.752246  -0.002512
1311.752927   0.000527
1311.753608  -0.001395
1311.754290  -0.002572
1311.754971  -0.001942
1311.755652  -0.000832
1311.756333  -0.001659
1311.757014  -0.001085
1311.757695  -0.001501
1311.758377  -0.000348
1311.759058  -0.001331
1311.759739  -0.001079
1311.760420   0.000081
1311.761101  -0.002353
1311.761782   0.000300
1311.762463  -0.002891
1311.763145  -0.000048
1311.763826  -0.001333
1311.764507  -0.000555
1311.765188  -0.001297
1311.765869  -0.001080
1311.766550   0.000495
1311.767232  -0.000406
1311.767913  -0.001733
1311.768594  -0.001585
1311.769275   0.001597
1311.769956  -0.001123
1311.770637   0.000130
1311.771318  -0.002630
1311.772000  -0.000650
1311.772681  -0.001046
1311.773362   0.001975
1311.774043  -0.001998
1311.774724  -0.000642
1311.775405  -0.002403
1311.776087  -0.003194
1311.776768  -0.001894
1311.777449  -0.000583
1311.778130  -0.000547
1311.778811  -0.001245
1311.779492   0.001591
1311.780173  -0.001240
1311.780855  -0.000831
1311.781536   0.000616
1311.782217  -0.000368
1311.782898  -0.000429
1311.783579  -0.000229
1311.784260  -0.001709
1311.784942  -0.000100
1311.785623  -0.000854
1311.786304  -0.000363
1311.786985  -0.001770
1311.787666  -0.003098
1311.788347   0.000334
1311.789028  -0.000400
1311.789710  -0.001395
1311.790391  -0.000987
1311.791072  -0.001285
1311.791753  -0.001117
1311.792434  -0.000194
1311.793115   0.000293
1311.793796  -0.001325
1311.794478   0.000767
1311.795159   0.000573
1311.795840   0.000374
1311.796521   0.000465
1311.797202  -0.000035
1311.797883  -0.001070
1311.798565  -0.001483
1311.799246  -0.001397
1311.799927   0.000980
1311.800608  -0.001930
1311.801289  -0.000456
1311.801970  -0.000587
1311.802651  -0.000179
1311.803333   0.000405
1311.804014  -0.000460
1311.804695  -0.000542
1311.805376   0.000327
1311.806057  -0.001223
1311.806739   0.000312
1311.807420  -0.000643
1311.808101  -0.001065
1311.808782  -0.001870
1311.809463  -0.001843
1311.810144   0.000258
1311.810825  -0.000857
1311.811507  -0.001687
1311.812188  -0.001163
1311.812869   0.002518
1311.813550  -0.001112
1311.814231  -0.002185
1311.814912  -0.001148
1311.815593  -0.003042
1311.816275  -0.001316
1311.816956  -0.002972
1311.817637  -0.001427
1311.818318   0.001198
1311.818999  -0.002102
1311.819680   0.000172
1311.820362  -0.003063
1311.821043  -0.001434
1311.821724  -0.001489
1311.822405  -0.000664
1311.823086  -0.002142
1311.823767  -0.000773
1311.824449  -0.001774
1311.825130  -0.001398
1311.825811  -0.000711
1311.826492  -0.002740
1311.827173   0.000666
1311.827854  -0.002389
1311.828535  -0.001687
1311.829217  -0.000721
1311.829898  -0.000600
1311.830579  -0.001425
1311.831260  -0.001235
1311.831941   0.000770
1311.832622  -0.000777
1311.833303   0.001028
1311.833985  -0.000732
1311.834666   0.000729
1311.835347   0.000247
1311.836028  -0.000384
1311.836709  -0.000487
1311.837390  -0.000706
1311.838072  -0.001740
1311.838753  -0.000718
1311.839434   0.000533
1311.840115  -0.001277
1311.840796   0.001153
1311.841477  -0.000478
1311.842158   0.000183
1311.842840  -0.001220
1311.843521  -0.001686
1311.844202  -0.001504
1311.844883  -0.001734
1311.845564   0.000527
1311.846245  -0.003642
1311.846927  -0.000185
1311.847608  -0.000904
1311.848289   0.000113
1311.848970   0.000004
1311.849651  -0.002578
1311.850332   0.000245
1311.851013   0.000104
1311.851695  -0.000383
1311.852376   0.001038
1311.853057  -0.002241
1311.853738  -0.001226
1311.854419   0.001007
1311.855100  -0.000720
1311.855782  -0.001102
1311.856463  -0.000738
1311.857144  -0.000858
1311.857825  -0.000311
1311.858506  -0.001072
1311.859187  -0.000409
1311.859868   0.001503
1311.860550   0.000321
1311.861231  -0.001651
1311.861912  -0.000755
1311.862593   0.000363
1311.863274  -0.002298
1311.863955  -0.002048
1311.864637  -0.002536
1311.865318  -0.000538
1311.865999  -0.001045
1311.866680  -0.001318
1311.867361  -0.001017
1311.868042  -0.002024
1311.868724  -0.001216
1311.869405  -0.000128
1311.870086  -0.000453
1311.870767  -0.003120
1311.871448   0.001003
1311.872129  -0.000821
1311.872810  -0.002000
1311.873492  -0.001513
1311.874173   0.000870
1311.874854  -0.000769
1311.875535  -0.001321
1311.876216   0.000271
1311.876897  -0.000274
1311.877578  -0.001084
1311.878260   0.000546
1311.878941  -0.000063
1311.879622  -0.000302
1311.880303   0.000626
1311.880984  -0.001159
1311.881665  -0.001640
1311.882346  -0.000099
1311.883028  -0.001118
1311.883709  -0.000451
1311.884390  -0.002800
1311.885071  -0.001435
1311.885752  -0.000672
1311.886433   0.000816
1311.887115  -0.001766
1311.887796  -0.001118
1311.888477  -0.002033
1311.889158   0.001790
1311.889839  -0.000183
1311.890520  -0.001898
1311.891202  -0.000716
1311.891883  -0.000751
1311.892564   0.000576
1311.893245   0.000007
1311.893926   0.001235
1311.894607  -0.000814
1311.895289  -0.002137
1311.895970   0.001044
1311.896651  -0.002031
1311.897332   0.000019
1311.898013  -0.000226
1311.898694  -0.000672
1311.899375  -0.000403
1311.900057  -0.001283
1311.900738   0.000308
1311.901419   0.000099
1311.902100  -0.001295
1311.902781  -0.003252
1311.903462   0.001246
1311.904143   0.000202
1311.904825  -0.003878
1311.905506  -0.000161
1311.906187  -0.000607
1311.906868   0.001023
1311.907549  -0.000984
1311.908230   0.000551
1311.908912   0.001254
1311.909593  -0.000189
1311.910274   0.000410
1311.910955  -0.000928
1311.911636  -0.002593
1311.912317  -0.000552
1311.912999  -0.000786
1311.913680  -0.000928
1311.914361  -0.000003
1311.915042  -0.000404
1311.915723   0.000738
1311.916404  -0.000607
1311.917085  -0.000173
1311.917767  -0.001571
1311.918448   0.000927
1311.919129  -0.001089
1311.919810  -0.000655
1311.920491  -0.000618
1311.921172  -0.001348
1311.921853   0.000034
1311.922535  -0.001045
1311.923216   0.000161
1311.923897  -0.001926
1311.924578  -0.001010
1311.925259   0.000637
1311.925940  -0.000600
1311.926621  -0.000800
1311.927303  -0.000068
1311.927984   0.001071
1311.928665  -0.000071
1311.929346  -0.000391
1311.930027   0.000551
1311.930708   0.000040
1311.931390  -0.000422
1311.932071  -0.000647
1311.932752  -0.000584
1311.933433  -0.000835
1311.934114   0.000532
1311.934795  -0.000727
1311.935477   0.000595
1311.936158  -0.001200
1311.936839  -0.001581
1311.937520  -0.000368
1311.938201  -0.001136
1311.938882  -0.001977
1311.939563   0.000663
1311.940245   0.000658
1311.940926   0.000786
1311.941607   0.001444
1311.942288  -0.000635
1311.942969   0.000995
1311.943650  -0.000665
1311.944332  -0.001952
1311.945013   0.000240
1311.945694  -0.001609
1311.946375  -0.001090
1311.947056  -0.000427
1311.947737  -0.000515
1311.948418   0.000089
1311.949100  -0.001744
1311.949781  -0.002427
1311.950462  -0.001289
1311.951143  -0.001303
1311.951824  -0.001547
1311.952505  -0.001066
1311.953187  -0.000338
1311.953868  -0.001083
1311.954549  -0.003164
1311.955230   0.000856
1311.955911   0.000436
1311.956592  -0.001383
1311.957274   0.001073
1311.957955  -0.002050
1311.958636  -0.000165
1311.959317  -0.001233
1311.959998  -0.002134
1311.960679   0.001170
1311.961360  -0.002573
1311.962042  -0.002863
1311.962723  -0.000152
1311.963404  -0.002077
1311.964085  -0.000577
1311.964766   0.000943
1311.965447  -0.000553
1311.966128  -0.000052
1311.966810  -0.000926
1311.967491  -0.001899
1311.968172   0.000057
1311.968853   0.001792
1311.969534  -0.000062
1311.970215  -0.001491
1311.970896   0.001079
1311.971578   0.000679
1311.972259  -0.003190
1311.972940  -0.000933
1311.973621   0.001164
1311.974302   0.000328
1311.974983   0.003397
1311.975665   0.000442
1311.976346  -0.002662
1311.977027  -0.000178
1311.977708  -0.000690
1311.978389   0.000662
1311.979070  -0.002460
1311.979752  -0.001141
1311.980433   0.000824
1311.981114  -0.001960
1311.981795  -0.000010
1311.982476  -0.001565
1311.983157  -0.001465
1311.983839  -0.001035
1311.984520  -0.001867
1311.985201  -0.001236
1311.985882  -0.000806
1311.986563   0.001411
1311.987244  -0.001378
1311.987925  -0.001615
1311.988607  -0.000919
1311.989288   0.000401
1311.989969  -0.000960
1311.990650   0.000880
1311.991331  -0.000197
1311.992012   0.000204
1311.992693  -0.001918
1311.993375  -0.000720
1311.994056  -0.001124
1311.994737  -0.001613
1311.995418  -0.000396
1311.996099  -0.000466
1311.996780  -0.001750
1311.997462  -0.001817
1311.998143  -0.002321
1311.998824   0.000712
1311.999505  -0.000480
1312.000186   0.000106
1312.000867  -0.000918
1312.001549  -0.000012
1312.002230  -0.001010
1312.002911  -0.001258
1312.003592   0.000520
1312.004273  -0.000741
1312.004954  -0.001174
1312.005635  -0.000640
1312.006317  -0.000144
1312.006998   0.001156
1312.007679  -0.000119
1312.008360   0.000428
1312.009041  -0.000375
1312.009722  -0.001481
1312.010403   0.000136
1312.011085   0.002101
1312.011766  -0.000386
1312.012447  -0.002477
1312.013128  -0.000403
1312.013809   0.000325
1312.014490  -0.000981
1312.015171  -0.001866
1312.015853  -0.001020
1312.016534  -0.002950
1312.017215  -0.000967
1312.017896   0.003223
1312.018577   0.000350
1312.019259  -0.002286
1312.019940  -0.000438
1312.020621  -0.001350
1312.021302   0.000878
1312.021983   0.000569
1312.022664  -0.000446
1312.023345  -0.002039
1312.024027  -0.000829
1312.024708  -0.000217
1312.025389  -0.000848
1312.026070   0.000959
1312.026751  -0.002318
1312.027432  -0.000545
1312.028113   0.000299
1312.028795  -0.001249
1312.029476  -0.001561
1312.030157  -0.000863
1312.030838  -0.001913
1312.031519  -0.000429
1312.032200  -0.001321
1312.032882  -0.000517
1312.033563  -0.001720
1312.034244  -0.001849
1312.034925  -0.001900
1312.035606   0.000423
1312.036287  -0.001153
1312.036969   0.000117
1312.037650  -0.000746
1312.038331  -0.000848
1312.039012  -0.002222
1312.039693  -0.001817
1312.040374  -0.001610
1312.041055  -0.000235
1312.041737  -0.000126
1312.042418  -0.001700
1312.043099  -0.001108
1312.043780  -0.000888
1312.044461   0.000541
1312.045142   0.000129
1312.045824   0.001368
1312.046505  -0.000472
1312.047186  -0.001960
1312.047867   0.000686
1312.048548  -0.001923
1312.049229  -0.000080
1312.049910  -0.001334
1312.050592  -0.000219
1312.051273  -0.002055
1312.051954  -0.002960
1312.052635  -0.002063
1312.053316  -0.001996
1312.053997  -0.001245
1312.054678   0.000461
1312.055360  -0.002623
1312.056041  -0.001553
1312.056722  -0.000927
1312.057403  -0.001269
1312.058084  -0.001095
1312.058765  -0.002533
1312.059447  -0.001190
1312.060128  -0.000081
1312.060809   0.000776
1312.061490  -0.000338
1312.062171  -0.001391
1312.062852  -0.001502
1312.063534   0.000763
1312.064215   0.000610
1312.064896   0.000903
1312.065577  -0.002004
1312.066258  -0.001209
1312.066939   0.000197
1312.067620  -0.001601
1312.068302   0.000521
1312.068983  -0.000208
1312.069664  -0.000403
1312.070345  -0.001228
1312.071026  -0.000809
1312.071707  -0.000006
1312.072389   0.000966
1312.073070  -0.001536
1312.073751  -0.001722
1312.074432  -0.002431
1312.075113  -0.000621
1312.075794  -0.001024
1312.076475   0.002655
1312.077157   0.001011
1312.077838  -0.000886
1312.078519  -0.003084
1312.079200  -0.001722
1312.079881  -0.001515
1312.080562  -0.001554
1312.081243  -0.002936
1312.081925   0.000273
1312.082606  -0.000037
1312.083287  -0.001008
1312.083968  -0.001478
1312.084649   0.000067
1312.085330  -0.000639
1312.086012  -0.000283
1312.086693   0.000533
1312.087374   0.000186
1312.088055  -0.000541
1312.088736  -0.001928
1312.089417  -0.000528
1312.090099   0.000759
1312.090780  -0.001957
1312.091461   0.002119
1312.092142  -0.000927
1312.092823  -0.000855
1312.093504   0.000128
1312.094185   0.000890
1312.094867  -0.001441
1312.095548  -0.001008
1312.096229  -0.000953
1312.096910   0.001927
1312.097591  -0.000272
1312.098272  -0.002209
1312.098953  -0.001203
1312.099635  -0.001378
1312.100316  -0.000204
1312.100997   0.000378
1312.101678  -0.001921
1312.102359  -0.001191
1312.103040  -0.000379
1312.103722  -0.000532
1312.104403   0.000158
1312.105084  -0.000975
1312.105765   0.000004
1312.106446  -0.001379
1312.107127  -0.000676
1312.107809  -0.001664
1312.108490  -0.000665
1312.109171  -0.000011
1312.109852  -0.001916
1312.110533  -0.000482
1312.111214  -0.000477
1312.111895  -0.001060
1312.112577  -0.001893
1312.113258  -0.001309
1312.113939   0.000918
1312.114620  -0.002074
1312.115301   0.000371
1312.115982  -0.003231
1312.116663  -0.000595
1312.117345   0.001114
1312.118026  -0.001691
1312.118707  -0.002162
1312.119388  -0.000423
1312.120069  -0.000059
1312.120751  -0.000907
1312.121432   0.000857
1312.122113  -0.000281
1312.122794  -0.000227
1312.123475   0.000136
1312.124156  -0.000473
1312.124837   0.002140
1312.125519  -0.001510
1312.126200  -0.001020
1312.126881  -0.000605
1312.127562  -0.002536
1312.128243  -0.001416
1312.128924   0.000887
1312.129605  -0.000880
1312.130287  -0.001588
1312.130968   0.000984
1312.131649   0.000424
1312.132330  -0.000609
1312.133011  -0.000460
1312.133692  -0.001083
1312.134374  -0.000690
1312.135055   0.000012
1312.135736  -0.000328
1312.136417   0.000437
1312.137098  -0.001594
1312.137779  -0.001090
1312.138460  -0.003836
1312.139142   0.000983
1312.139823  -0.004145
1312.140504  -0.001848
1312.141185   0.000484
1312.141866  -0.000496
1312.142547  -0.001422
1312.143229  -0.000119
1312.143910  -0.003314
1312.144591   0.000692
1312.145272   0.000149
1312.145953  -0.000280
1312.146634  -0.001487
1312.147315  -0.000637
1312.147997  -0.001267
1312.148678   0.000519
1312.149359  -0.001263
1312.150040  -0.002197
1312.150721  -0.001786
1312.151402  -0.000140
1312.152084   0.000460
1312.152765   0.002621
1312.153446  -0.001218
1312.154127  -0.000671
1312.154808   0.001013
1312.155489  -0.001322
1312.156170   0.000285
1312.156852  -0.003240
1312.157533   0.000991
1312.158214   0.000718
1312.158895   0.000796
1312.159576   0.001933
1312.160257  -0.000154
1312.160938  -0.001303
1312.161620  -0.001166
1312.162301  -0.000857
1312.162982  -0.002670
1312.163663  -0.000439
1312.164344  -0.001796
1312.165025  -0.000138
1312.165707  -0.000876
1312.166388  -0.000506
1312.167069  -0.002331
1312.167750   0.000611
1312.168431   0.002754
1312.169112   0.000031
1312.169793  -0.001370
1312.170475  -0.001272
1312.171156   0.001075
1312.171837  -0.001497
1312.172518  -0.000792
1312.173199  -0.000612
1312.173880   0.000835
1312.174562   0.000228
1312.175243  -0.001119
1312.175924  -0.001860
1312.176605  -0.000896
1312.177286   0.000562
1312.177967  -0.000490
1312.178649  -0.001136
1312.179330  -0.001427
1312.180011  -0.000853
1312.180692  -0.002228
1312.181373  -0.001476
1312.182054   0.000222
1312.182735   0.000970
1312.183417  -0.002686
1312.184098   0.000865
1312.184779   0.000414
1312.185460  -0.003231
1312.186141  -0.001644
1312.186822   0.000054
1312.187504  -0.003290
1312.188185   0.000105
1312.188866  -0.000421
1312.189547   0.000103
1312.190228   0.000108
1312.190909  -0.001276
1312.191590  -0.002265
1312.192272  -0.000116
1312.192953  -0.000544
1312.193634  -0.002261
1312.194315   0.000486
1312.194996  -0.002596
1312.195677   0.000516
1312.196359  -0.002425
1312.197040  -0.002002
1312.197721   0.000578
1312.198402  -0.000695
1312.199083   0.000114
1312.199764  -0.000995
1312.200445  -0.001626
1312.201127  -0.001495
1312.201808  -0.002377
1312.202489  -0.000656
1312.203170  -0.000033
1312.203851  -0.001244
1312.204532  -0.001441
1312.205213  -0.000808
1312.205895   0.000918
1312.206576  -0.000557
1312.207257   0.001864
1312.207938   0.002196
1312.208619  -0.000296
1312.209300  -0.002500
1312.209982  -0.001825
1312.210663  -0.002186
1312.211344   0.001000
1312.212025  -0.000126
1312.212706   0.000858
1312.213387  -0.000276
1312.214069  -0.000540
1312.214750  -0.000351
1312.215431   0.000078
1312.216112   0.000111
1312.216793  -0.002719
1312.217474  -0.001672
1312.218156  -0.001122
1312.218837  -0.000238
1312.219518  -0.000523
1312.220199  -0.001491
1312.220880   0.000012
1312.221561  -0.002116
1312.222242   0.000321
1312.222924   0.001079
1312.223605   0.001515
1312.224286   0.001728
1312.224967  -0.000100
1312.225648   0.000321
1312.226329   0.001316
1312.227011  -0.000279
1312.227692  -0.001492
1312.228373  -0.002049
1312.229054  -0.002150
1312.229735   0.000020
1312.230416   0.000459
1312.231097  -0.001164
1312.231779  -0.002072
1312.232460  -0.000611
1312.233141   0.002326
1312.233822  -0.001303
1312.234503  -0.000365
1312.235184  -0.000795
1312.235865  -0.002504
1312.236547  -0.001176
1312.237228   0.001055
1312.237909  -0.002005
1312.238590  -0.002697
1312.239271  -0.001114
1312.239952   0.000199
1312.240634  -0.002286
1312.241315  -0.000989
1312.241996  -0.000673
1312.242677  -0.000770
1312.243358   0.001253
1312.244039   0.000542
1312.244720  -0.000284
1312.245402  -0.001285
1312.246083   0.000023
1312.246764   0.002311
1312.247445  -0.002062
1312.248126  -0.001575
1312.248807   0.000482
1312.249489  -0.000724
1312.250170   0.000749
1312.250851   0.001379
1312.251532  -0.001175
1312.252213  -0.003118
1312.252894   0.000474
1312.253575   0.000705
1312.254257  -0.001100
1312.254938  -0.001141
1312.255619  -0.001482
1312.256300  -0.000404
1312.256981  -0.002323
1312.257662  -0.001687
1312.258344  -0.000276
1312.259025   0.001312
1312.259706  -0.001719
1312.260387  -0.001271
1312.261068   0.000040
1312.261749  -0.001161
1312.262430  -0.000231
1312.263112   0.000425
1312.263793   0.002472
1312.264474  -0.000227
1312.265155  -0.000970
1312.265836  -0.001119
1312.266518   0.000206
1312.267199   0.001386
1312.267880  -0.001331
1312.268561  -0.000134
1312.269242  -0.000096
1312.269923  -0.001671
1312.270604  -0.001245
1312.271286  -0.000957
1312.271967   0.000533
1312.272648  -0.001499
1312.273329  -0.000542
1312.274010   0.000376
1312.274691   0.001225
1312.275372  -0.001493
1312.276054  -0.000298
1312.276735   0.000392
1312.277416  -0.000517
1312.278097  -0.000601
1312.278778   0.001150
1312.279459  -0.001093
1312.280140   0.002822
1312.280822   0.000739
1312.281503   0.000229
1312.282184  -0.001325
1312.282865   0.000442
1312.283546  -0.001119
1312.284227   0.000633
1312.284909  -0.000088
1312.285590  -0.000644
1312.286271   0.001668
1312.286952   0.000580
1312.287633   0.000436
1312.288314   0.003645
1312.288996   0.000157
1312.289677   0.001593
1312.290358   0.002375
1312.291039   0.001574
1312.291720   0.003901
1312.292401   0.004272
1312.293082   0.003025
1312.293764   0.003058
1312.294445   0.004464
1312.295126   0.004880
1312.295807   0.006305
1312.296488   0.006431
1312.297169   0.006044
1312.297850   0.007942
1312.298532   0.006841
1312.299213   0.006502
1312.299894   0.007583
1312.300575   0.007367
1312.301256   0.006217
1312.301937   0.007103
1312.302619   0.007805
1312.303300   0.007724
1312.303981   0.008165
1312.304662   0.006558
1312.305343   0.007947
1312.306024   0.009222
1312.306705   0.007121
1312.307387   0.006637
1312.308068   0.011948
1312.308749   0.008117
1312.309430   0.009810
1312.310111   0.008006
1312.310792   0.008008
1312.311474   0.008335
1312.312155   0.008554
1312.312836   0.007306
1312.313517   0.008303
1312.314198   0.009056
1312.314879   0.010495
1312.315561   0.008541
1312.316242   0.009707
1312.316923   0.009393
1312.317604   0.008176
1312.318285   0.009891
1312.318966   0.010941
1312.319647   0.010709
1312.320329   0.010315
1312.321010   0.009850
1312.321691   0.009099
1312.322372   0.008458
1312.323053   0.009919
1312.323734   0.010819
1312.324415   0.011166
1312.325097   0.008343
1312.325778   0.011154
1312.326459   0.010355
1312.327140   0.010519
1312.327821   0.010750
1312.328502   0.009027
1312.329184   0.010634
1312.329865   0.009781
1312.330546   0.009113
1312.331227   0.009778
1312.331908   0.008355
1312.332589   0.009372
1312.333271   0.009326
1312.333952   0.011998
1312.334633   0.011204
1312.335314   0.009009
1312.335995   0.010303
1312.336676   0.009945
1312.337357   0.009707
1312.338039   0.010080
1312.338720   0.010265
1312.339401   0.011624
1312.340082   0.008872
1312.340763   0.009679
1312.341444   0.010851
1312.342125   0.010003
1312.342807   0.009923
1312.343488   0.010170
1312.344169   0.010740
1312.344850   0.010642
1312.345531   0.009940
1312.346212   0.010980
1312.346894   0.010624
1312.347575   0.011954
1312.348256   0.008905
1312.348937   0.011536
1312.349618   0.010762
1312.350299   0.010508
1312.350980   0.011702
1312.351662   0.009424
1312.352343   0.011140
1312.353024   0.011410
1312.353705   0.010536
1312.354386   0.010428
1312.355068   0.011150
1312.355749   0.011227
1312.356430   0.011059
1312.357111   0.009835
1312.357792   0.012567
1312.358473   0.009292
1312.359154   0.011423
1312.359836   0.010659
1312.360517   0.009753
1312.361198   0.008738
1312.361879   0.009750
1312.362560   0.010626
1312.363241   0.010195
1312.363922   0.009887
1312.364604   0.010698
1312.365285   0.011766
1312.365966   0.011210
1312.366647   0.010575
1312.367328   0.010689
1312.368009   0.010722
1312.368690   0.011783
1312.369372   0.010969
1312.370053   0.010315
1312.370734   0.011234
1312.371415   0.012539
1312.372096   0.010329
1312.372777   0.008693
1312.373459   0.010302
1312.374140   0.010934
1312.374821   0.010734
1312.375502   0.013072
1312.376183   0.011120
1312.376864   0.011066
1312.377546   0.013661
1312.378227   0.010344
1312.378908   0.010303
1312.379589   0.010445
1312.380270   0.010493
1312.380951   0.009662
1312.381632   0.011469
1312.382314   0.010412
1312.382995   0.010588
1312.383676   0.010533
1312.384357   0.010528
1312.385038   0.010515
1312.385719   0.009695
1312.386400   0.010762
1312.387082   0.008274
1312.387763   0.010004
1312.388444   0.011103
1312.389125   0.009493
1312.389806   0.010104
1312.390487   0.011060
1312.391169   0.011121
1312.391850   0.010864
1312.392531   0.009960
1312.393212   0.010800
1312.393893   0.009059
1312.394574   0.007876
1312.395256   0.011884
1312.395937   0.010749
1312.396618   0.007676
1312.397299   0.009705
1312.397980   0.009885
1312.398661   0.010792
1312.399342   0.008812
1312.400024   0.007256
1312.400705   0.010983
1312.401386   0.009201
1312.402067   0.009187
1312.402748   0.009929
1312.403429   0.009318
1312.404111   0.009498
1312.404792   0.011454
1312.405473   0.012059
1312.406154   0.009979
1312.406835   0.008581
1312.407516   0.009487
1312.408197   0.008864
1312.408879   0.009457
1312.409560   0.010676
1312.410241   0.007414
1312.410922   0.007887
1312.411603   0.007100
1312.412284   0.011245
1312.412965   0.009003
1312.413647   0.008526
1312.414328   0.009176
1312.415009   0.010722
1312.415690   0.007821
1312.416371   0.009063
1312.417053   0.009825
1312.417734   0.008008
1312.418415   0.007970
1312.419096   0.008410
1312.419777   0.008990
1312.420458   0.007063
1312.421139   0.007161
1312.421821   0.007262
1312.422502   0.007455
1312.423183   0.008623
1312.423864   0.008525
1312.424545   0.008759
1312.425226   0.007374
1312.425907   0.007376
1312.426589   0.007542
1312.427270   0.005362
1312.427951   0.004256
1312.428632   0.006928
1312.429313   0.008095
1312.429994   0.005876
1312.430675   0.006890
1312.431357   0.004689
1312.432038   0.007465
1312.432719   0.005672
1312.433400   0.006211
1312.434081   0.006431
1312.434762   0.006718
1312.435444   0.005357
1312.436125   0.004659
1312.436806   0.004492
1312.437487   0.002629
1312.438168   0.002866
1312.438849   0.003256
1312.439531   0.005895
1312.440212   0.002868
1312.440893   0.002076
1312.441574   0.001796
1312.442255   0.001987
1312.442936  -0.000183
1312.443618  -0.000385
1312.444299   0.000800
1312.444980   0.001497
1312.445661  -0.001859
1312.446342  -0.001174
1312.447023  -0.000305
1312.447704  -0.001202
1312.448386   0.000757
1312.449067  -0.002949
1312.449748  -0.001876
1312.450429  -0.001746
1312.451110  -0.001118
1312.451791  -0.001956
1312.452472  -0.001286
1312.453154  -0.000093
1312.453835  -0.001163
1312.454516   0.000628
1312.455197   0.000133
1312.455878  -0.001978
1312.456559  -0.002369
1312.457241   0.000433
1312.457922  -0.001437
1312.458603  -0.000236
1312.459284  -0.002236
1312.459965  -0.003399
1312.460646  -0.001620
1312.461328  -0.000658
1312.462009  -0.002476
1312.462690  -0.001201
1312.463371  -0.000518
1312.464052  -0.000075
1312.464733   0.000579
1312.465414  -0.001133
1312.466096  -0.001127
1312.466777  -0.002384
1312.467458   0.000959
1312.468139  -0.000254
1312.468820  -0.000588
1312.469501  -0.000143
1312.470182   0.000782
1312.470864  -0.000670
1312.471545  -0.000758
1312.472226  -0.001150
1312.472907   0.000140
1312.473588  -0.001348
1312.474269  -0.001811
1312.474950  -0.000926
1312.475632  -0.001199
1312.476313   0.000377
1312.476994  -0.001265
1312.477675  -0.001919
1312.478356  -0.002263
1312.479037  -0.000337
1312.479719  -0.001946
1312.480400  -0.001492
1312.481081   0.000286
1312.481762  -0.000819
1312.482443   0.000292
1312.483124  -0.001926
1312.483806  -0.000840
1312.484487  -0.003206
1312.485168  -0.000902
1312.485849   0.000211
1312.486530  -0.000088
1312.487211  -0.000315
1312.487892  -0.000553
1312.488574  -0.000641
1312.489255  -0.000989
1312.489936  -0.000470
1312.490617  -0.000283
1312.491298  -0.002611
1312.491979  -0.001752
1312.492660  -0.002340
1312.493342  -0.001434
1312.494023   0.000319
1312.494704  -0.000822
1312.495385  -0.002402
1312.496066  -0.000219
1312.496747  -0.000387
1312.497429  -0.001742
1312.498110   0.000465
1312.498791  -0.000000
1312.499472  -0.001067
1312.500153  -0.000077
1312.500834  -0.000982
1312.501516  -0.000817
1312.502197   0.000467
1312.502878  -0.003076
1312.503559  -0.001592
1312.504240  -0.001374
1312.504921   0.001259
1312.505603   0.000379
1312.506284   0.001525
1312.506965   0.001183
1312.507646  -0.000808
1312.508327  -0.000146
1312.509008   0.001135
1312.509689   0.000627
1312.510371  -0.000364
1312.511052  -0.000032
1312.511733   0.002049
1312.512414  -0.000445
1312.513095   0.001348
1312.513776   0.000745
1312.514457  -0.002248
1312.515139  -0.001109
1312.515820   0.000175
1312.516501  -0.000048
1312.517182  -0.001976
1312.517863  -0.003562
1312.518544  -0.001411
1312.519225   0.000228
1312.519907  -0.000532
1312.520588   0.000285
1312.521269  -0.003343
1312.521950  -0.000689
1312.522631   0.000161
1312.523312  -0.001345
1312.523994  -0.001616
1312.524675  -0.001894
1312.525356  -0.001835
1312.526037  -0.001021
1312.526718  -0.002044
1312.527399  -0.002518
1312.528081  -0.001729
1312.528762  -0.000490
1312.529443   0.001222
1312.530124  -0.000247
1312.530805  -0.001178
1312.531486  -0.000543
1312.532167  -0.000332
1312.532849   0.000193
1312.533530   0.001319
1312.534211  -0.000470
1312.534892  -0.001215
1312.535573  -0.001394
1312.536254  -0.000231
1312.536936   0.001040
1312.537617  -0.002678
1312.538298   0.000532
1312.538979  -0.000827
1312.539660   0.000890
1312.540341   0.000765
1312.541022  -0.001064
1312.541704  -0.000885
1312.542385   0.000924
1312.543066   0.001164
1312.543747   0.001083
1312.544428  -0.002650
1312.545109   0.000773
1312.545791   0.000310
1312.546472   0.000133
1312.547153   0.000083
1312.547834  -0.000070
1312.548515  -0.002041
1312.549196  -0.002556
1312.549878  -0.003730
1312.550559   0.000163
1312.551240  -0.002325
1312.551921  -0.000091
1312.552602  -0.002353
1312.553283   0.000055
1312.553964  -0.000405
1312.554646   0.000344
1312.555327   0.000331
1312.556008  -0.001014
1312.556689  -0.000805
1312.557370  -0.001126
1312.558051  -0.001215
1312.558732  -0.001532
1312.559414  -0.002061
1312.560095   0.000493
1312.560776  -0.000850
1312.561457  -0.002094
1312.562138  -0.001066
1312.562819   0.000260
1312.563500  -0.000943
1312.564182  -0.000455
1312.564863   0.001094
1312.565544  -0.001236
1312.566225  -0.000714
1312.566906   0.000070
1312.567587  -0.002649
1312.568269  -0.000439
1312.568950  -0.000663
1312.569631  -0.001780
1312.570312  -0.001430
1312.570993  -0.001476
1312.571674  -0.000426
1312.572356   0.000105
1312.573037   0.000013
1312.573718  -0.000245
1312.574399  -0.000006
1312.575080  -0.000451
1312.575761  -0.001315
1312.576442  -0.000189
1312.577124  -0.000817
1312.577805  -0.000223
1312.578486  -0.001063
1312.579167  -0.001184
1312.579848  -0.000629
1312.580529   0.008452
1312.581210   0.001350
1312.581892  -0.000543
1312.582573  -0.000231
1312.583254   0.000132
1312.583935  -0.003017
1312.584616   0.000299
1312.585298  -0.001948
1312.585979   0.000112
1312.586660  -0.001285
1312.587341  -0.000725
1312.588022  -0.001227
1312.588703   0.000335
1312.589384   0.000781
1312.590066   0.000006
1312.590747  -0.001040
1312.591428   0.000877
1312.592109   0.000513
1312.592790  -0.000148
1312.593471  -0.000859
1312.594153  -0.000106
1312.594834  -0.000116
1312.595515  -0.000570
1312.596196  -0.001270
1312.596877  -0.001388
1312.597558  -0.000353
1312.598239  -0.002461
1312.598921  -0.000530
1312.599602   0.000132
1312.600283   0.000364
1312.600964  -0.001923
1312.601645  -0.001310
1312.602326  -0.001640
1312.603007   0.000539
1312.603689  -0.000604
1312.604370  -0.001908
1312.605051  -0.001048
1312.605732   0.000064
1312.606413   0.000464
1312.607094  -0.001799
1312.607776  -0.001773
1312.608457  -0.000216
1312.609138  -0.000684
1312.609819  -0.000066
1312.610500  -0.000388
1312.611181   0.001078
1312.611863  -0.000655
1312.612544  -0.000227
1312.613225  -0.002430
1312.613906  -0.001982
1312.614587  -0.000997
1312.615268  -0.001020
1312.615949  -0.000476
1312.616631   0.000029
1312.617312  -0.001397
1312.617993  -0.000134
1312.618674  -0.001324
1312.619355  -0.000189
1312.620036  -0.002418
1312.620717  -0.001453
1312.621399  -0.000825
1312.622080   0.000406
1312.622761  -0.001513
1312.623442   0.000074
1312.624123  -0.002101
1312.624804   0.000006
1312.625485  -0.001358
1312.626167   0.001010
1312.626848  -0.000092
1312.627529  -0.001872
1312.628210   0.000624
1312.628891  -0.000959
1312.629572   0.001617
1312.630254  -0.000327
1312.630935  -0.001509
1312.631616   0.001043
1312.632297   0.000550
1312.632978   0.000561
1312.633659  -0.000526
1312.634341   0.002197
1312.635022   0.000254
1312.635703  -0.000793
1312.636384  -0.001502
1312.637065  -0.000333
1312.637746  -0.002707
1312.638428  -0.000561
1312.639109  -0.000383
1312.639790   0.001104
1312.640471  -0.001105
1312.641152  -0.001182
1312.641833  -0.000738
1312.642514  -0.001215
1312.643196  -0.000482
1312.643877  -0.001099
1312.644558  -0.003272
1312.645239  -0.000830
1312.645920  -0.002377
1312.646601  -0.002162
1312.647282  -0.000941
1312.647964  -0.001639
1312.648645  -0.002218
1312.649326   0.001784
1312.650007  -0.000368
1312.650688   0.002537
1312.651369   0.000034
1312.652051  -0.001169
1312.652732  -0.000791
1312.653413  -0.001153
1312.654094  -0.000428
1312.654775  -0.000115
1312.655456  -0.000037
1312.656138  -0.000988
1312.656819  -0.000959
1312.657500  -0.001543
1312.658181  -0.001984
1312.658862  -0.002460
1312.659543  -0.001058
1312.660224  -0.000856
1312.660906   0.000220
1312.661587  -0.002198
1312.662268   0.001247
1312.662949  -0.000279
1312.663630  -0.000781
1312.664311  -0.000159
1312.664992   0.000484
1312.665674   0.000213
1312.666355   0.001269
1312.667036  -0.001575
1312.667717  -0.001670
1312.668398  -0.000531
1312.669079  -0.000333
1312.669760  -0.000990
1312.670442   0.000146
1312.671123  -0.000722
1312.671804  -0.003358
1312.672485  -0.000746
1312.673166  -0.002722
1312.673848  -0.000968
1312.674529  -0.001527
1312.675210  -0.001643
1312.675891  -0.000539
1312.676572   0.000365
1312.677253  -0.001307
1312.677934  -0.001119
1312.678616  -0.001103
1312.679297  -0.001402
1312.679978  -0.000806
1312.680659  -0.002080
1312.681340  -0.000502
1312.682021  -0.000998
1312.682703  -0.001716
1312.683384  -0.001051
1312.684065  -0.000865
1312.684746  -0.001347
1312.685427  -0.000729
1312.686108  -0.000401
1312.686789  -0.000499
1312.687471  -0.001487
1312.688152   0.000954
1312.688833  -0.000320
1312.689514  -0.001097
1312.690195  -0.001353
1312.690876  -0.000833
1312.691558  -0.000822
1312.692239   0.000131
1312.692920  -0.000269
1312.693601  -0.001028
1312.694282  -0.002736
1312.694963  -0.000633
1312.695644   0.000408
1312.696326  -0.001078
1312.697007   0.000526
1312.697688  -0.001864
1312.698369   0.000784
1312.699050  -0.001813
1312.699731   0.000122
1312.700413  -0.001740
1312.701094  -0.001906
1312.701775   0.000610
1312.702456  -0.000412
1312.703137   0.000763
1312.703818   0.000228
1312.704499  -0.000549
1312.705181  -0.001999
1312.705862  -0.000676
1312.706543  -0.001296
1312.707224   0.000656
1312.707905  -0.000465
1312.708586  -0.003873
1312.709267  -0.002462
1312.709949  -0.004510
1312.710630  -0.001150
1312.711311   0.001577
1312.711992  -0.001168
1312.712673   0.000641
1312.713354  -0.001490
1312.714035  -0.001568
1312.714717  -0.000229
1312.715398  -0.001060
1312.716079  -0.001240
1312.716760  -0.000736
1312.717441  -0.001993
1312.718122  -0.002293
1312.718804  -0.001454
1312.719485  -0.001506
1312.720166  -0.000628
1312.720847   0.000301
1312.721528  -0.000499
1312.722209  -0.000263
1312.722891   0.001579
1312.723572  -0.001227
1312.724253   0.000509
1312.724934  -0.001228
1312.725615  -0.000389
1312.726296  -0.000594
1312.726978  -0.001077
1312.727659  -0.000076
1312.728340  -0.000530
1312.729021  -0.002072
1312.729702  -0.002602
1312.730383  -0.000341
1312.731064  -0.001420
1312.731746  -0.001547
1312.732427   0.001080
1312.733108  -0.001227
1312.733789  -0.000425
1312.734470   0.000329
1312.735151  -0.001532
1312.735833  -0.001188
1312.736514   0.001236
1312.737195  -0.002232
1312.737876   0.001442
1312.738557   0.000223
1312.739238  -0.001259
1312.739919  -0.001867
1312.740601  -0.001433
1312.741282   0.000734
1312.741963   0.001052
1312.742644  -0.000773
1312.743325   0.000094
1312.744006  -0.002642
1312.744688  -0.000527
1312.745369  -0.000043
1312.746050  -0.001071
1312.746731  -0.002276
1312.747412  -0.000881
1312.748093  -0.001740
1312.748774   0.000137
1312.749456  -0.001770
1312.750137   0.000326
1312.750818  -0.000616
1312.751499  -0.000457
1312.752180  -0.001467
1312.752861  -0.000443
1312.753542   0.000521
1312.754224  -0.000834
1312.754905   0.001740
1312.755586   0.000981
1312.756267  -0.001680
1312.756948   0.001522
1312.757629  -0.000422
1312.758311   0.001009
1312.758992   0.000170
1312.759673  -0.004554
1312.760354  -0.000770
1312.761035  -0.000047
1312.761716  -0.000380
1312.762397  -0.001444
1312.763079  -0.001307
1312.763760   0.000065
1312.764441  -0.000441
1312.765122  -0.001749
1312.765803  -0.002995
1312.766484  -0.001262
1312.767166  -0.002034
1312.767847  -0.000840
1312.768528  -0.001615
1312.769209  -0.001020
1312.769890  -0.000178
1312.770571   0.000360
1312.771252   0.000131
1312.771934  -0.001868
1312.772615  -0.000362
1312.773296   0.000331
1312.773977  -0.001027
1312.774658   0.001014
1312.775339  -0.000956
1312.776021   0.000503
1312.776702  -0.000843
1312.777383  -0.000936
1312.778064  -0.001375
1312.778745  -0.000521
1312.779426  -0.005091
1312.780108   0.000430
1312.780789  -0.001999
1312.781470   0.000788
1312.782151  -0.000882
1312.782832   0.000533
1312.783513  -0.000304
1312.784194  -0.002297
1312.784876   0.002200
1312.785557  -0.001100
1312.786238  -0.000556
1312.786919  -0.000315
1312.787600  -0.003430
1312.788281  -0.002365
1312.788963  -0.001036
1312.789644  -0.000562
1312.790325   0.000488
1312.791006   0.001457
1312.791687  -0.001143
1312.792368  -0.001047
1312.793049  -0.000000
1312.793731  -0.001358
1312.794412   0.000283
1312.795093  -0.000708
1312.795774  -0.002711
1312.796455  -0.000282
1312.797136  -0.000428
1312.797818  -0.000710
1312.798499  -0.000503
1312.799180  -0.001134
1312.799861  -0.001041
1312.800542  -0.000464
1312.801223   0.000295
1312.801904  -0.001782
1312.802586  -0.000930
1312.803267  -0.000355
1312.803948  -0.000735
1312.804629  -0.002124
1312.805310   0.000487
1312.805991   0.000296
1312.806673  -0.000147
1312.807354  -0.001775
1312.808035  -0.001975
1312.808716  -0.000982
1312.809397  -0.000935
1312.810078   0.000319
1312.810759  -0.000134
1312.811441  -0.001424
1312.812122  -0.000595
1312.812803   0.001412
1312.813484  -0.002464
1312.814165   0.000482
1312.814846  -0.000521
1312.815528  -0.000224
1312.816209  -0.000598
1312.816890  -0.001808
1312.817571  -0.001163
1312.818252   0.000766
1312.818933  -0.000811
1312.819615  -0.000977
1312.820296   0.000106
1312.820977  -0.000823
1312.821658   0.001541
1312.822339  -0.000066
1312.823020  -0.001619
1312.823701   0.000818
1312.824383  -0.000459
1312.825064  -0.000776
1312.825745   0.000160
1312.826426  -0.002512
1312.827107  -0.001191
1312.827788  -0.002805
1312.828469  -0.001240
1312.829151  -0.000761
1312.829832  -0.001425
1312.830513   0.000903
1312.831194  -0.001394
1312.831875  -0.000939
1312.832556  -0.002405
1312.833238  -0.001412
1312.833919  -0.000011
1312.834600  -0.000298
1312.835281  -0.001033
1312.835962  -0.001287
1312.836643   0.001897
1312.837324  -0.003820
1312.838006  -0.000652
1312.838687  -0.001516
1312.839368  -0.002054
1312.840049  -0.002441
1312.840730   0.000496
1312.841411   0.000472
1312.842093  -0.001891
1312.842774  -0.000104
1312.843455   0.000416
1312.844136   0.000595
1312.844817  -0.000991
1312.845498   0.000368
1312.846179  -0.002313
1312.846861  -0.000351
1312.847542  -0.001984
1312.848223  -0.002060
1312.848904   0.000940
1312.849585  -0.001860
1312.850266   0.000940
1312.850948  -0.001535
1312.851629  -0.001688
1312.852310  -0.000604
1312.852991  -0.001545
1312.853672  -0.001705
1312.854353  -0.001377
1312.855034  -0.001717
1312.855716  -0.001338
1312.856397   0.000425
1312.857078  -0.000116
1312.857759  -0.000751
1312.858440   0.000429
1312.859121  -0.000744
1312.859802  -0.001176
1312.860484  -0.001638
1312.861165  -0.000690
1312.861846  -0.003218
1312.862527   0.000976
1312.863208  -0.001253
1312.863889  -0.002564
1312.864571  -0.002188
1312.865252   0.000651
1312.865933  -0.002478
1312.866614  -0.000107
1312.867295   0.001132
1312.867976  -0.001811
1312.868658  -0.001310
1312.869339   0.001691
1312.870020  -0.000865
1312.870701  -0.002401
1312.871382  -0.000022
1312.872063  -0.000489
1312.872744  -0.000463
1312.873426  -0.002429
1312.874107  -0.003734
1312.874788  -0.002382
1312.875469  -0.000890
1312.876150  -0.002911
1312.876831  -0.000067
1312.877513   0.000240
1312.878194   0.001340
1312.878875  -0.000179
1312.879556  -0.000961
1312.880237  -0.001833
1312.880918  -0.002543
1312.881600  -0.001089
1312.882281   0.001383
1312.882962  -0.000325
1312.883643  -0.000655
1312.884324   0.000564
1312.885005  -0.001549
1312.885686  -0.000769
1312.886368  -0.000613
1312.887049  -0.000763
1312.887730  -0.000871
1312.888411   0.000200
1312.889092  -0.002196
1312.889773  -0.000363
1312.890454   0.000982
1312.891136  -0.000868
1312.891817  -0.001868
1312.892498  -0.000703
1312.893179  -0.000098
1312.893860  -0.002123
1312.894541  -0.000334
1312.895223  -0.001671
1312.895904  -0.002701
1312.896585  -0.001217
1312.897266  -0.000681
1312.897947  -0.001163
1312.898628  -0.002072
1312.899309  -0.000614
1312.899991  -0.003255
1312.900672  -0.000263
1312.901353  -0.002117
1312.902034  -0.001511
1312.902715  -0.002033
1312.903396  -0.001889
1312.904078  -0.001527
1312.904759  -0.001048
1312.905440  -0.001139
1312.906121  -0.001833
1312.906802  -0.002484
1312.907483  -0.001156
1312.908164  -0.001041
1312.908846  -0.001409
1312.909527  -0.001614
1312.910208   0.000039
1312.910889  -0.001997
1312.911570  -0.000762
1312.912251   0.000772
1312.912932  -0.000462
1312.913614  -0.000169
1312.914295  -0.000847
1312.914976  -0.003154
1312.915657  -0.000775
1312.916338  -0.000595
1312.917019  -0.000998
1312.917701   0.000866
1312.918382  -0.001591
1312.919063  -0.001432
1312.919744  -0.000201
1312.920425  -0.000021
1312.921106  -0.002300
1312.921788  -0.000089
1312.922469   0.000096
1312.923150   0.000973
1312.923831   0.000958
1312.924512  -0.001616
1312.925193   0.001516
1312.925875   0.000400
1312.926556  -0.001609
1312.927237  -0.001156
1312.927918  -0.000647
1312.928599  -0.001499
1312.929280  -0.001337
1312.929961   0.000068
1312.930643  -0.001459
1312.931324  -0.002060
1312.932005  -0.000311
1312.932686  -0.002008
1312.933367  -0.002607
1312.934048  -0.001280
1312.934729  -0.001305
1312.935411  -0.000796
1312.936092  -0.000969
1312.936773  -0.001385
1312.937454  -0.000637
1312.938135   0.000629
1312.938816  -0.001820
1312.939498  -0.000267
1312.940179  -0.001622
1312.940860  -0.002918
1312.941541   0.001031
1312.942222  -0.002640
1312.942903  -0.001477
1312.943584   0.000367
1312.944266  -0.000910
1312.944947   0.000263
1312.945628  -0.000239
1312.946309  -0.000437
1312.946990   0.000184
1312.947671  -0.000742
1312.948353   0.000378
1312.949034  -0.000287
1312.949715   0.000345
1312.950396  -0.000546
1312.951077  -0.001632
1312.951758  -0.001299
1312.952439  -0.001621
1312.953121  -0.001685
1312.953802  -0.000126
1312.954483  -0.001543
1312.955164   0.000223
1312.955845  -0.000365
1312.956526  -0.001543
1312.957208   0.001454
1312.957889  -0.001910
1312.958570  -0.000526
1312.959251  -0.001769
1312.959932  -0.000231
1312.960613   0.000545
1312.961295  -0.000008
1312.961976   0.001004
1312.962657  -0.003150
1312.963338  -0.000153
1312.964019   0.000066
1312.964700   0.000802
1312.965382  -0.001512
1312.966063  -0.000808
1312.966744   0.000547
1312.967425  -0.000326
1312.968106  -0.000071
1312.968787  -0.002247
1312.969468  -0.000637
1312.970150   0.000495
1312.970831  -0.000343
1312.971512  -0.002151
1312.972193  -0.001272
1312.972874   0.000538
1312.973555  -0.000734
1312.974236  -0.000348
1312.974918   0.000005
1312.975599   0.001837
1312.976280   0.000930
1312.976961  -0.000610
1312.977642   0.000562
1312.978323   0.000529
1312.979004  -0.001478
1312.979686   0.001791
1312.980367   0.000334
1312.981048  -0.002651
1312.981729  -0.001453
1312.982410  -0.001264
1312.983091   0.000888
1312.983773  -0.001061
1312.984454  -0.000677
1312.985135   0.000371
1312.985816  -0.001701
1312.986497  -0.000318
1312.987178   0.000987
1312.987860  -0.001856
1312.988541  -0.001855
1312.989222  -0.001614
1312.989903  -0.001822
1312.990584  -0.000248
1312.991265   0.001013
1312.991946  -0.001371
1312.992628  -0.001627
1312.993309   0.000583
1312.993990   0.001152
1312.994671  -0.000879
1312.995352   0.003991
1312.996033  -0.000354
1312.996714  -0.002055
1312.997396  -0.001267
1312.998077  -0.001134
1312.998758  -0.000565
1312.999439  -0.000591
1313.000120  -0.000570
1313.000801   0.000053
1313.001483   0.000417
1313.002164  -0.000966
1313.002845   0.001180
1313.003526  -0.000294
1313.004207  -0.000783
1313.004888   0.000899
1313.005569  -0.002991
1313.006251  -0.002452
1313.006932  -0.001650
1313.007613  -0.001580
1313.008294   0.000883
1313.008975  -0.000061
1313.009657  -0.000127
1313.010338   0.000045
1313.011019  -0.000102
1313.011700   0.000975
1313.012381   0.000207
1313.013062  -0.001595
1313.013743   0.000828
1313.014425   0.001568
1313.015106  -0.001628
1313.015787   0.000147
1313.016468   0.000334
1313.017149   0.001456
1313.017830   0.000596
1313.018511  -0.001640
1313.019193  -0.001733
1313.019874  -0.001319
1313.020555  -0.000840
1313.021236  -0.000240
1313.021917  -0.000182
1313.022598  -0.000131
1313.023279  -0.000493
1313.023961  -0.000803
1313.024642  -0.001382
1313.025323  -0.000511
1313.026004  -0.002971
1313.026685  -0.001337
1313.027366   0.000924
1313.028048  -0.001230
1313.028729   0.001834
1313.029410  -0.000155
1313.030091  -0.001694
1313.030772  -0.001210
1313.031453  -0.001242
1313.032135   0.001228
1313.032816   0.000051
1313.033497  -0.000225
1313.034178   0.000635
1313.034859  -0.001189
1313.035540   0.000215
1313.036221  -0.001010
1313.036903   0.001597
1313.037584  -0.001192
1313.038265  -0.002903
1313.038946  -0.000993
1313.039627  -0.000463
1313.040308  -0.002773
1313.040989  -0.000043
1313.041671  -0.000405
1313.042352  -0.001970
1313.043033  -0.001225
1313.043714   0.000706
1313.044395  -0.001624
1313.045076  -0.000818
1313.045758   0.000056
1313.046439  -0.001161
1313.047120  -0.001445
1313.047801   0.001459
1313.048482  -0.001408
1313.049163   0.001665
1313.049845  -0.001562
1313.050526  -0.001424
1313.051207  -0.000407
1313.051888  -0.000318
1313.052569  -0.000076
1313.053250  -0.001263
1313.053931  -0.001119
1313.054613  -0.000285
1313.055294  -0.002203
1313.055975  -0.001926
1313.056656   0.000660
1313.057337  -0.001695
1313.058018   0.000518
1313.058700  -0.001090
1313.059381  -0.000311
1313.060062   0.000216
1313.060743  -0.000859
1313.061424  -0.002620
1313.062105  -0.000930
1313.062786  -0.001413
1313.063468  -0.001952
1313.064149   0.000202
1313.064830  -0.002414
1313.065511  -0.001273
1313.066192  -0.000337
1313.066873  -0.001373
1313.067554  -0.000545
1313.068236  -0.000703
1313.068917  -0.001096
1313.069598  -0.000213
1313.070279   0.000068
1313.070960  -0.000211
1313.071642   0.000841
1313.072323   0.000335
1313.073004  -0.001075
1313.073685   0.000951
1313.074366  -0.000473
1313.075047  -0.001198
1313.075728  -0.000820
1313.076410   0.000028
1313.077091  -0.000117
1313.077772  -0.000830
1313.078453   0.000377
1313.079134  -0.000541
1313.079815  -0.001009
1313.080496  -0.000631
1313.081178   0.000255
1313.081859   0.000534
1313.082540  -0.000474
1313.083221  -0.001579
1313.083902   0.000270
1313.084583   0.000232
1313.085264  -0.000955
1313.085946  -0.000386
1313.086627  -0.001898
1313.087308   0.000185
1313.087989  -0.002625
1313.088670  -0.001371
1313.089351  -0.000773
1313.090033  -0.003557
1313.090714  -0.001421
1313.091395  -0.001262
1313.092076  -0.001301
1313.092757  -0.001832
1313.093438  -0.001266
1313.094120  -0.001721
1313.094801  -0.000626
1313.095482  -0.000531
1313.096163  -0.002197
1313.096844  -0.000344
1313.097525  -0.002355
1313.098207  -0.002337
1313.098888  -0.000547
1313.099569   0.000245
1313.100250  -0.000109
1313.100931  -0.000491
1313.101612  -0.000433
1313.102293  -0.001643
1313.102975  -0.002237
1313.103656  -0.000572
1313.104337   0.000015
1313.105018   0.000702
1313.105699   0.001001
1313.106380  -0.001255
1313.107061  -0.000620
1313.107743  -0.001077
1313.108424   0.000349
1313.109105  -0.000240
1313.109786  -0.000290
1313.110467   0.000303
1313.111148  -0.001382
1313.111830  -0.000024
1313.112511  -0.002365
1313.113192  -0.001509
1313.113873   0.000122
1313.114554   0.000437
1313.115235  -0.000805
1313.115917  -0.000988
1313.116598  -0.001173
1313.117279  -0.000437
1313.117960  -0.001319
1313.118641  -0.000040
1313.119322  -0.002645
1313.120003  -0.000338
1313.120685  -0.000816
1313.121366  -0.000404
1313.122047   0.000075
1313.122728  -0.000818
1313.123409  -0.002290
1313.124090  -0.002833
1313.124771  -0.001210
1313.125453  -0.001365
1313.126134  -0.002208
1313.126815  -0.002164
1313.127496   0.000060
1313.128177  -0.001344
1313.128858  -0.000405
1313.129539   0.000799
1313.130221  -0.002469
1313.130902  -0.001939
1313.131583   0.000176
1313.132264  -0.002598
1313.132945  -0.001495
1313.133626   0.001046
1313.134308   0.000154
1313.134989  -0.001253
1313.135670  -0.001228
1313.136351   0.001113
1313.137032   0.000108
1313.137713   0.001634
1313.138395   0.001729
1313.139076  -0.002216
1313.139757  -0.000151
1313.140438  -0.000666
1313.141119  -0.002314
1313.141800  -0.001203
1313.142481  -0.001155
1313.143163  -0.000317
1313.143844   0.000149
1313.144525  -0.001403
1313.145206  -0.000489
1313.145887  -0.002100
1313.146568  -0.000904
1313.147249   0.000756
1313.147931  -0.000117
1313.148612  -0.000206
1313.149293  -0.002758
1313.149974   0.000782
1313.150655   0.000896
1313.151336   0.000112
1313.152018  -0.000333
1313.152699  -0.002238
1313.153380  -0.001748
1313.154061  -0.000405
1313.154742  -0.000022
1313.155423  -0.002329
1313.156105  -0.001346
1313.156786   0.000577
1313.157467  -0.002304
1313.158148  -0.001862
1313.158829  -0.001569
1313.159510  -0.001224
1313.160192  -0.000801
1313.160873  -0.001586
1313.161554   0.000182
1313.162235  -0.002437
1313.162916   0.000369
1313.163597   0.000595
1313.164278  -0.000582
1313.164960  -0.001059
1313.165641  -0.000905
1313.166322   0.000296
1313.167003   0.001816
1313.167684  -0.000270
1313.168365   0.000749
1313.169046  -0.000822
1313.169728  -0.001001
1313.170409  -0.001478
1313.171090  -0.002121
1313.171771  -0.000818
1313.172452   0.002008
1313.173133  -0.000635
1313.173814   0.000309
1313.174496  -0.000911
1313.175177  -0.001352
1313.175858   0.000025
1313.176539  -0.000236
1313.177220  -0.001441
1313.177901  -0.001627
1313.178583  -0.002901
1313.179264  -0.000536
1313.179945  -0.001155
1313.180626   0.000209
1313.181307  -0.001699
1313.181988   0.001003
1313.182670  -0.000176
1313.183351  -0.001018
1313.184032   0.000170
1313.184713   0.000896
1313.185394  -0.000107
1313.186075  -0.000182
1313.186756   0.000073
1313.187438  -0.001232
1313.188119  -0.000177
1313.188800   0.000918
1313.189481   0.000581
1313.190162  -0.002036
1313.190843   0.000327
1313.191525  -0.002479
1313.192206  -0.000257
1313.192887   0.001671
1313.193568  -0.000821
1313.194249  -0.002416
1313.194930   0.000473
1313.195611  -0.001583
1313.196293   0.000918
1313.196974  -0.000823
1313.197655   0.000897
1313.198336  -0.000515
1313.199017  -0.001576
1313.199698  -0.002698
1313.200380  -0.000219
1313.201061   0.000098
1313.201742   0.001334
1313.202423  -0.000066
1313.203104  -0.002897
1313.203785  -0.000223
1313.204467  -0.000147
1313.205148  -0.001533
1313.205829   0.000341
1313.206510  -0.000448
1313.207191  -0.000623
1313.207872  -0.001081
1313.208553  -0.001689
1313.209235   0.000635
1313.209916   0.001154
1313.210597  -0.000633
1313.211278  -0.003315
1313.211959  -0.002346
1313.212640  -0.002783
1313.213321   0.000818
1313.214003  -0.001033
1313.214684  -0.001638
1313.215365  -0.001255
1313.216046  -0.001061
1313.216727  -0.000696
1313.217408  -0.001030
1313.218089   0.000605
1313.218771  -0.000055
1313.219452  -0.000259
1313.220133  -0.000387
1313.220814  -0.001490
1313.221495  -0.001078
1313.222176  -0.000650
1313.222858   0.000245
1313.223539  -0.000928
1313.224220  -0.001860
1313.224901  -0.000283
1313.225582  -0.002132
1313.226263  -0.003999
1313.226945   0.000149
1313.227626  -0.001121
1313.228307  -0.000477
1313.228988   0.000452
1313.229669  -0.000574
1313.230350  -0.000546
1313.231031   0.000169
1313.231713  -0.001108
1313.232394  -0.001238
1313.233075  -0.000493
1313.233756   0.000900
1313.234437  -0.002975
1313.235118  -0.001265
1313.235799   0.000309
1313.236481  -0.000246
1313.237162   0.000517
1313.237843  -0.000311
1313.238524   0.000061
1313.239205  -0.000055
1313.239886   0.000003
1313.240568   0.000081
1313.241249  -0.000312
1313.241930  -0.000110
1313.242611   0.000748
1313.243292  -0.000961
1313.243973  -0.001630
1313.244655  -0.001181
1313.245336   0.000351
1313.246017  -0.001227
1313.246698  -0.001374
1313.247379  -0.000661
1313.248060  -0.001804
1313.248742   0.000145
1313.249423  -0.000569
1313.250104  -0.001052
1313.250785   0.000436
1313.251466  -0.000804
1313.252147   0.000329
1313.252828  -0.002028
1313.253510  -0.000918
1313.254191  -0.002789
1313.254872   0.002881
1313.255553  -0.000464
1313.256234  -0.002179
1313.256915  -0.000972
1313.257596  -0.002038
1313.258278  -0.000991
1313.258959   0.000041
1313.259640  -0.001142
1313.260321  -0.000698
1313.261002  -0.001288
1313.261683  -0.000192
1313.262365  -0.001038
1313.263046  -0.000914
1313.263727   0.000495
1313.264408  -0.001064
1313.265089   0.000720
1313.265770   0.000270
1313.266452  -0.003910
1313.267133  -0.000179
1313.267814  -0.000131
1313.268495  -0.000719
1313.269176  -0.002074
1313.269857  -0.000603
1313.270538  -0.000749
1313.271220  -0.001273
1313.271901  -0.000847
1313.272582  -0.000116
1313.273263  -0.000644
1313.273944   0.000372
1313.274625  -0.000904
1313.275306   0.000101
1313.275988  -0.003134
1313.276669  -0.001016
1313.277350  -0.001054
1313.278031  -0.002042
1313.278712  -0.000055
1313.279393   0.000887
1313.280075  -0.001344
1313.280756  -0.001919
1313.281437  -0.001108
1313.282118  -0.000368
1313.282799  -0.001059
1313.283480  -0.001107
1313.284161  -0.001486
1313.284843  -0.001793
1313.285524  -0.000665
1313.286205   0.000292
1313.286886  -0.001155
1313.287567   0.000146
1313.288248   0.000698
1313.288930  -0.000860
1313.289611   0.001316
1313.290292  -0.000109
1313.290973   0.000157
1313.291654  -0.000888
1313.292335  -0.001251
1313.293017  -0.001467
1313.293698  -0.000697
1313.294379   0.001138
1313.295060  -0.000417
1313.295741  -0.001377
1313.296422   0.000509
1313.297103   0.000166
1313.297785  -0.001603
1313.298466   0.000096
1313.299147   0.000759
1313.299828  -0.001206
1313.300509   0.000372
1313.301190   0.001222
1313.301871  -0.001220
1313.302553  -0.002583
1313.303234  -0.000798
1313.303915  -0.002241
1313.304596   0.000022
1313.305277  -0.000902
1313.305958  -0.001666
1313.306640  -0.001682
1313.307321  -0.001959
1313.308002  -0.001645
1313.308683   0.002115
1313.309364  -0.002124
1313.310045  -0.000177
1313.310727   0.000041
1313.311408   0.000131
1313.312089  -0.000461
1313.312770  -0.000846
1313.313451  -0.000166
1313.314132  -0.000394
1313.314813   0.000407
1313.315495  -0.000590
1313.316176   0.000856
1313.316857   0.000222
1313.317538  -0.001744
1313.318219  -0.000430
1313.318900   0.000186
1313.319581  -0.000592
1313.320263  -0.002549
1313.320944  -0.002957
1313.321625  -0.000300
1313.322306  -0.000029
1313.322987  -0.001878
1313.323668  -0.001345
1313.324349   0.001168
1313.325031  -0.000729
1313.325712  -0.003024
1313.326393  -0.000317
1313.327074  -0.000386
1313.327755   0.000153
1313.328437  -0.000415
1313.329118  -0.001508
1313.329799  -0.000858
1313.330480  -0.000239
1313.331161  -0.000228
1313.331842   0.002336
1313.332523  -0.000123
1313.333205  -0.001873
1313.333886  -0.001917
1313.334567  -0.000066
1313.335248  -0.000397
1313.335929   0.000016
1313.336610  -0.000772
1313.337292  -0.000375
1313.337973  -0.000396
1313.338654  -0.001052
1313.339335  -0.001525
1313.340016   0.000134
1313.340697  -0.001682
1313.341378  -0.001813
1313.342060  -0.001132
1313.342741  -0.000489
1313.343422  -0.002349
1313.344103  -0.002222
1313.344784  -0.001034
1313.345465   0.000289
1313.346146  -0.001955
1313.346828   0.000324
1313.347509  -0.000090
1313.348190  -0.000200
1313.348871   0.000230
1313.349552   0.000819
1313.350233  -0.002429
1313.350915  -0.002949
1313.351596   0.000261
1313.352277  -0.000396
1313.352958  -0.001160
1313.353639  -0.002095
1313.354320   0.000119
1313.355002   0.001378
1313.355683  -0.000630
1313.356364  -0.001605
1313.357045  -0.001767
1313.357726  -0.001804
1313.358407   0.001015
1313.359088   0.000399
1313.359770  -0.001720
1313.360451  -0.001358
1313.361132  -0.001707
1313.361813  -0.001954
1313.362494  -0.000612
1313.363175  -0.000389
1313.363856  -0.002436
1313.364538  -0.001538
1313.365219  -0.000809
1313.365900  -0.000021
1313.366581  -0.001167
1313.367262   0.000664
1313.367943  -0.000316
1313.368625  -0.001120
1313.369306  -0.000469
1313.369987   0.000227
1313.370668  -0.001049
1313.371349  -0.002777
1313.372030   0.000899
1313.372711  -0.000523
1313.373393  -0.002803
1313.374074   0.000847
1313.374755  -0.000473
1313.375436   0.001469
1313.376117   0.000884
1313.376798   0.000627
1313.377480   0.000077
1313.378161  -0.000677
1313.378842  -0.001124
1313.379523  -0.000418
1313.380204  -0.002336
1313.380885   0.000166
1313.381567  -0.001425
1313.382248  -0.002277
1313.382929  -0.002141
1313.383610  -0.000311
1313.384291  -0.001449
1313.384972  -0.002033
1313.385653  -0.000599
1313.386335   0.000472
1313.387016  -0.002163
1313.387697   0.000370
1313.388378   0.000841
1313.389059  -0.000545
1313.389740  -0.001276
1313.390422   0.001203
1313.391103   0.000006
1313.391784   0.000135
1313.392465  -0.001262
1313.393146  -0.000943
1313.393827   0.000809
1313.394508  -0.001062
1313.395190  -0.001392
1313.395871   0.000086
1313.396552  -0.001606
1313.397233  -0.000794
1313.397914   0.000246
1313.398595  -0.000745
1313.399277  -0.000758
1313.399958  -0.002436
1313.400639  -0.000707
1313.401320  -0.000670
1313.402001  -0.002384
1313.402682   0.000012
1313.403363   0.000058
1313.404045  -0.001329
1313.404726  -0.001505
1313.405407  -0.002897
1313.406088  -0.001233
1313.406769  -0.000192
1313.407450   0.000984
1313.408131   0.000306
1313.408813  -0.005511
1313.409494  -0.001597
1313.410175  -0.000681
1313.410856   0.000025
1313.411537  -0.000634
1313.412218   0.000668
1313.412900  -0.001293
1313.413581  -0.000262
1313.414262  -0.000243
1313.414943   0.000643
1313.415624   0.000445
1313.416305  -0.000862
1313.416987  -0.000885
1313.417668  -0.000755
1313.418349   0.000296
1313.419030  -0.000246
1313.419711  -0.000748
1313.420392   0.000730
1313.421074  -0.001699
1313.421755  -0.001859
1313.422436  -0.000387
1313.423117  -0.000335
1313.423798   0.000410
1313.424479  -0.000991
1313.425160  -0.000869
1313.425842   0.000888
1313.426523  -0.001640
1313.427204   0.001012
1313.427885  -0.002463
1313.428566  -0.000472
1313.429247  -0.000046
1313.429928   0.000286
1313.430610   0.000491
1313.431291  -0.001815
1313.431972  -0.000672
1313.432653  -0.000744
1313.433334  -0.002203
1313.434015  -0.000371
1313.434697  -0.000591
1313.435378  -0.000107
1313.436059  -0.000485
1313.436740  -0.000448
1313.437421  -0.000237
1313.438102  -0.000059
1313.438783  -0.000930
1313.439465  -0.000300
1313.440146  -0.001041
1313.440827   0.000977
1313.441508   0.000248
1313.442189   0.000504
1313.442870   0.000906
1313.443552  -0.002092
1313.444233  -0.000265
1313.444914  -0.000635
1313.445595   0.000737
1313.446276  -0.000013
