1224.901281  -0.002552
1224.901962  -0.001311
1224.902643  -0.002279
1224.903324  -0.000347
1224.904005  -0.000960
1224.904686  -0.002284
1224.905367  -0.000609
1224.906049  -0.001262
1224.906730  -0.001433
1224.907411   0.000179
1224.908092   0.001027
1224.908773   0.000503
1224.909454   0.000123
1224.910135   0.000725
1224.910816   0.000343
1224.911497   0.000705
1224.912179  -0.000810
1224.912860  -0.001648
1224.913541  -0.000620
1224.914222  -0.000688
1224.914903  -0.001398
1224.915584  -0.001676
1224.916265  -0.001533
1224.916946  -0.000850
1224.917628  -0.001463
1224.918309  -0.001221
1224.918990  -0.000572
1224.919671   0.001345
1224.920352  -0.000732
1224.921033  -0.001900
1224.921714   0.001852
1224.922395   0.000270
1224.923077   0.000045
1224.923758  -0.001423
1224.924439  -0.000247
1224.925120  -0.001565
1224.925801  -0.000475
1224.926482  -0.001996
1224.927163  -0.002583
1224.927844  -0.000395
1224.928525  -0.001248
1224.929206  -0.001103
1224.929888  -0.000227
1224.930569  -0.002337
1224.931250  -0.002850
1224.931931  -0.000182
1224.932612  -0.001117
1224.933293  -0.000578
1224.933974  -0.001439
1224.934656  -0.000745
1224.935337  -0.001575
1224.936018  -0.000631
1224.936699  -0.000230
1224.937380  -0.001175
1224.938061  -0.004120
1224.938742  -0.001285
1224.939423   0.000717
1224.940105   0.000213
1224.940786  -0.000523
1224.941467   0.000297
1224.942148  -0.001522
1224.942829  -0.001167
1224.943510  -0.000373
1224.944191  -0.000094
1224.944872  -0.001567
1224.945553   0.000128
1224.946235  -0.000089
1224.946916  -0.002167
1224.947597  -0.001670
1224.948278  -0.002552
1224.948959  -0.002182
1224.949640   0.000264
1224.950321  -0.001471
1224.951002   0.000626
1224.951683  -0.001322
1224.952365  -0.000669
1224.953046  -0.000611
1224.953727   0.000315
1224.954408   0.000382
1224.955089  -0.003413
1224.955770  -0.001646
1224.956451  -0.000265
1224.957132  -0.000720
1224.957814   0.000768
1224.958495  -0.001447
1224.959176  -0.000064
1224.959857  -0.000047
1224.960538  -0.000806
1224.961219  -0.000142
1224.961900  -0.001140
1224.962581  -0.002239
1224.963263  -0.001428
1224.963944  -0.000512
1224.964625  -0.001360
1224.965306  -0.001891
1224.965987   0.000207
1224.966668   0.001404
1224.967349  -0.000914
1224.968030  -0.000445
1224.968711   0.000810
1224.969393  -0.002622
1224.970074  -0.001022
1224.970755  -0.000341
1224.971436   0.001057
1224.972117  -0.001974
1224.972798  -0.000344
1224.973479  -0.000063
1224.974160   0.000198
1224.974842   0.000205
1224.975523  -0.001569
1224.976204  -0.001095
1224.976885  -0.000669
1224.977566   0.000091
1224.978247  -0.001342
1224.978928   0.000229
1224.979609   0.000882
1224.980291  -0.002833
1224.980972   0.000726
1224.981653  -0.001359
1224.982334  -0.001771
1224.983015  -0.000417
1224.983696  -0.001632
1224.984377  -0.000521
1224.985058   0.001085
1224.985739  -0.001108
1224.986421  -0.000029
1224.987102   0.001275
1224.987783   0.002766
1224.988464  -0.002785
1224.989145   0.000526
1224.989826   0.000186
1224.990507  -0.001527
1224.991188  -0.001376
1224.991870  -0.000202
1224.992551  -0.000937
1224.993232  -0.002078
1224.993913   0.000372
1224.994594  -0.000462
1224.995275   0.000487
1224.995956   0.000168
1224.996637  -0.002519
1224.997319  -0.000503
1224.998000   0.000836
1224.998681  -0.000160
1224.999362  -0.001394
1225.000043   0.000047
1225.000724  -0.001650
1225.001405  -0.000473
1225.002086  -0.000702
1225.002768  -0.000122
1225.003449   0.000236
1225.004130  -0.000599
1225.004811  -0.000080
1225.005492   0.000257
1225.006173  -0.000378
1225.006854   0.001135
1225.007535  -0.000301
1225.008216  -0.001106
1225.008898   0.000599
1225.009579  -0.000964
1225.010260  -0.001488
1225.010941  -0.002201
1225.011622  -0.000881
1225.012303  -0.001788
1225.012984   0.000011
1225.013665   0.000873
1225.014347  -0.000394
1225.015028  -0.001252
1225.015709   0.000878
1225.016390   0.000712
1225.017071   0.000570
1225.017752  -0.000003
1225.018433  -0.000151
1225.019114  -0.002693
1225.019795   0.001134
1225.020477  -0.003661
1225.021158  -0.001110
1225.021839  -0.001570
1225.022520   0.000608
1225.023201  -0.001822
1225.023882  -0.000782
1225.024563  -0.000324
1225.025244   0.000191
1225.025926  -0.001544
1225.026607  -0.001736
1225.027288  -0.001323
1225.027969   0.000137
1225.028650   0.000137
1225.029331  -0.000700
1225.030012  -0.001274
1225.030693  -0.000157
1225.031375   0.000876
1225.032056  -0.002232
1225.032737  -0.002285
1225.033418  -0.001965
1225.034099   0.001047
1225.034780  -0.002131
1225.035461  -0.000361
1225.036142  -0.001274
1225.036824  -0.001567
1225.037505  -0.000748
1225.038186   0.000076
1225.038867  -0.001680
1225.039548   0.001314
1225.040229  -0.002033
1225.040910  -0.002019
1225.041591   0.001058
1225.042272   0.001244
1225.042954   0.002684
1225.043635  -0.000133
1225.044316  -0.002768
1225.044997  -0.001411
1225.045678   0.001547
1225.046359  -0.001653
1225.047040   0.000401
1225.047721  -0.001571
1225.048403  -0.003042
1225.049084  -0.001136
1225.049765   0.000766
1225.050446   0.000321
1225.051127  -0.000486
1225.051808   0.000258
1225.052489  -0.001004
1225.053170  -0.000808
1225.053852  -0.001022
1225.054533  -0.002712
1225.055214  -0.000821
1225.055895   0.000768
1225.056576   0.000626
1225.057257  -0.000280
1225.057938  -0.001906
1225.058619   0.000798
1225.059300  -0.001768
1225.059982  -0.001214
1225.060663  -0.001367
1225.061344  -0.000758
1225.062025  -0.001071
1225.062706  -0.000577
1225.063387  -0.001068
1225.064068  -0.001303
1225.064749  -0.002016
1225.065431  -0.001338
1225.066112  -0.001995
1225.066793  -0.000222
1225.067474  -0.000927
1225.068155  -0.002033
1225.068836  -0.001315
1225.069517   0.002030
1225.070198  -0.002612
1225.070879   0.000887
1225.071561   0.000102
1225.072242  -0.000663
1225.072923  -0.002630
1225.073604   0.000293
1225.074285  -0.000841
1225.074966   0.000073
1225.075647  -0.001482
1225.076328   0.001384
1225.077010  -0.001220
1225.077691  -0.002359
1225.078372  -0.001020
1225.079053   0.000121
1225.079734   0.001658
1225.080415  -0.002209
1225.081096  -0.000359
1225.081777  -0.001588
1225.082459   0.000197
1225.083140   0.001018
1225.083821  -0.001259
1225.084502  -0.001142
1225.085183  -0.000805
1225.085864  -0.001288
1225.086545  -0.001175
1225.087226  -0.002559
1225.087908   0.000479
1225.088589  -0.000111
1225.089270  -0.001077
1225.089951  -0.000709
1225.090632   0.000683
1225.091313  -0.000304
1225.091994  -0.000483
1225.092675  -0.001758
1225.093356  -0.000537
1225.094038  -0.001651
1225.094719  -0.001046
1225.095400  -0.001122
1225.096081   0.000223
1225.096762   0.001499
1225.097443  -0.001196
1225.098124  -0.000696
1225.098805   0.000555
1225.099487  -0.001520
1225.100168  -0.001620
1225.100849  -0.001338
1225.101530  -0.000007
1225.102211   0.000351
1225.102892   0.000513
1225.103573  -0.000899
1225.104254   0.000560
1225.104936   0.000130
1225.105617  -0.002459
1225.106298   0.000488
1225.106979  -0.001799
1225.107660  -0.001386
1225.108341  -0.002171
1225.109022  -0.002449
1225.109703   0.000191
1225.110384   0.000268
1225.111066  -0.000686
1225.111747   0.000471
1225.112428  -0.002654
1225.113109   0.001362
1225.113790  -0.002256
1225.114471  -0.001328
1225.115152  -0.000902
1225.115833  -0.001726
1225.116515  -0.000396
1225.117196   0.001165
1225.117877  -0.000916
1225.118558  -0.000934
1225.119239  -0.000965
1225.119920  -0.000850
1225.120601  -0.001591
1225.121282  -0.002181
1225.121964  -0.002539
1225.122645  -0.001771
1225.123326  -0.000925
1225.124007  -0.001583
1225.124688   0.000297
1225.125369  -0.000309
1225.126050   0.000640
1225.126731  -0.001917
1225.127412  -0.000650
1225.128094  -0.001283
1225.128775  -0.001325
1225.129456   0.000309
1225.130137   0.000437
1225.130818  -0.003057
1225.131499   0.000237
1225.132180  -0.001786
1225.132861  -0.000924
1225.133543  -0.002067
1225.134224  -0.000869
1225.134905   0.001242
1225.135586  -0.001858
1225.136267  -0.000855
1225.136948  -0.000206
1225.137629  -0.001424
1225.138310   0.000010
1225.138992  -0.001165
1225.139673   0.000548
1225.140354  -0.000515
1225.141035  -0.000721
1225.141716  -0.001303
1225.142397  -0.003139
1225.143078  -0.000262
1225.143759  -0.001165
1225.144441  -0.000656
1225.145122  -0.000026
1225.145803  -0.000092
1225.146484  -0.001068
1225.147165  -0.000304
1225.147846  -0.001356
1225.148527   0.000638
1225.149208   0.000304
1225.149889  -0.001112
1225.150571  -0.001974
1225.151252  -0.001138
1225.151933  -0.001267
1225.152614  -0.001850
1225.153295  -0.001546
1225.153976   0.000663
1225.154657  -0.000998
1225.155338  -0.002156
1225.156020   0.000885
1225.156701  -0.001099
1225.157382  -0.001105
1225.158063  -0.000662
1225.158744  -0.002287
1225.159425   0.000603
1225.160106   0.000296
1225.160787  -0.001209
1225.161469  -0.000025
1225.162150  -0.000253
1225.162831  -0.001063
1225.163512   0.000124
1225.164193  -0.001053
1225.164874  -0.000679
1225.165555  -0.000174
1225.166236  -0.001191
1225.166917   0.000483
1225.167599   0.000116
1225.168280  -0.000800
1225.168961  -0.001895
1225.169642  -0.001089
1225.170323   0.001802
1225.171004  -0.001024
1225.171685  -0.000079
1225.172366   0.001506
1225.173048  -0.001557
1225.173729   0.000146
1225.174410  -0.000235
1225.175091  -0.001252
1225.175772  -0.000099
1225.176453   0.000533
1225.177134  -0.002040
1225.177815  -0.000891
1225.178497  -0.000599
1225.179178  -0.000362
1225.179859  -0.001209
1225.180540  -0.000307
1225.181221  -0.000259
1225.181902  -0.000091
1225.182583   0.001031
1225.183264  -0.002116
1225.183945  -0.000859
1225.184627   0.001054
1225.185308  -0.000141
1225.185989  -0.000385
1225.186670  -0.001385
1225.187351  -0.001532
1225.188032   0.001642
1225.188713  -0.000427
1225.189394   0.000745
1225.190075  -0.001931
1225.190757  -0.003889
1225.191438  -0.000428
1225.192119   0.000196
1225.192800   0.001120
1225.193481   0.000303
1225.194162  -0.000328
1225.194843  -0.002349
1225.195524   0.000904
1225.196206   0.000771
1225.196887   0.000415
1225.197568  -0.000474
1225.198249  -0.000281
1225.198930  -0.001562
1225.199611   0.001297
1225.200292  -0.001751
1225.200974  -0.000695
1225.201655  -0.001215
1225.202336   0.000013
1225.203017  -0.002170
1225.203698  -0.000801
1225.204379  -0.002037
1225.205060  -0.000980
1225.205741  -0.001530
1225.206422   0.000540
1225.207103  -0.000837
1225.207785  -0.001812
1225.208466  -0.002690
1225.209147  -0.001325
1225.209828  -0.000057
1225.210509   0.000289
1225.211190  -0.000604
1225.211871  -0.002577
1225.212552   0.001020
1225.213234  -0.002050
1225.213915   0.000718
1225.214596   0.000492
1225.215277  -0.000056
1225.215958  -0.000234
1225.216639  -0.000812
1225.217320  -0.000257
1225.218001   0.001312
1225.218682  -0.000980
1225.219364  -0.001039
1225.220045  -0.000803
1225.220726  -0.001065
1225.221407  -0.001401
1225.222088   0.000295
1225.222769  -0.002077
1225.223450  -0.001810
1225.224131  -0.001225
1225.224813  -0.000811
1225.225494  -0.001293
1225.226175  -0.000627
1225.226856   0.000026
1225.227537  -0.002787
1225.228218  -0.003820
1225.228899  -0.001697
1225.229580   0.000099
1225.230262   0.000541
1225.230943  -0.001511
1225.231624  -0.001358
1225.232305  -0.001622
1225.232986  -0.000332
1225.233667  -0.001160
1225.234348  -0.002261
1225.235029  -0.001299
1225.235711  -0.001432
1225.236392  -0.000058
1225.237073  -0.001701
1225.237754  -0.001019
1225.238435  -0.000338
1225.239116   0.000526
1225.239797  -0.001142
1225.240478  -0.000353
1225.241159  -0.000649
1225.241841  -0.000182
1225.242522  -0.000787
1225.243203  -0.000239
1225.243884  -0.000537
1225.244565   0.000668
1225.245246  -0.001033
1225.245927  -0.002512
1225.246608  -0.000519
1225.247290   0.001605
1225.247971  -0.000096
1225.248652  -0.002964
1225.249333  -0.001774
1225.250014   0.000539
1225.250695  -0.000169
1225.251376  -0.002440
1225.252057  -0.000579
1225.252739  -0.001857
1225.253420  -0.000539
1225.254101   0.000203
1225.254782   0.000416
1225.255463  -0.000397
1225.256144   0.000878
1225.256825   0.000750
1225.257506  -0.000519
1225.258187  -0.000603
1225.258869  -0.001555
1225.259550  -0.001924
1225.260231  -0.000955
1225.260912   0.000976
1225.261593  -0.000829
1225.262274  -0.001373
1225.262955  -0.001574
1225.263636  -0.001309
1225.264318  -0.001043
1225.264999  -0.000228
1225.265680  -0.000249
1225.266361  -0.001320
1225.267042  -0.001819
1225.267723  -0.001167
1225.268404  -0.000619
1225.269085  -0.000952
1225.269767   0.000134
1225.270448  -0.002160
1225.271129   0.001333
1225.271810  -0.000584
1225.272491   0.000613
1225.273172  -0.002004
1225.273853  -0.000916
1225.274534  -0.000879
1225.275216   0.000706
1225.275897  -0.000297
1225.276578   0.000282
1225.277259  -0.000677
1225.277940  -0.000858
1225.278621   0.000832
1225.287476  -0.000697
1225.288157  -0.000628
1225.288838  -0.001743
1225.289519  -0.002191
1225.290200   0.000739
1225.290881  -0.002867
1225.291562   0.001274
1225.292244  -0.001274
1225.292925  -0.000855
1225.293606  -0.000988
1225.294287  -0.001570
1225.294968  -0.001236
1225.295649   0.000691
1225.296330   0.000643
1225.297011  -0.001640
1225.297693  -0.001988
1225.298374   0.000604
1225.299055  -0.001172
1225.299736  -0.000019
1225.300417  -0.001334
1225.301098  -0.000368
1225.301779   0.001046
1225.302460  -0.000474
1225.303142  -0.000699
1225.303823  -0.000511
1225.304504   0.000916
1225.305185  -0.000040
1225.305866  -0.001998
1225.306547  -0.000986
1225.307228   0.000363
1225.307909  -0.002543
1225.308590   0.001969
1225.309272  -0.001319
1225.309953  -0.000758
1225.310634  -0.001318
1225.311315  -0.001106
1225.311996  -0.001466
1225.312677  -0.000804
1225.313358  -0.000762
1225.314039   0.001172
1225.314721   0.000468
1225.315402   0.000961
1225.316083   0.000540
1225.316764  -0.000121
1225.317445  -0.001037
1225.318126   0.000120
1225.318807  -0.000720
1225.319488   0.000009
1225.320170  -0.002592
1225.320851  -0.001050
1225.321532  -0.000787
1225.322213  -0.000572
1225.322894   0.000797
1225.323575  -0.001184
1225.324256   0.000364
1225.324937  -0.001291
1225.325618  -0.000715
1225.326300  -0.000447
1225.326981  -0.003008
1225.327662   0.000152
1225.328343  -0.001716
1225.329024  -0.001621
1225.329705  -0.001258
1225.330386  -0.001363
1225.331067  -0.001697
1225.331749  -0.003225
1225.332430  -0.001702
1225.333111  -0.000805
1225.333792  -0.000855
1225.334473  -0.001309
1225.335154  -0.002016
1225.335835   0.002013
1225.336516  -0.001680
1225.337198  -0.001399
1225.337879  -0.001555
1225.338560  -0.001233
1225.339241  -0.002842
1225.339922   0.000227
1225.340603  -0.001531
1225.341284  -0.001762
1225.341965   0.000228
1225.342646   0.000865
1225.343328   0.000321
1225.344009   0.000246
1225.344690  -0.001137
1225.345371  -0.002581
1225.346052  -0.001025
1225.346733  -0.001418
1225.347414  -0.001226
1225.348095   0.000931
1225.348777  -0.002583
1225.349458   0.000286
1225.350139  -0.000762
1225.350820   0.000204
1225.351501  -0.000709
1225.352182   0.002163
1225.352863  -0.002989
1225.353544  -0.002315
1225.354226  -0.001716
1225.354907  -0.000666
1225.355588   0.000327
1225.356269  -0.000685
1225.356950  -0.001629
1225.357631   0.001315
1225.358312  -0.002095
1225.358993   0.000266
1225.359674   0.000548
1225.360356  -0.001090
1225.361037  -0.000267
1225.361718  -0.001479
1225.362399  -0.000185
1225.363080  -0.000756
1225.363761  -0.003078
1225.364442  -0.000026
1225.365123  -0.002042
1225.365805  -0.001476
1225.366486  -0.001619
1225.367167  -0.001793
1225.367848   0.000052
1225.368529   0.001843
1225.369210  -0.002147
1225.369891  -0.001293
1225.370572   0.002914
1225.371254  -0.000759
1225.371935   0.000867
1225.372616  -0.001181
1225.373297   0.000370
1225.373978  -0.000972
1225.374659  -0.001315
1225.375340  -0.002324
1225.376021   0.000347
1225.376703  -0.001659
1225.377384   0.000148
1225.378065  -0.001853
1225.378746  -0.000986
1225.379427  -0.001391
1225.380108   0.001350
1225.380789  -0.000008
1225.381470  -0.000676
1225.382151  -0.001109
1225.382833   0.000150
1225.383514  -0.001937
1225.384195  -0.001364
1225.384876  -0.000678
1225.385557  -0.002653
1225.386238  -0.002667
1225.386919   0.000197
1225.387600  -0.001309
1225.388282  -0.000490
1225.388963  -0.002548
1225.389644  -0.005691
1225.390325  -0.003701
1225.391006  -0.001674
1225.391687  -0.001317
1225.392368  -0.001009
1225.393049  -0.002158
1225.393730  -0.001286
1225.394412  -0.001022
1225.395093   0.000412
1225.395774   0.000009
1225.396455  -0.003602
1225.397136  -0.000110
1225.397817  -0.000203
1225.398498  -0.000595
1225.399179  -0.001063
1225.399861  -0.001825
1225.400542  -0.000308
1225.401223  -0.002117
1225.401904  -0.001531
1225.402585  -0.002060
1225.403266  -0.000489
1225.403947  -0.002368
1225.404628  -0.000858
1225.405310  -0.000041
1225.405991  -0.001608
1225.406672  -0.001073
1225.407353  -0.001348
1225.408034  -0.001578
1225.408715  -0.000959
1225.409396  -0.002566
1225.410077  -0.002727
1225.410759   0.001417
1225.411440   0.002757
1225.412121  -0.000929
1225.412802  -0.001352
1225.413483   0.002040
1225.414164  -0.001377
1225.414845  -0.001669
1225.415526  -0.002009
1225.416207  -0.000267
1225.416889  -0.001106
1225.417570   0.000708
1225.418251  -0.001707
1225.418932   0.000927
1225.419613   0.001326
1225.420294  -0.000422
1225.420975  -0.000845
1225.421656  -0.000138
1225.422338  -0.000021
1225.423019   0.000814
1225.423700  -0.000915
1225.424381   0.000740
1225.425062   0.001038
1225.425743  -0.000771
1225.426424   0.000293
1225.427105   0.000198
1225.427787  -0.000938
1225.428468  -0.002007
1225.429149  -0.000523
1225.429830   0.000569
1225.430511  -0.001120
1225.431192  -0.001502
1225.431873  -0.000713
1225.432554  -0.001742
1225.433236   0.000310
1225.433917  -0.000078
1225.434598   0.000308
1225.435279  -0.003004
1225.435960   0.000887
1225.436641  -0.001998
1225.437322   0.000478
1225.438003   0.001404
1225.438684   0.000412
1225.439366  -0.001293
1225.440047  -0.001102
1225.440728  -0.001018
1225.441409   0.000209
1225.442090  -0.001057
1225.442771  -0.001109
1225.443452  -0.000899
1225.444133  -0.001089
1225.444815  -0.001172
1225.445496  -0.000532
1225.446177   0.000352
1225.446858  -0.001202
1225.447539   0.000300
1225.448220  -0.000455
1225.448901   0.000034
1225.449582   0.000311
1225.450263  -0.000634
1225.450945   0.000826
1225.451626  -0.001614
1225.452307   0.000282
1225.452988  -0.001745
1225.453669  -0.000574
1225.454350   0.001579
1225.455031  -0.001458
1225.455712  -0.001759
1225.456393  -0.001326
1225.457075  -0.000665
1225.457756  -0.001009
1225.458437   0.000343
1225.459118  -0.002102
1225.459799  -0.000496
1225.460480   0.000280
1225.461161   0.000674
1225.461842  -0.000986
1225.462524  -0.000775
1225.463205  -0.000221
1225.463886  -0.002188
1225.464567   0.000492
1225.465248  -0.000918
1225.465929  -0.001545
1225.466610   0.001620
1225.467292  -0.000208
1225.467973  -0.002691
1225.468654  -0.000577
1225.469335   0.001039
1225.470016   0.001345
1225.470697   0.000443
1225.471378   0.000529
1225.472059  -0.000932
1225.472740  -0.000745
1225.473421  -0.001717
1225.474103  -0.001187
1225.474784  -0.000977
1225.475465  -0.001563
1225.476146  -0.000930
1225.476827  -0.000306
1225.477508  -0.000576
1225.478189   0.000732
1225.478870  -0.002797
1225.479552   0.000124
1225.480233  -0.002939
1225.480914  -0.000046
1225.481595  -0.001342
1225.482276   0.000212
1225.482957   0.000248
1225.483638  -0.001462
1225.484319  -0.000303
1225.485001   0.000844
1225.485682   0.001506
1225.486363  -0.000833
1225.487044  -0.000088
1225.487725   0.000334
1225.488406   0.000369
1225.489087  -0.000742
1225.489768  -0.000521
1225.490449  -0.000318
1225.491131  -0.001849
1225.491812  -0.002075
1225.492493  -0.001129
1225.493174  -0.001345
1225.493855  -0.000765
1225.494536  -0.001282
1225.495217  -0.001446
1225.495898  -0.001531
1225.496580   0.000028
1225.497261  -0.001464
1225.497942  -0.001674
1225.498623  -0.000118
1225.499304  -0.000819
1225.499985   0.000563
1225.500666   0.000079
1225.501347   0.000882
1225.502029  -0.000214
1225.502710  -0.000709
1225.503391  -0.001376
1225.504072   0.000494
1225.504753   0.001353
1225.505434  -0.000671
1225.506115  -0.003021
1225.506796  -0.000709
1225.507477   0.000198
1225.508159  -0.002797
1225.508840  -0.000746
1225.509521  -0.000692
1225.510202  -0.000026
1225.510883  -0.000519
1225.511564  -0.001234
1225.512245   0.000325
1225.512926  -0.002745
1225.513608  -0.000111
1225.514289  -0.001099
1225.514970   0.000242
1225.515651  -0.000450
1225.516332  -0.001101
1225.517013  -0.001136
1225.517694  -0.001506
1225.518375  -0.002248
1225.519057   0.000183
1225.519738  -0.001885
1225.520419  -0.001238
1225.521100  -0.002456
1225.521781  -0.000907
1225.522462   0.000500
1225.523143  -0.001455
1225.523824  -0.000015
1225.524506  -0.002232
1225.525187  -0.000647
1225.525868  -0.000977
1225.526549  -0.002197
1225.527230  -0.000422
1225.527911   0.000077
1225.528592   0.000976
1225.529273  -0.001597
1225.529954  -0.001206
1225.530636  -0.000346
1225.531317  -0.000090
1225.531998   0.000153
1225.532679  -0.002024
1225.533360  -0.000198
1225.534041  -0.000950
1225.534722   0.000304
1225.535403  -0.001908
1225.536085  -0.001396
1225.536766  -0.000876
1225.537447   0.000087
1225.538128  -0.000623
1225.538809  -0.001528
1225.539490   0.000274
1225.540171  -0.003554
1225.540852  -0.001297
1225.541533  -0.000988
1225.542215  -0.000921
1225.542896  -0.001114
1225.543577  -0.001788
1225.544258  -0.002373
1225.544939  -0.000160
1225.545620   0.000874
1225.546301  -0.000186
1225.546982  -0.000550
1225.547664   0.000453
1225.548345  -0.002390
1225.549026  -0.001867
1225.549707  -0.001535
1225.550388   0.001521
1225.551069   0.000429
1225.551750  -0.000946
1225.552431  -0.000784
1225.553113  -0.002079
1225.553794  -0.001122
1225.554475   0.000634
1225.555156  -0.002298
1225.555837   0.001407
1225.556518  -0.000427
1225.557199   0.001180
1225.557880   0.000442
1225.558562  -0.000789
1225.559243  -0.000554
1225.559924  -0.001074
1225.560605  -0.001740
1225.561286   0.001968
1225.561967  -0.001853
1225.562648  -0.000777
1225.563329  -0.000404
1225.564010  -0.000707
1225.564692  -0.001633
1225.565373  -0.001601
1225.566054  -0.001051
1225.566735  -0.001540
1225.567416  -0.001898
1225.568097   0.000802
1225.568778  -0.000416
1225.569459  -0.000203
1225.570141  -0.000539
1225.570822  -0.001709
1225.571503   0.001012
1225.572184   0.001177
1225.572865  -0.002905
1225.573546  -0.000523
1225.574227  -0.000448
1225.574908  -0.002425
1225.575590  -0.002520
1225.576271   0.000980
1225.576952  -0.002610
1225.577633  -0.001985
1225.578314   0.000091
1225.578995  -0.000187
1225.579676  -0.000970
1225.580357  -0.001168
1225.581039  -0.001709
1225.581720  -0.001650
1225.582401   0.000338
1225.583082  -0.002037
1225.583763   0.000565
1225.584444  -0.001022
1225.585125  -0.001625
1225.585806  -0.000766
1225.586488  -0.002084
1225.587169   0.000365
1225.587850  -0.002284
1225.588531  -0.001053
1225.589212  -0.001280
1225.589893   0.001158
1225.590574  -0.001298
1225.591255   0.000273
1225.591936  -0.000619
1225.592618   0.000093
1225.593299   0.000184
1225.593980   0.000271
1225.594661   0.000185
1225.595342   0.000361
1225.596023   0.000104
1225.596704  -0.000638
1225.597385  -0.001003
1225.598067  -0.003112
1225.598748  -0.001001
1225.599429  -0.001474
1225.600110  -0.002486
1225.600791  -0.001410
1225.601472  -0.002243
1225.602153  -0.001990
1225.602834  -0.002245
1225.603516  -0.000681
1225.604197   0.000956
1225.604878  -0.001523
1225.605559  -0.000638
1225.606240  -0.001051
1225.606921  -0.000336
1225.607602  -0.001036
1225.608283  -0.000639
1225.608965   0.000359
1225.609646  -0.000210
1225.610327  -0.001045
1225.611008   0.000481
1225.611689   0.000650
1225.612370  -0.001247
1225.613051  -0.000550
1225.613732  -0.000946
1225.614413   0.001696
1225.615095  -0.000906
1225.615776  -0.001155
1225.616457  -0.001720
1225.617138  -0.000105
1225.617819  -0.000048
1225.618500  -0.000183
1225.619181   0.000031
1225.619862  -0.002017
1225.620544   0.000493
1225.621225  -0.000677
1225.621906  -0.000515
1225.622587  -0.001530
1225.623268  -0.000877
1225.623949   0.000147
1225.624630  -0.000666
1225.625311  -0.001530
1225.625992   0.000475
1225.626674  -0.000583
1225.627355  -0.000965
1225.628036  -0.001387
1225.628717  -0.000003
1225.629398  -0.001918
1225.630079   0.000417
1225.630760  -0.000524
1225.631441  -0.001422
1225.632123  -0.000931
1225.632804  -0.000963
1225.633485  -0.000858
1225.634166  -0.001554
1225.634847  -0.000262
1225.635528   0.001762
1225.636209  -0.001377
1225.636890  -0.001870
1225.637572   0.000641
1225.638253  -0.000865
1225.638934  -0.000749
1225.639615  -0.000930
1225.640296  -0.000230
1225.640977   0.000455
1225.641658  -0.001816
1225.642339  -0.001573
1225.643021  -0.001747
1225.643702  -0.000660
1225.644383  -0.000647
1225.645064   0.000050
1225.645745  -0.001198
1225.646426  -0.001970
1225.647107  -0.001644
1225.647788  -0.000785
1225.648469  -0.001045
1225.649151  -0.001428
1225.649832  -0.000414
1225.650513   0.000062
1225.651194  -0.000820
1225.651875  -0.001396
1225.652556  -0.001971
1225.653237  -0.000587
1225.653918  -0.000052
1225.654600   0.000502
1225.655281   0.000403
1225.655962   0.000872
1225.656643  -0.000405
1225.657324  -0.000828
1225.658005   0.000726
1225.658686  -0.000417
1225.659367   0.001410
1225.660049  -0.000390
1225.660730  -0.000560
1225.661411   0.001043
1225.662092  -0.001757
1225.662773   0.000474
1225.663454  -0.000758
1225.664135   0.001051
1225.664816  -0.001457
1225.665497  -0.000208
1225.666179  -0.000214
1225.666860   0.000184
1225.667541  -0.000794
1225.668222  -0.000555
1225.668903   0.002282
1225.669584  -0.000502
1225.670265   0.000282
1225.670946  -0.002335
1225.671628  -0.001054
1225.672309  -0.000542
1225.672990  -0.001056
1225.673671  -0.000390
1225.674352  -0.000192
1225.675033  -0.000916
1225.675714  -0.000440
1225.676395   0.001668
1225.677077  -0.001000
1225.677758  -0.001130
1225.678439  -0.000576
1225.679120  -0.001790
1225.679801   0.000514
1225.680482  -0.002036
1225.681163  -0.001636
1225.681844  -0.000973
1225.682525  -0.000022
1225.683207  -0.000972
1225.683888  -0.000282
1225.684569  -0.000596
1225.685250  -0.000917
1225.685931   0.000207
1225.686612   0.000647
1225.687293  -0.001180
1225.687974   0.000223
1225.688656  -0.000802
1225.689337   0.000136
1225.690018  -0.000840
1225.690699   0.001045
1225.691380  -0.000604
1225.692061  -0.000771
1225.692742   0.000909
1225.693423  -0.000616
1225.694105   0.000443
1225.694786   0.001088
1225.695467  -0.001186
1225.696148  -0.001014
1225.696829   0.000708
1225.697510  -0.001959
1225.698191  -0.002772
1225.698872  -0.001366
1225.699554  -0.000790
1225.700235  -0.001222
1225.700916  -0.002067
1225.701597  -0.000226
1225.702278  -0.001011
1225.702959  -0.001162
1225.703640   0.001242
1225.704321  -0.001427
1225.705002  -0.000014
1225.705684  -0.000792
1225.706365   0.000109
1225.707046  -0.000653
1225.707727  -0.002469
1225.708408  -0.000785
1225.709089   0.002513
1225.709770  -0.000036
1225.710451  -0.001514
1225.711133  -0.000852
1225.711814  -0.003079
1225.712495   0.000268
1225.713176  -0.000924
1225.713857   0.000813
1225.714538   0.000197
1225.715219   0.000493
1225.715900  -0.000470
1225.716581  -0.001409
1225.717263  -0.002279
1225.717944   0.000456
1225.718625  -0.000234
1225.719306  -0.001099
1225.719987  -0.001706
1225.720668  -0.000708
1225.721349   0.000092
1225.722030  -0.000660
1225.722711  -0.002184
1225.723393   0.000022
1225.724074  -0.000226
1225.724755   0.001040
1225.725436  -0.000125
1225.726117  -0.001664
1225.726798  -0.000708
1225.727479  -0.000570
1225.728160  -0.000615
1225.728842   0.000374
1225.729523  -0.000105
1225.730204  -0.000741
1225.730885  -0.003360
1225.731566  -0.002574
1225.732247  -0.000587
1225.732928   0.001015
1225.733609   0.000302
1225.734291  -0.001394
1225.734972  -0.000909
1225.735653  -0.001329
1225.736334  -0.001324
1225.737015   0.000382
1225.737696   0.001195
1225.738377  -0.000690
1225.739058  -0.000526
1225.739739  -0.000043
1225.740421  -0.002363
1225.741102  -0.000265
1225.741783  -0.002256
1225.742464  -0.002431
1225.743145  -0.000047
1225.743826  -0.000664
1225.744507   0.000510
1225.745188  -0.000175
1225.745870   0.000346
1225.746551  -0.001550
1225.747232   0.000068
1225.747913  -0.000260
1225.748594  -0.000758
1225.749275  -0.000488
1225.749956   0.000370
1225.750637   0.000432
1225.751319  -0.001058
1225.752000  -0.000910
1225.752681  -0.000590
1225.753362  -0.000626
1225.754043  -0.001092
1225.754724  -0.001086
1225.755405  -0.000222
1225.756086   0.001349
1225.756768  -0.000827
1225.757449   0.000365
1225.758130  -0.000281
1225.758811  -0.002385
1225.759492  -0.001722
1225.760173  -0.001059
1225.760854  -0.002223
1225.761535   0.000470
1225.762217  -0.000799
1225.762898   0.000337
1225.763579  -0.000882
1225.764260   0.000340
1225.764941   0.000387
1225.765622  -0.000929
1225.766303  -0.001377
1225.766984  -0.000166
1225.767666   0.000445
1225.768347  -0.000030
1225.769028   0.000571
1225.769709  -0.000259
1225.770390  -0.002938
1225.771071   0.000815
1225.771752   0.000823
1225.772433   0.000599
1225.773114   0.001287
1225.773796  -0.001395
1225.774477  -0.000845
1225.775158  -0.001071
1225.775839  -0.001413
1225.776520  -0.000620
1225.777201   0.000394
1225.777882  -0.001729
1225.778563  -0.001034
1225.779245  -0.001320
1225.779926  -0.000850
1225.780607  -0.000026
1225.781288  -0.000041
1225.781969  -0.001804
1225.782650   0.000877
1225.783331  -0.001517
1225.784012  -0.000153
1225.784694  -0.000081
1225.785375   0.000094
1225.786056  -0.000189
1225.786737  -0.000570
1225.787418  -0.002005
1225.788099  -0.000436
1225.788780  -0.000975
1225.789461  -0.002366
1225.790142  -0.002256
1225.790824  -0.000168
1225.791505  -0.000724
1225.792186  -0.001051
1225.792867  -0.000637
1225.793548   0.000359
1225.794229  -0.001388
1225.794910  -0.001699
1225.795591  -0.001172
1225.796273   0.000692
1225.796954  -0.002773
1225.797635  -0.000894
1225.798316  -0.000759
1225.798997  -0.000930
1225.799678  -0.002200
1225.800359   0.000867
1225.801040  -0.000345
1225.801722  -0.001765
1225.802403  -0.000544
1225.803084   0.001208
1225.803765  -0.001626
1225.804446  -0.001179
1225.805127  -0.001122
1225.805808   0.000080
1225.806489   0.000533
1225.807170  -0.001133
1225.807852   0.001133
1225.808533   0.000457
1225.809214  -0.000578
1225.809895  -0.001781
1225.810576   0.000260
1225.811257   0.000236
1225.811938  -0.001294
1225.812619  -0.000715
1225.813301  -0.001164
1225.813982  -0.000459
1225.814663  -0.000419
1225.815344  -0.001820
1225.816025  -0.000450
1225.816706  -0.000658
1225.817387   0.000548
1225.818068  -0.001709
1225.818750   0.000217
1225.819431  -0.000825
1225.820112   0.000678
1225.820793  -0.000499
1225.821474   0.001926
1225.822155  -0.002123
1225.822836  -0.001876
1225.823517  -0.000837
1225.824198  -0.000671
1225.824880  -0.000997
1225.825561  -0.000900
1225.826242   0.000017
1225.826923  -0.000745
1225.827604   0.000059
1225.828285  -0.001695
1225.828966  -0.002473
1225.829647  -0.001483
1225.830329   0.000444
1225.831010  -0.001421
1225.831691  -0.001412
1225.832372  -0.000768
1225.833053  -0.001404
1225.833734  -0.000175
1225.834415  -0.000241
1225.835096   0.000565
1225.835778   0.000199
1225.836459  -0.002193
1225.837140  -0.000766
1225.837821  -0.001316
1225.838502  -0.000483
1225.839183   0.001779
1225.839864   0.000934
1225.840545  -0.001170
1225.841227   0.000158
1225.841908  -0.002389
1225.842589  -0.001340
1225.843270  -0.000818
1225.843951  -0.000123
1225.844632  -0.002621
1225.845313   0.000602
1225.845994   0.000220
1225.846675   0.001909
1225.847357   0.000657
1225.848038   0.001238
1225.848719  -0.001798
1225.849400   0.000953
1225.850081  -0.000050
1225.850762  -0.000778
1225.851443  -0.001320
1225.852124  -0.002319
1225.852806   0.000052
1225.853487   0.000904
1225.854168   0.000230
1225.854849  -0.000953
1225.855530   0.000228
1225.856211   0.000298
1225.856892  -0.001276
1225.857573  -0.000518
1225.858254  -0.000467
1225.858936  -0.002719
1225.859617  -0.001087
1225.860298   0.000682
1225.860979  -0.000622
1225.861660   0.000277
1225.862341   0.001064
1225.863022  -0.000013
1225.863703  -0.001422
1225.864385  -0.000639
1225.865066   0.000505
1225.865747   0.000333
1225.866428  -0.003277
1225.867109  -0.000626
1225.867790  -0.000637
1225.868471  -0.000556
1225.869152   0.000916
1225.869834  -0.003467
1225.870515  -0.000826
1225.871196  -0.000712
1225.871877  -0.000001
1225.872558   0.000366
1225.873239  -0.000024
1225.873920   0.000689
1225.874601  -0.000733
1225.875283  -0.002086
1225.875964   0.000448
1225.876645   0.000029
1225.877326   0.000329
1225.878007  -0.000419
1225.878688   0.000801
1225.879369  -0.000132
1225.880050  -0.001829
1225.880731   0.001069
1225.881413  -0.001429
1225.882094  -0.003357
1225.882775   0.000977
1225.883456  -0.001879
1225.884137  -0.002126
1225.884818   0.000321
1225.885499  -0.000345
1225.886180   0.000593
1225.886862   0.000601
1225.887543   0.000656
1225.888224   0.000392
1225.888905   0.000779
1225.889586  -0.000682
1225.890267   0.000024
1225.890948  -0.000925
1225.891629   0.000135
1225.892311  -0.001438
1225.892992  -0.000880
1225.893673  -0.000313
1225.894354  -0.000863
1225.895035  -0.000284
1225.895716  -0.001403
1225.896397  -0.003116
1225.897078   0.001515
1225.897759   0.000950
1225.898441   0.001776
1225.899122  -0.001203
1225.899803  -0.001612
1225.900484   0.000181
1225.901165  -0.000362
1225.901846   0.000742
1225.902527   0.000341
1225.903209  -0.001764
1225.903890  -0.000842
1225.904571   0.000773
1225.905252   0.002259
1225.905933  -0.002285
1225.906614   0.002235
1225.907295   0.002222
1225.907976   0.001094
1225.908657   0.002100
1225.909339   0.005301
1225.910020   0.003712
1225.910701   0.005052
1225.911382   0.005374
1225.912063   0.003075
1225.912744   0.004211
1225.913425   0.006265
1225.914106   0.006083
1225.914788   0.006060
1225.915469   0.006462
1225.916150   0.006570
1225.916831   0.006509
1225.917512   0.005832
1225.918193   0.005578
1225.918874   0.007335
1225.919555   0.007755
1225.920237   0.005869
1225.920918   0.008837
1225.921599   0.008304
1225.922280   0.009726
1225.922961   0.006846
1225.923642   0.009338
1225.924323   0.007873
1225.925004   0.008607
1225.925686   0.007455
1225.926367   0.007985
1225.927048   0.009824
1225.927729   0.008881
1225.928410   0.007965
1225.929091   0.006004
1225.929772   0.009188
1225.930453   0.008567
1225.931134   0.008893
1225.931816   0.007832
1225.932497   0.010356
1225.933178   0.007402
1225.933859   0.007692
1225.934540   0.007966
1225.935221   0.011080
1225.935902   0.008499
1225.936583   0.010543
1225.937265   0.013341
1225.937946   0.010111
1225.938627   0.010926
1225.939308   0.008862
1225.939989   0.011932
1225.940670   0.007879
1225.941351   0.008718
1225.942032   0.010811
1225.942713   0.010730
1225.943395   0.009048
1225.944076   0.010201
1225.944757   0.010289
1225.945438   0.009450
1225.946119   0.011674
1225.946800   0.009771
1225.947481   0.009957
1225.948162   0.008885
1225.948844   0.009708
1225.949525   0.009878
1225.950206   0.007907
1225.950887   0.009138
1225.951568   0.010158
1225.952249   0.008592
1225.952930   0.010874
1225.953611   0.009767
1225.954293   0.009614
1225.954974   0.012253
1225.955655   0.011107
1225.956336   0.009848
1225.957017   0.010949
1225.957698   0.010841
1225.958379   0.010673
1225.959060   0.010103
1225.959742   0.009117
1225.960423   0.011245
1225.961104   0.010944
1225.961785   0.008644
1225.962466   0.010041
1225.963147   0.010474
1225.963828   0.008844
1225.964509   0.011380
1225.965190   0.010968
1225.965872   0.011292
1225.966553   0.011242
1225.967234   0.010770
1225.967915   0.010293
1225.968596   0.010966
1225.969277   0.010663
1225.969958   0.011220
1225.970639   0.009861
1225.971321   0.011317
1225.972002   0.009775
1225.972683   0.011474
1225.973364   0.011031
1225.974045   0.012758
1225.974726   0.009663
1225.975407   0.010657
1225.976088   0.011053
1225.976770   0.011051
1225.977451   0.011353
1225.978132   0.011570
1225.978813   0.010803
1225.979494   0.010764
1225.980175   0.009836
1225.980856   0.011923
1225.981537   0.010729
1225.982218   0.009337
1225.982900   0.009536
1225.983581   0.013211
1225.984262   0.009883
1225.984943   0.010663
1225.985624   0.012360
1225.986305   0.009377
1225.986986   0.011556
1225.987667   0.012078
1225.988349   0.009214
1225.989030   0.009388
1225.989711   0.012756
1225.990392   0.010746
1225.991073   0.010939
1225.991754   0.011151
1225.992435   0.009910
1225.993116   0.012469
1225.993798   0.009660
1225.994479   0.010158
1225.995160   0.009562
1225.995841   0.013008
1225.996522   0.009074
1225.997203   0.011299
1225.997884   0.010073
1225.998565   0.011478
1225.999246   0.009623
1225.999928   0.007604
1226.000609   0.009114
1226.001290   0.009942
1226.001971   0.010898
1226.002652   0.010209
1226.003333   0.011552
1226.004014   0.009974
1226.004695   0.011845
1226.005377   0.010405
1226.006058   0.010842
1226.006739   0.009328
1226.007420   0.011014
1226.008101   0.010178
1226.008782   0.009002
1226.009463   0.008905
1226.010144   0.008783
1226.010826   0.012306
1226.011507   0.010111
1226.012188   0.010402
1226.012869   0.010476
1226.013550   0.007872
1226.014231   0.010540
1226.014912   0.011241
1226.015593   0.010170
1226.016275   0.011106
1226.016956   0.010582
1226.017637   0.009358
1226.018318   0.010831
1226.018999   0.011723
1226.019680   0.008107
1226.020361   0.009402
1226.021042   0.008763
1226.021723   0.008834
1226.022405   0.010597
1226.023086   0.010363
1226.023767   0.011385
1226.024448   0.009422
1226.025129   0.010207
1226.025810   0.009244
1226.026491   0.011147
1226.027173   0.010595
1226.027854   0.009656
1226.028535   0.009681
1226.029216   0.010288
1226.029897   0.009515
1226.030578   0.009698
1226.031259   0.009923
1226.031940   0.008850
1226.032621   0.009772
1226.033302   0.008573
1226.033984   0.011302
1226.034665   0.009580
1226.035346   0.007060
1226.036027   0.009233
1226.036708   0.008056
1226.037389   0.008247
1226.038070   0.007354
1226.038751   0.009929
1226.039433   0.007276
1226.040114   0.008766
1226.040795   0.008138
1226.041476   0.009512
1226.042157   0.006664
1226.042838   0.007455
1226.043519   0.007053
1226.044201   0.006757
1226.044882   0.006762
1226.045563   0.008551
1226.046244   0.007593
1226.046925   0.007642
1226.047606   0.007807
1226.048287   0.007439
1226.048968   0.005462
1226.049649   0.005412
1226.050331   0.005952
1226.051012   0.006986
1226.051693   0.005930
1226.052374   0.006488
1226.053055   0.006220
1226.053736   0.003467
1226.054417   0.003141
1226.055098   0.006508
1226.055779   0.005430
1226.056461   0.003250
1226.057142   0.005172
1226.057823   0.002536
1226.058504   0.003713
1226.059185   0.003302
1226.059866   0.003889
1226.060547  -0.000297
1226.061228   0.002619
1226.061910  -0.000090
1226.062591  -0.002049
1226.063272   0.000102
1226.063953  -0.001481
1226.064634  -0.002461
1226.065315  -0.001296
1226.065996  -0.001056
1226.066677  -0.000577
1226.067358   0.000659
1226.068040  -0.001582
1226.068721  -0.001776
1226.069402  -0.001374
1226.070083  -0.001543
1226.070764  -0.001028
1226.071445  -0.001252
1226.072126  -0.000727
1226.072807  -0.002135
1226.073489  -0.003014
1226.074170  -0.001355
1226.074851  -0.000089
1226.075532  -0.001096
1226.076213  -0.003390
1226.076894  -0.001092
1226.077575  -0.001266
1226.078256  -0.001659
1226.078938  -0.003729
1226.079619  -0.002472
1226.080300  -0.002708
1226.080981  -0.001889
1226.081662   0.000791
1226.082343  -0.000390
1226.083024  -0.002782
1226.083705   0.001040
1226.084387  -0.001484
1226.085068  -0.001308
1226.085749   0.000141
1226.086430  -0.001640
1226.087111  -0.000152
1226.087792  -0.000883
1226.088473   0.000181
1226.089154   0.000089
1226.089835   0.000244
1226.090517   0.000396
1226.091198  -0.000319
1226.091879  -0.003115
1226.092560  -0.000461
1226.093241  -0.000156
1226.093922  -0.002294
1226.094603  -0.001756
1226.095284  -0.000477
1226.095966   0.000773
1226.096647  -0.001380
1226.097328  -0.002362
1226.098009  -0.001384
1226.098690  -0.001107
1226.099371   0.000049
1226.100052  -0.001446
1226.100733  -0.001129
1226.101415   0.001495
1226.102096   0.000349
1226.102777  -0.000663
1226.103458   0.002072
1226.104139   0.000756
1226.104820  -0.001548
1226.105501   0.000622
1226.106182  -0.000506
1226.106863  -0.001031
1226.107545  -0.001197
1226.108226   0.000684
1226.108907  -0.002689
1226.109588  -0.001487
1226.110269  -0.000116
1226.110950  -0.000712
1226.111631   0.000862
1226.112312  -0.001303
1226.112994  -0.000202
1226.113675  -0.000224
1226.114356  -0.001362
1226.115037  -0.002162
1226.115718   0.000743
1226.116399   0.000256
1226.117080  -0.001496
1226.117761  -0.000747
1226.118443  -0.001543
1226.119124  -0.001818
1226.119805  -0.001914
1226.120486  -0.001735
1226.121167  -0.000970
1226.121848   0.001372
1226.122529  -0.000510
1226.123210  -0.000407
1226.123891   0.001142
1226.124573  -0.000528
1226.125254  -0.000536
1226.125935   0.000564
1226.126616  -0.001372
1226.127297  -0.003530
1226.127978   0.001068
1226.128659   0.000625
1226.129340  -0.000869
1226.130022  -0.000238
1226.130703  -0.001905
1226.131384  -0.001204
1226.132065  -0.001172
1226.132746  -0.001354
1226.133427  -0.000746
1226.134108  -0.001196
1226.134790  -0.001357
1226.135471  -0.000406
1226.136152  -0.000148
1226.136833  -0.001434
1226.137514  -0.000200
1226.138195  -0.000576
1226.138876  -0.000314
1226.139557  -0.002594
1226.140238   0.000668
1226.140920  -0.001715
1226.141601   0.000493
1226.142282   0.001079
1226.142963  -0.002329
1226.143644  -0.000415
1226.144325  -0.000372
1226.145006  -0.000968
1226.145687  -0.000499
1226.146369  -0.000287
1226.147050  -0.001034
1226.147731  -0.000356
1226.148412  -0.001484
1226.149093  -0.000728
1226.149774  -0.001646
1226.150455   0.000167
1226.151136  -0.000315
1226.151817  -0.000506
1226.152499   0.000960
1226.153180  -0.000536
1226.153861  -0.000842
1226.154542  -0.000380
1226.155223  -0.001426
1226.155904  -0.001900
1226.156585  -0.000359
1226.157266   0.000338
1226.157948  -0.000839
1226.158629  -0.001443
1226.159310  -0.001319
1226.159991  -0.000168
1226.160672  -0.000994
1226.161353  -0.000623
1226.162034  -0.001463
1226.162715  -0.003047
1226.163397  -0.000347
1226.164078  -0.000547
1226.164759  -0.000189
1226.165440  -0.002802
1226.166121   0.001095
1226.166802   0.000447
1226.167483  -0.001312
1226.168164  -0.000424
1226.168846   0.001114
1226.169527   0.000320
1226.170208   0.000246
1226.170889  -0.000104
1226.171570  -0.002000
1226.172251   0.000101
1226.172932   0.000639
1226.173613  -0.001359
1226.174294  -0.001762
1226.174976   0.000446
1226.175657  -0.002282
1226.176338  -0.000261
1226.177019  -0.000895
1226.177700   0.000532
1226.178381  -0.001085
1226.179062   0.000680
1226.179743  -0.001024
1226.180425  -0.000904
1226.181106  -0.003746
1226.181787  -0.000164
1226.182468  -0.000255
1226.183149  -0.000782
1226.183830   0.000096
1226.184511  -0.001205
1226.185192  -0.001352
1226.185874  -0.001254
1226.186555  -0.001873
1226.187236  -0.002415
1226.187917   0.000766
1226.188598  -0.000683
1226.189279   0.000034
1226.189960  -0.000523
1226.190641  -0.000588
1226.191322  -0.000141
1226.192004  -0.000271
1226.192685   0.001417
1226.193366  -0.000681
1226.194047  -0.001922
1226.194728  -0.002768
1226.195409  -0.001016
1226.196090  -0.000093
1226.196771   0.000268
1226.197453   0.000347
1226.198134   0.001029
1226.198815  -0.000950
1226.199496  -0.000153
1226.200177  -0.000052
1226.200858   0.000671
1226.201539  -0.001258
1226.202220  -0.001171
1226.202902   0.001096
1226.203583  -0.002053
1226.204264   0.000240
1226.204945  -0.002471
1226.205626  -0.001093
1226.206307  -0.000330
1226.206988   0.002112
1226.207669   0.000101
1226.208350  -0.001274
1226.209032  -0.000088
1226.209713   0.000753
1226.210394  -0.001435
1226.211075  -0.002830
1226.211756  -0.002259
1226.212437  -0.001815
1226.213118  -0.000894
1226.213799  -0.000860
1226.214481  -0.000618
1226.215162  -0.002494
1226.215843  -0.000384
1226.216524  -0.000538
1226.217205  -0.000224
1226.217886  -0.000841
1226.218567   0.000041
1226.219248   0.000242
1226.219930  -0.001407
1226.220611   0.002015
1226.221292  -0.001199
1226.221973  -0.002324
1226.222654  -0.000648
1226.223335  -0.000533
1226.224016  -0.000385
1226.224697  -0.000898
1226.225379  -0.001224
1226.226060  -0.003550
1226.226741  -0.000187
1226.227422  -0.002548
1226.228103   0.001140
1226.228784   0.000087
1226.229465  -0.000321
1226.230146  -0.001471
1226.230828   0.000736
1226.231509  -0.002215
1226.232190   0.000577
1226.232871  -0.002058
1226.233552  -0.001417
1226.234233  -0.002337
1226.234914  -0.002259
1226.235595  -0.000259
1226.236276  -0.002061
1226.236958  -0.002133
1226.237639  -0.000475
1226.238320  -0.002091
1226.239001  -0.003682
1226.239682  -0.001634
1226.240363  -0.002273
1226.241044   0.001875
1226.241725  -0.000478
1226.242407  -0.002005
1226.243088   0.001201
1226.243769  -0.001538
1226.244450  -0.001008
1226.245131   0.000917
1226.245812   0.001022
1226.246493   0.000987
1226.247174  -0.000371
1226.247856  -0.001071
1226.248537  -0.001168
1226.249218  -0.001006
1226.249899  -0.001970
1226.250580  -0.000777
1226.251261   0.000202
1226.251942   0.000210
1226.252623   0.000451
1226.253305  -0.001676
1226.253986  -0.001331
1226.254667  -0.001282
1226.255348  -0.001529
1226.256029  -0.002778
1226.256710  -0.002599
1226.257391  -0.000614
1226.258072   0.000156
1226.258753   0.000177
1226.259435   0.000104
1226.260116  -0.000047
1226.260797   0.001329
1226.261478  -0.000780
1226.262159  -0.001659
1226.262840  -0.001551
1226.263521  -0.002533
1226.264202  -0.000371
1226.264884  -0.002545
1226.265565  -0.001357
1226.266246  -0.000927
1226.266927  -0.002274
1226.267608  -0.000766
1226.268289  -0.001087
1226.268970  -0.001970
1226.269651  -0.000082
1226.270333  -0.001197
1226.271014   0.000590
1226.271695   0.000463
1226.272376   0.000509
1226.273057  -0.001745
1226.273738  -0.000423
1226.274419   0.001723
1226.275100  -0.002223
1226.275781  -0.001551
1226.276463  -0.000120
1226.277144  -0.002601
1226.277825  -0.000327
1226.278506  -0.002111
1226.279187   0.001304
1226.279868  -0.001746
1226.280549  -0.002634
1226.281230  -0.000525
1226.281912  -0.001397
1226.282593  -0.000543
1226.283274  -0.000739
1226.283955  -0.001076
1226.284636  -0.001738
1226.285317  -0.001449
1226.285998  -0.002060
1226.286679  -0.000913
1226.287361   0.000962
1226.288042  -0.000166
1226.288723  -0.001736
1226.289404  -0.001278
1226.290085  -0.001009
1226.290766  -0.000942
1226.291447   0.000628
1226.292128  -0.000273
1226.292809   0.000090
1226.293491  -0.001499
1226.294172   0.000580
1226.294853   0.000779
1226.295534  -0.000433
1226.296215  -0.000541
1226.296896  -0.000596
1226.297577  -0.001231
1226.298258  -0.001530
1226.298940  -0.001527
1226.299621  -0.001835
1226.300302  -0.002812
1226.300983   0.000682
1226.301664  -0.001151
1226.302345   0.001381
1226.303026  -0.001012
1226.303707  -0.000680
1226.304389   0.000506
1226.305070  -0.000698
1226.305751  -0.002187
1226.306432   0.000180
1226.307113   0.000555
1226.307794  -0.001509
1226.308475  -0.000102
1226.309156  -0.000280
1226.309838  -0.001451
1226.310519  -0.001729
1226.311200  -0.001716
1226.311881  -0.000417
1226.312562  -0.000680
1226.313243   0.001576
1226.313924  -0.004283
1226.314605   0.000503
1226.315286   0.000933
1226.315968  -0.001396
1226.316649  -0.001276
1226.317330   0.001966
1226.318011  -0.002795
1226.318692  -0.000941
1226.319373   0.001244
1226.320054  -0.000115
1226.320735  -0.002724
1226.321417  -0.003280
1226.322098  -0.000175
1226.322779  -0.001282
1226.323460  -0.001957
1226.324141  -0.002800
1226.324822  -0.002053
1226.325503  -0.001466
1226.326184   0.001525
1226.326866   0.000526
1226.327547   0.000650
1226.328228  -0.001420
1226.328909  -0.000572
1226.329590  -0.001928
1226.330271   0.001052
1226.330952  -0.002306
1226.331633  -0.000123
1226.332315  -0.001841
1226.332996   0.000134
1226.333677  -0.001665
1226.334358  -0.001542
1226.335039   0.000064
1226.335720  -0.000029
1226.336401  -0.000063
1226.337082  -0.001835
1226.337764  -0.001365
1226.338445  -0.002430
1226.339126  -0.000157
1226.339807  -0.000899
1226.340488  -0.002990
1226.341169   0.000434
1226.341850  -0.000238
1226.342531  -0.001150
1226.343212  -0.002016
1226.343894  -0.000502
1226.344575   0.000482
1226.345256  -0.000317
1226.345937  -0.001113
1226.346618  -0.001474
1226.347299   0.000764
1226.347980   0.000700
1226.348661  -0.001229
1226.349342  -0.002583
1226.350024  -0.001852
1226.350705  -0.000359
1226.351386  -0.002330
1226.352067   0.001242
1226.352748  -0.001995
1226.353429  -0.000623
1226.354110  -0.001245
1226.354792   0.000033
1226.355473  -0.000879
1226.356154   0.000003
1226.356835  -0.001173
1226.357516  -0.001903
1226.358197   0.000350
1226.358878  -0.001798
1226.359559  -0.001657
1226.360240   0.001340
1226.360921  -0.001120
1226.361603  -0.001504
1226.362284  -0.000250
1226.362965   0.000333
1226.363646  -0.001234
1226.364327   0.000806
1226.365008  -0.001881
1226.365689   0.000170
1226.366370   0.000106
1226.367052  -0.000766
1226.367733  -0.002128
1226.368414   0.000457
1226.369095  -0.002360
1226.369776  -0.000066
1226.370457  -0.001269
1226.371138  -0.000426
1226.371819  -0.001748
1226.372501  -0.002070
1226.373182  -0.000702
1226.373863  -0.001418
1226.374544  -0.000382
1226.375225   0.002016
1226.375906  -0.000223
1226.376587  -0.000948
1226.377268  -0.001372
1226.377950  -0.001126
1226.378631  -0.000802
1226.379312   0.001159
1226.379993  -0.000860
1226.380674  -0.000405
1226.381355  -0.000865
1226.382036  -0.001920
1226.382717  -0.001663
1226.383398   0.000411
1226.384080  -0.000552
1226.384761  -0.002375
1226.385442  -0.000903
1226.386123   0.000191
1226.386804  -0.001223
1226.387485   0.000577
1226.388166  -0.000893
1226.388847   0.000402
1226.389529  -0.002377
1226.390210  -0.000483
1226.390891  -0.000786
1226.391572  -0.001184
1226.392253  -0.001220
1226.392934  -0.001596
1226.393615  -0.000096
1226.394296  -0.001693
1226.394978   0.000912
1226.395659   0.001215
1226.396340   0.000621
1226.397021  -0.001191
1226.397702  -0.002297
1226.398383  -0.002347
1226.399064   0.000220
1226.399745  -0.001570
1226.400426  -0.001112
1226.401108  -0.001655
1226.401789  -0.000042
1226.402470  -0.001207
1226.403151  -0.001209
1226.403832  -0.001205
1226.404513  -0.002534
1226.405194  -0.000872
1226.405876  -0.000331
1226.406557  -0.001549
1226.407238  -0.000991
1226.407919  -0.001984
1226.408600  -0.002639
1226.409281   0.000520
1226.409962  -0.000887
1226.410643  -0.001813
1226.411324  -0.000720
1226.412006  -0.000964
1226.412687  -0.002121
1226.413368  -0.001219
1226.414049   0.000500
1226.414730   0.000641
1226.415411  -0.001422
1226.416092  -0.000376
1226.416773  -0.002455
1226.417455   0.000862
1226.418136  -0.001699
1226.418817   0.000851
1226.419498   0.000053
1226.420179  -0.000517
1226.420860  -0.003021
1226.421541  -0.000228
1226.422222  -0.001499
1226.422904  -0.000002
1226.423585   0.000166
1226.424266  -0.002321
1226.424947   0.000128
1226.425628  -0.001580
1226.426309  -0.000282
1226.426990  -0.000849
1226.427671   0.001938
1226.428353   0.000063
1226.429034   0.001101
1226.429715  -0.000930
1226.430396  -0.000799
1226.431077  -0.000842
1226.431758  -0.002246
1226.432439  -0.000818
1226.433120  -0.001191
1226.433801  -0.001636
1226.434483   0.000365
1226.435164   0.000407
1226.435845  -0.002642
1226.436526  -0.000909
1226.437207  -0.000307
1226.437888  -0.000391
1226.438569  -0.000655
1226.439250  -0.003045
1226.439932   0.000952
1226.440613  -0.001120
1226.441294  -0.001752
1226.441975  -0.000354
1226.442656  -0.002993
1226.443337  -0.000259
1226.444018  -0.000559
1226.444699   0.000561
1226.445380   0.000794
1226.446062  -0.000788
1226.446743  -0.002308
1226.447424  -0.002515
1226.448105  -0.000903
1226.448786  -0.002153
1226.449467  -0.000289
1226.450148   0.000109
1226.450829  -0.003069
1226.451511  -0.000872
1226.452192  -0.000241
1226.452873   0.000197
1226.453554  -0.002851
1226.454235   0.000238
1226.454916   0.000524
1226.455597  -0.000738
1226.456278   0.001670
1226.456960  -0.000593
1226.457641  -0.001484
1226.458322   0.000278
1226.459003   0.000339
1226.459684  -0.001342
1226.460365   0.000547
1226.461046   0.000391
1226.461727   0.000864
1226.462409  -0.001137
1226.463090  -0.001394
1226.463771  -0.001405
1226.464452  -0.000766
1226.465133  -0.001800
1226.465814  -0.000513
1226.466495  -0.000151
1226.467176  -0.000154
1226.467857  -0.000769
1226.468539   0.001397
1226.469220  -0.000430
1226.469901   0.000357
1226.470582  -0.001242
1226.471263  -0.000024
1226.471944  -0.002110
1226.472625   0.000292
1226.473306  -0.001227
1226.473988  -0.001383
1226.474669  -0.001209
1226.475350   0.001047
1226.476031  -0.001035
1226.476712  -0.001187
1226.477393  -0.000408
1226.478074  -0.000085
1226.478755  -0.001512
1226.479437  -0.000500
1226.480118  -0.000846
1226.480799  -0.000892
1226.481480  -0.000858
1226.482161  -0.000953
1226.482842   0.000140
1226.483523   0.000912
1226.484204   0.000956
1226.484886   0.000722
1226.485567  -0.000397
1226.486248  -0.000678
1226.486929  -0.001687
1226.487610   0.000765
1226.488291  -0.001315
1226.488972  -0.000066
1226.489653   0.000369
1226.490335  -0.001168
1226.491016   0.001084
1226.491697   0.000161
1226.492378   0.001565
1226.493059   0.000492
1226.493740  -0.001320
1226.494421  -0.002229
1226.495102  -0.000941
1226.495783   0.000157
1226.496465  -0.002965
1226.497146   0.000149
1226.497827   0.000925
1226.498508  -0.001549
1226.499189  -0.000234
1226.499870  -0.000514
1226.500551  -0.001725
1226.501232  -0.000735
1226.501914  -0.002044
1226.502595   0.000884
1226.503276  -0.001951
1226.503957   0.000574
1226.504638  -0.001518
1226.505319  -0.000259
1226.506000   0.001832
1226.506681   0.000085
1226.507363  -0.000555
1226.508044   0.000123
1226.508725   0.000607
1226.509406  -0.001754
1226.510087  -0.001863
1226.510768   0.000747
1226.511449   0.003264
1226.512130  -0.000230
1226.512812  -0.002066
1226.513493  -0.000680
1226.514174   0.001326
1226.514855  -0.000167
1226.515536  -0.000099
1226.516217   0.000414
1226.516898  -0.001372
1226.517579  -0.001099
1226.518260  -0.002347
1226.518942  -0.001743
1226.519623  -0.001013
1226.520304  -0.001434
1226.520985   0.000679
1226.521666  -0.000316
1226.522347   0.000270
1226.523028  -0.000468
1226.523709   0.000195
1226.524391  -0.000712
1226.525072  -0.003410
1226.525753  -0.001024
1226.526434  -0.000544
1226.527115  -0.000716
1226.527796   0.001098
1226.528477  -0.000805
1226.529158   0.000654
1226.529839  -0.000815
1226.530521  -0.000333
1226.531202  -0.000411
1226.531883  -0.001480
1226.532564  -0.000316
1226.533245  -0.000435
1226.533926   0.000522
1226.534607  -0.001030
1226.535288  -0.000285
1226.535970   0.000306
1226.536651  -0.000937
1226.537332   0.000374
1226.538013   0.000907
1226.538694   0.000277
1226.539375   0.000216
1226.540056  -0.002123
1226.540737   0.000451
1226.541419  -0.001592
1226.542100  -0.000396
1226.542781  -0.002810
1226.543462  -0.000290
1226.544143  -0.003476
1226.544824  -0.002219
1226.545505  -0.000314
1226.546186  -0.003097
1226.546868  -0.001511
1226.547549  -0.001918
1226.548230   0.000137
1226.548911  -0.000673
1226.549592  -0.001226
1226.550273  -0.001059
1226.550954  -0.003118
1226.551635   0.000410
1226.552316  -0.001255
1226.552998   0.000365
1226.553679  -0.000439
1226.554360  -0.000222
1226.555041  -0.000888
1226.555722   0.000094
1226.556403  -0.000408
1226.557084   0.000469
1226.557766  -0.000065
1226.558447  -0.000119
1226.559128  -0.002256
1226.559809  -0.001255
1226.560490  -0.001769
1226.561171  -0.001767
1226.561852  -0.002512
1226.562533  -0.000971
1226.563214  -0.000808
1226.563896  -0.001491
1226.564577  -0.001451
1226.565258  -0.000519
1226.565939  -0.002182
1226.566620  -0.001026
1226.567301  -0.000583
1226.567982  -0.001353
1226.568663   0.000118
1226.569345  -0.000901
1226.570026  -0.002666
1226.570707  -0.000827
1226.571388  -0.000446
1226.572069  -0.001353
1226.572750  -0.002561
1226.573431  -0.001065
1226.574112  -0.002030
1226.574794   0.000709
1226.575475   0.000433
1226.576156   0.001555
1226.576837  -0.000014
1226.577518  -0.000716
1226.578199   0.002045
1226.578880  -0.000822
1226.579561  -0.000668
1226.580242  -0.000762
1226.580924  -0.001264
1226.581605   0.000909
1226.582286  -0.002965
1226.582967  -0.000608
1226.583648  -0.002722
1226.584329  -0.000863
1226.585010  -0.000376
1226.585691  -0.001544
1226.586373  -0.000528
1226.587054  -0.001606
1226.587735  -0.000027
1226.588416  -0.000140
1226.589097  -0.000610
1226.589778  -0.001275
1226.590459   0.000072
1226.591140   0.000527
1226.591822   0.000753
1226.592503  -0.000162
1226.593184   0.000268
1226.593865  -0.001045
1226.594546  -0.000784
1226.595227  -0.002371
1226.595908   0.000180
1226.596589   0.000064
1226.597271   0.000073
1226.597952  -0.001500
1226.598633  -0.001390
1226.599314  -0.001060
1226.599995  -0.000744
1226.600676  -0.001727
1226.601357  -0.001849
1226.602038  -0.001437
1226.602719  -0.000747
1226.603401   0.001002
1226.604082   0.001376
1226.604763  -0.001458
1226.605444  -0.002062
1226.606125   0.001368
1226.606806  -0.001332
1226.607487  -0.001096
1226.608168   0.000578
1226.608850   0.002620
1226.609531  -0.001008
1226.610212  -0.001411
1226.610893  -0.000794
1226.611574   0.000400
1226.612255   0.000887
1226.612936   0.001443
1226.613617   0.001584
1226.614298  -0.002342
1226.614980  -0.000956
1226.615661  -0.000660
1226.616342  -0.001875
1226.617023  -0.001877
1226.617704   0.000482
1226.618385  -0.000817
1226.619066   0.000853
1226.619747  -0.001242
1226.620429  -0.001647
1226.621110  -0.000114
1226.621791   0.000348
1226.622472   0.000898
1226.623153  -0.002131
1226.623834  -0.000519
1226.624515  -0.000879
1226.625196  -0.000285
1226.625878  -0.001436
1226.626559  -0.001764
1226.627240   0.000023
1226.627921  -0.001392
1226.628602  -0.001521
1226.629283  -0.000624
1226.629964  -0.001364
1226.630646  -0.002476
1226.631327   0.000226
1226.632008  -0.000414
1226.632689   0.000545
1226.633370  -0.001739
1226.634051  -0.000895
1226.634732  -0.000264
1226.635413  -0.000737
1226.636094  -0.001118
1226.636776  -0.000939
1226.637457   0.000086
1226.638138  -0.002421
1226.638819  -0.001375
1226.639500  -0.000747
1226.640181  -0.002230
1226.640862  -0.000339
1226.641543  -0.002116
1226.642225   0.001721
1226.642906   0.000888
1226.643587  -0.000661
1226.644268  -0.002801
1226.644949  -0.001370
1226.645630  -0.001226
1226.646311  -0.001145
1226.646992   0.000032
1226.647673   0.000334
1226.648355  -0.001291
1226.649036  -0.001725
1226.649717  -0.000967
1226.650398   0.000215
1226.651079   0.001892
1226.651760  -0.001436
1226.652441   0.000863
1226.653122   0.000307
1226.653804  -0.000486
1226.654485  -0.001544
1226.655166  -0.001173
1226.655847  -0.001309
1226.656528  -0.000262
1226.657209  -0.000014
1226.657890   0.000666
1226.658571  -0.000788
1226.659253   0.000039
1226.659934  -0.000185
1226.660615  -0.001135
1226.661296  -0.000159
1226.661977  -0.000870
1226.662658  -0.000313
1226.663339  -0.000319
1226.664020   0.000811
1226.664701   0.000089
1226.665383   0.000163
1226.666064  -0.001833
1226.666745  -0.002006
1226.667426  -0.001317
1226.668107  -0.001522
1226.668788  -0.000789
1226.669469  -0.001457
1226.670150  -0.000561
1226.670832  -0.000842
1226.671513  -0.000543
1226.672194  -0.001626
1226.672875   0.000602
1226.673556   0.000771
1226.674237  -0.001096
1226.674918  -0.001681
1226.675599  -0.002348
1226.676281  -0.002596
1226.676962  -0.001709
1226.677643   0.000193
1226.678324   0.000667
1226.679005  -0.001325
1226.679686   0.000071
1226.680367  -0.000209
1226.681048  -0.000594
1226.681730  -0.001984
1226.682411  -0.001976
1226.683092  -0.003806
1226.683773  -0.001927
1226.684454   0.000615
1226.685135  -0.000963
1226.685816  -0.001371
1226.686497   0.000939
1226.687178   0.000072
1226.687859  -0.000726
1226.688541  -0.000989
1226.689222   0.001595
1226.689903  -0.000549
1226.690584   0.000015
1226.691265  -0.000561
1226.691946  -0.002091
1226.692627  -0.000886
1226.693308  -0.003030
1226.693990  -0.001794
1226.694671  -0.000401
1226.695352  -0.002602
1226.696033   0.001060
1226.696714  -0.000722
1226.697395  -0.000087
1226.698076   0.000806
1226.698758  -0.000397
1226.699439  -0.000782
1226.700120  -0.001254
1226.700801  -0.000852
1226.701482   0.001197
1226.702163  -0.000988
1226.702844  -0.000174
1226.703525   0.000606
1226.704207   0.000831
1226.704888  -0.001307
1226.705569  -0.002155
1226.706250  -0.000838
1226.706931   0.000420
1226.707612  -0.000113
1226.708293  -0.001597
1226.708974  -0.000616
1226.709656  -0.001593
1226.710337   0.001159
1226.711018  -0.000098
1226.711699  -0.002024
1226.712380  -0.001259
1226.713061  -0.000416
1226.713742  -0.002779
1226.714423  -0.001175
1226.715105  -0.002414
1226.715786  -0.000359
1226.716467  -0.001305
1226.717148   0.000577
1226.717829  -0.002474
1226.718510  -0.000047
1226.719191  -0.000334
1226.719872   0.001307
1226.720553   0.000841
1226.721234  -0.001059
1226.721916   0.000074
1226.722597   0.000739
1226.723278  -0.000926
1226.723959  -0.002208
1226.724640  -0.000034
1226.725321  -0.002509
1226.726002  -0.000799
1226.726683  -0.000579
1226.727365  -0.000632
1226.728046  -0.000039
1226.728727   0.001291
1226.729408  -0.001631
1226.730089   0.000240
1226.730770   0.000203
1226.731451  -0.000278
1226.732132  -0.001399
1226.732813  -0.000190
1226.733495   0.001281
1226.734176  -0.000481
1226.734857  -0.001192
1226.735538  -0.001287
1226.736219  -0.000123
1226.736900  -0.002275
1226.737581  -0.001270
1226.738262  -0.001533
1226.738944  -0.000374
1226.739625  -0.002314
1226.740306  -0.000256
1226.740987  -0.000517
1226.741668   0.000957
1226.742349  -0.000577
1226.743030  -0.000058
1226.743711  -0.001554
1226.744393  -0.001519
1226.745074   0.000094
1226.745755  -0.000996
1226.746436   0.000836
1226.747117  -0.000655
1226.747798  -0.001394
1226.748479  -0.000416
1226.749160  -0.000531
1226.749842  -0.001423
1226.750523  -0.000717
1226.751204  -0.002132
1226.751885   0.000544
1226.752566   0.001503
1226.753247   0.000542
1226.753928  -0.000034
1226.754609  -0.003657
1226.755290   0.000143
1226.755972  -0.000092
1226.756653  -0.001688
1226.757334  -0.001193
1226.758015  -0.000420
1226.758696  -0.001070
1226.759377  -0.000843
1226.760058  -0.002218
1226.760739   0.000130
1226.761421  -0.000992
1226.762102  -0.000765
1226.762783  -0.000425
1226.763464  -0.002067
1226.764145  -0.000386
1226.764826   0.000263
1226.765507  -0.001067
1226.766188  -0.000599
1226.766870  -0.000739
1226.767551  -0.001502
1226.768232  -0.005370
1226.768913  -0.002361
1226.769594   0.000523
1226.770275  -0.001649
1226.770956  -0.001920
1226.771637  -0.000351
1226.772319  -0.003010
1226.773000  -0.001576
1226.773681  -0.001008
1226.774362  -0.000502
1226.775043  -0.000816
1226.775724   0.000228
1226.776405  -0.000183
1226.777086  -0.000655
1226.777768  -0.001017
1226.778449  -0.001717
1226.779130  -0.000239
1226.779811  -0.000204
1226.780492  -0.000756
1226.781173  -0.001011
1226.781854  -0.000067
1226.782535  -0.000474
1226.783217  -0.000770
1226.783898   0.001212
1226.784579  -0.001690
1226.785260  -0.002233
1226.785941  -0.001189
1226.786622  -0.000775
1226.787303  -0.000265
1226.787984  -0.000494
1226.788665  -0.000594
1226.789347  -0.001704
1226.790028  -0.001261
1226.790709  -0.000246
1226.791390  -0.000831
1226.792071  -0.002415
1226.792752   0.000524
1226.793433   0.000157
1226.794114   0.000742
1226.794796  -0.001550
1226.795477  -0.000257
1226.796158  -0.001556
1226.796839  -0.000175
1226.797520  -0.003422
1226.798201   0.000905
1226.798882  -0.001542
1226.799563   0.000003
1226.800245   0.000836
1226.800926   0.001440
1226.801607   0.001318
1226.802288   0.000186
1226.802969  -0.001870
1226.803650  -0.000511
1226.804331  -0.007600
1226.805012  -0.000000
1226.805693  -0.000995
1226.806375  -0.001358
1226.807056   0.000345
1226.807737  -0.001283
1226.808418   0.000694
1226.809099  -0.001125
1226.809780  -0.000777
1226.810461  -0.000696
1226.811142  -0.001529
1226.811824  -0.001384
1226.812505  -0.000704
1226.813186  -0.000249
1226.813867  -0.000750
1226.814548  -0.002066
1226.815229  -0.000195
1226.815910   0.000979
1226.816591  -0.000176
1226.817273  -0.000131
1226.817954   0.000284
1226.818635  -0.000539
1226.819316  -0.000313
1226.819997  -0.001723
1226.820678  -0.002138
1226.821359  -0.000972
1226.822040  -0.000843
1226.822721  -0.000632
1226.823403   0.000139
1226.824084  -0.000912
1226.824765  -0.000532
1226.825446   0.000298
1226.826127  -0.003709
1226.826808  -0.000971
1226.827489  -0.000432
1226.828171  -0.002507
1226.828852  -0.001794
1226.829533   0.000226
1226.830214   0.000967
1226.830895  -0.002069
1226.831576  -0.002160
1226.832257  -0.001675
1226.832938  -0.000128
1226.833620  -0.001121
1226.834301  -0.003048
1226.834982   0.000152
1226.835663  -0.000147
1226.836344   0.000851
1226.837025   0.000407
1226.837706  -0.000440
1226.838387  -0.000087
1226.839068  -0.001371
1226.839750  -0.000185
1226.840431   0.000913
1226.841112  -0.000740
1226.841793  -0.000205
1226.842474  -0.001207
1226.843155  -0.000610
1226.843836  -0.001747
1226.844517  -0.000398
1226.845199  -0.001401
1226.845880  -0.000693
1226.846561  -0.000603
1226.847242  -0.000235
1226.847923  -0.000764
1226.848604   0.000493
1226.849285  -0.002113
1226.849966  -0.000671
1226.850647  -0.002886
1226.851329  -0.002588
1226.852010  -0.001956
1226.852691  -0.000567
1226.853372  -0.001309
1226.854053  -0.000879
1226.854734  -0.002039
1226.855415  -0.000991
1226.856096  -0.000709
1226.856778   0.000053
1226.857459  -0.003145
1226.858140  -0.001522
1226.858821   0.000084
1226.859502   0.000173
1226.860183  -0.001271
1226.860864  -0.002245
1226.861545   0.000897
1226.862227   0.002278
1226.862908  -0.001224
1226.863589  -0.001193
1226.864270  -0.001305
1226.864951   0.001759
1226.865632  -0.001883
1226.866313   0.000018
1226.866994  -0.000604
1226.867676   0.001573
1226.868357   0.001361
1226.869038   0.001007
1226.869719  -0.001302
1226.870400  -0.000231
1226.871081  -0.002819
1226.871762  -0.001902
1226.872443   0.000329
1226.873124  -0.001284
1226.873806  -0.001664
1226.874487  -0.004601
1226.875168   0.000486
1226.875849  -0.001420
1226.876530  -0.000077
1226.877211   0.000022
1226.877892   0.001230
1226.878573  -0.000534
1226.879255  -0.000139
1226.879936   0.001540
1226.880617  -0.001606
1226.881298  -0.000751
1226.881979  -0.001317
1226.882660  -0.000051
1226.883341  -0.000076
1226.884022  -0.000696
1226.884704  -0.001664
1226.885385  -0.002635
1226.886066  -0.003261
1226.886747  -0.001358
1226.887428   0.000275
1226.888109  -0.000475
1226.888790  -0.001403
1226.889471   0.001251
1226.890153  -0.001582
1226.890834   0.000568
1226.891515  -0.001682
1226.892196  -0.000105
1226.892877  -0.001306
1226.893558  -0.001608
1226.894239  -0.000323
1226.894920   0.000966
1226.895602  -0.001392
1226.896283  -0.001014
1226.896964  -0.000945
1226.897645   0.000393
1226.898326  -0.000682
1226.899007  -0.001265
1226.899688  -0.001517
1226.900369   0.000227
1226.901050  -0.003184
1226.901732  -0.003635
1226.902413   0.001529
1226.903094   0.000407
1226.903775  -0.000649
1226.904456  -0.000896
1226.905137  -0.000895
1226.905818  -0.001259
1226.906499  -0.000741
1226.907181  -0.000428
1226.907862  -0.000776
1226.908543   0.000358
1226.909224  -0.002884
1226.909905  -0.002104
1226.910586   0.000704
1226.911267  -0.000535
1226.911948  -0.001561
1226.912630  -0.001227
1226.913311  -0.001060
1226.913992  -0.001937
1226.914673   0.000355
1226.915354  -0.001862
1226.916035  -0.000056
1226.916716  -0.001477
1226.917397  -0.001633
1226.918079  -0.001463
1226.918760  -0.001184
1226.919441  -0.000613
1226.920122  -0.000624
1226.920803  -0.000638
1226.921484  -0.000736
1226.922165  -0.003245
1226.922846  -0.001593
1226.923527   0.000085
1226.924209  -0.000759
1226.924890  -0.000850
1226.925571  -0.000589
1226.926252   0.000060
1226.926933  -0.001657
1226.927614  -0.001845
1226.928295   0.001071
1226.928976  -0.001383
1226.929658  -0.001200
1226.930339   0.000827
1226.931020  -0.001233
1226.931701  -0.000775
1226.932382   0.000922
1226.933063  -0.001040
1226.933744  -0.000808
1226.934425  -0.000537
1226.935106  -0.002298
1226.935788  -0.000183
1226.936469   0.001462
1226.937150   0.000863
1226.937831  -0.001878
1226.938512  -0.000039
1226.939193  -0.000024
1226.939874  -0.000873
1226.940555  -0.000705
1226.941237  -0.000163
1226.941918  -0.000154
1226.942599  -0.000270
1226.943280  -0.001909
1226.943961  -0.001685
1226.944642  -0.000764
1226.945323  -0.000279
1226.946004  -0.000832
1226.946686  -0.000596
1226.947367  -0.001196
1226.948048  -0.001402
1226.948729   0.000615
1226.949410  -0.000704
1226.950091   0.000532
1226.950772  -0.000966
1226.951454  -0.002735
1226.952135   0.001021
1226.952816  -0.001288
1226.953497  -0.000454
1226.954178  -0.000304
1226.954859   0.000097
1226.955540  -0.001159
1226.956221  -0.002498
1226.956902   0.001653
1226.957584  -0.000787
1226.958265  -0.001654
1226.958946   0.001078
1226.959627   0.000988
1226.960308   0.001048
1226.960989   0.001775
1226.961670  -0.000676
1226.962351   0.000626
1226.963033   0.000574
1226.963714   0.000009
1226.964395  -0.000714
1226.965076  -0.001414
1226.965757  -0.002886
1226.966438  -0.002707
1226.967119   0.000251
1226.967800   0.000642
1226.968481   0.000032
1226.969163  -0.000085
1226.969844   0.000120
1226.970525  -0.000420
1226.971206  -0.000260
1226.971887  -0.002206
1226.972568  -0.002548
1226.973249   0.000478
1226.973930   0.000639
1226.974612  -0.000580
1226.975293  -0.001709
1226.975974   0.000466
1226.976655   0.000217
1226.977336  -0.002311
1226.978017  -0.001023
1226.978698  -0.000035
1226.979379  -0.000556
1226.980061  -0.000803
1226.980742  -0.001948
1226.981423  -0.000155
1226.982104  -0.000260
1226.982785   0.000209
1226.983466   0.000429
1226.984147  -0.000089
1226.984828  -0.000919
1226.985509   0.000376
1226.986191  -0.001060
1226.986872  -0.002783
1226.987553  -0.000148
1226.988234  -0.000597
1226.988915  -0.001150
1226.989596  -0.000098
1226.990277  -0.000915
1226.990958  -0.002577
1226.991640  -0.000202
1226.992321   0.000227
1226.993002   0.000549
1226.993683  -0.000157
1226.994364  -0.001066
1226.995045   0.000074
1226.995726  -0.000911
1226.996407  -0.001637
1226.997089  -0.000034
1226.997770   0.000553
1226.998451  -0.001368
1226.999132  -0.000119
1226.999813  -0.000156
1227.000494   0.000004
1227.001175   0.001437
1227.001856  -0.001078
1227.002538   0.000581
1227.003219  -0.002338
1227.003900   0.000944
1227.004581  -0.000145
1227.005262   0.000525
1227.005943  -0.002434
1227.006624  -0.001435
1227.007305   0.000293
1227.007987  -0.000533
1227.008668  -0.002043
1227.009349  -0.001142
1227.010030   0.000334
1227.010711  -0.000215
1227.011392  -0.001193
1227.012073  -0.001772
1227.012754   0.000555
1227.013436  -0.000318
1227.014117  -0.002463
1227.014798  -0.003412
1227.015479  -0.000311
1227.016160   0.000466
1227.016841  -0.000397
1227.017522  -0.000151
1227.018203  -0.002046
1227.018884  -0.000958
1227.019566   0.000204
1227.020247  -0.001757
1227.020928  -0.000095
1227.021609  -0.000828
1227.022290  -0.000658
1227.022971  -0.001476
1227.023652  -0.001968
1227.024333  -0.000120
1227.025015  -0.002583
1227.025696  -0.000768
1227.026377  -0.000738
1227.027058  -0.000972
1227.027739  -0.003111
1227.028420  -0.001362
1227.029101   0.000379
1227.029782  -0.000498
1227.030464   0.001921
1227.031145  -0.001775
1227.031826  -0.000458
1227.032507   0.001360
1227.033188   0.001346
1227.033869   0.000095
1227.034550   0.002439
1227.035231  -0.000324
1227.035913  -0.000727
1227.036594   0.001315
1227.037275  -0.000107
1227.037956  -0.000794
1227.038637  -0.000006
1227.039318   0.001503
1227.039999  -0.000956
1227.040680   0.000770
1227.041361  -0.000563
1227.042043  -0.001111
1227.042724   0.000140
1227.043405   0.000474
1227.044086  -0.000809
1227.044767  -0.000105
1227.045448   0.000247
1227.046129  -0.003195
1227.046810  -0.000468
1227.047492  -0.001044
1227.048173  -0.001867
1227.048854  -0.000553
1227.049535  -0.001764
1227.050216  -0.000570
1227.050897  -0.001234
1227.051578  -0.000104
1227.052259  -0.000816
1227.052940  -0.000651
1227.053622  -0.001919
1227.054303   0.000105
1227.054984  -0.000691
1227.055665  -0.001306
1227.056346  -0.001013
1227.057027   0.000897
1227.057708  -0.002344
1227.058389   0.001058
1227.059071   0.000679
1227.059752  -0.000819
1227.060433  -0.003272
1227.061114  -0.000190
1227.061795   0.000655
1227.062476  -0.001277
1227.063157   0.000036
1227.063839  -0.001922
1227.064520  -0.001071
