1276.730170  -0.002004
1276.730851  -0.000890
1276.731532  -0.000748
1276.732213  -0.002942
1276.732894  -0.001736
1276.733575  -0.001420
1276.734257  -0.001218
1276.734938  -0.001284
1276.735619  -0.001001
1276.736300   0.001635
1276.736981  -0.000859
1276.737662  -0.001082
1276.738343   0.000453
1276.739025   0.000600
1276.739706  -0.001243
1276.740387  -0.001387
1276.741068  -0.000263
1276.741749  -0.000499
1276.742430  -0.000555
1276.743112   0.001036
1276.743793   0.000037
1276.744474  -0.001592
1276.745155   0.000162
1276.745836  -0.000038
1276.746517   0.001889
1276.747198  -0.000467
1276.747880   0.000597
1276.748561  -0.000795
1276.749242  -0.000623
1276.749923  -0.000189
1276.750604  -0.000980
1276.751285  -0.000546
1276.751966   0.000322
1276.752648   0.000588
1276.753329   0.000187
1276.754010  -0.013515
1276.754691  -0.003143
1276.755372  -0.001176
1276.756053   0.000207
1276.756734  -0.000420
1276.757416   0.000341
1276.758097  -0.000483
1276.758778  -0.000642
1276.759459  -0.000609
1276.760140  -0.000861
1276.760821   0.000309
1276.761502   0.000031
1276.762184   0.001415
1276.762865   0.000039
1276.763546   0.000374
1276.764227  -0.000126
1276.764908  -0.000304
1276.765589  -0.000452
1276.766270   0.000812
1276.766952  -0.000219
1276.767633  -0.000884
1276.768314  -0.000730
1276.768995   0.002074
1276.769676   0.001228
1276.770357  -0.001003
1276.771038  -0.001116
1276.771720  -0.001040
1276.772401   0.000238
1276.773082  -0.001052
1276.773763  -0.000264
1276.774444   0.000786
1276.775125   0.000812
1276.775807  -0.000658
1276.776488  -0.000248
1276.777169  -0.000411
1276.777850   0.000580
1276.778531  -0.000974
1276.779212   0.000371
1276.779893  -0.000272
1276.780575  -0.001965
1276.781256   0.000308
1276.781937  -0.001663
1276.782618   0.000800
1276.783299  -0.001340
1276.783980   0.000365
1276.784662   0.000661
1276.785343  -0.003196
1276.786024  -0.004149
1276.786705  -0.000827
1276.787386   0.001262
1276.788067   0.000118
1276.788748  -0.000479
1276.789429  -0.000592
1276.790111   0.000617
1276.790792  -0.002141
1276.791473  -0.000861
1276.792154   0.000209
1276.792835  -0.000606
1276.793516   0.000987
1276.794197   0.000006
1276.794879  -0.002463
1276.795560  -0.000330
1276.796241  -0.000396
1276.796922  -0.007587
1276.797603  -0.001682
1276.798284  -0.000636
1276.798966  -0.002922
1276.799647  -0.001106
1276.800328  -0.000831
1276.801009   0.001857
1276.801690  -0.002688
1276.802371  -0.001097
1276.803052   0.001149
1276.803734   0.000013
1276.804415  -0.001464
1276.805096   0.001047
1276.805777   0.000829
1276.806458  -0.000851
1276.807139  -0.001812
1276.807820   0.001219
1276.808502  -0.000559
1276.809183  -0.000803
1276.809864   0.000143
1276.810545  -0.001478
1276.811226  -0.000228
1276.811907  -0.002259
1276.812589  -0.000677
1276.813270  -0.000100
1276.813951   0.000315
1276.814632   0.000216
1276.815313   0.000955
1276.815994  -0.000422
1276.816675  -0.000747
1276.817357   0.000395
1276.818038  -0.000659
1276.818719  -0.000455
1276.819400  -0.000298
1276.820081   0.001147
1276.820762  -0.001355
1276.821443  -0.000760
1276.822125   0.000524
1276.822806  -0.001433
1276.823487  -0.000573
1276.824168  -0.000510
1276.824849  -0.000114
1276.825530   0.000970
1276.826211  -0.000514
1276.826893  -0.000531
1276.827574  -0.000712
1276.828255  -0.000539
1276.828936  -0.003460
1276.829617  -0.000854
1276.830298   0.000737
1276.830980   0.001455
1276.831661  -0.000737
1276.832342  -0.001855
1276.833023  -0.001618
1276.833704  -0.000040
1276.834385  -0.000065
1276.835066  -0.000157
1276.835748   0.000572
1276.836429   0.000880
1276.837110   0.000789
1276.837791  -0.001341
1276.838472   0.000807
1276.839153  -0.000537
1276.839834  -0.000686
1276.840516   0.001725
1276.841197   0.001272
1276.841878  -0.002354
1276.842559  -0.000062
1276.843240   0.002469
1276.843921  -0.000887
1276.844602  -0.000263
1276.845284  -0.001951
1276.845965  -0.001818
1276.846646   0.000736
1276.847327  -0.000085
1276.848008  -0.001798
1276.848689  -0.000196
1276.849370  -0.001629
1276.850052  -0.001402
1276.850733   0.000085
1276.851414  -0.000255
1276.852095  -0.000763
1276.852776  -0.003100
1276.853457  -0.002975
1276.854139  -0.002254
1276.854820  -0.000609
1276.855501   0.001330
1276.856182  -0.000806
1276.856863  -0.000504
1276.857544   0.000133
1276.858225  -0.001081
1276.858907   0.001498
1276.859588   0.000519
1276.860269   0.000525
1276.860950  -0.000691
1276.861631  -0.000605
1276.862312  -0.000254
1276.862993  -0.001974
1276.863675  -0.000297
1276.864356  -0.000006
1276.865037  -0.001452
1276.865718  -0.001636
1276.866399  -0.000939
1276.867080  -0.000878
1276.867761  -0.000859
1276.868443  -0.000809
1276.869124  -0.000988
1276.869805  -0.000736
1276.870486  -0.001417
1276.871167  -0.001068
1276.871848   0.000016
1276.872529  -0.000980
1276.873211  -0.001279
1276.873892  -0.002235
1276.874573   0.001535
1276.875254   0.000338
1276.875935  -0.000792
1276.876616   0.001406
1276.877297  -0.002879
1276.877979  -0.001076
1276.878660   0.000276
1276.879341  -0.001609
1276.880022   0.000960
1276.880703  -0.000882
1276.881384  -0.001618
1276.882065  -0.001339
1276.882747  -0.000613
1276.883428  -0.001139
1276.884109   0.000728
1276.884790   0.000336
1276.885471   0.001354
1276.886152   0.000348
1276.886834  -0.001144
1276.887515   0.000153
1276.888196  -0.001309
1276.888877   0.000877
1276.889558  -0.000496
1276.890239  -0.001365
1276.890920   0.000478
1276.891602  -0.000912
1276.892283  -0.001283
1276.892964   0.000288
1276.893645  -0.000341
1276.894326   0.001166
1276.895007  -0.002554
1276.895688  -0.001640
1276.896370  -0.000376
1276.897051  -0.001663
1276.897732  -0.001684
1276.898413  -0.001015
1276.899094   0.000493
1276.899775  -0.000481
1276.900456  -0.000395
1276.901138  -0.002657
1276.901819   0.000048
1276.902500  -0.001586
1276.903181  -0.000625
1276.903862  -0.001239
1276.904543  -0.001679
1276.905224  -0.000985
1276.905906  -0.000556
1276.906587  -0.001298
1276.907268  -0.000589
1276.907949   0.001146
1276.908630   0.000007
1276.909311  -0.001876
1276.909992   0.000691
1276.910674  -0.000810
1276.911355  -0.001362
1276.912036  -0.002800
1276.912717  -0.000211
1276.913398  -0.001886
1276.914079  -0.000759
1276.914761   0.000253
1276.915442  -0.001276
1276.916123  -0.001271
1276.916804  -0.001235
1276.917485  -0.001789
1276.918166  -0.000214
1276.918847  -0.000718
1276.919529  -0.001159
1276.920210  -0.000808
1276.920891   0.000442
1276.921572  -0.001073
1276.922253  -0.001069
1276.922934  -0.000327
1276.923615  -0.000625
1276.924297  -0.000716
1276.924978  -0.002669
1276.925659  -0.001107
1276.926340   0.000476
1276.927021  -0.001815
1276.927702   0.001548
1276.928384   0.001475
1276.929065  -0.000476
1276.929746   0.000886
1276.930427  -0.000819
1276.931108   0.000034
1276.931789   0.001162
1276.932470  -0.000542
1276.933152  -0.001092
1276.933833  -0.000435
1276.934514  -0.001161
1276.935195   0.001677
1276.935876  -0.000242
1276.936557   0.001362
1276.937238   0.000442
1276.937919  -0.001616
1276.938601  -0.000252
1276.939282   0.000574
1276.939963  -0.000742
1276.940644  -0.001103
1276.941325  -0.001023
1276.942006  -0.000616
1276.942688  -0.001950
1276.943369   0.001691
1276.944050  -0.000133
1276.944731  -0.003243
1276.945412  -0.000734
1276.946093   0.000554
1276.946774  -0.001138
1276.947456  -0.000166
1276.948137   0.000209
1276.948818   0.000366
1276.949499  -0.000333
1276.950180   0.000886
1276.950861   0.000055
1276.951543  -0.000808
1276.952224  -0.002519
1276.952905  -0.000068
1276.953586   0.001978
1276.954267  -0.001193
1276.954948   0.000445
1276.955629   0.000336
1276.956311   0.000388
1276.956992  -0.000713
1276.957673  -0.000938
1276.958354  -0.000821
1276.959035  -0.001557
1276.959716  -0.000867
1276.960397  -0.001219
1276.961079  -0.000867
1276.961760  -0.000986
1276.962441   0.000047
1276.963122  -0.000974
1276.963803  -0.002154
1276.964484  -0.000967
1276.965165  -0.002584
1276.965847  -0.003241
1276.966528   0.000036
1276.967209  -0.001450
1276.967890   0.000178
1276.968571  -0.001200
1276.969252  -0.000074
1276.969934   0.001572
1276.970615   0.000057
1276.971296   0.000652
1276.971977  -0.001520
1276.972658  -0.002453
1276.973339  -0.001307
1276.974020   0.000773
1276.974702  -0.000702
1276.975383  -0.001467
1276.976064  -0.002614
1276.976745  -0.000486
1276.977426  -0.001617
1276.978107  -0.000354
1276.978788   0.000725
1276.979470   0.000487
1276.980151  -0.002387
1276.980832  -0.000779
1276.981513  -0.000133
1276.982194  -0.002048
1276.982875  -0.000584
1276.983556   0.000383
1276.984238  -0.002844
1276.984919  -0.002000
1276.985600  -0.000274
1276.986281  -0.001665
1276.986962  -0.001891
1276.987643   0.000072
1276.988324  -0.000274
1276.989006  -0.001415
1276.989687  -0.000457
1276.990368  -0.002162
1276.991049  -0.000482
1276.991730   0.000762
1276.992411  -0.000923
1276.993092  -0.003678
1276.993774   0.001624
1276.994455  -0.002946
1276.995136   0.001905
1276.995817   0.000809
1276.996498  -0.000594
1276.997179  -0.001103
1276.997861  -0.000187
1276.998542   0.000006
1276.999223  -0.000915
1276.999904   0.003143
1277.000585  -0.000221
1277.001266  -0.001190
1277.001947  -0.000518
1277.002629  -0.000763
1277.003310   0.000162
1277.003991  -0.000682
1277.004672  -0.001545
1277.005353  -0.000525
1277.006034   0.000124
1277.006715  -0.001102
1277.007397  -0.000935
1277.008078  -0.001532
1277.008759  -0.002363
1277.009440  -0.000971
1277.010121  -0.001671
1277.010802  -0.002022
1277.011483  -0.003107
1277.012165  -0.001265
1277.012846  -0.002744
1277.013527  -0.000584
1277.014208  -0.002233
1277.014889  -0.000400
1277.015570  -0.003185
1277.016251  -0.001381
1277.016933  -0.002028
1277.017614   0.000216
1277.018295  -0.000670
1277.018976  -0.001792
1277.019657  -0.001231
1277.020338   0.001647
1277.021019  -0.001971
1277.021701   0.000381
1277.022382   0.000163
1277.023063   0.001483
1277.023744  -0.000364
1277.024425  -0.000564
1277.025106  -0.001349
1277.025788  -0.001130
1277.026469  -0.001391
1277.027150  -0.000953
1277.027831  -0.001762
1277.028512  -0.000764
1277.029193  -0.000339
1277.029874  -0.000749
1277.030556   0.000083
1277.031237  -0.001090
1277.031918  -0.001272
1277.032599   0.000375
1277.033280  -0.000720
1277.033961  -0.002137
1277.034642  -0.000284
1277.035324  -0.002271
1277.036005  -0.000651
1277.036686  -0.002447
1277.037367   0.000031
1277.038048   0.000826
1277.038729  -0.000300
1277.039410   0.000641
1277.040092   0.000501
1277.040773  -0.000746
1277.041454  -0.000479
1277.042135  -0.000720
1277.042816   0.001474
1277.043497  -0.000231
1277.044178   0.000512
1277.044860   0.000963
1277.045541  -0.001010
1277.046222   0.000336
1277.046903  -0.001253
1277.047584  -0.001810
1277.048265  -0.000631
1277.048947  -0.000227
1277.049628  -0.000010
1277.050309  -0.001329
1277.050990  -0.001690
1277.051671  -0.000718
1277.052352  -0.000323
1277.053033  -0.000571
1277.053715  -0.000535
1277.054396  -0.001263
1277.055077  -0.000687
1277.055758  -0.001628
1277.056439   0.000003
1277.057120   0.001183
1277.057801  -0.000893
1277.058483   0.000685
1277.059164  -0.000120
1277.059845  -0.001372
1277.060526   0.002192
1277.061207   0.001636
1277.061888  -0.000815
1277.062569  -0.000395
1277.063251  -0.002156
1277.063932   0.000290
1277.064613   0.000556
1277.065294  -0.000875
1277.065975  -0.000598
1277.066656   0.001208
1277.067337   0.000502
1277.068019  -0.000866
1277.068700   0.000175
1277.069381  -0.000095
1277.070062  -0.001385
1277.070743   0.000139
1277.071424  -0.000779
1277.072106  -0.000213
1277.072787  -0.002526
1277.073468  -0.000647
1277.074149  -0.001719
1277.074830  -0.002072
1277.075511  -0.001778
1277.076192  -0.001477
1277.076874  -0.000492
1277.077555   0.000083
1277.078236  -0.002155
1277.078917  -0.001717
1277.079598   0.001237
1277.080279  -0.001758
1277.080960   0.000013
1277.081642  -0.000493
1277.082323  -0.001707
1277.083004  -0.000595
1277.083685  -0.000437
1277.084366  -0.000779
1277.085047  -0.001149
1277.085728  -0.001084
1277.086410   0.000434
1277.087091  -0.000710
1277.087772  -0.001330
1277.088453  -0.001181
1277.089134  -0.000631
1277.089815  -0.001530
1277.090497   0.000489
1277.091178   0.000005
1277.091859   0.000861
1277.092540   0.000991
1277.093221  -0.002763
1277.093902   0.000039
1277.094583  -0.000080
1277.095265  -0.002029
1277.095946  -0.001130
1277.096627  -0.001794
1277.097308  -0.002131
1277.097989  -0.001171
1277.098670  -0.001870
1277.099351  -0.000238
1277.100033   0.000475
1277.100714  -0.000149
1277.101395   0.000786
1277.102076   0.000384
1277.102757  -0.001082
1277.103438  -0.000901
1277.104119  -0.000751
1277.104801  -0.001939
1277.105482  -0.000446
1277.106163  -0.000770
1277.106844   0.000575
1277.107525   0.000535
1277.108206  -0.001648
1277.108888  -0.002045
1277.109569  -0.001190
1277.110250  -0.001151
1277.110931  -0.000338
1277.111612  -0.001059
1277.112293  -0.002368
1277.112974   0.000426
1277.113656  -0.001185
1277.114337  -0.001181
1277.115018   0.000521
1277.115699   0.000291
1277.116380  -0.001601
1277.117061  -0.001009
1277.117742  -0.002378
1277.118424  -0.002529
1277.119105   0.000753
1277.119786  -0.002346
1277.120467   0.000498
1277.121148  -0.000124
1277.121829   0.000239
1277.122510  -0.002933
1277.123192  -0.002487
1277.123873   0.000150
1277.124554   0.000627
1277.125235  -0.001029
1277.125916  -0.001912
1277.126597  -0.000391
1277.127278   0.000261
1277.127960   0.000126
1277.128641  -0.001037
1277.129322  -0.001231
1277.130003  -0.000561
1277.130684  -0.001021
1277.131365   0.001204
1277.132046  -0.000086
1277.132728   0.000703
1277.133409   0.000074
1277.134090  -0.001507
1277.134771  -0.003092
1277.135452   0.001762
1277.136133  -0.000029
1277.136815   0.000996
1277.137496  -0.002755
1277.138177  -0.003994
1277.138858  -0.002172
1277.139539  -0.001251
1277.140220  -0.002232
1277.140901  -0.000868
1277.141583  -0.002531
1277.142264   0.000785
1277.142945  -0.000337
1277.143626  -0.001530
1277.144307   0.000198
1277.144988  -0.000637
1277.145669  -0.000127
1277.146351   0.000324
1277.147032  -0.002416
1277.147713   0.001206
1277.148394  -0.000544
1277.149075  -0.000745
1277.149756   0.000147
1277.150437   0.002417
1277.151119  -0.002353
1277.151800  -0.001539
1277.152481  -0.000982
1277.153162  -0.001518
1277.153843   0.000555
1277.154524  -0.000624
1277.155205   0.000478
1277.155887   0.000045
1277.156568   0.000337
1277.157249  -0.000110
1277.157930  -0.000392
1277.158611  -0.001538
1277.159292  -0.002443
1277.159973  -0.000589
1277.160655  -0.000785
1277.161336  -0.001538
1277.162017  -0.001190
1277.162698   0.000863
1277.163379   0.000049
1277.164060  -0.000696
1277.164742  -0.001200
1277.165423   0.000848
1277.166104  -0.002758
1277.166785  -0.000395
1277.167466  -0.002302
1277.168147  -0.001590
1277.168828  -0.001858
1277.169510  -0.001041
1277.170191   0.000194
1277.170872  -0.001422
1277.171553   0.000431
1277.172234  -0.001299
1277.172915  -0.000089
1277.173596   0.000145
1277.174278  -0.001273
1277.174959   0.001201
1277.175640  -0.000557
1277.176321  -0.002315
1277.177002  -0.000652
1277.177683   0.000035
1277.178364  -0.001630
1277.179046   0.000515
1277.179727  -0.002401
1277.180408  -0.002852
1277.181089  -0.000775
1277.181770  -0.000312
1277.182451  -0.000713
1277.183132   0.001013
1277.183814   0.001968
1277.184495   0.001241
1277.185176  -0.000651
1277.185857   0.000454
1277.186538  -0.000383
1277.187219   0.000454
1277.187900   0.000717
1277.188582  -0.002001
1277.189263  -0.001224
1277.189944  -0.002429
1277.190625   0.000477
1277.191306  -0.002028
1277.191988  -0.002848
1277.192669  -0.000872
1277.193350  -0.001854
1277.194031  -0.000648
1277.194712  -0.001294
1277.195393   0.002056
1277.196074  -0.001795
1277.196755  -0.000202
1277.197437  -0.000452
1277.198118   0.001001
1277.198799  -0.000471
1277.199480  -0.000728
1277.200161   0.000913
1277.200842  -0.000536
1277.201523  -0.001017
1277.202205  -0.001415
1277.202886   0.000044
1277.203567   0.001199
1277.204248   0.000750
1277.204929   0.000756
1277.205610  -0.001913
1277.206291  -0.000430
1277.206973   0.000297
1277.207654  -0.002422
1277.208335   0.000929
1277.209016  -0.000119
1277.209697  -0.000829
1277.210378  -0.000512
1277.211060  -0.001367
1277.211741  -0.001006
1277.212422  -0.000736
1277.213103  -0.001479
1277.213784  -0.000497
1277.214465  -0.000115
1277.215146  -0.001009
1277.215828  -0.002141
1277.216509  -0.000321
1277.217190  -0.000835
1277.217871  -0.000062
1277.218552  -0.001636
1277.219233   0.000681
1277.219915   0.000373
1277.220596  -0.001878
1277.221277  -0.001676
1277.221958   0.000544
1277.222639  -0.000494
1277.223320  -0.000191
1277.224001  -0.002113
1277.224683   0.000643
1277.225364  -0.000818
1277.226045  -0.001713
1277.226726  -0.002605
1277.227407  -0.001435
1277.228088  -0.001779
1277.228769   0.001590
1277.229451  -0.001934
1277.230132  -0.000157
1277.230813  -0.001873
1277.231494   0.000905
1277.232175  -0.000120
1277.232856   0.001159
1277.233537  -0.002989
1277.234219  -0.002601
1277.234900  -0.000203
1277.235581  -0.001659
1277.236262  -0.002165
1277.236943   0.000314
1277.237624   0.000165
1277.238305  -0.000158
1277.238987  -0.003339
1277.239668  -0.001596
1277.240349  -0.003827
1277.241030  -0.001170
1277.241711   0.000829
1277.242392  -0.001558
1277.243073  -0.001654
1277.243755  -0.001576
1277.244436  -0.000334
1277.245117  -0.001168
1277.245798  -0.002270
1277.246479  -0.001318
1277.247160  -0.001479
1277.247842  -0.000832
1277.248523  -0.001241
1277.249204  -0.001273
1277.249885  -0.002311
1277.250566  -0.001388
1277.251247  -0.000581
1277.251928  -0.003194
1277.252610   0.000566
1277.253291  -0.000443
1277.253972   0.000104
1277.254653   0.000575
1277.255334  -0.000785
1277.256015  -0.001271
1277.256696  -0.000709
1277.257378   0.000893
1277.258059  -0.000342
1277.258740  -0.001564
1277.259421  -0.002476
1277.260102  -0.002389
1277.260783  -0.001449
1277.261464  -0.001240
1277.262146  -0.001342
1277.262827  -0.000437
1277.263508  -0.001378
1277.264189  -0.000821
1277.264870  -0.002008
1277.265551  -0.000451
1277.266232  -0.001301
1277.266914   0.000510
1277.267595  -0.000518
1277.268276  -0.001159
1277.268957   0.000248
1277.269638   0.000942
1277.270319  -0.000581
1277.271000  -0.000279
1277.271682  -0.000038
1277.272363  -0.000826
1277.273044   0.001167
1277.273725  -0.002649
1277.274406  -0.001600
1277.275087  -0.000920
1277.275768   0.000542
1277.276450  -0.000056
1277.277131   0.001051
1277.277812   0.000299
1277.278493   0.000321
1277.279174  -0.002369
1277.279855  -0.000381
1277.280537  -0.000942
1277.281218  -0.000793
1277.281899  -0.001232
1277.282580  -0.000983
1277.283261  -0.001186
1277.283942  -0.000505
1277.284623   0.000805
1277.285305   0.001198
1277.285986  -0.000452
1277.286667  -0.000154
1277.287348   0.001180
1277.288029  -0.002596
1277.288710  -0.000885
1277.289391  -0.001560
1277.290073  -0.002098
1277.290754  -0.001105
1277.291435  -0.001036
1277.292116  -0.001724
1277.292797   0.000209
1277.293478  -0.001041
1277.294159  -0.000828
1277.294841  -0.000262
1277.295522   0.000564
1277.296203  -0.001309
1277.296884  -0.000846
1277.297565  -0.000958
1277.298246  -0.000174
1277.298927   0.000393
1277.299609   0.000484
1277.300290   0.000456
1277.300971  -0.000222
1277.301652  -0.000818
1277.302333  -0.000822
1277.303014  -0.001220
1277.303695  -0.000088
1277.304377  -0.001411
1277.305058  -0.001672
1277.305739  -0.000916
1277.306420  -0.000208
1277.307101  -0.001282
1277.307782   0.001278
1277.308464  -0.001467
1277.309145  -0.002067
1277.309826  -0.002310
1277.310507  -0.001914
1277.311188  -0.000086
1277.311869   0.000473
1277.312551  -0.001436
1277.313232  -0.000867
1277.313913  -0.000251
1277.314594  -0.000900
1277.315275  -0.000236
1277.315956  -0.001495
1277.316637  -0.000845
1277.317319   0.000358
1277.318000  -0.001653
1277.318681  -0.001256
1277.319362  -0.000774
1277.320043  -0.000209
1277.320724  -0.000157
1277.321405   0.000839
1277.322086  -0.003507
1277.322768  -0.001296
1277.323449  -0.003569
1277.324130  -0.000003
1277.324811  -0.002447
1277.325492  -0.002287
1277.326173   0.000973
1277.326854   0.000099
1277.327536  -0.002192
1277.328217  -0.000436
1277.328898  -0.000034
1277.329579  -0.000543
1277.330260  -0.000717
1277.330941  -0.000360
1277.331622  -0.002537
1277.332304  -0.001607
1277.332985  -0.001842
1277.333666  -0.001361
1277.334347  -0.000786
1277.335028  -0.000212
1277.335710  -0.000393
1277.336391  -0.001890
1277.337072  -0.000204
1277.337753  -0.001763
1277.338434  -0.001188
1277.339115   0.000214
1277.339796  -0.001222
1277.340478   0.000591
1277.341159  -0.000902
1277.341840  -0.000989
1277.342521  -0.001108
1277.343202  -0.001517
1277.343883  -0.002179
1277.344564   0.000636
1277.345246  -0.000453
1277.345927   0.001632
1277.346608  -0.000161
1277.347289  -0.002379
1277.347970  -0.000080
1277.348651  -0.001930
1277.349332   0.000736
1277.350014  -0.000864
1277.350695  -0.000333
1277.351376  -0.000591
1277.352057  -0.000801
1277.352738  -0.001125
1277.353419  -0.001798
1277.354100   0.000112
1277.354782  -0.002246
1277.355463  -0.000755
1277.356144  -0.000638
1277.356825  -0.002973
1277.357506  -0.000226
1277.358187  -0.001984
1277.358869   0.000065
1277.359550  -0.000093
1277.360231  -0.001627
1277.360912  -0.001436
1277.361593   0.000771
1277.362274  -0.002262
1277.362955  -0.002035
1277.363637  -0.002348
1277.364318   0.000658
1277.364999  -0.000292
1277.365680  -0.001255
1277.366361   0.000744
1277.367042  -0.001901
1277.367723  -0.000623
1277.368405   0.000126
1277.369086  -0.001055
1277.369767  -0.000212
1277.370448  -0.002141
1277.371129  -0.000891
1277.371810  -0.000864
1277.372491  -0.001377
1277.373173  -0.001009
1277.373854  -0.000831
1277.374535  -0.001228
1277.375216  -0.000870
1277.375897  -0.004261
1277.376578  -0.001803
1277.377259  -0.001431
1277.377941  -0.005134
1277.378622  -0.002359
1277.379303  -0.001705
1277.379984  -0.002401
1277.380665  -0.000406
1277.381346   0.000404
1277.382027  -0.000160
1277.382709  -0.000485
1277.383390  -0.002827
1277.384071  -0.000298
1277.384752  -0.002300
1277.385433  -0.000463
1277.386114  -0.001834
1277.386795  -0.001905
1277.387477  -0.001791
1277.388158   0.000980
1277.388839  -0.002244
1277.389520  -0.001904
1277.390201  -0.001254
1277.390882  -0.001421
1277.391564   0.001235
1277.392245   0.000276
1277.392926  -0.001756
1277.393607  -0.000318
1277.394288  -0.000601
1277.394969  -0.000975
1277.395650  -0.001459
1277.396332   0.000665
1277.397013  -0.001183
1277.397694  -0.001434
1277.398375  -0.001667
1277.399056  -0.000549
1277.399737  -0.001443
1277.400418  -0.000368
1277.401100  -0.001355
1277.401781   0.001229
1277.402462   0.000936
1277.403143  -0.001016
1277.403824  -0.002912
1277.404505   0.000055
1277.405187  -0.000090
1277.405868   0.000242
1277.406549  -0.001487
1277.407230   0.000020
1277.407911  -0.000730
1277.408592  -0.002862
1277.409273   0.000227
1277.409955  -0.000066
1277.410636  -0.000358
1277.411317  -0.000479
1277.411998   0.000416
1277.412679  -0.000438
1277.413360  -0.001091
1277.414041   0.000205
1277.414722   0.000283
1277.415404  -0.002449
1277.416085  -0.000486
1277.416766  -0.001823
1277.417447  -0.001063
1277.418128  -0.003414
1277.418809  -0.000517
1277.419491  -0.001424
1277.420172   0.000481
1277.420853  -0.001750
1277.421534   0.000534
1277.422215  -0.002562
1277.422896  -0.001532
1277.423577   0.000350
1277.424259  -0.000440
1277.424940  -0.002641
1277.425621  -0.000398
1277.426302  -0.000155
1277.426983  -0.001891
1277.427664  -0.002279
1277.428346  -0.000675
1277.429027  -0.001363
1277.429708  -0.001270
1277.430389  -0.000908
1277.431070  -0.000473
1277.431751   0.001010
1277.432432  -0.001745
1277.433114  -0.001955
1277.433795  -0.000865
1277.434476  -0.000451
1277.435157  -0.001295
1277.435838  -0.000366
1277.436519  -0.000738
1277.437200  -0.002019
1277.437882   0.000278
1277.438563  -0.002398
1277.439244  -0.000086
1277.439925  -0.001535
1277.440606  -0.001701
1277.441287  -0.001298
1277.441968  -0.000293
1277.442650  -0.000068
1277.443331  -0.000806
1277.444012  -0.002002
1277.444693   0.000244
1277.445374  -0.001235
1277.446055  -0.001685
1277.446736  -0.000268
1277.447418  -0.001718
1277.448099  -0.001718
1277.448780  -0.000463
1277.449461  -0.000958
1277.450142  -0.003829
1277.450823  -0.000330
1277.451504  -0.000794
1277.452186  -0.003140
1277.452867  -0.001586
1277.453548  -0.001234
1277.454229  -0.003272
1277.454910  -0.001082
1277.455591  -0.000805
1277.456273  -0.000702
1277.456954  -0.001037
1277.457635  -0.000960
1277.458316   0.000340
1277.458997   0.000252
1277.459678  -0.000630
1277.460359  -0.000406
1277.461041  -0.000426
1277.461722  -0.000591
1277.462403  -0.002410
1277.463084  -0.000540
1277.463765  -0.000732
1277.464446  -0.002308
1277.465127  -0.002156
1277.465809  -0.001363
1277.466490   0.001685
1277.467171  -0.001387
1277.467852  -0.002413
1277.468533  -0.000983
1277.469214   0.000346
1277.469896  -0.001942
1277.470577   0.001321
1277.471258   0.001725
1277.471939  -0.002132
1277.472620  -0.000184
1277.473301  -0.001886
1277.473982   0.000846
1277.474663   0.000496
1277.475345   0.001438
1277.476026  -0.002283
1277.476707  -0.002126
1277.477388  -0.001524
1277.478069  -0.001089
1277.478750  -0.000419
1277.479432  -0.001834
1277.480113  -0.001428
1277.480794  -0.002232
1277.481475  -0.000583
1277.482156  -0.001877
1277.482837  -0.002487
1277.483518   0.000049
1277.484200  -0.000197
1277.484881  -0.000379
1277.485562  -0.002462
1277.486243  -0.001177
1277.486924  -0.001053
1277.487605  -0.002484
1277.488286  -0.000426
1277.488968   0.000249
1277.489649  -0.001236
1277.490330  -0.002293
1277.491011  -0.002477
1277.491692   0.000939
1277.492373  -0.001354
1277.493054  -0.002937
1277.493736  -0.000761
1277.494417   0.000704
1277.495098  -0.001929
1277.495779  -0.001172
1277.496460   0.000708
1277.497141  -0.000651
1277.497822  -0.003123
1277.498504  -0.000127
1277.499185  -0.000251
1277.499866  -0.002075
1277.500547  -0.001401
1277.501228  -0.001337
1277.501909   0.000206
1277.502591  -0.002681
1277.503272  -0.005965
1277.503953  -0.001743
1277.504634  -0.001198
1277.505315   0.001258
1277.505996   0.000728
1277.506677  -0.000227
1277.507359  -0.001127
1277.508040  -0.001732
1277.508721   0.001535
1277.509402  -0.000935
1277.510083  -0.001961
1277.510764   0.000997
1277.511445  -0.002379
1277.512127  -0.000535
1277.512808   0.001729
1277.513489   0.000197
1277.514170  -0.000784
1277.514851   0.000534
1277.515532  -0.000867
1277.516213   0.000120
1277.516895  -0.000897
1277.517576  -0.001457
1277.518257  -0.002738
1277.518938   0.000347
1277.519619   0.000707
1277.520300   0.000044
1277.520982  -0.001094
1277.521663   0.000519
1277.522344  -0.000994
1277.523025  -0.000064
1277.523706   0.000308
1277.524387  -0.000751
1277.525068  -0.001685
1277.525750  -0.000642
1277.526431  -0.000116
1277.527112  -0.000497
1277.527793  -0.001191
1277.528474  -0.001197
1277.529155   0.000925
1277.529836  -0.000231
1277.530518   0.000381
1277.531199  -0.000029
1277.531880  -0.001829
1277.532561   0.000409
1277.533242  -0.001379
1277.533923   0.000138
1277.534604  -0.001559
1277.535286  -0.000851
1277.535967  -0.002609
1277.536648  -0.000954
1277.537329  -0.000824
1277.538010  -0.002564
1277.538691   0.001207
1277.539372  -0.001114
1277.540054  -0.000979
1277.540735  -0.002644
1277.541416  -0.000813
1277.542097   0.001649
1277.542778  -0.002514
1277.543459  -0.000444
1277.544140  -0.000397
1277.544822  -0.000171
1277.545503   0.000458
1277.546184  -0.000085
1277.546865  -0.000832
1277.547546   0.000991
1277.548227  -0.003553
1277.548909   0.000003
1277.549590  -0.002241
1277.550271  -0.002480
1277.550952  -0.000842
1277.551633  -0.000371
1277.552314  -0.000988
1277.552996  -0.002560
1277.553677  -0.000186
1277.554358   0.000946
1277.555039   0.000117
1277.555720   0.000305
1277.556401   0.000567
1277.557082  -0.001030
1277.557764  -0.003261
1277.558445   0.000237
1277.559126   0.000136
1277.559807  -0.001058
1277.560488  -0.000701
1277.561169   0.000379
1277.561850   0.000582
1277.562532  -0.000747
1277.563213  -0.001602
1277.563894   0.000692
1277.564575   0.001246
1277.565256  -0.001977
1277.565937  -0.001159
1277.566618   0.000151
1277.567300  -0.001109
1277.567981   0.000368
1277.568662  -0.000428
1277.569343  -0.000858
1277.570024   0.000495
1277.570705  -0.001267
1277.571386   0.000206
1277.572068  -0.004291
1277.572749  -0.001637
1277.573430  -0.000256
1277.574111  -0.001822
1277.574792  -0.002761
1277.575473   0.003099
1277.576154  -0.001398
1277.576836  -0.003591
1277.577517  -0.002652
1277.578198  -0.000758
1277.578879  -0.001591
1277.579560  -0.001131
1277.580241  -0.000553
1277.580922   0.000217
1277.581604  -0.002625
1277.582285   0.000268
1277.582966  -0.001681
1277.583647  -0.000258
1277.584328   0.001527
1277.585009  -0.001926
1277.585691  -0.001949
1277.586372   0.000749
1277.587053  -0.000804
1277.587734  -0.001457
1277.588415   0.000871
1277.589096  -0.000318
1277.589777  -0.001178
1277.590459   0.001320
1277.591140  -0.002114
1277.591821  -0.001119
1277.592502   0.000250
1277.593183  -0.000438
1277.593864  -0.000869
1277.594545  -0.001589
1277.595227  -0.000928
1277.595908  -0.001973
1277.596589  -0.000855
1277.597270   0.001216
1277.597951  -0.000527
1277.598632  -0.001399
1277.599313  -0.000407
1277.599995  -0.001183
1277.600676   0.000317
1277.601357   0.000289
1277.602038  -0.001210
1277.602719  -0.001031
1277.603400  -0.001462
1277.604081  -0.001595
1277.604763  -0.001235
1277.605444   0.000522
1277.606125  -0.000645
1277.606806   0.000902
1277.607487  -0.001126
1277.608168  -0.001728
1277.608849   0.000774
1277.609531   0.000568
1277.610212   0.000411
1277.610893  -0.002207
1277.611574  -0.000092
1277.612255  -0.001396
1277.612936   0.000405
1277.613618  -0.002018
1277.614299  -0.001714
1277.614980  -0.002615
1277.615661  -0.000404
1277.616342  -0.001690
1277.617023  -0.000710
1277.617704   0.000851
1277.618386   0.000094
1277.619067  -0.001013
1277.619748  -0.000954
1277.620429  -0.000419
1277.621110   0.001730
1277.621791  -0.001806
1277.622472  -0.000090
1277.623154  -0.001161
1277.623835  -0.001043
1277.624516   0.000778
1277.625197   0.000451
1277.625878  -0.002447
1277.626559  -0.000686
1277.627241  -0.001202
1277.627922   0.000861
1277.628603  -0.000568
1277.629284   0.000176
1277.629965   0.000092
1277.630646  -0.000276
1277.631327  -0.000430
1277.632008   0.000306
1277.632690  -0.000379
1277.633371  -0.000468
1277.634052  -0.001662
1277.634733   0.000293
1277.635414  -0.000259
1277.636095   0.000664
1277.636776  -0.001025
1277.637458  -0.001234
1277.638139  -0.000485
1277.638820  -0.002259
1277.639501  -0.001372
1277.640182  -0.001907
1277.640863  -0.001559
1277.641545  -0.001319
1277.642226   0.001851
1277.642907  -0.000243
1277.643588  -0.001301
1277.644269  -0.001816
1277.644950  -0.000671
1277.645631  -0.002257
1277.646313  -0.000852
1277.646994   0.000376
1277.647675  -0.000901
1277.648356  -0.000118
1277.649037  -0.000165
1277.649718   0.000079
1277.650400  -0.000832
1277.651081   0.000102
1277.651762  -0.000562
1277.652443   0.000145
1277.653124  -0.000873
1277.653805  -0.000272
1277.654486   0.000172
1277.655168  -0.001206
1277.655849  -0.001859
1277.656530  -0.001432
1277.657211  -0.000239
1277.657892  -0.000612
1277.658573   0.002081
1277.659254  -0.002217
1277.659936  -0.000766
1277.660617  -0.001060
1277.661298  -0.000902
1277.661979   0.000304
1277.663341  -0.010220
1277.664022  -0.001011
1277.664704  -0.001654
1277.665385  -0.001649
1277.666066  -0.002637
1277.666747  -0.001819
1277.667428  -0.001007
1277.668109  -0.001418
1277.668790  -0.000547
1277.669472   0.000874
1277.670153   0.000593
1277.670834  -0.000830
1277.671515   0.000599
1277.672196  -0.002320
1277.672877  -0.000959
1277.673559   0.000172
1277.674240  -0.000933
1277.674921   0.000730
1277.675602   0.000021
1277.676283   0.000351
1277.676964  -0.000453
1277.677645  -0.001763
1277.678327  -0.000376
1277.679008   0.000458
1277.679689   0.001167
1277.680370  -0.002751
1277.681051  -0.000981
1277.681732  -0.002596
1277.682413  -0.000829
1277.683095  -0.001442
1277.683776   0.003215
1277.684457  -0.001117
1277.685138   0.001539
1277.685819   0.000077
1277.686500   0.000404
1277.687181  -0.002532
1277.687863  -0.000379
1277.688544   0.000421
1277.689225   0.000266
1277.689906  -0.000556
1277.690587   0.003406
1277.691268  -0.000990
1277.691949  -0.001599
1277.692631  -0.001419
1277.693312  -0.002061
1277.693993  -0.000928
1277.694674   0.000818
1277.695355  -0.000684
1277.696036  -0.001343
1277.696718   0.002057
1277.697399   0.000388
1277.698080  -0.001157
1277.698761   0.000607
1277.699442   0.000749
1277.700123  -0.001432
1277.700804  -0.001679
1277.701486  -0.001730
1277.702167  -0.000284
1277.702848   0.000131
1277.703529   0.000211
1277.704210  -0.000752
1277.704891   0.001216
1277.705572  -0.001083
1277.706254  -0.000395
1277.706935  -0.001179
1277.707616  -0.000673
1277.708297  -0.002332
1277.708978  -0.000076
1277.709659   0.000792
1277.710340  -0.001967
1277.711022   0.000350
1277.711703  -0.000605
1277.712384  -0.003061
1277.713065  -0.001674
1277.713746   0.000452
1277.714427  -0.000658
1277.715108  -0.001666
1277.715790  -0.001021
1277.716471  -0.000771
1277.717152  -0.002617
1277.717833  -0.000601
1277.718514  -0.001142
1277.719195  -0.002095
1277.719877   0.001461
1277.720558  -0.000926
1277.721239  -0.000216
1277.721920  -0.002276
1277.722601  -0.000822
1277.723282   0.000628
1277.723963   0.001836
1277.724645  -0.000500
1277.725326   0.000557
1277.726007  -0.001688
1277.726688  -0.001481
1277.727369   0.000713
1277.728050  -0.001546
1277.728731  -0.001029
1277.729413  -0.000662
1277.730094  -0.000081
1277.730775  -0.001595
1277.731456   0.000867
1277.732137  -0.002324
1277.732818  -0.001142
1277.733499   0.000956
1277.734181   0.000043
1277.734862  -0.001789
1277.735543   0.000652
1277.736224   0.002023
1277.736905   0.001158
1277.737586   0.004379
1277.738267   0.002763
1277.738949   0.001643
1277.739630   0.002045
1277.740311   0.002861
1277.740992   0.006902
1277.741673   0.005398
1277.742354   0.004774
1277.743035   0.006968
1277.743717   0.007487
1277.744398   0.006257
1277.745079   0.007204
1277.745760   0.008516
1277.746441   0.006965
1277.747123   0.008754
1277.747804   0.008764
1277.748485   0.006750
1277.749166   0.007548
1277.749847   0.009851
1277.750528   0.008752
1277.751209   0.007806
1277.751891   0.007598
1277.752572   0.008649
1277.753253   0.007952
1277.753934   0.006314
1277.754615   0.006914
1277.755296   0.008205
1277.755977   0.008300
1277.756658   0.009469
1277.757340   0.008022
1277.758021   0.009601
1277.758702   0.006814
1277.759383   0.009214
1277.760064   0.010129
1277.760745   0.008498
1277.761426   0.008496
1277.762108   0.007959
1277.762789   0.010458
1277.763470   0.010819
1277.764151   0.009932
1277.764832   0.009920
1277.765513   0.006529
1277.766194   0.009058
1277.766876   0.008209
1277.767557   0.009224
1277.768238   0.008730
1277.768919   0.008809
1277.769600   0.011128
1277.770281   0.008641
1277.770963   0.008317
1277.771644   0.008737
1277.772325   0.011760
1277.773006   0.010587
1277.773687   0.010290
1277.774368   0.010846
1277.775050   0.009231
1277.775731   0.010046
1277.776412   0.009494
1277.777093   0.008373
1277.777774   0.010655
1277.778455   0.010790
1277.779136   0.009694
1277.779818   0.009783
1277.780499   0.011915
1277.781180   0.010179
1277.781861   0.011164
1277.782542   0.010593
1277.783223   0.009743
1277.783904   0.011537
1277.784586   0.012058
1277.785267   0.011887
1277.785948   0.009815
1277.786629   0.012219
1277.787310   0.011445
1277.787991   0.010322
1277.788672   0.008284
1277.789354   0.010647
1277.790035   0.011036
1277.790716   0.009158
1277.791397   0.009443
1277.792078   0.009553
1277.792759   0.010309
1277.793440   0.011774
1277.794122   0.009933
1277.794803   0.009878
1277.795484   0.008133
1277.796165   0.010285
1277.796846   0.009361
1277.797527   0.010536
1277.798208   0.011275
1277.798890   0.010169
1277.799571   0.008434
1277.800252   0.009987
1277.800933   0.011496
1277.801614   0.012088
1277.802295   0.010295
1277.802976   0.010495
1277.803658   0.010436
1277.804339   0.011734
1277.805020   0.009278
1277.805701   0.011480
1277.806382   0.010174
1277.807063   0.011300
1277.807745   0.011024
1277.808426   0.009760
1277.809107   0.011329
1277.809788   0.011146
1277.810469   0.012656
1277.811150   0.011830
1277.811831   0.011551
1277.812513   0.008865
1277.813194   0.012146
1277.813875   0.009762
1277.814556   0.010366
1277.815237   0.010598
1277.815918   0.011027
1277.816600   0.010356
1277.817281   0.010695
1277.817962   0.011807
1277.818643   0.007726
1277.819324   0.011169
1277.820005   0.011969
1277.820686   0.012186
1277.821367   0.009512
1277.822049   0.008568
1277.822730   0.009866
1277.823411   0.011125
1277.824092   0.011564
1277.824773   0.012013
1277.825454   0.011266
1277.826135   0.011318
1277.826817   0.010334
1277.827498   0.010708
1277.828179   0.010989
1277.828860   0.011165
1277.829541   0.008799
1277.830222   0.011110
1277.830903   0.009435
1277.831585   0.009277
1277.832266   0.009823
1277.832947   0.008931
1277.833628   0.009871
1277.834309   0.010443
1277.834990   0.010711
1277.835672   0.011957
1277.836353   0.010739
1277.837034   0.009595
1277.837715   0.011280
1277.838396   0.009922
1277.839077   0.009647
1277.839759   0.010579
1277.840440   0.010118
1277.841121   0.009782
1277.841802   0.009620
1277.842483   0.010698
1277.843164   0.012098
1277.843845   0.009784
1277.844527   0.010442
1277.845208   0.010783
1277.845889   0.009317
1277.846570   0.010765
1277.847251   0.010195
1277.847932   0.010089
1277.848613   0.010130
1277.849295   0.009280
1277.849976   0.010064
1277.850657   0.007553
1277.851338   0.009053
1277.852019   0.009233
1277.852700   0.007853
1277.853381   0.007332
1277.854063   0.007896
1277.854744   0.010287
1277.855425   0.010727
1277.856106   0.009957
1277.856787   0.006900
1277.857468   0.008356
1277.858149   0.010008
1277.858830   0.008919
1277.859512   0.009414
1277.860193   0.007797
1277.860874   0.008324
1277.861555   0.007495
1277.862236   0.007734
1277.862918   0.011006
1277.863599   0.008994
1277.864280   0.009248
1277.864961   0.007907
1277.865642   0.009667
1277.866323   0.008231
1277.867004   0.007378
1277.867686   0.009801
1277.868367   0.007660
1277.869048   0.008117
1277.869729   0.008533
1277.870410   0.008604
1277.871091   0.008819
1277.871772   0.007432
1277.872454   0.007852
1277.873135   0.009532
1277.873816   0.008150
1277.874497   0.008756
1277.875178   0.008914
1277.875859   0.006824
1277.876540   0.007324
1277.877222   0.007384
1277.877903   0.006665
1277.878584   0.006108
1277.879265   0.006257
1277.879946   0.006155
1277.880627   0.006350
1277.881308   0.005450
1277.881990   0.004672
1277.882671   0.004799
1277.883352   0.005893
1277.884033   0.004218
1277.884714   0.004254
1277.885395   0.001834
1277.886076   0.004328
1277.886758   0.001328
1277.887439   0.003367
1277.888120   0.002467
1277.888801   0.001459
1277.889482   0.002509
1277.890163   0.000450
1277.890845   0.001213
1277.891526  -0.000248
1277.892207   0.000377
1277.892888   0.000843
1277.893569  -0.000227
1277.894250  -0.001579
1277.894931  -0.001262
1277.895613  -0.001042
1277.896294   0.000917
1277.896975   0.000342
1277.897656  -0.000759
1277.898337  -0.000242
1277.899018   0.001654
1277.899699  -0.000302
1277.900381   0.000801
1277.901062  -0.002082
1277.901743   0.000337
1277.902424   0.000142
1277.903105  -0.001264
1277.903786  -0.001583
1277.904467  -0.000341
1277.905149   0.000900
1277.905830  -0.001584
1277.906511  -0.000592
1277.907192  -0.001589
1277.907873  -0.002187
1277.908554   0.000310
1277.909235   0.000419
1277.909917  -0.001014
1277.910598  -0.000302
1277.911279  -0.001872
1277.911960  -0.001164
1277.912641  -0.002069
1277.913322  -0.000085
1277.914003  -0.002117
1277.914685   0.000672
1277.915366  -0.001247
1277.916047  -0.000352
1277.916728  -0.000446
1277.917409   0.000038
1277.918090  -0.001674
1277.918772  -0.001242
1277.919453  -0.001518
1277.920134   0.000589
1277.920815   0.000083
1277.921496   0.000978
1277.922177  -0.001111
1277.922858   0.000332
1277.923540  -0.000506
1277.924221  -0.000982
1277.924902  -0.001420
1277.925583  -0.002670
1277.926264  -0.000670
1277.926945  -0.001958
1277.927626  -0.001654
1277.928308  -0.002476
1277.928989  -0.001348
1277.929670   0.000379
1277.930351  -0.002130
1277.931032  -0.001088
1277.931713   0.000201
1277.932394  -0.000573
1277.933076  -0.000684
1277.933757  -0.000997
1277.934438  -0.001522
1277.935119   0.000394
1277.935800  -0.000213
1277.936481  -0.000653
1277.937162  -0.001286
1277.946018   0.000666
1277.946699  -0.001051
1277.947380  -0.001097
1277.948061   0.000716
1277.948742  -0.001908
1277.949423  -0.002622
1277.950104  -0.000217
1277.950785   0.000777
1277.951467  -0.000231
1277.952148  -0.002393
1277.952829  -0.002305
1277.953510  -0.000361
1277.954191  -0.003227
1277.954872  -0.000527
1277.955553  -0.003540
1277.956235  -0.000946
1277.956916  -0.001013
1277.957597  -0.001593
1277.958278  -0.000961
1277.958959   0.000491
1277.959640   0.000498
1277.960322  -0.001651
1277.961003  -0.002803
1277.961684  -0.000774
1277.962365  -0.001072
1277.963046   0.000857
1277.963727   0.001566
1277.964408   0.000192
1277.965090   0.001956
1277.965771  -0.000432
1277.966452  -0.001827
1277.967133  -0.001199
1277.967814  -0.000959
1277.968495   0.000728
1277.969177  -0.001154
1277.969858   0.001002
1277.970539   0.000857
1277.971220  -0.000046
1277.971901  -0.000085
1277.972582  -0.002689
1277.973263   0.001281
1277.973945  -0.000608
1277.974626   0.000018
1277.975307   0.000500
1277.975988   0.000095
1277.976669  -0.002344
1277.977350  -0.001913
1277.978031  -0.001297
1277.978713   0.000566
1277.979394  -0.001211
1277.980075  -0.000000
1277.980756   0.000007
1277.981437  -0.001831
1277.982118  -0.001247
1277.982799   0.000109
1277.983481  -0.000720
1277.984162  -0.001072
1277.984843   0.001051
1277.985524  -0.000646
1277.986205  -0.003768
1277.986886   0.001618
1277.987567  -0.002206
1277.988249   0.001408
1277.988930  -0.002607
1277.989611   0.000907
1277.990292  -0.000316
1277.990973  -0.000268
1277.991654  -0.001476
1277.992335   0.000055
1277.993017   0.001043
1277.993698  -0.001105
1277.994379   0.000547
1277.995060  -0.001127
1277.995741  -0.001374
1277.996422  -0.001597
1277.997103  -0.001753
1277.997785  -0.000863
1277.998466   0.000505
1277.999147  -0.002427
1277.999828  -0.001876
1278.000509   0.000220
1278.001190   0.000263
1278.001872   0.001254
1278.002553  -0.000103
1278.003234  -0.002131
1278.003915  -0.001137
1278.004596   0.000490
1278.005277   0.000138
1278.005958  -0.000003
1278.006640  -0.000144
1278.007321  -0.001149
1278.008002  -0.001673
1278.008683  -0.000554
1278.009364  -0.000623
1278.010045   0.000279
1278.010726  -0.000773
1278.011408  -0.001261
1278.012089   0.002191
1278.012770   0.000521
1278.013451   0.000461
1278.014132  -0.001438
1278.014813   0.000070
1278.015495   0.000348
1278.016176  -0.000268
1278.016857  -0.002192
1278.017538  -0.000229
1278.018219  -0.000643
1278.018900   0.000054
1278.019581   0.000045
1278.020262  -0.000483
1278.020944  -0.000952
1278.021625  -0.003455
1278.022306  -0.001747
1278.022987  -0.000406
1278.023668  -0.000316
1278.024349   0.000076
1278.025030  -0.001196
1278.025712  -0.002071
1278.026393  -0.000819
1278.027074  -0.002032
1278.027755  -0.002288
1278.028436  -0.000685
1278.029117  -0.001115
1278.029799  -0.000485
1278.030480  -0.001259
1278.031161  -0.000844
1278.031842  -0.001142
1278.032523  -0.000314
1278.033204   0.000454
1278.033885  -0.002071
1278.034567   0.000691
1278.035248  -0.001327
1278.035929   0.000138
1278.036610  -0.000599
1278.037291   0.001608
1278.037972   0.000061
1278.038654  -0.001165
1278.039335  -0.000617
1278.040016   0.000299
1278.040697   0.001014
1278.041378  -0.000705
1278.042059   0.000773
1278.042740  -0.000553
1278.043422   0.000237
1278.044103   0.001479
1278.044784  -0.000966
1278.045465  -0.002070
1278.046146  -0.000098
1278.046827   0.001491
1278.047508   0.000292
1278.048190  -0.001499
1278.048871  -0.001015
1278.049552  -0.000803
1278.050233  -0.001115
1278.050914  -0.002041
1278.051595  -0.000954
1278.052276   0.000335
1278.052958  -0.001142
1278.053639  -0.000300
1278.054320  -0.001043
1278.055001  -0.001242
1278.055682  -0.000000
1278.056363   0.000397
1278.057044  -0.001905
1278.057726  -0.001617
1278.058407  -0.002563
1278.059088  -0.001883
1278.059769   0.001040
1278.060450  -0.002118
1278.061131  -0.001102
1278.061813   0.000226
1278.062494  -0.000305
1278.063175   0.001119
1278.063856  -0.000615
1278.064537   0.000503
1278.065218   0.000616
1278.065899  -0.002294
1278.066581  -0.001929
1278.067262  -0.000389
1278.067943  -0.001597
1278.068624  -0.001109
1278.069305  -0.000312
1278.069986  -0.000150
1278.070667   0.001040
1278.071349  -0.000915
1278.072030  -0.000316
1278.072711   0.001095
1278.073392  -0.001058
1278.074073  -0.000470
1278.074754  -0.000105
1278.075435  -0.001496
1278.076117  -0.001965
1278.076798  -0.001310
1278.077479  -0.001224
1278.078160  -0.000539
1278.078841  -0.001905
1278.079522  -0.000069
1278.080204  -0.000898
1278.080885  -0.001486
1278.081566  -0.001189
1278.082247  -0.000027
1278.082928  -0.001885
1278.083609  -0.002523
1278.084290  -0.000938
1278.084972  -0.000521
1278.085653  -0.002339
1278.086334  -0.000653
1278.087015  -0.000648
1278.087696  -0.002530
1278.088377  -0.002227
1278.089058  -0.000529
1278.089740  -0.000955
1278.090421   0.001337
1278.091102  -0.000941
1278.091783   0.000222
1278.092464   0.001004
1278.093145   0.000203
1278.093826  -0.000209
1278.094508  -0.002147
1278.095189  -0.001073
1278.095870  -0.001464
1278.096551  -0.000976
1278.097232   0.000172
1278.097913  -0.000521
1278.098594  -0.001872
1278.099276  -0.001406
1278.099957  -0.000413
1278.100638  -0.001017
1278.101319  -0.002405
1278.102000  -0.000568
1278.102681  -0.002673
1278.103362  -0.002132
1278.104044  -0.000112
1278.104725  -0.001884
1278.105406  -0.000372
1278.106087  -0.001298
1278.106768  -0.002260
1278.107449  -0.000140
1278.108131   0.000958
1278.108812  -0.000411
1278.109493  -0.002037
1278.110174  -0.000390
1278.110855   0.000647
1278.111536  -0.002215
1278.112217  -0.000311
1278.112899   0.000040
1278.113580  -0.002032
1278.114261  -0.000391
1278.114942  -0.001039
1278.115623  -0.000830
1278.116304  -0.002680
1278.116985   0.001564
1278.117667   0.000204
1278.118348  -0.001083
1278.119029  -0.000460
1278.119710  -0.000793
1278.120391  -0.001386
1278.121072  -0.000791
1278.121753   0.000015
1278.122435  -0.000788
1278.123116  -0.001367
1278.123797  -0.000927
1278.124478   0.000330
1278.125159  -0.001484
1278.125840   0.000073
1278.126521  -0.000635
1278.127203  -0.000865
1278.127884  -0.001314
1278.128565   0.001071
1278.129246  -0.001012
1278.129927  -0.000414
1278.130608  -0.000547
1278.131290   0.000619
1278.131971   0.001459
1278.132652  -0.001170
1278.133333  -0.001270
1278.134014   0.000054
1278.134695  -0.001417
1278.135376   0.000195
1278.136058   0.001475
1278.136739  -0.001167
1278.137420   0.000093
1278.138101   0.000027
1278.138782   0.001105
1278.139463  -0.000269
1278.140145  -0.000550
1278.140826  -0.000029
1278.141507   0.000264
1278.142188  -0.000282
1278.142869  -0.002511
1278.143550  -0.000494
1278.144231  -0.000885
1278.144913  -0.000558
1278.145594  -0.000715
1278.146275  -0.001164
1278.146956  -0.001576
1278.147637  -0.001420
1278.148318  -0.000365
1278.148999  -0.000753
1278.149681  -0.009650
1278.150362  -0.000108
1278.151043   0.000481
1278.151724   0.000600
1278.152405   0.000107
1278.153086  -0.000484
1278.153767   0.000004
1278.154449  -0.001946
1278.155130  -0.001100
1278.155811  -0.001360
1278.156492  -0.000932
1278.157173  -0.000372
1278.157854   0.000149
1278.158535  -0.001382
1278.159217   0.000390
1278.159898  -0.000194
1278.160579  -0.001444
1278.161260   0.002229
1278.161941  -0.000625
1278.162622  -0.002084
1278.163304   0.001436
1278.163985   0.001489
1278.164666   0.000628
1278.165347  -0.002963
1278.166028   0.000452
1278.166709  -0.000431
1278.167390  -0.001199
1278.168072  -0.001755
1278.168753  -0.001741
1278.169434  -0.001425
1278.170115  -0.000399
1278.170796   0.000348
1278.171477  -0.002471
1278.172158  -0.000425
1278.172840   0.000123
1278.173521   0.002753
1278.174202  -0.002754
1278.174883   0.001892
1278.175564  -0.000244
1278.176245  -0.001379
1278.176926  -0.002961
1278.177608  -0.000117
1278.178289   0.000634
1278.178970  -0.000785
1278.179651   0.001661
1278.180332  -0.000063
1278.181013  -0.001354
1278.181694   0.000815
1278.182376  -0.001493
1278.183057  -0.001201
1278.183738  -0.000754
1278.184419   0.000788
1278.185100  -0.000886
1278.185781  -0.000824
1278.186462  -0.000129
1278.187144   0.000940
1278.187825  -0.000210
1278.188506  -0.000952
1278.189187  -0.000272
1278.189868  -0.001839
1278.190549   0.000666
1278.191230  -0.000836
1278.191912   0.000170
1278.192593  -0.000385
1278.193274  -0.000407
1278.193955  -0.001270
1278.194636  -0.000974
1278.195317   0.000132
1278.195999  -0.000350
1278.196680  -0.003100
1278.197361   0.000974
1278.198042  -0.000401
1278.198723   0.000476
1278.199404  -0.000272
1278.200085  -0.000751
1278.200767  -0.000565
1278.201448  -0.001218
1278.202129  -0.001769
1278.202810   0.000726
1278.203491  -0.000062
1278.204172   0.000862
1278.204853   0.001354
1278.205535  -0.001157
1278.206216   0.002615
1278.206897  -0.001241
1278.207578   0.000256
1278.208259   0.000161
1278.208940  -0.000917
1278.209621   0.000043
1278.210303   0.000494
1278.210984  -0.001730
1278.211665  -0.000287
1278.212346  -0.001260
1278.213027  -0.001110
1278.213708  -0.002667
1278.214390  -0.001383
1278.215071  -0.001043
1278.215752   0.000148
1278.216433   0.000586
1278.217114  -0.001226
1278.217795  -0.001554
1278.218476   0.000488
1278.219158   0.000348
1278.219839  -0.000383
1278.220520  -0.002104
1278.221201  -0.001998
1278.221882  -0.000105
1278.222563  -0.000917
1278.223244   0.001364
1278.223926  -0.000461
1278.224607  -0.001588
1278.225288  -0.001297
1278.225969   0.001382
1278.226650  -0.000542
1278.227331  -0.000800
1278.228012  -0.000300
1278.228694   0.000638
1278.229375  -0.000220
1278.230056  -0.001258
1278.230737  -0.001482
1278.231418  -0.000726
1278.232099  -0.001533
1278.232780  -0.002134
1278.233462   0.000187
1278.234143  -0.002250
1278.234824  -0.000369
1278.235505  -0.001397
1278.236186  -0.000011
1278.236867   0.000146
1278.237549  -0.001438
1278.238230   0.000269
1278.238911  -0.001002
1278.239592   0.000253
1278.240273  -0.000798
1278.240954   0.000536
1278.241635   0.000269
1278.242317   0.000328
1278.242998   0.000775
1278.243679  -0.001765
1278.244360   0.000859
1278.245041   0.000480
1278.245722  -0.000378
1278.246404  -0.000606
1278.247085  -0.003025
1278.247766   0.000071
1278.248447  -0.002059
1278.249128   0.000574
1278.249809   0.000727
1278.250490  -0.000177
1278.251172  -0.001346
1278.251853   0.000474
1278.252534  -0.001008
1278.253215  -0.001120
1278.253896  -0.000146
1278.254577   0.001681
1278.255258   0.000226
1278.255940   0.000260
1278.256621  -0.002476
1278.257302  -0.000859
1278.257983  -0.000995
1278.258664  -0.000702
1278.259345  -0.000257
1278.260026  -0.002954
1278.260708  -0.002020
1278.261389  -0.001215
1278.262070  -0.002031
1278.262751  -0.000354
1278.263432   0.001055
1278.264113  -0.000099
1278.264794   0.000085
1278.265476  -0.002636
1278.266157  -0.001058
1278.266838  -0.001736
1278.267519  -0.001485
1278.268200   0.000888
1278.268881   0.000378
1278.269562  -0.000469
1278.270244   0.000632
1278.270925  -0.002419
1278.271606   0.000704
1278.272287  -0.001147
1278.272968  -0.001183
1278.273649  -0.000459
1278.274331   0.001491
1278.275012  -0.001886
1278.275693  -0.000870
1278.276374  -0.000865
1278.277055   0.000689
1278.277736  -0.001601
1278.278417  -0.000752
1278.279099  -0.000407
1278.279780   0.000948
1278.280461  -0.000735
1278.281142  -0.000063
1278.281823  -0.000744
1278.282504  -0.000805
1278.283185   0.000207
1278.283867  -0.000263
1278.284548   0.000834
1278.285229  -0.000584
1278.285910   0.000190
1278.286591  -0.000684
1278.287272  -0.000081
1278.287953  -0.000308
1278.288635  -0.001298
1278.289316   0.001343
1278.289997   0.001958
1278.290678  -0.001112
1278.291359  -0.000427
1278.292040   0.000067
1278.292721  -0.002301
1278.293403  -0.001462
1278.294084  -0.001760
1278.294765  -0.000985
1278.295446  -0.001586
1278.296127  -0.000449
1278.296808   0.000085
1278.297489  -0.000566
1278.298171  -0.000618
1278.298852  -0.001813
1278.299533   0.000599
1278.300214  -0.000058
1278.300895   0.000006
1278.301576  -0.000464
1278.302257   0.000206
1278.302939   0.000787
1278.303620  -0.000671
1278.304301  -0.000187
1278.304982   0.000393
1278.305663   0.000476
1278.306345  -0.001171
1278.307026  -0.001993
1278.307707  -0.001302
1278.308388  -0.000744
1278.309069  -0.001583
1278.309750  -0.001456
1278.310431  -0.000102
1278.311113  -0.000883
1278.311794   0.000432
1278.312475  -0.000245
1278.313156   0.000825
1278.313837  -0.001804
1278.314518  -0.003390
1278.315199  -0.002293
1278.315881  -0.000744
1278.316562  -0.000771
1278.317243  -0.000861
1278.317924  -0.000997
1278.318605   0.001511
1278.319286  -0.001827
1278.319967   0.000427
1278.320649  -0.000772
1278.321330  -0.000494
1278.322011  -0.001918
1278.322692  -0.000729
1278.323373  -0.001012
1278.324054  -0.001485
1278.324735   0.000108
1278.325417  -0.001212
1278.326098  -0.000270
1278.326779  -0.000633
1278.327460  -0.000576
1278.328141  -0.000721
1278.328822  -0.001590
1278.329504   0.000848
1278.330185  -0.003398
1278.330866  -0.000212
1278.331547  -0.000766
1278.332228  -0.002170
1278.332909   0.000029
1278.333590  -0.000753
1278.334272  -0.001318
1278.334953  -0.000401
1278.335634  -0.001089
1278.336315  -0.000513
1278.336996   0.000768
1278.337677   0.000979
1278.338358   0.000901
1278.339040  -0.001138
1278.339721  -0.001380
1278.340402  -0.001205
1278.341083   0.000285
1278.341764  -0.000705
1278.342445  -0.001978
1278.343126  -0.000513
1278.343808  -0.000737
1278.344489  -0.002285
1278.345170  -0.001089
1278.345851  -0.000114
1278.346532   0.000128
1278.347213  -0.001661
1278.347894   0.000270
1278.348576   0.000262
1278.349257  -0.002664
1278.349938  -0.000703
1278.350619  -0.001662
1278.351300  -0.001793
1278.351981  -0.001187
1278.352662  -0.001686
1278.353344  -0.000482
1278.354025  -0.000405
1278.354706   0.002235
1278.355387  -0.001531
1278.356068   0.000674
1278.356749   0.002394
1278.357431  -0.002484
1278.358112  -0.001855
1278.358793  -0.000432
1278.359474  -0.000028
1278.360155  -0.000493
1278.360836  -0.001953
1278.361517   0.000901
1278.362199   0.000131
1278.362880  -0.000873
1278.363561  -0.000509
1278.364242  -0.001959
1278.364923   0.001361
1278.365604  -0.001505
1278.366285  -0.002585
1278.366967  -0.000757
1278.367648   0.000018
1278.368329  -0.001199
1278.369010  -0.001662
1278.369691  -0.001088
1278.370372   0.001323
1278.371053  -0.001051
1278.371735  -0.001548
1278.372416  -0.001352
1278.373097  -0.000469
1278.373778   0.001303
1278.374459  -0.001501
1278.375140  -0.000472
1278.375821  -0.001200
1278.376503   0.000146
1278.377184   0.000052
1278.377865  -0.000301
1278.378546  -0.003554
1278.379227   0.000013
1278.379908   0.001158
1278.380589   0.001082
1278.381271   0.001010
1278.381952  -0.002065
1278.382633   0.002729
1278.383314  -0.000650
1278.383995  -0.001148
1278.384677  -0.000104
1278.385358  -0.000285
1278.386039  -0.000462
1278.386720  -0.000181
1278.387401  -0.000626
1278.388082  -0.001658
1278.388763  -0.000719
1278.389445  -0.000655
1278.390126  -0.000845
1278.390807  -0.002193
1278.391488  -0.001477
1278.392169  -0.001963
1278.392850  -0.001211
1278.393531   0.000372
1278.394212  -0.000020
1278.394894   0.001454
1278.395575   0.000218
1278.396256  -0.002637
1278.396937   0.000234
1278.397618   0.001028
1278.398299  -0.000676
1278.398980  -0.000560
1278.399662  -0.001166
1278.400343   0.000634
1278.401024  -0.001090
1278.401705  -0.001635
1278.402386   0.000615
1278.403067  -0.001708
1278.403748  -0.001172
1278.404430  -0.002511
1278.405111  -0.001542
1278.405792  -0.001029
1278.406473  -0.000101
1278.407154  -0.000649
1278.407835   0.001046
1278.408516  -0.001402
1278.409198  -0.002193
1278.409879   0.000605
1278.410560  -0.000502
1278.411241  -0.000572
1278.411922  -0.000950
1278.412604  -0.001096
1278.413285  -0.000338
1278.413966  -0.000042
1278.414647  -0.000957
1278.415328  -0.001220
1278.416009  -0.002120
1278.416690  -0.000387
1278.417372  -0.001718
1278.418053   0.001414
1278.418734   0.000281
1278.419415  -0.001492
1278.420096  -0.000056
1278.420777   0.000273
1278.421458  -0.001786
1278.422140  -0.000592
1278.422821   0.000835
1278.423502  -0.000220
1278.424183  -0.000222
1278.424864  -0.001844
1278.425545   0.000745
1278.426226  -0.001245
1278.426908  -0.000684
1278.427589   0.000452
1278.428270   0.000102
1278.428951   0.000385
1278.429632  -0.000345
1278.430313   0.001242
1278.430994  -0.000034
1278.431676   0.001586
1278.432357   0.000328
1278.433038  -0.000034
1278.433719   0.001179
1278.434400   0.000085
1278.435081  -0.002524
1278.435762  -0.000590
1278.436444  -0.000227
1278.437125  -0.000682
1278.437806   0.001490
1278.438487   0.000806
1278.439168  -0.001659
1278.439849   0.000102
1278.440531   0.001391
1278.441212   0.000288
1278.441893  -0.000920
1278.442574  -0.001645
1278.443255  -0.001609
1278.443936   0.001567
1278.444617   0.000711
1278.445299  -0.000382
1278.445980  -0.000061
1278.446661   0.001902
1278.447342  -0.000762
1278.448023  -0.001786
1278.448704  -0.002349
1278.449385  -0.001877
1278.450067  -0.001171
1278.450748  -0.000022
1278.451429   0.000499
1278.452110  -0.001311
1278.452791  -0.001057
1278.453472   0.000279
1278.454153  -0.000260
1278.454835  -0.001566
1278.455516   0.001615
1278.456197   0.000240
1278.456878  -0.000016
1278.457559  -0.001991
1278.458240  -0.001771
1278.458922  -0.000018
1278.459603  -0.001490
1278.460284   0.000548
1278.460965  -0.001479
1278.461646  -0.002377
1278.462327  -0.000679
1278.463008  -0.000450
1278.463690  -0.001431
1278.464371   0.001601
1278.465052  -0.001651
1278.465733  -0.001060
1278.466414   0.001915
1278.467095   0.002009
1278.467776   0.000001
1278.468458  -0.000737
1278.469139   0.000795
1278.469820  -0.002063
1278.470501  -0.000893
1278.471182  -0.000386
1278.471863   0.000699
1278.472544  -0.001088
1278.473226  -0.001214
1278.473907   0.000029
1278.474588  -0.000814
1278.475269   0.001473
1278.475950  -0.000643
1278.476631   0.000631
1278.477312  -0.001285
1278.477994   0.001293
1278.478675  -0.000942
1278.479356  -0.003913
1278.480037  -0.000938
1278.480718  -0.000479
1278.481399   0.000283
1278.482081  -0.002332
1278.482762  -0.000796
1278.483443   0.000183
1278.484124  -0.001532
1278.484805  -0.002009
1278.485486   0.000994
1278.486167   0.000384
1278.486849  -0.001528
1278.487530   0.001389
1278.488211  -0.000129
1278.488892  -0.001185
1278.489573  -0.000048
1278.490254  -0.002045
1278.490935  -0.000245
1278.491617  -0.001485
1278.492298  -0.002496
1278.492979   0.000683
1278.493660   0.001822
1278.494341  -0.000562
1278.495022   0.000733
1278.495704  -0.002332
1278.496385  -0.000084
1278.497066  -0.000704
1278.497747  -0.000753
1278.498428  -0.003177
1278.499109   0.000856
1278.499790  -0.000808
1278.500472  -0.001271
1278.501153   0.000232
1278.501834  -0.000144
1278.502515  -0.001487
1278.503196  -0.000076
1278.503877  -0.000049
1278.504558  -0.002026
1278.505240  -0.001345
1278.505921  -0.000415
1278.506602  -0.001679
1278.507283  -0.001048
1278.507964  -0.001214
1278.508645  -0.001414
1278.509326  -0.001885
1278.510008  -0.000524
1278.510689  -0.001122
1278.511370   0.000067
1278.512051  -0.000209
1278.512732   0.001098
1278.513413  -0.000996
1278.514094  -0.000453
1278.514776  -0.001345
1278.515457  -0.002260
1278.516138   0.000166
1278.516819  -0.000553
1278.517500  -0.000929
1278.518181  -0.000166
1278.518862  -0.002288
1278.519544  -0.000829
1278.520225  -0.000040
1278.520906  -0.001068
1278.521587  -0.002214
1278.522268   0.001049
1278.522949  -0.000424
1278.523631   0.002148
1278.524312  -0.000057
1278.524993   0.000566
1278.525674  -0.001246
1278.526355  -0.002753
1278.527036  -0.001042
1278.527717  -0.000088
1278.528399  -0.002535
1278.529080  -0.000929
1278.529761   0.000186
1278.530442   0.000688
1278.531123  -0.000140
1278.531804   0.000415
1278.532485  -0.000645
1278.533167   0.001653
1278.533848   0.000738
1278.534529   0.000720
1278.535210  -0.000467
1278.535891   0.000664
1278.536572  -0.000584
1278.537253   0.000308
1278.537935  -0.001131
1278.538616   0.001386
1278.539297   0.001666
1278.539978   0.000385
1278.540659  -0.001700
1278.541340  -0.001100
1278.542021  -0.001821
1278.542703  -0.000164
1278.543384  -0.001258
1278.544065  -0.000919
1278.544746  -0.001861
1278.545427  -0.002972
1278.546108  -0.000324
1278.546789  -0.003182
1278.547471  -0.002269
1278.548152  -0.000969
1278.548833   0.000271
1278.549514   0.000190
1278.550195  -0.002996
1278.550876   0.000350
1278.551558   0.000722
1278.552239   0.000867
1278.552920  -0.001524
1278.553601  -0.003022
1278.554282  -0.001255
1278.554963  -0.000611
1278.555644   0.000203
1278.556326   0.002488
1278.557007  -0.001105
1278.557688   0.000392
1278.558369  -0.000483
1278.559050  -0.001458
1278.559731  -0.000244
1278.560413  -0.000506
1278.561094  -0.002053
1278.561775  -0.000570
1278.562456  -0.001566
1278.563137  -0.001261
1278.563818  -0.000574
1278.564499   0.000446
1278.565181  -0.000920
1278.565862  -0.001195
1278.566543  -0.001908
1278.567224  -0.000568
1278.567905  -0.000455
1278.568586  -0.000743
1278.569267  -0.001186
1278.569949   0.000091
1278.570630   0.001042
1278.571311  -0.001397
1278.571992  -0.000607
1278.572673  -0.000991
1278.573354   0.000346
1278.574035  -0.000482
1278.574717  -0.001256
1278.575398  -0.000264
1278.576079  -0.001193
1278.576760  -0.000619
1278.577441   0.000639
1278.578122  -0.002641
1278.578803   0.000226
1278.579485  -0.000024
1278.580166  -0.000349
1278.580847  -0.001364
1278.581528  -0.001364
1278.582209   0.000089
1278.582890  -0.001487
1278.583572  -0.001708
1278.584253  -0.001049
1278.584934  -0.001096
1278.585615   0.000413
1278.586296  -0.001276
1278.586977   0.001441
1278.587658   0.000119
1278.588340  -0.000704
1278.589021  -0.000672
1278.589702   0.001225
1278.590383   0.000044
1278.591064   0.001411
1278.591745  -0.001646
1278.592426   0.000379
1278.593108  -0.002825
1278.593789  -0.002589
1278.594470  -0.001720
1278.595151   0.000167
1278.595832   0.000785
1278.596513  -0.000753
1278.597194   0.000001
1278.597876   0.000405
1278.598557   0.000100
1278.599238   0.001064
1278.599919  -0.000986
1278.600600  -0.001728
1278.601281  -0.001693
1278.601962  -0.000891
1278.602644  -0.001897
1278.603325  -0.000424
1278.604006  -0.001423
1278.604687  -0.002577
1278.605368   0.002552
1278.606049   0.000249
1278.606731  -0.001054
1278.607412  -0.001106
1278.608093  -0.000979
1278.608774  -0.001076
1278.609455   0.001121
1278.610136  -0.000266
1278.610817  -0.000517
1278.611499  -0.001126
1278.612180   0.000283
1278.612861  -0.001789
1278.613542  -0.001370
1278.614223  -0.001114
1278.614904   0.001077
1278.615585  -0.000481
1278.616267   0.000358
1278.616948  -0.000145
1278.617629  -0.000204
1278.618310  -0.001396
1278.618991  -0.001773
1278.619672  -0.001974
1278.620353  -0.000377
1278.621035   0.002378
1278.621716   0.000234
1278.622397  -0.002103
1278.623078  -0.000573
1278.623759  -0.002183
1278.624440   0.000093
1278.625121   0.000296
1278.625803  -0.001805
1278.626484   0.000068
1278.627165  -0.002350
1278.627846  -0.003130
1278.628527   0.000207
1278.629208  -0.001195
1278.629890   0.001552
1278.630571   0.002120
1278.631252   0.001264
1278.631933  -0.001088
1278.632614  -0.000385
1278.633295   0.000351
1278.633976  -0.001610
1278.634658  -0.000113
1278.635339  -0.001309
1278.636020   0.000859
1278.636701  -0.001634
1278.637382   0.000098
1278.638063  -0.001510
1278.638745   0.000510
1278.639426  -0.001006
1278.640107  -0.000081
1278.640788  -0.001764
1278.641469  -0.002557
1278.642150  -0.001848
1278.642831  -0.001699
1278.643513  -0.001047
1278.644194  -0.000294
1278.644875  -0.000584
1278.645556  -0.002370
1278.646237   0.000379
1278.646918  -0.003035
1278.647599  -0.003300
1278.648280  -0.003348
1278.648962   0.000312
1278.649643  -0.001568
1278.650324   0.000879
1278.651005  -0.000549
1278.651686  -0.001459
1278.652367  -0.000311
1278.653049   0.000481
1278.653730  -0.001849
1278.654411  -0.002175
1278.655092   0.001799
1278.655773  -0.000378
1278.656454  -0.000620
1278.657136  -0.000253
1278.657817   0.000102
1278.658498  -0.001593
1278.659179   0.000169
1278.659860  -0.000920
1278.660541   0.000472
1278.661222  -0.001683
1278.661904  -0.001904
1278.662585  -0.001406
1278.663266  -0.002047
1278.663947  -0.000242
1278.664628   0.001387
1278.665309  -0.001259
1278.665990  -0.002752
1278.666672  -0.001034
1278.667353  -0.000670
1278.668034  -0.000696
1278.668715  -0.001134
1278.669396  -0.001520
1278.670077  -0.002151
1278.670758  -0.000594
1278.671440   0.000240
1278.672121   0.000128
1278.672802  -0.002320
1278.673483  -0.001685
1278.674164  -0.000931
1278.674845  -0.000851
1278.675526  -0.001729
1278.676208  -0.003789
1278.676889  -0.001291
1278.677570  -0.000304
1278.678251   0.000627
1278.678932  -0.000882
1278.679613  -0.000786
1278.680294  -0.000323
1278.680976   0.000620
1278.681657  -0.001885
1278.682338  -0.000060
1278.683019  -0.001535
1278.683700   0.001797
1278.684381  -0.000235
1278.685063  -0.000231
1278.685744  -0.000039
1278.686425   0.000915
1278.687106   0.000541
1278.687787  -0.001106
1278.688468  -0.001324
1278.689149  -0.000431
1278.689831   0.000551
1278.690512  -0.000372
1278.691193   0.000166
1278.691874  -0.001259
1278.692555   0.000252
1278.693236   0.001153
1278.693917  -0.001829
1278.694599  -0.001623
1278.695280  -0.003208
1278.695961  -0.006433
1278.696642  -0.000438
1278.697323  -0.000438
1278.698004   0.000299
1278.698685  -0.001867
1278.699367  -0.000163
1278.700048   0.001955
1278.700729   0.000261
1278.701410   0.000719
1278.702091  -0.001426
1278.702772  -0.001686
1278.703453  -0.001916
1278.704135  -0.002789
1278.704816   0.001002
1278.705497  -0.002367
1278.706178  -0.001495
1278.706859  -0.001646
1278.707540   0.000298
1278.708222  -0.000893
1278.708903  -0.000787
1278.709584  -0.001270
1278.710265  -0.001101
1278.710946  -0.001367
1278.711627   0.000443
1278.712308  -0.000987
1278.712990   0.001316
1278.713671  -0.002497
1278.714352  -0.000805
1278.715033  -0.001656
1278.715714  -0.002115
1278.716395  -0.001098
1278.717076   0.000024
1278.717758   0.000139
1278.718439  -0.000264
1278.719120  -0.000164
1278.719801  -0.000474
1278.720482  -0.002478
1278.721163   0.000295
1278.721844  -0.001299
1278.722526  -0.000259
1278.723207  -0.000535
1278.723888  -0.002100
1278.724569   0.000183
1278.725250   0.000689
1278.725931  -0.001741
1278.726612  -0.001524
1278.727294  -0.001352
1278.727975  -0.001395
1278.728656   0.000800
1278.729337  -0.000896
1278.730018   0.000437
1278.730699   0.000878
1278.731380  -0.001691
1278.732062  -0.001918
1278.732743  -0.000370
1278.733424  -0.000644
1278.734105   0.001423
1278.734786  -0.000941
1278.735467  -0.001117
1278.736149   0.000197
1278.736830  -0.001197
1278.737511  -0.000381
1278.738192  -0.001381
1278.738873  -0.001790
1278.739554  -0.000888
1278.740236   0.000737
1278.740917  -0.002285
1278.741598   0.000480
1278.742279  -0.001870
1278.742960  -0.000267
1278.743641  -0.000783
1278.744322  -0.001515
1278.745004   0.000272
1278.745685  -0.000992
1278.746366  -0.000792
1278.747047  -0.000289
1278.747728  -0.002156
1278.748409  -0.000830
1278.749090  -0.000571
1278.749772  -0.000772
1278.750453  -0.001502
1278.751134  -0.001358
1278.751815  -0.000404
1278.752496  -0.001567
1278.753177  -0.000689
1278.753858  -0.000256
1278.754540  -0.000847
1278.755221  -0.001621
1278.755902  -0.000542
1278.756583   0.000313
1278.757264  -0.000590
1278.757945  -0.000049
1278.758626   0.000610
1278.759308  -0.001033
1278.759989  -0.001076
1278.760670  -0.000990
1278.761351  -0.001236
1278.762032  -0.001525
1278.762713  -0.002084
1278.763394  -0.001530
1278.764076  -0.000293
1278.764757  -0.000691
1278.765438  -0.000497
1278.766119  -0.001517
1278.766800   0.000343
1278.767481   0.000654
1278.768163  -0.000052
1278.768844  -0.001407
1278.769525  -0.000234
1278.770206   0.000475
1278.770887   0.000172
1278.771568   0.000243
1278.772249  -0.000863
1278.772931  -0.000325
1278.773612  -0.002141
1278.774293  -0.002920
1278.774974  -0.002075
1278.775655  -0.001222
1278.776336  -0.000703
1278.777017  -0.000874
1278.777699  -0.001132
1278.778380   0.000307
1278.779061  -0.000042
1278.779742  -0.000417
1278.780423  -0.002788
1278.781104   0.000458
1278.781785  -0.001245
1278.782467  -0.000671
1278.783148  -0.001478
1278.783829   0.000198
1278.784510  -0.001248
1278.785191  -0.000450
1278.785872   0.000827
1278.786553   0.001184
1278.787235   0.000073
1278.787916   0.000450
1278.788597  -0.001447
1278.789278  -0.001038
1278.789959  -0.000377
1278.790640  -0.000946
1278.791322  -0.001184
1278.792003  -0.008712
1278.792684   0.000465
1278.793365  -0.000145
1278.794046  -0.001728
1278.794727  -0.002002
1278.795408   0.000583
1278.796090  -0.001449
1278.796771  -0.002285
1278.797452   0.001254
1278.798133   0.000134
1278.798814  -0.002398
1278.799495  -0.002154
1278.800176   0.001571
1278.800858  -0.000011
1278.801539  -0.002234
1278.802220  -0.001408
1278.802901  -0.001548
1278.803582  -0.001271
1278.804263  -0.000331
1278.804945  -0.001120
1278.805626  -0.001427
1278.806307  -0.001157
1278.806988  -0.001367
1278.807669  -0.001796
1278.808350  -0.001078
1278.809031  -0.000821
1278.809713  -0.000624
1278.810394   0.002522
1278.811075  -0.000177
1278.811756  -0.000303
1278.812437   0.000679
1278.813118   0.000737
1278.813799   0.000361
1278.814481  -0.000280
1278.815162   0.000052
1278.815843  -0.000921
1278.816524  -0.000217
1278.817205  -0.002267
1278.817886   0.000201
1278.818567  -0.000406
1278.819249  -0.001493
1278.819930   0.000150
1278.820611  -0.000822
1278.821292  -0.000340
1278.821973  -0.001391
1278.822654  -0.001865
1278.823336   0.000131
1278.824017  -0.002022
1278.824698   0.001276
1278.825379  -0.000643
1278.826060  -0.001133
1278.826741  -0.000706
1278.827422  -0.004351
1278.828104  -0.002474
1278.828785  -0.002079
1278.829466  -0.001223
1278.830147   0.001492
1278.830828  -0.000827
1278.831509  -0.002446
1278.832190  -0.000129
1278.832872  -0.000595
1278.833553  -0.000513
1278.834234  -0.000266
1278.834915  -0.003261
1278.835596  -0.001810
1278.836277  -0.000591
1278.836958  -0.002812
1278.837640  -0.000517
1278.838321  -0.000285
1278.839002  -0.000580
1278.839683   0.000240
1278.840364   0.000392
1278.841045  -0.004166
1278.841726  -0.001291
1278.842408   0.000555
1278.843089   0.001149
1278.843770   0.000310
1278.844451  -0.000125
1278.845132  -0.001703
1278.845813  -0.001814
1278.846494   0.001090
1278.847176   0.000926
1278.847857   0.001483
1278.848538  -0.003108
1278.849219   0.001220
1278.849900  -0.000544
1278.850581  -0.002026
1278.851263  -0.000907
1278.851944  -0.001011
1278.852625  -0.000538
1278.853306  -0.001319
1278.853987  -0.000874
1278.854668   0.002657
1278.855350  -0.001282
1278.856031  -0.000732
1278.856712  -0.001642
1278.857393  -0.001435
1278.858074  -0.000831
1278.858755  -0.001121
1278.859436  -0.000361
1278.860118  -0.001824
1278.860799  -0.000218
1278.861480  -0.001843
1278.862161  -0.002278
1278.862842  -0.002307
1278.863523  -0.002760
1278.864204  -0.000763
1278.864886  -0.001898
1278.865567  -0.000243
1278.866248  -0.000882
1278.866929   0.000055
1278.867610  -0.001296
1278.868291   0.001014
1278.868972  -0.000905
1278.869653  -0.001283
1278.870335  -0.002643
1278.871016  -0.002008
1278.871697  -0.000629
1278.872378  -0.000528
1278.873059  -0.000840
1278.873740  -0.001726
1278.874421  -0.000945
1278.875103  -0.001368
1278.875784  -0.000434
1278.876465  -0.000367
1278.877146  -0.002554
1278.877827  -0.000794
1278.878508  -0.000620
1278.879190  -0.000462
1278.879871  -0.001199
1278.880552  -0.002582
1278.881233  -0.000692
1278.881914  -0.000595
1278.882595  -0.003788
1278.883277  -0.001758
1278.883958  -0.000088
1278.884639  -0.000232
1278.885320  -0.001133
1278.886001  -0.001570
1278.886682  -0.001450
1278.887363  -0.000989
1278.888045  -0.002222
1278.888726   0.000360
1278.889407   0.000642
1278.890088  -0.000171
1278.890769  -0.001001
1278.891450   0.000085
1278.892131  -0.002353
1278.892813  -0.001526
1278.893494  -0.001953
