1242.177341  -0.002548
1242.178022   0.001261
1242.178703   0.001155
1242.179385  -0.000844
1242.180066   0.001445
1242.180747   0.000476
1242.181428  -0.001027
1242.182109  -0.002349
1242.182790  -0.001220
1242.183471  -0.001894
1242.184152  -0.002144
1242.184834  -0.003027
1242.185515  -0.000248
1242.186196  -0.000698
1242.186877  -0.001671
1242.187558  -0.000010
1242.188239  -0.000805
1242.188920  -0.002283
1242.189602  -0.000778
1242.190283  -0.001665
1242.190964  -0.000283
1242.191645  -0.000295
1242.192326  -0.001001
1242.193007  -0.001810
1242.193688  -0.001626
1242.194369  -0.000726
1242.195051  -0.003911
1242.195732  -0.001816
1242.196413   0.001073
1242.197094   0.000742
1242.197775   0.001013
1242.198456   0.000045
1242.199137  -0.000752
1242.199818  -0.002702
1242.200500   0.000777
1242.201181   0.002001
1242.201862  -0.002688
1242.202543   0.000138
1242.203224   0.000110
1242.203905  -0.000202
1242.204586  -0.002711
1242.205268   0.000757
1242.205949  -0.001085
1242.206630   0.000166
1242.207311   0.000071
1242.207992  -0.003557
1242.208673  -0.000429
1242.209354   0.000176
1242.210035  -0.000169
1242.210717  -0.000733
1242.211398  -0.000527
1242.212079  -0.000212
1242.212760  -0.000477
1242.213441  -0.000198
1242.214122  -0.003343
1242.214803  -0.001400
1242.215484  -0.000992
1242.216166   0.000363
1242.216847  -0.001463
1242.217528  -0.001004
1242.218209   0.000962
1242.218890  -0.000771
1242.219571  -0.001384
1242.220252  -0.000888
1242.220934  -0.000296
1242.221615  -0.001673
1242.222296  -0.001242
1242.222977  -0.000304
1242.223658  -0.000278
1242.224339   0.000342
1242.225020  -0.003164
1242.225701  -0.001150
1242.226383   0.000315
1242.227064  -0.000155
1242.227745  -0.001028
1242.228426  -0.000406
1242.229107  -0.001163
1242.229788   0.000762
1242.230469   0.000173
1242.231150   0.003021
1242.231832   0.001071
1242.232513   0.000208
1242.233194  -0.002602
1242.233875   0.000057
1242.234556   0.001061
1242.235237   0.000344
1242.235918   0.000131
1242.236599  -0.003479
1242.237281   0.002637
1242.237962  -0.001023
1242.238643   0.000079
1242.239324  -0.000373
1242.240005  -0.000336
1242.240686  -0.001738
1242.241367  -0.001237
1242.242048  -0.001391
1242.242730  -0.000332
1242.243411  -0.002201
1242.244092   0.000680
1242.244773  -0.000761
1242.245454  -0.003248
1242.246135   0.000299
1242.246817  -0.001054
1242.247498  -0.001022
1242.248179  -0.002328
1242.248860  -0.001730
1242.249541   0.000519
1242.250222   0.000096
1242.250903   0.000263
1242.251584  -0.000700
1242.252266  -0.000244
1242.252947  -0.000545
1242.253628  -0.000650
1242.254309  -0.000940
1242.254990  -0.001613
1242.255671  -0.000271
1242.256352  -0.000315
1242.257033  -0.001098
1242.257715  -0.002558
1242.258396  -0.002019
1242.259077  -0.000550
1242.259758   0.000190
1242.260439   0.000902
1242.261120  -0.001009
1242.261801  -0.001497
1242.262482   0.000629
1242.263164  -0.000509
1242.263845   0.000828
1242.264526  -0.000124
1242.265207  -0.000306
1242.265888  -0.002234
1242.266569  -0.001501
1242.267250   0.001291
1242.267932   0.001420
1242.268613   0.000210
1242.269294  -0.000433
1242.269975   0.000468
1242.270656  -0.002902
1242.271337  -0.000336
1242.272018   0.000221
1242.272699  -0.002105
1242.273381  -0.002161
1242.274062  -0.000522
1242.274743  -0.002156
1242.275424  -0.001033
1242.276105  -0.002755
1242.276786   0.001258
1242.277467  -0.001586
1242.278149   0.001685
1242.278830  -0.001632
1242.279511  -0.000840
1242.280192  -0.002087
1242.280873  -0.000020
1242.281554  -0.001951
1242.282235  -0.002222
1242.282916   0.000878
1242.283598   0.001185
1242.284279  -0.001271
1242.284960  -0.002396
1242.285641  -0.000789
1242.286322   0.000709
1242.287003  -0.001076
1242.287684   0.000782
1242.288365   0.002065
1242.289047  -0.001615
1242.289728   0.000738
1242.290409  -0.001203
1242.291090   0.000512
1242.291771  -0.001111
1242.292452  -0.001952
1242.293133  -0.000823
1242.293814  -0.000202
1242.294496  -0.000432
1242.295177  -0.001528
1242.295858   0.000472
1242.296539  -0.000333
1242.297220  -0.001053
1242.297901  -0.001784
1242.298582  -0.000733
1242.299264  -0.000894
1242.299945  -0.001550
1242.300626   0.000394
1242.301307  -0.001628
1242.301988  -0.001056
1242.302669  -0.000934
1242.303350  -0.002427
1242.304031  -0.000639
1242.304713  -0.000697
1242.305394   0.000577
1242.306075   0.000243
1242.306756  -0.000947
1242.307437   0.000123
1242.308118  -0.000436
1242.308799   0.000642
1242.309480   0.000145
1242.310162  -0.001250
1242.310843   0.000981
1242.311524   0.001096
1242.312205  -0.001648
1242.312886  -0.002480
1242.313567   0.001582
1242.314248  -0.001152
1242.314929  -0.001567
1242.315611  -0.002651
1242.316292   0.000361
1242.316973  -0.002410
1242.317654  -0.002236
1242.318335  -0.000791
1242.319016  -0.002830
1242.319697  -0.000675
1242.320378   0.001412
1242.321060  -0.000810
1242.321741   0.001563
1242.322422  -0.001714
1242.323103  -0.000725
1242.323784   0.000584
1242.324465  -0.001194
1242.325147   0.000345
1242.325828   0.000353
1242.326509  -0.001391
1242.327190   0.001199
1242.327871   0.000003
1242.328552  -0.002524
1242.329233   0.001294
1242.329914  -0.001388
1242.330596  -0.000612
1242.331277  -0.002020
1242.331958   0.001447
1242.332639  -0.001194
1242.333320   0.000908
1242.334001  -0.000781
1242.334682  -0.000987
1242.335364  -0.000140
1242.336045  -0.000841
1242.336726  -0.000153
1242.337407  -0.000025
1242.338088  -0.000126
1242.338769  -0.002172
1242.339450  -0.000211
1242.340131  -0.000836
1242.340812  -0.002982
1242.341494  -0.000049
1242.342175  -0.000302
1242.342856  -0.000479
1242.343537  -0.001470
1242.344218   0.000445
1242.344899  -0.000856
1242.345580  -0.001068
1242.346262  -0.001059
1242.346943   0.000249
1242.347624  -0.000421
1242.348305  -0.001725
1242.348986   0.000258
1242.349667  -0.000588
1242.350348  -0.000346
1242.351029  -0.000239
1242.351711  -0.000361
1242.352392  -0.001385
1242.353073   0.000138
1242.353754   0.000620
1242.354435   0.000312
1242.355116   0.000073
1242.355797  -0.000667
1242.356479  -0.002001
1242.357160  -0.000544
1242.357841  -0.002123
1242.358522  -0.000455
1242.359203   0.000634
1242.359884   0.000511
1242.360565   0.001808
1242.361246  -0.001047
1242.361928   0.000713
1242.362609  -0.002285
1242.363290  -0.000546
1242.363971  -0.001917
1242.364652  -0.001996
1242.365333   0.000701
1242.366014  -0.002787
1242.366695  -0.001479
1242.367377  -0.001154
1242.368058   0.000802
1242.368739  -0.002034
1242.369420   0.000040
1242.370101   0.000476
1242.370782  -0.001251
1242.371463   0.000973
1242.372144  -0.001604
1242.372826  -0.001841
1242.373507   0.001430
1242.374188  -0.000328
1242.374869   0.001311
1242.375550   0.000141
1242.376231  -0.000069
1242.376912  -0.001198
1242.377593   0.002250
1242.378275  -0.002612
1242.378956  -0.001277
1242.379637  -0.000290
1242.380318  -0.003126
1242.380999  -0.002184
1242.381680  -0.000601
1242.382361  -0.002065
1242.383043  -0.003650
1242.383724  -0.000158
1242.384405  -0.002892
1242.385086   0.000327
1242.385767  -0.000678
1242.386448  -0.002156
1242.387129  -0.001811
1242.387810  -0.001433
1242.388492  -0.000544
1242.389173   0.002019
1242.389854  -0.001516
1242.390535  -0.001100
1242.391216  -0.002748
1242.391897  -0.001145
1242.392578   0.001456
1242.393260  -0.000615
1242.393941  -0.000159
1242.394622  -0.001703
1242.395303  -0.000513
1242.395984  -0.000008
1242.396665  -0.001539
1242.397346   0.000336
1242.398027   0.002011
1242.398709   0.000116
1242.399390  -0.001689
1242.400071  -0.002446
1242.400752  -0.001475
1242.401433  -0.000678
1242.402114  -0.000168
1242.402795  -0.002607
1242.403476  -0.000361
1242.404158  -0.001166
1242.404839   0.000502
1242.405520   0.001762
1242.406201  -0.001529
1242.406882  -0.001003
1242.407563   0.000448
1242.408244  -0.000261
1242.408925   0.000753
1242.409607  -0.002221
1242.410288   0.001018
1242.410969   0.000181
1242.411650  -0.001350
1242.412331   0.000219
1242.413012   0.000976
1242.413694  -0.000978
1242.414375  -0.000381
1242.415056  -0.001218
1242.415737  -0.000136
1242.416418  -0.000569
1242.417099  -0.000511
1242.417780  -0.000063
1242.418461  -0.001881
1242.419143   0.000226
1242.419824  -0.001816
1242.420505  -0.000826
1242.421186  -0.000737
1242.421867  -0.001155
1242.422548  -0.000947
1242.423229  -0.000309
1242.423910  -0.000666
1242.424592  -0.000595
1242.425273  -0.000804
1242.425954  -0.001344
1242.426635  -0.001048
1242.427316  -0.001580
1242.427997  -0.001168
1242.428678  -0.001161
1242.429359  -0.001250
1242.430041  -0.000526
1242.430722  -0.000950
1242.431403  -0.001920
1242.432084  -0.001455
1242.432765  -0.001062
1242.433446  -0.002155
1242.434127   0.000498
1242.434809  -0.002194
1242.435490  -0.000030
1242.436171   0.001399
1242.436852  -0.003225
1242.437533  -0.001078
1242.438214  -0.001943
1242.438895  -0.001733
1242.439576  -0.001764
1242.440258  -0.002010
1242.440939  -0.000093
1242.441620  -0.002144
1242.442301  -0.000291
1242.442982  -0.000539
1242.443663   0.002017
1242.444344   0.000958
1242.445026   0.000119
1242.445707  -0.001115
1242.446388  -0.000024
1242.447069  -0.000676
1242.447750  -0.001311
1242.448431  -0.000808
1242.449112  -0.000692
1242.449793  -0.002195
1242.450474  -0.001023
1242.451156  -0.000648
1242.451837   0.001402
1242.452518  -0.000740
1242.453199  -0.001210
1242.453880  -0.002050
1242.454561  -0.000152
1242.455242  -0.000823
1242.455924  -0.002203
1242.456605  -0.001665
1242.457286  -0.000971
1242.457967   0.000111
1242.458648  -0.000167
1242.459329   0.001055
1242.460010  -0.000871
1242.460691  -0.001872
1242.461373  -0.000058
1242.462054  -0.002130
1242.462735   0.000257
1242.463416   0.000094
1242.464097  -0.001622
1242.464778  -0.001277
1242.465459  -0.002796
1242.466140  -0.000602
1242.466822  -0.001369
1242.467503  -0.000801
1242.468184  -0.000291
1242.468865  -0.002371
1242.469546  -0.000923
1242.470227  -0.000283
1242.470908  -0.001809
1242.471590  -0.002532
1242.472271  -0.000303
1242.472952   0.000529
1242.473633  -0.002448
1242.474314   0.000897
1242.474995  -0.002500
1242.475676  -0.001165
1242.476357  -0.000966
1242.477039  -0.001283
1242.477720   0.000036
1242.478401  -0.000755
1242.479082   0.000237
1242.479763   0.000052
1242.480444   0.000887
1242.481125  -0.001074
1242.481806   0.000333
1242.482488   0.000641
1242.483169  -0.000753
1242.483850  -0.000040
1242.484531  -0.000421
1242.485212  -0.001715
1242.485893  -0.001097
1242.486574  -0.000252
1242.487256   0.000474
1242.487937   0.000269
1242.488618  -0.000371
1242.489299   0.000348
1242.489980   0.000840
1242.490661   0.000424
1242.491342  -0.001708
1242.492023  -0.002169
1242.492705  -0.000183
1242.493386  -0.002126
1242.494067  -0.000515
1242.494748  -0.000205
1242.495429   0.001079
1242.496110   0.000214
1242.496791  -0.000680
1242.497472   0.001309
1242.498154  -0.001548
1242.498835   0.000283
1242.499516  -0.000287
1242.500197  -0.000189
1242.500878  -0.000626
1242.501559  -0.000958
1242.502240  -0.000902
1242.502921  -0.000473
1242.503603  -0.002075
1242.504284  -0.000645
1242.504965  -0.000120
1242.505646  -0.000274
1242.506327  -0.001412
1242.507008  -0.000674
1242.507689  -0.000007
1242.508371   0.000896
1242.509052  -0.000920
1242.509733  -0.000876
1242.510414   0.000122
1242.511095  -0.000166
1242.511776  -0.000046
1242.512457   0.000345
1242.513139  -0.001697
1242.513820  -0.000651
1242.514501   0.001307
1242.515182  -0.000323
1242.515863  -0.000827
1242.516544   0.000491
1242.517225   0.000291
1242.517906  -0.001276
1242.518588   0.001232
1242.519269   0.000129
1242.519950  -0.001697
1242.520631   0.000519
1242.521312  -0.001151
1242.521993  -0.003096
1242.522674  -0.001503
1242.523356  -0.000810
1242.524037  -0.000108
1242.524718  -0.001076
1242.525399   0.000499
1242.526080  -0.000572
1242.526761  -0.001195
1242.527442  -0.000226
1242.528123  -0.001215
1242.528805  -0.000746
1242.529486   0.000265
1242.530167   0.001555
1242.530848   0.000355
1242.531529  -0.000065
1242.532210  -0.001283
1242.532891  -0.001245
1242.533572  -0.001979
1242.534254  -0.001205
1242.534935  -0.000072
1242.535616  -0.000611
1242.536297  -0.001492
1242.536978  -0.001238
1242.537659  -0.001681
1242.538340  -0.001365
1242.539021  -0.000845
1242.539703   0.000106
1242.540384  -0.001025
1242.541065   0.000215
1242.541746   0.000282
1242.542427  -0.001441
1242.543108  -0.002302
1242.543789  -0.000072
1242.544471   0.001184
1242.545152   0.000844
1242.545833   0.000549
1242.546514  -0.002394
1242.547195  -0.002164
1242.547876  -0.001153
1242.548557   0.000217
1242.549238   0.000105
1242.549920  -0.001039
1242.550601  -0.000982
1242.551282  -0.002874
1242.551963  -0.000790
1242.552644  -0.001151
1242.553325   0.000044
1242.554006  -0.000925
1242.554687  -0.000936
1242.555369   0.001225
1242.556050  -0.001418
1242.556731  -0.000976
1242.557412  -0.000932
1242.558093   0.000406
1242.558774  -0.001592
1242.559455   0.000052
1242.560136  -0.000224
1242.560818  -0.001141
1242.561499  -0.001498
1242.562180  -0.001250
1242.562861  -0.001717
1242.563542  -0.002630
1242.564223  -0.000196
1242.564904   0.000685
1242.565586  -0.001813
1242.566267  -0.001127
1242.566948   0.000989
1242.567629   0.000271
1242.568310  -0.000972
1242.568991   0.000114
1242.569672  -0.000288
1242.570353  -0.002442
1242.571035  -0.001646
1242.571716   0.000848
1242.572397  -0.000261
1242.573078  -0.000564
1242.573759  -0.001255
1242.574440  -0.001211
1242.575121  -0.002541
1242.575802  -0.000548
1242.576484   0.000399
1242.577165  -0.003087
1242.577846  -0.001181
1242.578527  -0.001148
1242.579208  -0.000231
1242.579889  -0.001154
1242.580570   0.000576
1242.581252   0.000276
1242.581933   0.000441
1242.582614  -0.000246
1242.583295  -0.000955
1242.583976  -0.000851
1242.584657  -0.000454
1242.585338  -0.000287
1242.586019   0.000964
1242.586701  -0.000263
1242.587382   0.000309
1242.588063  -0.000656
1242.588744  -0.000016
1242.589425  -0.000863
1242.590106  -0.000949
1242.590787  -0.000437
1242.591468  -0.001150
1242.592150  -0.001141
1242.592831  -0.001815
1242.593512  -0.001517
1242.594193  -0.001093
1242.594874   0.000692
1242.595555  -0.002815
1242.596236  -0.000787
1242.596918   0.000761
1242.597599  -0.001500
1242.598280  -0.001879
1242.598961  -0.000690
1242.599642   0.001572
1242.600323  -0.001073
1242.601004  -0.002220
1242.601686  -0.001399
1242.602367   0.001249
1242.603048  -0.000201
1242.603729  -0.000075
1242.604410  -0.002459
1242.605091  -0.002415
1242.605772  -0.001074
1242.606453   0.001353
1242.607135  -0.000807
1242.607816  -0.003481
1242.608497  -0.001745
1242.609178  -0.001077
1242.609859   0.001073
1242.610540  -0.000975
1242.611221  -0.000918
1242.611902   0.002630
1242.612584  -0.001228
1242.613265  -0.000925
1242.613946  -0.001096
1242.614627   0.001111
1242.615308   0.001268
1242.615989  -0.001053
1242.616670  -0.000995
1242.617351   0.000889
1242.618033  -0.001833
1242.618714  -0.002283
1242.619395  -0.000928
1242.620076  -0.000739
1242.620757   0.000069
1242.621438  -0.000106
1242.622119  -0.000169
1242.622801  -0.001726
1242.623482  -0.001279
1242.624163  -0.000319
1242.624844   0.000852
1242.625525  -0.000558
1242.626206  -0.002484
1242.626887   0.000150
1242.627568  -0.000354
1242.628250  -0.001981
1242.628931  -0.001147
1242.629612  -0.000336
1242.630293  -0.001116
1242.630974  -0.000601
1242.631655  -0.000686
1242.632336   0.000810
1242.633018  -0.003173
1242.633699  -0.000518
1242.634380  -0.000731
1242.635061  -0.000256
1242.635742  -0.000847
1242.636423   0.000041
1242.637104   0.000186
1242.637785  -0.002230
1242.638467  -0.000765
1242.639148  -0.000342
1242.639829  -0.000196
1242.640510  -0.000479
1242.641191  -0.000161
1242.641872  -0.001089
1242.642553  -0.001976
1242.643234   0.000482
1242.643916  -0.001535
1242.644597  -0.001976
1242.645278  -0.000422
1242.645959   0.000507
1242.646640  -0.001789
1242.647321  -0.002296
1242.648002  -0.001069
1242.648683   0.000801
1242.649365   0.000460
1242.650046   0.000311
1242.650727   0.002007
1242.651408  -0.001123
1242.652089  -0.002113
1242.652770  -0.000616
1242.653451  -0.001665
1242.654133  -0.002504
1242.654814  -0.001650
1242.655495  -0.001310
1242.656176  -0.003032
1242.656857  -0.001457
1242.657538  -0.001073
1242.658219  -0.001447
1242.658900  -0.001723
1242.659582   0.000875
1242.660263  -0.001268
1242.660944   0.001304
1242.661625  -0.000855
1242.662306   0.000935
1242.662987  -0.002195
1242.663668  -0.000768
1242.664349  -0.000042
1242.665031  -0.000350
1242.665712  -0.000483
1242.666393  -0.002092
1242.667074  -0.001300
1242.667755   0.000164
1242.668436   0.000601
1242.669117  -0.001713
1242.669799  -0.000522
1242.670480  -0.000777
1242.671161   0.000236
1242.671842  -0.001266
1242.672523  -0.000547
1242.673204  -0.001529
1242.673885  -0.001248
1242.674566  -0.000366
1242.675247  -0.002580
1242.675929  -0.002208
1242.676610  -0.000121
1242.677291  -0.002127
1242.677972   0.000484
1242.678653  -0.001487
1242.679334  -0.000952
1242.680016   0.000460
1242.680697  -0.001434
1242.681378  -0.003373
1242.682059  -0.000794
1242.682740  -0.000460
1242.683421  -0.000285
1242.684102  -0.000244
1242.684783  -0.002028
1242.685465   0.000781
1242.686146  -0.001586
1242.686827  -0.000200
1242.687508   0.001158
1242.688189   0.001895
1242.688870  -0.000160
1242.689551   0.001136
1242.690233   0.000055
1242.690914   0.000185
1242.691595  -0.001579
1242.692276  -0.002929
1242.692957  -0.001063
1242.693638  -0.001072
1242.694319  -0.003079
1242.695000   0.000625
1242.695682  -0.000761
1242.696363  -0.001244
1242.697044  -0.001040
1242.697725  -0.000580
1242.698406   0.001355
1242.699087   0.000175
1242.699768   0.000043
1242.700449  -0.002694
1242.701131   0.000485
1242.701812  -0.000220
1242.702493  -0.000906
1242.703174  -0.000997
1242.703855   0.000035
1242.704536  -0.000258
1242.705217  -0.001438
1242.705898  -0.001100
1242.706580   0.000212
1242.707261  -0.001462
1242.707942  -0.000620
1242.708623  -0.000820
1242.709304  -0.003478
1242.709985  -0.001015
1242.710666   0.001115
1242.711348   0.000055
1242.712029  -0.001536
1242.712710  -0.000839
1242.713391  -0.002335
1242.714072  -0.002829
1242.714753  -0.000487
1242.715434   0.000746
1242.716115  -0.000473
1242.716797   0.000260
1242.717478  -0.000824
1242.718159  -0.000725
1242.718840  -0.001598
1242.719521  -0.000664
1242.720202  -0.000033
1242.720883  -0.001830
1242.721564   0.000723
1242.722246  -0.000354
1242.722927  -0.001359
1242.723608  -0.000506
1242.724289   0.002458
1242.724970  -0.000878
1242.725651   0.001367
1242.726332   0.000339
1242.727014   0.001010
1242.727695  -0.001121
1242.728376  -0.000928
1242.729057  -0.002635
1242.729738  -0.000875
1242.730419   0.000848
1242.731100  -0.000670
1242.731781  -0.001833
1242.732463   0.000938
1242.733144   0.001134
1242.733825  -0.001296
1242.734506  -0.000529
1242.735187   0.002819
1242.735868  -0.000984
1242.736549  -0.000585
1242.737230  -0.001181
1242.737912  -0.001065
1242.738593   0.001277
1242.739274  -0.001738
1242.739955  -0.001078
1242.740636  -0.001384
1242.741317  -0.002151
1242.741998  -0.001202
1242.742680  -0.000029
1242.743361   0.000429
1242.744042  -0.001420
1242.744723   0.000779
1242.745404  -0.000971
1242.746085  -0.001520
1242.746766  -0.002211
1242.747447  -0.000745
1242.748129  -0.001496
1242.748810   0.000366
1242.749491  -0.000158
1242.750172  -0.001049
1242.750853  -0.002742
1242.751534  -0.001102
1242.752215  -0.001016
1242.752896  -0.001798
1242.753578  -0.000922
1242.754259  -0.000879
1242.754940   0.000753
1242.755621  -0.000307
1242.756302  -0.001476
1242.756983  -0.001565
1242.757664  -0.001384
1242.758345  -0.000911
1242.759027   0.003043
1242.759708  -0.000481
1242.760389  -0.001889
1242.761070  -0.002400
1242.761751  -0.001333
1242.762432  -0.003744
1242.763113  -0.000460
1242.763794  -0.001242
1242.764476  -0.002369
1242.765157  -0.000166
1242.765838  -0.002587
1242.766519   0.000423
1242.767200  -0.000237
1242.767881  -0.001531
1242.768563   0.000845
1242.769244  -0.000981
1242.769925   0.001168
1242.770606   0.000504
1242.771287  -0.002357
1242.771968   0.000975
1242.772649  -0.001424
1242.773330  -0.000348
1242.774012   0.000476
1242.774693  -0.001163
1242.775374  -0.002031
1242.776055  -0.003014
1242.776736  -0.001719
1242.777417  -0.001665
1242.778098  -0.000784
1242.778780   0.000025
1242.779461  -0.001458
1242.780142  -0.000942
1242.780823  -0.000148
1242.781504   0.000206
1242.782185  -0.001524
1242.782866   0.000053
1242.783547  -0.000480
1242.784229  -0.002380
1242.784910  -0.000527
1242.785591   0.000539
1242.786272  -0.002537
1242.786953  -0.000017
1242.787634  -0.000143
1242.788315   0.000321
1242.788996  -0.000564
1242.789678  -0.000946
1242.790359  -0.000411
1242.791040  -0.001487
1242.791721  -0.002298
1242.792402  -0.001788
1242.793083  -0.000820
1242.793764  -0.000691
1242.794445  -0.000375
1242.795127  -0.000848
1242.795808  -0.000447
1242.796489  -0.000043
1242.797170   0.001006
1242.797851  -0.002013
1242.798532  -0.002890
1242.799213  -0.001142
1242.799895  -0.002140
1242.800576  -0.002002
1242.801257  -0.001386
1242.801938  -0.000768
1242.802619  -0.001958
1242.803300  -0.000836
1242.803981  -0.000449
1242.804662  -0.001166
1242.805344  -0.000226
1242.806025   0.000228
1242.806706   0.001041
1242.807387  -0.000845
1242.808068  -0.002252
1242.808749  -0.000461
1242.809430  -0.002143
1242.810111   0.000649
1242.810793  -0.001563
1242.811474  -0.002125
1242.812155   0.000796
1242.812836  -0.000830
1242.813517  -0.000557
1242.814198  -0.000492
1242.814879  -0.000778
1242.815560   0.000612
1242.816242   0.000902
1242.816923  -0.000890
1242.817604   0.000539
1242.818285  -0.000822
1242.818966   0.000540
1242.819647   0.001362
1242.820328  -0.001422
1242.821010  -0.002129
1242.821691  -0.001398
1242.822372  -0.001903
1242.823053  -0.001764
1242.823734  -0.002771
1242.824415   0.000040
1242.825096  -0.002268
1242.825777   0.000411
1242.826459   0.000600
1242.827140  -0.001511
1242.827821  -0.002168
1242.828502  -0.001160
1242.829183  -0.000889
1242.829864   0.000204
1242.830545  -0.001227
1242.831227  -0.001853
1242.831908   0.000832
1242.832589  -0.002238
1242.833270  -0.002009
1242.833951  -0.000870
1242.834632  -0.001234
1242.835313  -0.003168
1242.835994   0.000167
1242.836676   0.000294
1242.837357   0.000656
1242.838038  -0.000974
1242.838719  -0.000281
1242.839400   0.000542
1242.840081   0.000018
1242.840762  -0.001644
1242.841443   0.000251
1242.842125  -0.000322
1242.842806   0.000497
1242.843487  -0.000034
1242.844168   0.000019
1242.844849  -0.000265
1242.845530   0.000106
1242.846211   0.000208
1242.846892  -0.003482
1242.847574  -0.000591
1242.848255   0.000048
1242.848936  -0.002008
1242.849617  -0.000582
1242.850298   0.000304
1242.850979  -0.001248
1242.851660  -0.000952
1242.852341  -0.000676
1242.853023   0.000120
1242.853704  -0.000721
1242.854385  -0.003145
1242.855066   0.000141
1242.855747   0.000535
1242.856428  -0.000749
1242.857110  -0.000432
1242.857791  -0.000953
1242.858472   0.000498
1242.859153  -0.001943
1242.859834  -0.000126
1242.860515  -0.001515
1242.861196  -0.000238
1242.861877  -0.001081
1242.862559  -0.000656
1242.863240   0.001397
1242.863921  -0.001255
1242.864602   0.000763
1242.865283  -0.000029
1242.865964   0.000024
1242.866645   0.000427
1242.867326   0.000879
1242.868008  -0.002370
1242.868689   0.000072
1242.869370   0.000388
1242.870051   0.000399
1242.870732   0.000561
1242.871413  -0.001976
1242.872094  -0.000515
1242.872776  -0.000072
1242.873457  -0.001098
1242.874138   0.000595
1242.874819  -0.000800
1242.875500  -0.000904
1242.876181  -0.001002
1242.876862  -0.000588
1242.877543   0.000828
1242.878225  -0.000620
1242.878906  -0.001870
1242.879587  -0.000388
1242.880268  -0.000707
1242.880949  -0.002143
1242.881630  -0.001417
1242.882311  -0.002398
1242.882992  -0.000940
1242.883674   0.000196
1242.884355  -0.002224
1242.885036  -0.000348
1242.885717   0.000169
1242.886398  -0.002246
1242.887079  -0.001960
1242.887760   0.000219
1242.888442  -0.000727
1242.889123  -0.001699
1242.889804  -0.000088
1242.890485  -0.000583
1242.891166  -0.000118
1242.891847   0.001070
1242.892528  -0.002006
1242.893209  -0.001757
1242.893891  -0.000843
1242.894572  -0.000838
1242.895253  -0.000025
1242.895934  -0.002161
1242.896615  -0.001236
1242.897296  -0.001342
1242.897977  -0.000634
1242.898658  -0.000238
1242.899340  -0.000448
1242.900021  -0.001148
1242.900702  -0.000215
1242.901383  -0.000877
1242.902064  -0.001661
1242.902745   0.000325
1242.903426   0.000122
1242.904107   0.001617
1242.904789  -0.002474
1242.905470  -0.000181
1242.906151  -0.000126
1242.906832   0.000546
1242.907513  -0.001697
1242.908194   0.001491
1242.908875  -0.001573
1242.909557  -0.000684
1242.910238  -0.000210
1242.910919  -0.000474
1242.911600  -0.000896
1242.912281  -0.001492
1242.912962  -0.004564
1242.913643  -0.000400
1242.914324  -0.000141
1242.915006   0.000200
1242.915687  -0.001254
1242.916368   0.000133
1242.917049   0.000896
1242.917730   0.000161
1242.918411   0.001230
1242.919092  -0.000671
1242.919773  -0.001194
1242.920455  -0.003033
1242.921136   0.000425
1242.921817  -0.001480
1242.922498  -0.001396
1242.923179  -0.002114
1242.923860  -0.000706
1242.924541   0.001239
1242.925223  -0.000872
1242.925904  -0.000437
1242.926585   0.001870
1242.927266  -0.001156
1242.927947  -0.001113
1242.928628  -0.000976
1242.929309   0.000241
1242.929990  -0.001853
1242.930672  -0.002767
1242.931353   0.000208
1242.932034  -0.001957
1242.932715   0.000696
1242.933396  -0.000681
1242.934077  -0.000364
1242.934758  -0.002005
1242.935439  -0.000248
1242.936121  -0.001998
1242.936802  -0.000946
1242.937483  -0.000377
1242.938164  -0.000789
1242.938845  -0.001537
1242.939526  -0.000412
1242.940207  -0.000808
1242.940888   0.000503
1242.941570  -0.000546
1242.942251   0.000134
1242.942932  -0.000839
1242.943613  -0.000223
1242.944294   0.000559
1242.944975  -0.001867
1242.945657  -0.002734
1242.946338   0.000753
1242.947019  -0.001481
1242.947700  -0.002434
1242.948381  -0.000676
1242.949062  -0.002220
1242.949743  -0.001976
1242.950424  -0.000929
1242.951106   0.000190
1242.951787  -0.001260
1242.952468  -0.000277
1242.953149  -0.000823
1242.953830   0.000231
1242.954511   0.000363
1242.955192  -0.000388
1242.955873  -0.000284
1242.956555  -0.001690
1242.957236  -0.001414
1242.957917  -0.000689
1242.958598  -0.000348
1242.959279  -0.000584
1242.959960  -0.001454
1242.960641   0.000625
1242.961323  -0.000287
1242.962004   0.000648
1242.962685  -0.000295
1242.963366  -0.001181
1242.964047  -0.000158
1242.964728  -0.001706
1242.965409  -0.002319
1242.966090  -0.001141
1242.966772   0.001705
1242.967453  -0.000187
1242.968134  -0.000911
1242.968815  -0.000965
1242.969496  -0.002654
1242.970177   0.000615
1242.970858  -0.001510
1242.971539  -0.000761
1242.972221  -0.001544
1242.972902  -0.000665
1242.973583  -0.002245
1242.974264  -0.001396
1242.974945   0.000585
1242.975626  -0.001859
1242.976307  -0.001984
1242.976989  -0.000538
1242.977670  -0.001856
1242.978351   0.000028
1242.979032   0.000342
1242.979713  -0.001534
1242.980394  -0.000613
1242.981075   0.000360
1242.981756  -0.001048
1242.982438  -0.000661
1242.983119   0.001086
1242.983800  -0.001159
1242.984481  -0.000930
1242.985162  -0.000414
1242.985843  -0.001130
1242.986524  -0.002877
1242.987205  -0.000667
1242.987887  -0.000852
1242.988568  -0.001729
1242.989249  -0.001334
1242.989930   0.000139
1242.990611   0.000523
1242.991292   0.000810
1242.991973  -0.002210
1242.992655  -0.001657
1242.993336  -0.001726
1242.994017  -0.000870
1242.994698   0.000341
1242.995379  -0.000753
1242.996060  -0.001366
1242.996741  -0.001306
1242.997422  -0.000751
1242.998104  -0.000150
1242.998785  -0.000952
1242.999466  -0.000388
1243.000147  -0.002191
1243.000828  -0.005825
1243.001509  -0.000918
1243.002190  -0.001352
1243.002871  -0.001381
1243.003553  -0.000435
1243.004234  -0.001796
1243.004915  -0.001967
1243.005596   0.000297
1243.006277  -0.002692
1243.006958  -0.002399
1243.007639  -0.000913
1243.008320   0.000031
1243.009002  -0.000609
1243.009683  -0.002721
1243.010364   0.001237
1243.011045   0.000901
1243.011726  -0.000848
1243.012407   0.000100
1243.013088  -0.000868
1243.013770   0.000848
1243.014451  -0.000175
1243.015132  -0.001391
1243.015813  -0.000224
1243.016494   0.001047
1243.017175  -0.003352
1243.017856  -0.001915
1243.018537  -0.001910
1243.019219   0.000360
1243.019900  -0.001899
1243.020581  -0.001327
1243.021262  -0.001654
1243.021943  -0.000402
1243.022624  -0.000579
1243.023305  -0.000754
1243.023987  -0.001772
1243.024668  -0.002030
1243.025349  -0.000033
1243.026030  -0.000113
1243.026711  -0.001515
1243.027392  -0.001230
1243.028073  -0.001975
1243.028754  -0.000789
1243.029436  -0.001296
1243.030117  -0.001060
1243.030798  -0.001146
1243.031479  -0.000682
1243.032160  -0.001051
1243.032841  -0.001193
1243.033522  -0.000827
1243.034204  -0.001922
1243.034885  -0.000340
1243.035566  -0.000236
1243.036247  -0.000915
1243.036928  -0.000148
1243.037609  -0.000723
1243.038290  -0.000841
1243.038971  -0.000359
1243.039653  -0.000043
1243.040334  -0.000243
1243.041015  -0.000827
1243.041696  -0.000330
1243.042377  -0.001697
1243.043058  -0.001609
1243.043739  -0.002052
1243.044420  -0.000686
1243.045102   0.001722
1243.045783  -0.000817
1243.046464   0.000664
1243.047145  -0.001145
1243.047826   0.000247
1243.048507  -0.001151
1243.049188  -0.000033
1243.049870  -0.000724
1243.050551  -0.000964
1243.051232  -0.000474
1243.051913  -0.002134
1243.052594   0.000314
1243.053275  -0.000337
1243.053956  -0.001231
1243.054637   0.000088
1243.055319  -0.003185
1243.056000  -0.000037
1243.056681  -0.000120
1243.057362  -0.001496
1243.058043  -0.002399
1243.058724  -0.002330
1243.059405  -0.001031
1243.060086  -0.000448
1243.060768  -0.001002
1243.061449  -0.000820
1243.062130   0.000608
1243.062811  -0.001228
1243.063492  -0.000402
1243.064173  -0.000065
1243.064854  -0.000880
1243.065535  -0.002064
1243.066217  -0.001894
1243.066898  -0.001423
1243.067579  -0.000466
1243.068260  -0.001794
1243.068941  -0.000176
1243.069622  -0.000195
1243.070303  -0.000299
1243.070985  -0.000881
1243.071666  -0.000226
1243.072347   0.000280
1243.073028  -0.000833
1243.073709  -0.001391
1243.074390  -0.000110
1243.075071   0.000293
1243.075752   0.001788
1243.076434  -0.002203
1243.077115   0.000559
1243.077796  -0.000676
1243.078477  -0.000683
1243.079158   0.000490
1243.079839  -0.001026
1243.080520  -0.000333
1243.081202   0.002807
1243.081883  -0.002774
1243.082564   0.000476
1243.083245   0.000826
1243.083926   0.000261
1243.084607  -0.000187
1243.085288   0.000966
1243.085969   0.000333
1243.086651  -0.001160
1243.087332  -0.001134
1243.088013  -0.000764
1243.088694  -0.000103
1243.089375  -0.000246
1243.090056   0.000837
1243.090737   0.001919
1243.091418  -0.002806
1243.092100  -0.001783
1243.092781   0.001100
1243.093462  -0.002042
1243.094143   0.000060
1243.094824  -0.001813
1243.095505  -0.000526
1243.096186  -0.000223
1243.096867   0.000759
1243.097549   0.000391
1243.098230   0.002194
1243.098911  -0.001056
1243.099592  -0.001290
1243.100273  -0.001819
1243.100954   0.000789
1243.101635  -0.000466
1243.102317  -0.000652
1243.102998   0.000207
1243.103679  -0.000497
1243.104360  -0.003225
1243.105041   0.000708
1243.105722  -0.000228
1243.106403   0.000568
1243.107085  -0.001125
1243.107766  -0.001016
1243.108447  -0.000569
1243.109128  -0.000574
1243.109809   0.000049
1243.110490   0.001329
1243.111171  -0.000345
1243.111853  -0.000627
1243.112534  -0.001026
1243.113215  -0.000091
1243.113896  -0.001540
1243.114577   0.001895
1243.115258   0.001096
1243.115939  -0.001560
1243.116620  -0.002006
1243.117302  -0.002525
1243.117983  -0.000946
1243.118664   0.000831
1243.119345  -0.000825
1243.120026   0.000495
1243.120707  -0.001233
1243.121388   0.000559
1243.122069  -0.001586
1243.122751  -0.000174
1243.123432   0.000119
1243.124113  -0.000396
1243.124794   0.000145
1243.125475  -0.001425
1243.126156  -0.001325
1243.126837  -0.000540
1243.127518   0.000635
1243.128200  -0.000813
1243.128881  -0.001423
1243.129562  -0.000682
1243.130243  -0.000719
1243.130924  -0.000711
1243.131605  -0.002055
1243.132286  -0.000443
1243.132967   0.000651
1243.133649  -0.000143
1243.134330  -0.001726
1243.135011  -0.001294
1243.135692  -0.001490
1243.136373  -0.002717
1243.137054  -0.002865
1243.137735  -0.001029
1243.138417   0.000881
1243.139098  -0.001078
1243.139779  -0.000065
1243.140460   0.000491
1243.141141  -0.002613
1243.141822  -0.001265
1243.142503  -0.000530
1243.143184  -0.002520
1243.143866  -0.001622
1243.144547   0.000054
1243.145228  -0.002593
1243.145909   0.000266
1243.146590  -0.000589
1243.147271   0.000057
1243.147952   0.000475
1243.148634  -0.000673
1243.149315  -0.000913
1243.149996  -0.001523
1243.150677  -0.000227
1243.151358  -0.000517
1243.152039   0.001358
1243.152720  -0.001258
1243.153401   0.000094
1243.154082  -0.000461
1243.154764  -0.001699
1243.155445   0.000223
1243.156126   0.000408
1243.156807  -0.000245
1243.157488  -0.001790
1243.158169   0.000194
1243.158850  -0.001097
1243.159532   0.001969
1243.160213   0.000097
1243.160894   0.000201
1243.161575   0.001024
1243.162256  -0.000449
1243.162937  -0.000036
1243.163618  -0.000631
1243.164299   0.000093
1243.164981  -0.001659
1243.165662  -0.002473
1243.166343   0.000014
1243.167024  -0.001548
1243.167705  -0.001413
1243.168386  -0.001570
1243.169067  -0.001271
1243.169749  -0.000117
1243.170430  -0.002304
1243.171111  -0.000032
1243.171792  -0.001068
1243.172473  -0.000571
1243.173154  -0.000880
1243.173835  -0.000657
1243.174516  -0.000676
1243.175198   0.000726
1243.175879  -0.001533
1243.176560  -0.000962
1243.177241  -0.002016
1243.177922  -0.000504
1243.178603  -0.000863
1243.179284  -0.000906
1243.179966  -0.000574
1243.180647   0.000348
1243.181328  -0.000228
1243.182009   0.001506
1243.182690  -0.000129
1243.183371   0.001612
1243.184052  -0.000010
1243.184733   0.004646
1243.185414   0.001261
1243.186096   0.000722
1243.186777   0.004420
1243.187458   0.004823
1243.188139   0.002923
1243.188820   0.003102
1243.189501   0.004642
1243.190182   0.004456
1243.190864   0.005584
1243.191545   0.006660
1243.192226   0.006469
1243.192907   0.005167
1243.193588   0.005575
1243.194269   0.008551
1243.194950   0.006430
1243.195632   0.007951
1243.196313   0.007526
1243.196994   0.007461
1243.197675   0.007932
1243.198356   0.008180
1243.199037   0.007840
1243.199718   0.007093
1243.200400   0.007299
1243.201081   0.008330
1243.201762   0.007584
1243.202443   0.009514
1243.203124   0.007491
1243.203805   0.009279
1243.204486   0.007144
1243.205167   0.009983
1243.205849   0.007729
1243.206530   0.008475
1243.207211   0.010892
1243.207892   0.008725
1243.208573   0.008859
1243.209254   0.007363
1243.209935   0.011708
1243.210616   0.007157
1243.211298   0.008608
1243.211979   0.008937
1243.212660   0.007836
1243.213341   0.009453
1243.214022   0.010215
1243.214703   0.009157
1243.215384   0.009605
1243.216065   0.008758
1243.216747   0.009655
1243.217428   0.009726
1243.218109   0.011028
1243.218790   0.008158
1243.219471   0.009193
1243.220152   0.009489
1243.220833   0.008631
1243.221514   0.008564
1243.222196   0.008039
1243.222877   0.009751
1243.223558   0.007213
1243.224239   0.009261
1243.224920   0.010013
1243.225601   0.011290
1243.226282   0.009884
1243.226964   0.009143
1243.227645   0.009055
1243.228326   0.010668
1243.229007   0.009071
1243.229688   0.008946
1243.230369   0.010470
1243.231050   0.010829
1243.231731   0.009389
1243.232413   0.011938
1243.233094   0.012930
1243.233775   0.008775
1243.234456   0.012534
1243.235137   0.008589
1243.235818   0.009971
1243.236499   0.010154
1243.237181   0.009530
1243.237862   0.011328
1243.238543   0.012329
1243.239224   0.010786
1243.239905   0.009321
1243.240586   0.010876
1243.241267   0.011548
1243.241948   0.010654
1243.242630   0.012408
1243.243311   0.011237
1243.243992   0.010947
1243.244673   0.010759
1243.245354   0.011111
1243.246035   0.011341
1243.246716   0.011061
1243.247397   0.010609
1243.248079   0.009523
1243.248760   0.010887
1243.249441   0.009838
1243.250122   0.010885
1243.250803   0.010491
1243.251484   0.011085
1243.252165   0.013145
1243.252846   0.012082
1243.253528   0.011889
1243.254209   0.011540
1243.254890   0.010159
1243.255571   0.010818
1243.256252   0.010978
1243.256933   0.009900
1243.257614   0.010911
1243.258296   0.010169
1243.258977   0.007297
1243.259658   0.011620
1243.260339   0.011299
1243.261020   0.011063
1243.261701   0.011520
1243.262382   0.009628
1243.263063   0.011999
1243.263745   0.012239
1243.264426   0.010343
1243.265107   0.014070
1243.265788   0.010587
1243.266469   0.009681
1243.267150   0.011149
1243.267831   0.010328
1243.268513   0.011773
1243.269194   0.011225
1243.269875   0.009445
1243.270556   0.010490
1243.271237   0.011857
1243.271918   0.009751
1243.272599   0.011097
1243.273281   0.011049
1243.273962   0.010912
1243.274643   0.010335
1243.275324   0.008848
1243.276005   0.010048
1243.276686   0.006660
1243.277367   0.009565
1243.278048   0.009226
1243.278730   0.010560
1243.279411   0.011215
1243.280092   0.009999
1243.280773   0.009967
1243.281454   0.010205
1243.282135   0.009490
1243.282816   0.011438
1243.283497   0.011240
1243.284179   0.010855
1243.284860   0.009502
1243.285541   0.010018
1243.286222   0.009421
1243.286903   0.012292
1243.287584   0.011214
1243.288265   0.007643
1243.288946   0.011357
1243.289628   0.010105
1243.290309   0.010742
1243.290990   0.011564
1243.291671   0.009513
1243.292352   0.009193
1243.293033   0.009706
1243.293714   0.010292
1243.294396   0.009486
1243.295077   0.010071
1243.295758   0.010160
1243.296439   0.007947
1243.297120   0.011096
1243.297801   0.009865
1243.298482   0.008435
1243.299163   0.009907
1243.299845   0.010857
1243.300526   0.010519
1243.301207   0.009545
1243.301888   0.011577
1243.302569   0.008174
1243.303250   0.009785
1243.303931   0.009208
1243.304613   0.009387
1243.305294   0.009428
1243.305975   0.008179
1243.306656   0.010784
1243.307337   0.012344
1243.308018   0.010399
1243.308699   0.008226
1243.309380   0.009609
1243.310062   0.011420
1243.310743   0.008002
1243.311424   0.006933
1243.312105   0.010738
1243.312786   0.008737
1243.313467   0.008097
1243.314148   0.010025
1243.314829   0.007991
1243.315511   0.007983
1243.316192   0.007492
1243.316873   0.008131
1243.317554   0.008936
1243.318235   0.008786
1243.318916   0.006933
1243.319597   0.007535
1243.320278   0.007649
1243.320960   0.008306
1243.321641   0.008384
1243.322322   0.008251
1243.323003   0.007663
1243.323684   0.006710
1243.324365   0.005796
1243.325046   0.005570
1243.325728   0.007316
1243.326409   0.006642
1243.327090   0.005846
1243.327771   0.006148
1243.328452   0.004007
1243.329133   0.005609
1243.329814   0.005354
1243.330495   0.006443
1243.331177   0.005664
1243.331858   0.004244
1243.332539   0.004087
1243.333220   0.003857
1243.333901   0.002034
1243.334582   0.001438
1243.335263   0.003059
1243.335944   0.001925
1243.336626   0.000638
1243.337307   0.000814
1243.337988  -0.000962
1243.338669   0.000438
1243.339350  -0.000276
1243.340031  -0.001061
1243.340712   0.001024
1243.341394  -0.003664
1243.342075  -0.001617
1243.342756  -0.001658
1243.343437  -0.000665
1243.344118  -0.000305
1243.344799  -0.001944
1243.345480  -0.001639
1243.346161   0.000804
1243.346843   0.000231
1243.347524  -0.000209
1243.348205   0.000051
1243.348886  -0.000428
1243.349567  -0.001819
1243.350248   0.000190
1243.350929  -0.001370
1243.351610  -0.002203
1243.352292   0.000443
1243.352973  -0.000232
1243.353654  -0.001845
1243.354335  -0.000858
1243.355016   0.000220
1243.355697  -0.001229
1243.356378  -0.001271
1243.357060  -0.002459
1243.357741  -0.000710
1243.358422   0.000289
1243.359103  -0.000889
1243.359784  -0.000341
1243.360465  -0.002463
1243.361146  -0.002349
1243.361828  -0.001489
1243.362509  -0.002755
1243.363190  -0.000914
1243.363871  -0.001814
1243.364552  -0.000234
1243.365233  -0.001723
1243.365914  -0.001540
1243.366595  -0.000293
1243.367277  -0.000517
1243.367958  -0.000669
1243.368639   0.000436
1243.369320  -0.000474
1243.370001  -0.000449
1243.370682  -0.000006
1243.371363  -0.001588
1243.372045  -0.000843
1243.372726  -0.000332
1243.373407  -0.004383
1243.374088   0.001514
1243.374769   0.000926
1243.375450  -0.001033
1243.376131  -0.000825
1243.376812  -0.000427
1243.377494  -0.001079
1243.378175  -0.002331
1243.378856   0.001210
1243.379537  -0.000898
1243.380218   0.000352
1243.380899  -0.000203
1243.381580   0.000086
1243.382261  -0.000080
1243.382943  -0.001745
1243.383624   0.000059
1243.384305  -0.002889
1243.384986  -0.000549
1243.385667   0.000618
1243.386348  -0.001296
1243.387029  -0.000434
1243.387710  -0.001243
1243.388392   0.001221
1243.389073  -0.000724
1243.389754  -0.002421
1243.390435  -0.002246
1243.391116  -0.000279
1243.391797  -0.000731
1243.392478  -0.002539
1243.393159  -0.000904
1243.393841   0.000323
1243.394522  -0.000802
1243.395203  -0.000172
1243.395884  -0.001871
1243.396565  -0.001780
1243.397246   0.001465
1243.397927  -0.001400
1243.398609  -0.000880
1243.399290  -0.000516
1243.399971  -0.000381
1243.400652  -0.002234
1243.401333  -0.001225
1243.402014   0.000015
1243.402695  -0.000952
1243.403376  -0.000802
1243.404058  -0.002179
1243.404739   0.000160
1243.405420  -0.001352
1243.406101  -0.000193
1243.406782  -0.000416
1243.407463   0.002157
1243.408144   0.000034
1243.408826  -0.001807
1243.409507   0.000184
1243.410188  -0.001940
1243.410869  -0.001176
1243.411550  -0.001370
1243.412231   0.000405
1243.412912  -0.001133
1243.413593   0.000685
1243.414275  -0.001398
1243.414956  -0.002271
1243.415637   0.000256
1243.416318  -0.001146
1243.416999  -0.000887
1243.417680  -0.000387
1243.418361  -0.001202
1243.419042  -0.000391
1243.419724   0.002491
1243.420405  -0.000310
1243.421086   0.001005
1243.421767   0.000263
1243.422448  -0.005907
1243.423129   0.000457
1243.423810  -0.001841
1243.424491  -0.001198
1243.425173   0.000622
1243.425854   0.000952
1243.426535   0.000497
1243.427216   0.000470
1243.427897   0.000064
1243.428578  -0.001199
1243.429259   0.001246
1243.429941  -0.001492
1243.430622  -0.001618
1243.431303  -0.001066
1243.431984  -0.000409
1243.432665  -0.000131
1243.433346  -0.000590
1243.434027   0.001253
1243.434708   0.001243
1243.435390  -0.001530
1243.436071   0.000417
1243.436752  -0.000815
1243.437433  -0.000090
1243.438114  -0.000655
1243.438795   0.000077
1243.439477  -0.000239
1243.440158  -0.001616
1243.440839  -0.000987
1243.441520  -0.000919
1243.442201   0.000637
1243.442882  -0.002369
1243.443563   0.000481
1243.444244  -0.000615
1243.444926   0.001016
1243.445607  -0.000883
1243.446288  -0.001072
1243.446969  -0.002280
1243.447650  -0.001325
1243.448331   0.000124
1243.449012  -0.001001
1243.449693  -0.001227
1243.450375   0.000328
1243.451056  -0.000508
1243.451737  -0.001320
1243.452418   0.000622
1243.453099  -0.000774
1243.453780  -0.001732
1243.454461   0.000805
1243.455142  -0.003222
1243.455824   0.000076
1243.456505  -0.000737
1243.457186  -0.000550
1243.457867  -0.000102
1243.458548  -0.000150
1243.459229   0.000782
1243.459910  -0.002573
1243.460592  -0.000331
1243.461273  -0.001540
1243.461954  -0.002064
1243.462635  -0.001876
1243.463316   0.000074
1243.463997  -0.000222
1243.464678  -0.000992
1243.465359   0.000355
1243.466041   0.000724
1243.466722  -0.001283
1243.467403  -0.002215
1243.468084  -0.003422
1243.468765  -0.002601
1243.469446   0.000093
1243.470127  -0.000744
1243.470808  -0.002671
1243.471490  -0.001736
1243.472171  -0.000312
1243.472852  -0.000953
1243.473533   0.000195
1243.474214   0.001225
1243.474895  -0.000901
1243.475576  -0.000691
1243.476258   0.000101
1243.476939   0.001403
1243.477620  -0.000943
1243.478301  -0.001285
1243.478982  -0.001189
1243.479663  -0.001871
1243.480344   0.001098
1243.481025  -0.000876
1243.481707  -0.000310
1243.482388  -0.002031
1243.483069   0.000584
1243.483750  -0.000194
1243.484431   0.000540
1243.485112  -0.000944
1243.485793   0.000577
1243.486474  -0.000456
1243.487156  -0.000196
1243.487837  -0.001977
1243.488518  -0.001063
1243.489199   0.001350
1243.489880  -0.001908
1243.490561  -0.000857
1243.491242  -0.001375
1243.491923  -0.000010
1243.492605  -0.001869
1243.493286   0.000232
1243.493967  -0.000538
1243.494648  -0.002276
1243.495329   0.000129
1243.496010  -0.000478
1243.496691  -0.000137
1243.497373  -0.000634
1243.498054   0.000307
1243.498735  -0.001208
1243.499416  -0.001071
1243.500097  -0.000208
1243.500778  -0.000645
1243.501459  -0.001760
1243.502140  -0.000871
1243.502822  -0.001062
1243.503503  -0.000712
1243.504184  -0.001823
1243.504865   0.000556
1243.505546  -0.001288
1243.506227   0.000032
1243.506908  -0.001424
1243.507590  -0.001426
1243.508271  -0.001347
1243.508952   0.000506
1243.509633  -0.003212
1243.510314  -0.002158
1243.510995   0.000697
1243.511676  -0.000141
1243.512357  -0.002182
1243.513039  -0.001970
1243.513720  -0.001199
1243.514401   0.000479
1243.515082  -0.001646
1243.515763  -0.002047
1243.516444  -0.000836
1243.517125  -0.000206
1243.517806  -0.000728
1243.518488  -0.000318
1243.519169   0.001717
1243.519850  -0.001157
1243.520531   0.000611
1243.521212  -0.003637
1243.521893   0.000553
1243.522574   0.001440
1243.523255   0.000244
1243.523937  -0.000212
1243.524618  -0.000178
1243.525299  -0.001333
1243.525980  -0.000564
1243.526661   0.000618
1243.527342   0.000390
1243.528024   0.000520
1243.528705  -0.000172
1243.529386  -0.000245
1243.530067  -0.000343
1243.530748  -0.000196
1243.531429   0.000224
1243.532110   0.000439
1243.532791   0.001474
1243.533473  -0.002540
1243.534154  -0.001216
1243.534835  -0.002868
1243.535516  -0.001484
1243.536197  -0.000298
1243.536878   0.000001
1243.537559  -0.002819
1243.538240   0.001336
1243.538922  -0.000864
1243.539603  -0.001727
1243.540284   0.001182
1243.540965  -0.000790
1243.541646   0.000228
1243.542327  -0.000186
1243.543008  -0.000053
1243.543690  -0.001832
1243.544371  -0.000877
1243.545052   0.001104
1243.545733  -0.000066
1243.546414  -0.003185
1243.547095  -0.002073
1243.547776  -0.000226
1243.548457   0.000319
1243.549139  -0.000977
1243.549820  -0.001966
1243.550501  -0.001475
1243.551182  -0.002079
1243.551863   0.000577
1243.552544  -0.000249
1243.553225  -0.000957
1243.553906  -0.000800
1243.554588  -0.001510
1243.555269   0.001036
1243.555950  -0.000605
1243.556631  -0.000865
1243.557312  -0.002244
1243.557993  -0.004201
1243.558674  -0.000480
1243.559355  -0.000575
1243.560037   0.000757
1243.560718  -0.000718
1243.561399  -0.000835
1243.562080   0.000474
1243.562761  -0.001309
1243.563442  -0.001255
1243.564123  -0.001374
1243.564805  -0.000457
1243.565486  -0.000992
1243.566167   0.000828
1243.566848   0.000337
1243.567529   0.000775
1243.568210  -0.000888
1243.568891  -0.000321
1243.569572  -0.000421
1243.570254   0.000298
1243.570935   0.000055
1243.571616  -0.000481
1243.572297  -0.001165
1243.572978  -0.000973
1243.573659   0.000295
1243.574340  -0.003116
1243.575022   0.000142
1243.575703  -0.000983
1243.576384  -0.000572
1243.577065  -0.001746
1243.577746  -0.001472
1243.578427  -0.000203
1243.579108  -0.000971
1243.579789   0.001059
1243.580471   0.000212
1243.581152  -0.001600
1243.581833   0.000854
1243.582514  -0.000761
1243.583195   0.000398
1243.583876  -0.000074
1243.584557  -0.001409
1243.585239  -0.001392
1243.585920  -0.001488
1243.586601  -0.002388
1243.587282   0.000462
1243.587963  -0.000812
1243.588644  -0.001983
1243.589325  -0.001077
1243.590006  -0.001348
1243.590687  -0.000042
1243.591369  -0.000130
1243.592050  -0.001425
1243.592731  -0.002732
1243.593412  -0.001332
1243.594093  -0.001738
1243.594774  -0.001188
1243.595455   0.001179
1243.596137  -0.000644
1243.596818   0.000090
1243.597499  -0.000410
1243.598180  -0.002831
1243.598861  -0.001274
1243.599542   0.000499
1243.600223  -0.000470
1243.600904   0.000359
1243.601586  -0.000836
1243.602267  -0.000992
1243.602948  -0.002345
1243.603629  -0.000414
1243.604310  -0.001460
1243.604991  -0.002633
1243.605672   0.000098
1243.606354  -0.001141
1243.607035  -0.002111
1243.607716  -0.001490
1243.608397   0.000200
1243.609078   0.000518
1243.609759   0.001380
1243.610440  -0.000984
1243.611122  -0.003680
1243.611803  -0.001477
1243.612484  -0.000391
1243.613165  -0.000052
1243.613846  -0.001863
1243.614527  -0.000810
1243.615208   0.001316
1243.615889  -0.000558
1243.616571  -0.002768
1243.617252  -0.000816
1243.617933  -0.000133
1243.618614  -0.000098
1243.619295   0.000326
1243.619976  -0.001295
1243.620657  -0.001620
1243.621338  -0.001060
1243.622020   0.001293
1243.622701   0.000916
1243.623382  -0.000087
1243.624063  -0.000071
1243.624744  -0.000283
1243.625425   0.000142
1243.626106  -0.000317
1243.626787   0.000925
1243.627469  -0.002335
1243.628150   0.000116
1243.628831  -0.001068
1243.629512   0.000224
1243.630193  -0.003097
1243.630874  -0.000554
1243.631555  -0.002039
1243.632237  -0.000546
1243.632918  -0.001803
1243.633599  -0.000744
1243.634280  -0.001047
1243.634961   0.000400
1243.635642  -0.002203
1243.636323  -0.001030
1243.637004  -0.001075
1243.637686   0.000550
1243.638367  -0.001037
1243.639048   0.001025
1243.639729  -0.001410
1243.640410   0.001209
1243.641091   0.000907
1243.641772  -0.001144
1243.642454  -0.000671
1243.643135   0.000136
1243.643816  -0.001270
1243.644497  -0.002181
1243.645178  -0.000073
1243.645859  -0.002353
1243.646540   0.000692
1243.647221  -0.001700
1243.647903   0.000292
1243.648584  -0.000884
1243.649265  -0.000919
1243.649946  -0.002155
1243.650627  -0.000910
1243.651308  -0.001020
1243.651989   0.000573
1243.652670   0.001666
1243.653352  -0.000505
1243.654033  -0.001655
1243.654714  -0.000395
1243.655395  -0.000363
1243.656076   0.001045
1243.656757  -0.001657
1243.657438  -0.001753
1243.658120  -0.001164
1243.658801  -0.002086
1243.659482   0.000885
1243.660163  -0.001990
1243.660844  -0.001747
1243.661525  -0.000900
1243.662206   0.000011
1243.662887   0.000609
1243.663569  -0.001222
1243.664250  -0.001993
1243.664931  -0.001273
1243.665612  -0.001458
1243.666293   0.001205
1243.666974  -0.001643
1243.667655   0.001690
1243.668336  -0.000564
1243.669018   0.000013
1243.669699   0.000928
1243.670380  -0.001123
1243.671061   0.000508
1243.671742  -0.000234
1243.672423   0.000070
1243.673104  -0.000983
1243.673786  -0.001969
1243.674467   0.000941
1243.675148  -0.000176
1243.675829  -0.000334
1243.676510   0.000167
1243.677191  -0.002195
1243.677872  -0.000298
1243.678553  -0.001056
1243.679235   0.001022
1243.679916   0.000686
1243.680597  -0.000384
1243.681278   0.000854
1243.681959  -0.001543
1243.682640  -0.001102
1243.683321   0.001570
1243.684003  -0.001312
1243.684684  -0.000057
1243.685365  -0.001388
1243.686046  -0.000473
1243.686727  -0.001696
1243.687408  -0.000255
1243.688089  -0.001384
1243.688771  -0.001573
1243.689452  -0.001896
1243.690133   0.000601
1243.690814   0.001178
1243.691495   0.000074
1243.692176   0.000020
1243.692857  -0.001337
1243.693538  -0.000788
1243.694220  -0.000358
1243.694901   0.000686
1243.695582  -0.003027
1243.696263  -0.000122
1243.696944  -0.000630
1243.697625  -0.000419
1243.698306   0.000161
1243.698987   0.001054
1243.699669   0.000300
1243.700350  -0.000014
1243.701031  -0.001877
1243.701712  -0.000405
1243.702393  -0.000059
1243.703074  -0.001170
1243.703755  -0.000598
1243.704436  -0.002932
1243.705118  -0.000480
1243.705799  -0.001593
1243.706480  -0.000517
1243.707161  -0.000717
1243.707842  -0.000050
1243.708523  -0.002203
1243.709204  -0.001694
1243.709886  -0.000499
1243.710567  -0.001186
1243.711248   0.000361
1243.711929  -0.000408
1243.712610  -0.002298
1243.713291  -0.000330
1243.713972   0.000887
1243.714653  -0.001002
1243.715335   0.001055
1243.716016   0.001046
1243.716697   0.000153
1243.717378  -0.001068
1243.718059  -0.001678
1243.718740  -0.002073
1243.719421  -0.001743
1243.720102  -0.002044
1243.720784  -0.001514
1243.721465   0.000026
1243.722146  -0.003298
1243.722827  -0.001348
1243.723508  -0.000316
1243.724189   0.000044
1243.724870  -0.000396
1243.725552  -0.000725
1243.726233  -0.001182
1243.726914   0.000932
1243.727595  -0.001376
1243.728276  -0.000461
1243.728957  -0.001232
1243.729638   0.000124
1243.730319  -0.001057
1243.731001  -0.001384
1243.731682  -0.000020
1243.732363  -0.000649
1243.733044  -0.000530
1243.733725  -0.001066
1243.734406  -0.000711
1243.735087  -0.002159
1243.735768  -0.000372
1243.736450  -0.000315
1243.737131   0.000285
1243.737812   0.000010
1243.738493   0.001017
1243.739174   0.001235
1243.739855  -0.000185
1243.740536   0.000028
1243.741217  -0.001120
1243.741899  -0.003337
1243.742580  -0.001196
1243.743261   0.000574
1243.743942  -0.000198
1243.744623  -0.000947
1243.745304  -0.001070
1243.745985  -0.000694
1243.746667  -0.001027
1243.747348  -0.002514
1243.748029  -0.003630
1243.748710   0.000652
1243.749391   0.000854
1243.750072   0.000714
1243.750753  -0.002518
1243.751434   0.000372
1243.752116  -0.000828
1243.752797  -0.002858
1243.753478  -0.001520
1243.754159  -0.001469
1243.754840  -0.001149
1243.755521  -0.001300
1243.756202   0.000856
1243.756884   0.000216
1243.757565  -0.001980
1243.758246   0.000234
1243.758927   0.001173
1243.759608   0.001272
1243.760289  -0.001500
1243.760970  -0.000615
1243.761652  -0.001393
1243.762333  -0.000354
1243.763014   0.000739
1243.763695  -0.000116
1243.764376   0.000154
1243.765057  -0.001635
1243.765738  -0.000007
1243.766419  -0.001418
1243.767101   0.000450
1243.767782   0.000749
1243.768463   0.000302
1243.769144  -0.000505
1243.769825  -0.000460
1243.770506  -0.000486
1243.771187  -0.000733
1243.771868  -0.000046
1243.772550  -0.000993
1243.773231  -0.000493
1243.773912   0.001436
1243.774593  -0.001532
1243.775274  -0.002385
1243.775955  -0.000779
1243.776636  -0.001211
1243.777318   0.000702
1243.777999  -0.002200
1243.778680  -0.000512
1243.779361  -0.001342
1243.780042  -0.000217
1243.780723  -0.000947
1243.781404  -0.000347
1243.782085  -0.000670
1243.782767  -0.001508
1243.783448  -0.001524
1243.784129  -0.001098
1243.784810  -0.001050
1243.785491  -0.000126
1243.786172  -0.000827
1243.786853  -0.000699
1243.787535  -0.001999
1243.788216   0.000571
1243.788897   0.000725
1243.789578  -0.000586
1243.790259  -0.000572
1243.790940  -0.000333
1243.791621   0.001551
1243.792302  -0.000551
1243.792984   0.000536
1243.793665   0.000197
1243.794346  -0.000790
1243.795027  -0.000598
1243.795708  -0.000452
1243.796389   0.001316
1243.797070  -0.000495
1243.797751   0.000157
1243.798433  -0.000159
1243.799114  -0.000823
1243.799795   0.000740
1243.800476   0.000433
1243.801157   0.000375
1243.801838  -0.001574
1243.802519  -0.002637
1243.803201  -0.001570
1243.803882  -0.002338
1243.804563  -0.001488
1243.805244   0.000234
1243.805925  -0.000369
1243.806606  -0.000256
1243.807287  -0.000262
1243.807968  -0.001397
1243.808649   0.000954
1243.809331  -0.000911
1243.810012   0.000041
1243.810693  -0.000433
1243.811374  -0.000574
1243.812055  -0.001408
1243.812736  -0.000666
1243.813417  -0.000268
1243.814099  -0.000210
1243.814780  -0.001861
1243.815461   0.001401
1243.816142  -0.001846
1243.816823   0.000583
1243.817504  -0.000233
1243.818185   0.000849
1243.818866  -0.001068
1243.819548  -0.000747
1243.820229   0.003228
1243.820910   0.001144
1243.821591  -0.001332
1243.822272  -0.001697
1243.822953  -0.000168
1243.823634  -0.001386
1243.824316  -0.000709
1243.824997  -0.001430
1243.825678  -0.002473
1243.826359  -0.000456
1243.827040  -0.002492
1243.827721   0.000217
1243.828402  -0.002224
1243.829083  -0.002690
1243.829765   0.000167
1243.830446  -0.000878
1243.831127  -0.000348
1243.831808  -0.001229
1243.832489  -0.001153
1243.833170  -0.000169
1243.833851   0.001316
1243.834532  -0.000702
1243.835214  -0.000152
1243.835895  -0.003130
1243.836576  -0.000460
1243.837257  -0.000506
1243.837938  -0.000546
1243.838619  -0.001273
1243.839301  -0.001859
1243.839982  -0.000061
1243.840663  -0.002009
1243.841344  -0.000738
1243.842025  -0.001014
1243.842706  -0.000777
1243.843387  -0.001647
1243.844068  -0.001647
1243.844750  -0.000231
1243.845431  -0.001809
1243.846112   0.000281
1243.846793  -0.001249
1243.847474  -0.001311
1243.848155  -0.005804
1243.848836  -0.001697
1243.849517  -0.001349
1243.850199  -0.000935
1243.850880  -0.000314
1243.851561  -0.000316
1243.852242  -0.000273
1243.852923   0.000659
1243.853604   0.000323
1243.854285  -0.000374
1243.854966   0.000396
1243.855648  -0.000401
1243.856329  -0.000453
1243.857010  -0.001127
1243.857691  -0.001246
1243.858372  -0.000520
1243.859053  -0.001064
1243.859734  -0.000711
1243.860416  -0.000687
1243.861097   0.002172
1243.861778  -0.000585
1243.862459  -0.001444
1243.863140  -0.000691
1243.863821   0.001016
1243.864502   0.000036
1243.865183  -0.001338
1243.865865  -0.001054
1243.866546  -0.001309
1243.867227  -0.000378
1243.867908   0.000788
1243.868589  -0.001868
1243.869270   0.001261
1243.869951  -0.001131
1243.870633  -0.001136
1243.871314  -0.003028
1243.871995   0.000001
1243.872676  -0.000848
1243.873357  -0.000930
1243.874038  -0.000024
1243.874719  -0.000830
1243.875400   0.000272
1243.876082   0.000369
1243.876763  -0.000930
1243.877444   0.000454
1243.878125   0.001287
1243.878806  -0.001223
1243.879487  -0.002012
1243.880168  -0.000849
1243.880850  -0.000203
1243.881531  -0.000161
1243.882212  -0.002543
1243.882893  -0.001243
1243.883574  -0.000664
1243.884255  -0.002299
1243.884936  -0.000685
1243.885617  -0.002169
1243.886298   0.000805
1243.886980  -0.000754
1243.887661  -0.001281
1243.888342   0.000861
1243.889023  -0.000133
1243.889704  -0.002522
1243.890385  -0.001201
1243.891066  -0.001118
1243.891747   0.000595
1243.892429  -0.000288
1243.893110  -0.001226
1243.893791  -0.002280
1243.894472  -0.002930
1243.895153   0.001498
1243.895834  -0.000069
1243.896515  -0.000231
1243.897197  -0.000982
1243.897878   0.000534
1243.898559  -0.001126
1243.899240   0.000371
1243.899921  -0.001757
1243.900602   0.000571
1243.901283  -0.001007
1243.901965   0.000332
1243.902646  -0.001243
1243.903327  -0.000001
1243.904008   0.000221
1243.904689  -0.000625
1243.905370   0.000109
1243.906051  -0.001247
1243.906732   0.000138
1243.907414  -0.000962
1243.908095  -0.000731
1243.908776  -0.001443
1243.909457  -0.000839
1243.910138  -0.000722
1243.910819  -0.001161
1243.911500   0.000802
1243.912181  -0.001811
1243.912863  -0.001638
1243.913544   0.000757
1243.914225  -0.000428
1243.914906  -0.001359
1243.915587   0.000353
1243.916268  -0.001270
1243.916950  -0.001498
1243.917631  -0.001272
1243.918312  -0.001507
1243.918993  -0.001484
1243.919674  -0.000153
1243.920355  -0.000146
1243.921036  -0.000412
1243.921717  -0.001390
1243.922398   0.000326
1243.923080  -0.000527
1243.923761   0.000796
1243.924442  -0.002264
1243.925123  -0.001097
1243.925804  -0.000331
1243.926485   0.000136
1243.927166   0.000030
1243.927848  -0.001289
1243.928529  -0.000054
1243.929210  -0.000107
1243.929891   0.000226
1243.930572   0.000243
1243.931253  -0.000715
1243.931934   0.000114
1243.932615  -0.001007
1243.933297  -0.000136
1243.933978   0.000323
1243.934659  -0.001567
1243.935340  -0.001792
1243.936021  -0.002271
1243.936702   0.001144
1243.937383  -0.000232
1243.938065  -0.000942
1243.938746  -0.000637
1243.939427   0.000992
1243.940108   0.001248
1243.940789  -0.001436
1243.941470  -0.001198
1243.942151  -0.001575
1243.942832  -0.000612
1243.943514  -0.000484
1243.944195  -0.000901
1243.944876  -0.000844
1243.945557   0.000137
1243.946238  -0.000854
1243.946919  -0.000661
1243.947600  -0.000474
1243.948281  -0.000060
1243.948963  -0.001339
1243.949644  -0.000024
1243.950325  -0.000205
1243.951006   0.000478
1243.951687  -0.000364
1243.952368   0.000088
1243.953049  -0.001086
1243.953731   0.001000
1243.954412  -0.000385
1243.955093   0.000065
1243.955774  -0.002066
1243.956455  -0.001014
1243.957136  -0.002206
1243.957817  -0.001772
1243.958498   0.001354
1243.959180   0.000766
1243.959861  -0.000388
1243.960542  -0.000051
1243.961223   0.000329
1243.961904  -0.001469
1243.962585   0.000745
1243.963266  -0.000341
1243.963947   0.001226
1243.964629   0.000459
1243.965310  -0.000629
1243.965991   0.000003
1243.966672  -0.000761
1243.967353  -0.000952
1243.968034  -0.000694
1243.968715   0.000080
1243.969396  -0.001758
1243.970078  -0.000589
1243.970759   0.000055
1243.971440  -0.000675
1243.972121  -0.001781
1243.972802  -0.000647
1243.973483  -0.001147
1243.974164  -0.002152
1243.974846  -0.000107
1243.975527  -0.000456
1243.976208  -0.001505
1243.976889   0.000911
1243.977570  -0.001530
1243.978251  -0.001024
1243.978932  -0.000256
1243.979613  -0.000816
1243.980295  -0.001855
1243.980976  -0.001166
1243.981657  -0.000248
1243.982338  -0.001976
1243.983019  -0.002222
1243.983700  -0.001120
1243.984381  -0.002097
1243.985063  -0.000208
1243.985744   0.001351
1243.986425  -0.000764
1243.987106  -0.001234
1243.987787  -0.000731
1243.988468  -0.001919
1243.989149  -0.000760
1243.989830  -0.001543
1243.990512  -0.001154
1243.991193  -0.000391
1243.991874  -0.001826
1243.992555  -0.000529
1243.993236   0.000723
1243.993917  -0.000072
1243.994599  -0.000413
1243.995280  -0.000528
1243.995961  -0.001394
1243.996642  -0.001371
1243.997323   0.000644
1243.998004  -0.000389
1243.998685  -0.000758
1243.999366  -0.000503
1244.000047  -0.000601
1244.000729  -0.002959
1244.001410  -0.001204
1244.002091  -0.002043
1244.002772  -0.001719
1244.003453  -0.001121
1244.004134  -0.000723
1244.004815  -0.002560
1244.005497  -0.001441
1244.006178  -0.000492
1244.006859   0.000803
1244.007540   0.000038
1244.008221  -0.000233
1244.008902  -0.000270
1244.009583  -0.002267
1244.010264  -0.001380
1244.010946   0.000992
1244.011627  -0.000623
1244.012308  -0.000461
1244.012989   0.001461
1244.013670  -0.000233
1244.014351  -0.001088
1244.015032  -0.000766
1244.015714  -0.000915
1244.016395   0.000578
1244.017076   0.000783
1244.017757  -0.000916
1244.018438  -0.001587
1244.019119  -0.002062
1244.019800  -0.000967
1244.020481   0.000667
1244.021163  -0.001611
1244.021844  -0.000219
1244.022525  -0.001077
1244.023206  -0.002276
1244.023887   0.000195
1244.024568   0.000342
1244.025249  -0.002548
1244.025930  -0.000244
1244.026612  -0.000743
1244.027293   0.000402
1244.027974   0.000056
1244.028655  -0.001355
1244.029336   0.000056
1244.030017  -0.001640
1244.030698  -0.000089
1244.031380   0.000707
1244.032061   0.000044
1244.032742  -0.001043
1244.033423   0.001089
1244.034104  -0.001976
1244.034785  -0.000684
1244.035466  -0.002990
1244.036147  -0.000179
1244.036829   0.000071
1244.037510   0.000229
1244.038191  -0.002023
1244.038872  -0.000515
1244.039553  -0.000549
1244.040234  -0.001867
1244.040915  -0.000642
1244.041596  -0.001000
1244.042278   0.000327
1244.042959  -0.001424
1244.043640  -0.000623
1244.044321  -0.000050
1244.045002  -0.000120
1244.045683  -0.002188
1244.046364   0.001736
1244.047045  -0.000533
1244.047727  -0.000074
1244.048408  -0.000909
1244.049089  -0.000084
1244.049770  -0.001750
1244.050451   0.000465
1244.051132  -0.000953
1244.051813  -0.001547
1244.052495  -0.001523
1244.053176  -0.001179
1244.053857   0.001213
1244.054538  -0.000782
1244.055219  -0.000577
1244.055900  -0.000836
1244.056581  -0.000826
1244.057262  -0.000248
1244.057944  -0.000242
1244.058625  -0.001081
1244.059306  -0.000819
1244.059987  -0.002590
1244.060668  -0.001081
1244.061349  -0.000894
1244.062030  -0.001278
1244.062712  -0.001920
1244.063393   0.000896
1244.064074  -0.002116
1244.064755  -0.000690
1244.065436   0.000895
1244.066117  -0.001042
1244.066798  -0.001920
1244.067479  -0.000024
1244.068161   0.000256
1244.068842  -0.001064
1244.069523   0.001855
1244.070204  -0.000674
1244.070885  -0.000759
1244.071566  -0.001698
1244.072247  -0.001413
1244.072928  -0.000267
1244.073610  -0.000815
1244.074291   0.001048
1244.074972   0.000029
1244.075653  -0.001577
1244.076334   0.000960
1244.077015   0.000028
1244.077697   0.000738
1244.078378   0.000887
1244.079059  -0.002176
1244.079740  -0.000681
1244.080421  -0.001827
1244.081102  -0.000781
1244.081783   0.000049
1244.082464   0.000488
1244.083145  -0.000565
1244.083827  -0.000662
1244.084508  -0.001737
1244.085189  -0.000159
1244.085870  -0.002110
1244.086551  -0.001299
1244.087232  -0.000079
1244.087913  -0.000856
1244.088595  -0.001363
1244.089276  -0.000971
1244.089957  -0.000187
1244.090638  -0.001249
1244.091319  -0.000765
1244.092000   0.000256
1244.092681   0.000131
1244.093362   0.000387
1244.094044  -0.001435
1244.094725  -0.000514
1244.095406  -0.001657
1244.096087  -0.001991
1244.096768  -0.002008
1244.097449  -0.002073
1244.098130  -0.001940
1244.098812  -0.000849
1244.099493  -0.000433
1244.100174  -0.000304
1244.100855   0.000934
1244.101536  -0.001058
1244.102217  -0.001878
1244.102898  -0.000675
1244.103579  -0.000591
1244.104261  -0.002216
1244.104942   0.000717
1244.105623  -0.001349
1244.106304   0.000060
1244.106985   0.000483
1244.107666  -0.001183
1244.108347  -0.000617
1244.109029  -0.000344
1244.109710  -0.001851
1244.110391  -0.000310
1244.111072  -0.000303
1244.111753  -0.000657
1244.112434   0.000655
1244.113115   0.000092
1244.113796  -0.000717
1244.114478  -0.003031
1244.115159  -0.000506
1244.115840  -0.000619
1244.116521  -0.001195
1244.117202  -0.000309
1244.117883  -0.000507
1244.118564   0.000403
1244.119245  -0.000655
1244.119927  -0.000971
1244.120608  -0.001256
1244.121289  -0.000430
1244.121970  -0.000256
1244.122651   0.000654
1244.123332  -0.000640
1244.124013  -0.001287
1244.124694  -0.001149
1244.125376  -0.003452
1244.126057  -0.001391
1244.126738  -0.001848
1244.127419   0.000151
1244.128100  -0.002650
1244.128781  -0.000248
1244.129462  -0.001310
1244.130144  -0.001473
1244.130825  -0.003176
1244.131506  -0.000404
1244.132187  -0.000925
1244.132868  -0.000247
1244.133549  -0.001806
1244.134230  -0.000455
1244.134911   0.000184
1244.135593  -0.000288
1244.136274  -0.000834
1244.136955  -0.001658
1244.137636  -0.001282
1244.138317   0.000230
1244.138998   0.001030
1244.147853   0.000084
1244.148534  -0.000123
1244.149215  -0.000760
1244.149896  -0.000913
1244.150577  -0.000745
1244.151259  -0.000633
1244.151940  -0.002840
1244.152621   0.001305
1244.153302  -0.000814
1244.153983  -0.001211
1244.154664  -0.001025
1244.155346  -0.003051
1244.156027  -0.002937
1244.156708  -0.001435
1244.157389  -0.001023
1244.158070  -0.001858
1244.158751  -0.001694
1244.159432  -0.001375
1244.160113   0.000683
1244.160795  -0.000887
1244.161476   0.000072
1244.162157  -0.002069
1244.162838   0.000517
1244.163519   0.000266
1244.164200  -0.000857
1244.164881  -0.001189
1244.165562   0.000481
1244.166244   0.000010
1244.166925  -0.000330
1244.167606  -0.001587
1244.168287  -0.001982
1244.168968  -0.001640
1244.169649   0.000262
1244.170330  -0.000148
1244.171011  -0.000244
1244.171693  -0.002040
1244.172374   0.000533
1244.173055   0.000495
1244.173736  -0.000297
1244.174417   0.002008
1244.175098  -0.000401
1244.175779  -0.001339
1244.176460   0.001484
1244.177142  -0.002018
1244.177823  -0.001676
1244.178504   0.001140
1244.179185  -0.001416
1244.179866  -0.000730
1244.180547   0.001843
1244.181228  -0.002225
1244.181910  -0.000719
1244.182591  -0.002136
1244.183272   0.000569
1244.183953   0.000507
1244.184634   0.000702
1244.185315  -0.000576
1244.185996   0.000132
1244.186677  -0.001313
1244.187359  -0.002137
1244.188040  -0.000169
1244.188721   0.000871
1244.189402   0.001408
1244.190083  -0.002339
1244.190764  -0.000602
1244.191445   0.000242
1244.192127   0.000386
1244.192808  -0.000319
1244.193489  -0.001131
1244.194170  -0.000396
1244.194851   0.000371
1244.195532  -0.002414
1244.196213  -0.000238
1244.196894   0.000527
1244.197576  -0.002589
1244.198257  -0.000864
1244.198938  -0.000392
1244.199619  -0.000055
1244.200300   0.000558
1244.200981  -0.000910
1244.201662  -0.000099
1244.202344  -0.002216
1244.203025  -0.001940
1244.203706  -0.001684
1244.204387  -0.000173
1244.205068  -0.001985
1244.205749  -0.000980
1244.206430   0.001242
1244.207111   0.000627
1244.207793  -0.001851
1244.208474   0.000810
1244.209155  -0.002513
1244.209836   0.000213
1244.210517  -0.000255
1244.211198  -0.000780
1244.211879  -0.001607
1244.212560   0.000180
1244.213242  -0.002334
1244.213923  -0.000988
1244.214604  -0.001201
1244.215285  -0.000301
1244.215966   0.000540
1244.216647  -0.000109
1244.217328  -0.000159
1244.218009  -0.000853
1244.218691  -0.003657
1244.219372  -0.000904
1244.220053  -0.001195
1244.220734  -0.001358
1244.221415  -0.001194
1244.222096  -0.000752
1244.222777  -0.000758
1244.223459  -0.001179
1244.224140   0.000603
1244.224821  -0.001139
1244.225502  -0.000807
1244.226183  -0.002175
1244.226864   0.000013
1244.227545  -0.000787
1244.228226  -0.000315
1244.228908  -0.000840
1244.229589   0.000252
1244.230270  -0.001376
1244.230951  -0.000002
1244.231632   0.000469
1244.232313  -0.000105
1244.232994  -0.001244
1244.233676  -0.000431
1244.234357  -0.002326
1244.235038  -0.000987
1244.235719   0.000113
1244.236400  -0.001832
1244.237081  -0.000459
1244.237762  -0.001434
1244.238444  -0.001352
1244.239125  -0.000662
1244.239806  -0.000021
1244.240487  -0.000651
1244.241168  -0.000832
1244.241849   0.001200
1244.242530  -0.001125
1244.243211  -0.000322
1244.243893  -0.001199
1244.244574  -0.001123
1244.245255  -0.000387
1244.245936  -0.000360
1244.246617  -0.000170
1244.247298  -0.000986
1244.247979  -0.001310
1244.248661   0.000339
1244.249342  -0.000654
1244.250023   0.000310
1244.250704  -0.002245
1244.251385  -0.001917
1244.252066  -0.000391
1244.252747  -0.001143
1244.253428   0.000150
1244.254109  -0.001355
1244.254791  -0.001469
1244.255472   0.000574
1244.256153   0.001440
1244.256834  -0.002315
1244.257515  -0.001115
1244.258196  -0.001142
1244.258877  -0.000002
1244.259559  -0.000174
1244.260240  -0.001212
1244.260921   0.000737
1244.261602  -0.000087
1244.262283  -0.000209
1244.262964   0.000140
1244.263645  -0.000944
1244.264326  -0.001342
1244.265008  -0.003260
1244.265689  -0.001494
1244.266370  -0.001290
1244.267051  -0.002110
1244.267732   0.001133
1244.268413  -0.001233
1244.269094  -0.003172
1244.269776  -0.001718
1244.270457   0.000366
1244.271138   0.000594
1244.271819  -0.001810
1244.272500  -0.001163
1244.273181  -0.000968
1244.273862  -0.002011
1244.274543  -0.001552
1244.275225  -0.001539
1244.275906   0.000312
1244.276587  -0.002518
1244.277268  -0.000095
1244.277949  -0.002388
1244.278630  -0.000155
1244.279311  -0.002141
1244.279993  -0.001414
1244.280674  -0.000803
1244.281355  -0.000279
1244.282036  -0.001579
1244.282717  -0.000702
1244.283398  -0.000626
1244.284079  -0.001256
1244.284760  -0.000940
1244.285442  -0.000884
1244.286123  -0.000184
1244.286804   0.001085
1244.287485  -0.001912
1244.288166  -0.002270
1244.288847  -0.000702
1244.289528  -0.000982
1244.290209  -0.002014
1244.290891  -0.000691
1244.291572  -0.002544
1244.292253  -0.000481
1244.292934   0.000277
1244.293615   0.001950
1244.294296  -0.001135
1244.294977  -0.001010
1244.295659   0.000040
1244.296340  -0.001115
1244.297021  -0.000510
1244.297702  -0.001549
1244.298383  -0.001573
1244.299064  -0.002054
1244.299745   0.000233
1244.300426   0.000397
1244.301107  -0.000876
1244.301789  -0.000881
1244.302470  -0.002443
1244.303151  -0.000656
1244.303832   0.000263
1244.304513  -0.001112
1244.305194  -0.000449
1244.305875   0.000246
1244.306557  -0.000900
1244.307238  -0.000569
1244.307919  -0.001329
1244.308600  -0.000314
1244.309281   0.000447
1244.309962  -0.001127
1244.310643  -0.000711
1244.311324  -0.001740
1244.312006  -0.002752
1244.312687   0.001775
1244.313368  -0.000037
1244.314049  -0.001240
1244.314730  -0.000091
1244.315411   0.001111
1244.316093  -0.001173
1244.316774  -0.000542
1244.317455   0.000291
1244.318136  -0.000184
1244.318817  -0.001147
1244.319498  -0.001309
1244.320179  -0.001558
1244.320860  -0.000652
1244.321542  -0.000508
1244.322223  -0.000234
1244.322904  -0.000666
1244.323585  -0.001563
1244.324266  -0.001531
1244.324947  -0.001451
1244.325628  -0.000878
1244.326309   0.000624
1244.326991  -0.000198
1244.327672  -0.001862
1244.328353  -0.001556
1244.329034   0.001491
1244.329715  -0.000097
1244.330396  -0.001423
1244.331077   0.001055
1244.331759  -0.000982
1244.332440   0.000334
1244.333121  -0.002479
1244.333802  -0.001446
1244.334483  -0.000444
1244.335164  -0.001659
1244.335845   0.001310
1244.336526  -0.000190
1244.337208  -0.000416
1244.337889   0.000302
1244.338570  -0.000998
1244.339251  -0.000528
1244.339932  -0.001815
1244.340613  -0.000144
