1432.216908  -0.000408
1432.217590  -0.000044
1432.218271  -0.000631
1432.218952  -0.001482
1432.219633  -0.000513
1432.220314   0.001047
1432.220995  -0.001745
1432.221676   0.000239
1432.222357  -0.000027
1432.223038  -0.002051
1432.223720  -0.000047
1432.224401  -0.000067
1432.225082  -0.000590
1432.225763  -0.002503
1432.226444  -0.000802
1432.227125   0.000671
1432.227806  -0.001733
1432.228487  -0.001981
1432.229168  -0.001055
1432.229850   0.000093
1432.230531   0.001764
1432.231212  -0.002232
1432.231893  -0.002587
1432.232574   0.001743
1432.233255  -0.000608
1432.233936  -0.001720
1432.234617  -0.000296
1432.235298   0.000111
1432.235980   0.000229
1432.236661  -0.002628
1432.237342  -0.001270
1432.238023  -0.001148
1432.238704   0.000098
1432.239385  -0.000770
1432.240066  -0.001037
1432.240747  -0.001279
1432.241428  -0.002191
1432.242110  -0.000509
1432.242791   0.000500
1432.243472  -0.002310
1432.244153  -0.000498
1432.244834   0.000353
1432.245515  -0.000588
1432.246196  -0.000617
1432.246877  -0.000463
1432.247558  -0.000735
1432.248239  -0.000548
1432.248921  -0.001863
1432.249602   0.000400
1432.250283  -0.002514
1432.250964  -0.000270
1432.251645  -0.000549
1432.252326  -0.000940
1432.253007  -0.000034
1432.253688   0.001316
1432.254369  -0.001433
1432.255051  -0.000425
1432.255732   0.000510
1432.256413  -0.001315
1432.257094  -0.001385
1432.257775   0.000828
1432.258456  -0.000823
1432.259137   0.000349
1432.259818   0.000869
1432.260499  -0.000632
1432.261181   0.000691
1432.261862   0.000862
1432.262543   0.001182
1432.263224   0.000965
1432.263905  -0.000696
1432.264586  -0.002344
1432.265267  -0.002738
1432.265948  -0.002587
1432.266629  -0.001796
1432.267311  -0.000677
1432.267992   0.000479
1432.268673   0.000012
1432.269354   0.000678
1432.270035  -0.001386
1432.270716   0.000239
1432.271397  -0.001143
1432.272078  -0.000627
1432.272759   0.000175
1432.273441   0.000850
1432.274122   0.000052
1432.274803  -0.001003
1432.275484  -0.001138
1432.276165  -0.001312
1432.276846  -0.000097
1432.277527   0.000209
1432.278208  -0.001034
1432.278889  -0.001732
1432.279571   0.000972
1432.280252  -0.000781
1432.280933  -0.001062
1432.281614  -0.000645
1432.282295  -0.001456
1432.282976  -0.000297
1432.283657  -0.003424
1432.284338  -0.000241
1432.285019  -0.000600
1432.285701  -0.000759
1432.286382   0.000028
1432.287063  -0.000645
1432.287744  -0.000225
1432.288425  -0.000402
1432.289106   0.001016
1432.289787  -0.001323
1432.290468  -0.002757
1432.291150  -0.000974
1432.291831   0.000378
1432.292512  -0.000270
1432.293193  -0.000664
1432.293874  -0.002070
1432.294555  -0.003350
1432.295236   0.001858
1432.295917  -0.001071
1432.296598  -0.000389
1432.297279  -0.000171
1432.297961  -0.001528
1432.298642   0.000445
1432.299323   0.000977
1432.300004   0.002467
1432.300685   0.000817
1432.301366  -0.000328
1432.302047  -0.002057
1432.302728  -0.001070
1432.303409  -0.002050
1432.304091  -0.000692
1432.304772  -0.000983
1432.305453  -0.002322
1432.306134  -0.000098
1432.306815  -0.001331
1432.307496  -0.000254
1432.308177  -0.000347
1432.308858  -0.001624
1432.309539  -0.000697
1432.310220  -0.002686
1432.310902  -0.000958
1432.311583  -0.000433
1432.312264  -0.001590
1432.312945   0.001121
1432.313626  -0.001972
1432.314307   0.000148
1432.314988  -0.001591
1432.315669  -0.000570
1432.316350   0.000313
1432.317032  -0.001488
1432.317713  -0.000295
1432.318394  -0.000497
1432.319075  -0.002188
1432.319756  -0.001045
1432.320437  -0.000982
1432.321118  -0.003136
1432.321799  -0.000651
1432.322480  -0.000585
1432.323162  -0.002525
1432.323843  -0.000778
1432.324524  -0.003059
1432.325205  -0.001509
1432.325886  -0.001065
1432.326567  -0.002394
1432.327248  -0.000344
1432.327929  -0.000330
1432.328610  -0.001788
1432.329292  -0.000316
1432.329973  -0.000522
1432.330654   0.000794
1432.331335  -0.000060
1432.332016  -0.001164
1432.332697  -0.000722
1432.333378   0.000236
1432.334059  -0.003340
1432.334740  -0.001588
1432.335422  -0.002613
1432.336103  -0.001806
1432.336784  -0.001122
1432.337465  -0.000528
1432.338146   0.000469
1432.338827   0.000899
1432.339508  -0.000599
1432.340189  -0.000559
1432.340870  -0.002793
1432.341552  -0.002223
1432.342233  -0.000902
1432.342914  -0.001948
1432.343595  -0.001749
1432.344276  -0.001131
1432.344957   0.000616
1432.345638   0.000220
1432.346319  -0.002465
1432.347000  -0.001424
1432.347682   0.000996
1432.348363  -0.001807
1432.349044  -0.000273
1432.349725  -0.001765
1432.350406   0.001878
1432.351087  -0.003078
1432.351768   0.000048
1432.352449  -0.000617
1432.353130   0.000889
1432.353812  -0.000561
1432.354493  -0.002983
1432.355174  -0.000201
1432.355855  -0.002432
1432.356536   0.000179
1432.357217   0.000912
1432.357898   0.000453
1432.358579  -0.000422
1432.359260   0.001184
1432.359942  -0.004621
1432.360623  -0.001280
1432.361304   0.000628
1432.361985  -0.002350
1432.362666   0.001923
1432.363347   0.000168
1432.364028   0.000254
1432.364709  -0.001591
1432.365390  -0.000069
1432.366071  -0.001179
1432.366753  -0.001635
1432.367434  -0.000760
1432.368115  -0.000242
1432.368796  -0.001194
1432.369477  -0.003935
1432.370158  -0.003113
1432.370839   0.000885
1432.371520   0.001577
1432.372201  -0.002046
1432.372883  -0.001016
1432.373564  -0.000977
1432.374245  -0.001141
1432.374926   0.000170
1432.375607  -0.001256
1432.376288  -0.000599
1432.376969  -0.000254
1432.377650  -0.001001
1432.378331  -0.001979
1432.379013   0.000435
1432.379694  -0.000749
1432.380375  -0.001661
1432.381056   0.001358
1432.381737   0.001195
1432.382418  -0.001064
1432.383099  -0.000717
1432.383780  -0.002676
1432.384461   0.000682
1432.385143  -0.000127
1432.385824  -0.000122
1432.386505   0.000042
1432.387186  -0.001332
1432.387867   0.000806
1432.388548   0.001430
1432.389229   0.001095
1432.389910   0.000281
1432.390591  -0.000659
1432.391273  -0.001095
1432.391954  -0.000712
1432.392635  -0.002982
1432.393316  -0.003323
1432.393997  -0.000673
1432.394678  -0.000909
1432.395359  -0.000725
1432.396040  -0.001582
1432.396721  -0.000960
1432.397403  -0.000745
1432.398084   0.000296
1432.398765  -0.003839
1432.399446  -0.000780
1432.400127  -0.000684
1432.400808  -0.002581
1432.401489   0.000319
1432.402170  -0.001507
1432.402851  -0.000761
1432.403533  -0.001476
1432.404214  -0.000250
1432.404895   0.000265
1432.405576  -0.000741
1432.406257  -0.000902
1432.406938  -0.001328
1432.407619  -0.003023
1432.408300   0.000850
1432.408981  -0.002587
1432.409663  -0.001315
1432.410344  -0.000430
1432.411025  -0.000311
1432.411706  -0.000299
1432.412387  -0.000011
1432.413068  -0.001375
1432.413749  -0.003129
1432.414430  -0.003921
1432.415111  -0.002349
1432.415792  -0.000936
1432.416474   0.000106
1432.417155  -0.002019
1432.417836  -0.001784
1432.418517   0.000986
1432.419198   0.000733
1432.419879  -0.001342
1432.420560  -0.002136
1432.421241  -0.002654
1432.421922  -0.001401
1432.422603  -0.000379
1432.423285  -0.002222
1432.423966  -0.001348
1432.424647  -0.001843
1432.425328   0.000630
1432.426009  -0.000259
1432.426690  -0.001557
1432.427371   0.000970
1432.428052  -0.000865
1432.428733  -0.000304
1432.429415   0.000522
1432.430096  -0.001521
1432.430777  -0.000729
1432.431458   0.000087
1432.432139  -0.000837
1432.432820  -0.000942
1432.433501   0.000079
1432.434182  -0.001419
1432.434864  -0.000290
1432.435545  -0.002247
1432.436226  -0.001891
1432.436907  -0.002805
1432.437588  -0.001721
1432.438269  -0.001284
1432.438950  -0.000033
1432.439631   0.000479
1432.440312  -0.002260
1432.440993  -0.001193
1432.441675  -0.001623
1432.442356  -0.001107
1432.443037  -0.001650
1432.443718  -0.001409
1432.444399  -0.002576
1432.445080  -0.003859
1432.445761  -0.002831
1432.446442  -0.002984
1432.447124   0.000519
1432.447805  -0.000749
1432.448486  -0.000515
1432.449167   0.000161
1432.449848  -0.000647
1432.450529  -0.001424
1432.451210  -0.000111
1432.451891  -0.003199
1432.452572  -0.000613
1432.453254  -0.000840
1432.453935  -0.002013
1432.454616  -0.002148
1432.455297  -0.000977
1432.455978  -0.000315
1432.456659  -0.000067
1432.457340  -0.000080
1432.458021   0.000126
1432.458702  -0.001401
1432.459384  -0.000996
1432.460065  -0.001372
1432.460746  -0.000358
1432.461427  -0.001157
1432.462108  -0.001001
1432.462789  -0.002420
1432.463470  -0.000156
1432.464151   0.000373
1432.464832  -0.000479
1432.465514  -0.002272
1432.466195  -0.002011
1432.466876   0.000400
1432.467557  -0.001532
1432.468238  -0.001778
1432.468919   0.000372
1432.469600   0.000021
1432.470281  -0.001377
1432.470962  -0.001196
1432.471644  -0.003165
1432.472325   0.001780
1432.473006  -0.002854
1432.473687   0.000079
1432.474368  -0.000525
1432.475049  -0.001355
1432.475730  -0.001570
1432.476411  -0.001753
1432.477092  -0.001374
1432.477774   0.000215
1432.478455  -0.001634
1432.479136  -0.002207
1432.479817  -0.000310
1432.480498  -0.000064
1432.481179  -0.001901
1432.481860  -0.002397
1432.482541   0.000013
1432.483222  -0.001552
1432.483903  -0.001433
1432.484585  -0.001519
1432.485266  -0.001757
1432.485947  -0.001313
1432.486628  -0.000483
1432.487309  -0.002254
1432.487990  -0.000444
1432.488671  -0.000253
1432.489352   0.000540
1432.490033  -0.000715
1432.490715  -0.001069
1432.491396   0.001710
1432.492077  -0.001964
1432.492758  -0.002673
1432.493439  -0.000346
1432.494120  -0.001276
1432.494801  -0.000697
1432.495482  -0.000318
1432.496163  -0.002377
1432.496845  -0.002420
1432.497526   0.001773
1432.498207  -0.000457
1432.498888  -0.000550
1432.499569  -0.003906
1432.500250  -0.002180
1432.500931  -0.001075
1432.501612  -0.000865
1432.502293   0.002606
1432.502975  -0.001097
1432.503656  -0.000040
1432.504337   0.000245
1432.505018  -0.000660
1432.505699  -0.001606
1432.506380  -0.000033
1432.507061  -0.001655
1432.507742   0.000254
1432.508423   0.000294
1432.509104  -0.002040
1432.509786  -0.002379
1432.510467   0.000260
1432.511148  -0.000873
1432.511829  -0.002199
1432.512510  -0.001680
1432.513191  -0.002137
1432.513872  -0.000941
1432.514553  -0.000925
1432.515234  -0.002300
1432.515916  -0.001156
1432.516597  -0.000902
1432.517278   0.000656
1432.517959  -0.001958
1432.518640  -0.004056
1432.519321   0.002220
1432.520002   0.000534
1432.520683  -0.001308
1432.521365  -0.002018
1432.522046  -0.000244
1432.522727  -0.002000
1432.523408   0.000031
1432.524089  -0.000968
1432.524770  -0.001514
1432.525451  -0.002731
1432.526132   0.000056
1432.526813  -0.001698
1432.527494  -0.000914
1432.528176  -0.001005
1432.528857  -0.000699
1432.529538  -0.000910
1432.530219   0.001053
1432.530900   0.001467
1432.531581  -0.000332
1432.532262   0.000726
1432.532943  -0.001086
1432.533624  -0.000869
1432.534305  -0.001394
1432.534987  -0.002330
1432.535668  -0.000837
1432.536349  -0.000296
1432.537030  -0.001045
1432.537711   0.001094
1432.538392  -0.002657
1432.539073  -0.001888
1432.539754  -0.001258
1432.540435  -0.002472
1432.541117   0.000229
1432.541798  -0.002396
1432.542479  -0.001076
1432.543160  -0.000727
1432.543841   0.000492
1432.544522  -0.003389
1432.545203  -0.001340
1432.545884  -0.003003
1432.546565   0.000424
1432.547247  -0.000264
1432.547928  -0.000072
1432.548609  -0.001070
1432.549290  -0.001487
1432.549971  -0.001580
1432.550652  -0.001430
1432.551333   0.000597
1432.552014   0.000059
1432.552695  -0.001313
1432.553377   0.000678
1432.554058  -0.002029
1432.554739  -0.002714
1432.555420  -0.003423
1432.556101   0.000520
1432.556782  -0.002806
1432.557463  -0.001616
1432.558144   0.001184
1432.558825   0.001335
1432.559507  -0.001368
1432.560188  -0.000671
1432.560869  -0.000805
1432.561550  -0.001611
1432.562231   0.003234
1432.562912  -0.002293
1432.563593  -0.000807
1432.564274   0.001208
1432.564955  -0.000860
1432.565637  -0.001094
1432.566318  -0.002475
1432.566999  -0.000144
1432.567680   0.001700
1432.568361  -0.001749
1432.569042  -0.002199
1432.569723  -0.000328
1432.570404  -0.000077
1432.571085  -0.001285
1432.571767  -0.001353
1432.572448   0.000767
1432.573129  -0.002774
1432.573810  -0.002936
1432.574491   0.001167
1432.575172  -0.001658
1432.575853  -0.001195
1432.576534  -0.001095
1432.577215  -0.000442
1432.577897  -0.000805
1432.578578   0.000744
1432.579259  -0.000868
1432.579940  -0.001401
1432.580621  -0.000295
1432.581302  -0.001444
1432.581983  -0.000653
1432.582664   0.000171
1432.583345   0.000198
1432.584027  -0.001650
1432.584708  -0.000575
1432.585389  -0.001741
1432.586070   0.001917
1432.586751   0.001495
1432.587432   0.000563
1432.588113   0.000521
1432.588794  -0.001438
1432.589475   0.001487
1432.590156  -0.000083
1432.590838   0.000834
1432.591519   0.000169
1432.592200  -0.000858
1432.592881  -0.001678
1432.593562  -0.000731
1432.594243  -0.000625
1432.594924  -0.001453
1432.595605  -0.000269
1432.596286  -0.002017
1432.596968   0.000227
1432.597649  -0.001555
1432.598330  -0.000233
1432.599011  -0.000837
1432.599692  -0.000158
1432.600373  -0.001363
1432.601054  -0.000352
1432.601735  -0.000137
1432.602416  -0.000990
1432.603098  -0.001595
1432.603779  -0.002071
1432.604460   0.000770
1432.605141  -0.000610
1432.605822   0.000866
1432.606503   0.000453
1432.607184   0.001047
1432.607865   0.002093
1432.608546  -0.002088
1432.609228  -0.001112
1432.609909   0.000842
1432.610590  -0.002532
1432.611271  -0.000335
1432.611952   0.000014
1432.612633  -0.001395
1432.613314   0.000782
1432.613995  -0.000593
1432.614676  -0.000681
1432.615358   0.000599
1432.616039  -0.000190
1432.616720  -0.000247
1432.617401  -0.000010
1432.618082  -0.000121
1432.618763   0.001013
1432.619444   0.001707
1432.620125   0.000889
1432.620806  -0.001564
1432.621488  -0.000044
1432.622169  -0.000089
1432.622850  -0.002337
1432.623531   0.000916
1432.624212  -0.002774
1432.624893  -0.000508
1432.625574  -0.001900
1432.626255   0.000359
1432.626936  -0.002599
1432.627618  -0.000356
1432.628299  -0.000665
1432.628980  -0.001650
1432.629661  -0.000334
1432.630342  -0.001406
1432.631023  -0.001082
1432.631704  -0.001597
1432.632385  -0.002199
1432.633067  -0.000585
1432.633748  -0.000775
1432.634429  -0.001016
1432.635110   0.000430
1432.635791  -0.003324
1432.636472   0.000554
1432.637153   0.000391
1432.637834   0.001878
1432.638515  -0.001467
1432.639196  -0.000058
1432.639878  -0.000607
1432.640559  -0.000050
1432.641240  -0.001856
1432.641921   0.000018
1432.642602  -0.000540
1432.643283  -0.000013
1432.643964  -0.001600
1432.644645  -0.000689
1432.645326  -0.000875
1432.646008   0.000878
1432.646689  -0.003516
1432.647370  -0.000765
1432.648051  -0.003142
1432.648732   0.000125
1432.649413  -0.001346
1432.650094  -0.001169
1432.650775  -0.000046
1432.651456  -0.001859
1432.652137   0.000584
1432.652819  -0.000752
1432.653500  -0.000051
1432.654181  -0.001355
1432.654862  -0.000028
1432.655543  -0.000510
1432.656224  -0.002084
1432.656905  -0.000749
1432.657586   0.000281
1432.658267   0.000233
1432.658949   0.001406
1432.659630   0.000443
1432.660311  -0.000893
1432.660992  -0.002475
1432.661673  -0.001980
1432.662354  -0.002045
1432.663035  -0.000983
1432.663716   0.001168
1432.664397  -0.000645
1432.665079  -0.000134
1432.665760  -0.001965
1432.666441  -0.000898
1432.667122  -0.001520
1432.667803  -0.001848
1432.668484   0.002227
1432.669165  -0.001737
1432.669846   0.001086
1432.670527  -0.002382
1432.671209   0.000064
1432.671890  -0.001653
1432.672571  -0.000837
1432.673252  -0.000914
1432.673933  -0.000362
1432.674614  -0.001739
1432.675295  -0.001055
1432.675976   0.000443
1432.676657  -0.000227
1432.677339  -0.000476
1432.678020  -0.000804
1432.678701   0.000751
1432.679382   0.002317
1432.680063   0.000431
1432.680744  -0.001308
1432.681425  -0.001651
1432.682106  -0.001687
1432.682787  -0.000394
1432.683469  -0.001183
1432.684150  -0.001613
1432.684831   0.000724
1432.685512  -0.001495
1432.686193   0.000531
1432.686874  -0.000058
1432.687555  -0.002027
1432.688236  -0.001338
1432.688917   0.001056
1432.689599   0.000361
1432.690280   0.000583
1432.690961  -0.000636
1432.691642  -0.001071
1432.692323   0.001061
1432.693004  -0.000712
1432.693685   0.001760
1432.694366  -0.000368
1432.695047   0.000934
1432.695729  -0.000282
1432.696410   0.001182
1432.697091  -0.003985
1432.697772   0.000428
1432.698453   0.000068
1432.699134   0.001034
1432.699815  -0.000714
1432.700496  -0.001669
1432.701177   0.000075
1432.701859   0.001128
1432.702540  -0.000315
1432.703221   0.000085
1432.703902  -0.001380
1432.704583  -0.001647
1432.705264  -0.000073
1432.705945  -0.000167
1432.706626  -0.001023
1432.707307  -0.000227
1432.707988   0.000593
1432.708670  -0.001104
1432.709351  -0.001214
1432.710032   0.000690
1432.710713  -0.001821
1432.711394  -0.003219
1432.712075   0.000264
1432.712756  -0.001114
1432.713437  -0.002827
1432.714118   0.002458
1432.714800  -0.003316
1432.715481  -0.000203
1432.716162  -0.000721
1432.716843  -0.001158
1432.717524  -0.002391
1432.718205   0.001111
1432.718886   0.001043
1432.719567  -0.000797
1432.720248  -0.002141
1432.720930   0.000171
1432.721611   0.000568
1432.722292  -0.001503
1432.722973  -0.000202
1432.723654   0.000222
1432.724335   0.000091
1432.725016  -0.001995
1432.725697   0.000325
1432.726378  -0.000977
1432.727060   0.001270
1432.727741  -0.002967
1432.728422  -0.001437
1432.729103   0.000070
1432.729784  -0.000019
1432.730465  -0.002740
1432.731146  -0.001306
1432.731827  -0.002228
1432.732508   0.000651
1432.733190  -0.000757
1432.733871   0.000430
1432.734552  -0.000759
1432.735233  -0.000849
1432.735914  -0.000265
1432.736595  -0.001075
1432.737276  -0.001382
1432.737957  -0.001324
1432.738638  -0.000630
1432.739320  -0.003240
1432.740001  -0.000108
1432.740682  -0.000399
1432.741363   0.000491
1432.742044  -0.002575
1432.742725   0.000048
1432.743406   0.002560
1432.744087   0.001444
1432.744768   0.001211
1432.745450   0.001975
1432.746131  -0.002524
1432.746812  -0.000321
1432.747493   0.001401
1432.748174   0.000011
1432.748855  -0.000025
1432.749536  -0.000186
1432.750217   0.000293
1432.750898  -0.000021
1432.751580  -0.000695
1432.752261  -0.000882
1432.752942  -0.002393
1432.753623  -0.001761
1432.754304  -0.002608
1432.754985  -0.000627
1432.755666  -0.000382
1432.756347   0.000041
1432.757028  -0.002463
1432.757709  -0.003637
1432.758391  -0.000211
1432.759072  -0.001113
1432.759753  -0.001116
1432.760434   0.001366
1432.761115   0.000641
1432.761796  -0.002515
1432.762477   0.000257
1432.763158  -0.002282
1432.763839   0.001209
1432.764520  -0.001749
1432.765202  -0.002847
1432.765883   0.001651
1432.766564   0.001209
1432.767245   0.002005
1432.767926   0.000978
1432.768607   0.000389
1432.769288  -0.000892
1432.769969   0.000891
1432.770650  -0.001878
1432.771332  -0.001664
1432.772013   0.001434
1432.772694   0.000273
1432.773375  -0.000354
1432.774056  -0.002267
1432.774737   0.000197
1432.775418  -0.001468
1432.776099  -0.000094
1432.776780   0.000257
1432.777462  -0.000632
1432.778143  -0.001204
1432.778824  -0.001120
1432.779505  -0.001063
1432.780186  -0.001070
1432.780867   0.000075
1432.781548   0.000537
1432.782229  -0.001952
1432.782910  -0.002528
1432.783592  -0.002577
1432.784273  -0.001391
1432.784954  -0.001131
1432.785635   0.000257
1432.786316  -0.000612
1432.786997  -0.001820
1432.787678   0.000889
1432.788359  -0.000688
1432.789040  -0.000295
1432.789722  -0.000181
1432.790403  -0.002598
1432.791084  -0.000456
1432.791765  -0.002199
1432.792446  -0.000606
1432.793127  -0.000543
1432.793808   0.000146
1432.794489  -0.000472
1432.795170  -0.003788
1432.795852  -0.001209
1432.796533  -0.000253
1432.797214  -0.000550
1432.797895  -0.001369
1432.798576  -0.000312
1432.799257  -0.000020
1432.799938  -0.000475
1432.800619  -0.000979
1432.801300  -0.001301
1432.801982  -0.002262
1432.802663  -0.000687
1432.803344  -0.000206
1432.804025   0.001551
1432.804706   0.000297
1432.805387  -0.000595
1432.806068  -0.002260
1432.806749  -0.000420
1432.807430  -0.002030
1432.808112  -0.001554
1432.808793  -0.002700
1432.809474  -0.000936
1432.810155  -0.001366
1432.810836  -0.002646
1432.811517  -0.000216
1432.812198   0.000417
1432.812879  -0.000659
1432.813560  -0.001032
1432.814241  -0.000802
1432.814923   0.001330
1432.815604   0.000711
1432.816285   0.000294
1432.816966  -0.000063
1432.817647   0.001453
1432.818328   0.000936
1432.819009  -0.000906
1432.819690  -0.002343
1432.820371  -0.001053
1432.821053  -0.000589
1432.821734  -0.000332
1432.822415  -0.001109
1432.823096  -0.000510
1432.823777  -0.000977
1432.824458   0.000381
1432.825139  -0.000598
1432.825820  -0.000832
1432.826501  -0.001071
1432.827183  -0.001158
1432.827864  -0.003270
1432.828545   0.000189
1432.829226  -0.000370
1432.829907  -0.001033
1432.830588  -0.000810
1432.831269   0.001012
1432.831950  -0.001343
1432.832631  -0.003410
1432.833313   0.000274
1432.833994  -0.000862
1432.834675   0.000813
1432.835356  -0.000561
1432.836037  -0.001078
1432.836718  -0.001344
1432.837399  -0.002565
1432.838080   0.000396
1432.838761   0.000488
1432.839443  -0.000129
1432.840124  -0.000380
1432.840805   0.000040
1432.841486  -0.000124
1432.842167   0.000330
1432.842848  -0.001072
1432.843529   0.000200
1432.844210   0.000665
1432.844891  -0.001453
1432.845573  -0.000381
1432.846254   0.001291
1432.846935   0.000298
1432.847616  -0.000022
1432.848297   0.000372
1432.848978   0.000990
1432.849659  -0.001347
1432.850340  -0.001920
1432.851021  -0.002589
1432.851703  -0.000623
1432.852384  -0.001670
1432.853065   0.000247
1432.853746  -0.001970
1432.854427   0.000573
1432.855108  -0.000166
1432.855789  -0.000473
1432.856470  -0.001212
1432.857151   0.000851
1432.857833  -0.000585
1432.858514  -0.002733
1432.859195   0.001133
1432.859876  -0.000726
1432.860557   0.000234
1432.861238   0.001747
1432.861919  -0.001010
1432.862600  -0.000689
1432.863281  -0.000097
1432.863963   0.001423
1432.864644   0.001456
1432.865325   0.001902
1432.866006   0.002308
1432.866687   0.001302
1432.867368  -0.001271
1432.868049   0.000820
1432.868730  -0.000391
1432.869411   0.000147
1432.870092  -0.001565
1432.870774  -0.001072
1432.871455  -0.000847
1432.872136  -0.000201
1432.872817  -0.000466
1432.873498   0.000742
1432.874179   0.000394
1432.874860   0.001478
1432.875541  -0.001294
1432.876222  -0.001021
1432.876904   0.000729
1432.877585   0.001152
1432.878266   0.001477
1432.878947  -0.000589
1432.879628  -0.001788
1432.880309   0.000818
1432.880990   0.001572
1432.881671  -0.001517
1432.882352   0.000448
1432.883033   0.000032
1432.883715   0.001397
1432.884396   0.000019
1432.885077   0.000882
1432.885758  -0.001388
1432.886439   0.000873
1432.887120   0.000564
1432.887801  -0.004575
1432.888482   0.000074
1432.889164   0.000511
1432.889845  -0.002123
1432.890526  -0.000059
1432.891207   0.000328
1432.891888  -0.002111
1432.892569  -0.000960
1432.893250  -0.001151
1432.893931  -0.001676
1432.894612  -0.001832
1432.895294  -0.002119
1432.895975  -0.001276
1432.896656  -0.002872
1432.897337  -0.000341
1432.898018  -0.002322
1432.898699  -0.001607
1432.899380  -0.001581
1432.900061   0.000114
1432.900742  -0.000796
1432.901424  -0.000119
1432.902105  -0.001718
1432.902786  -0.000515
1432.903467  -0.001648
1432.904148  -0.001779
1432.904829  -0.000692
1432.905510  -0.001332
1432.906191   0.000035
1432.906872   0.000518
1432.907553   0.000043
1432.908235  -0.000675
1432.908916  -0.001039
1432.909597   0.001319
1432.910278  -0.001319
1432.910959  -0.000213
1432.911640  -0.000826
1432.912321  -0.001609
1432.913002  -0.003572
1432.913683   0.001810
1432.914365  -0.001481
1432.915046  -0.000996
1432.915727   0.000236
1432.916408  -0.000427
1432.917089  -0.001843
1432.917770  -0.000926
1432.918451  -0.000378
1432.919132   0.000372
1432.919813  -0.000565
1432.920495  -0.001010
1432.921176   0.000370
1432.921857   0.000872
1432.922538  -0.002108
1432.923219  -0.001970
1432.923900  -0.001688
1432.924581  -0.001493
1432.925262   0.000430
1432.925944  -0.000852
1432.926625  -0.001984
1432.927306  -0.002014
1432.927987   0.000953
1432.928668   0.000115
1432.929349  -0.000708
1432.930030   0.001290
1432.930711  -0.000821
1432.931392  -0.000546
1432.932073  -0.002739
1432.932754   0.000848
1432.933436   0.001476
1432.934117   0.000535
1432.934798   0.001337
1432.935479   0.000288
1432.936160  -0.001110
1432.936841   0.000215
1432.937522  -0.000688
1432.938203  -0.000401
1432.938884   0.000727
1432.939566  -0.000399
1432.940247  -0.001727
1432.940928  -0.003004
1432.941609  -0.001114
1432.942290   0.000911
1432.942971  -0.002117
1432.943652  -0.002418
1432.944333   0.001221
1432.945014   0.000811
1432.945696  -0.002622
1432.946377  -0.001067
1432.947058  -0.001046
1432.947739  -0.001693
1432.948420  -0.001040
1432.949101   0.000626
1432.949782   0.002919
1432.950463  -0.001234
1432.951145   0.001627
1432.951826   0.000653
1432.952507  -0.002932
1432.953188   0.000770
1432.953869  -0.000403
1432.954550  -0.000383
1432.955231   0.000615
1432.955912   0.001190
1432.956593  -0.001420
1432.957275   0.001268
1432.957956   0.000423
1432.958637  -0.000237
1432.959318  -0.001869
1432.959999  -0.001646
1432.960680   0.001071
1432.961361   0.000324
1432.962042  -0.000644
1432.962723  -0.001576
1432.963405   0.000268
1432.964086  -0.000468
1432.964767  -0.001316
1432.965448  -0.001711
1432.966129  -0.002554
1432.966810  -0.001528
1432.967491   0.000847
1432.968172  -0.001063
1432.968853   0.000199
1432.969535   0.000189
1432.970216  -0.000281
1432.970897   0.000418
1432.971578  -0.000408
1432.972259  -0.001910
1432.972940  -0.001807
1432.973621   0.001675
1432.974302  -0.001182
1432.974983   0.000531
1432.975665  -0.000810
1432.976346   0.000180
1432.977027  -0.001439
1432.977708  -0.000709
1432.978389  -0.001572
1432.979070   0.001187
1432.979751   0.001307
1432.980432   0.000043
1432.981113  -0.003389
1432.981795   0.000012
1432.982476  -0.002957
1432.983157  -0.002623
1432.983838  -0.000084
1432.984519   0.000676
1432.985200  -0.001669
1432.985881   0.000504
1432.986562   0.000609
1432.987243  -0.000844
1432.987924  -0.000565
1432.988606   0.000401
1432.989287   0.000214
1432.989968  -0.001556
1432.990649   0.000549
1432.991330  -0.001458
1432.992011  -0.001772
1432.992692  -0.001559
1432.993373  -0.001230
1432.994054  -0.000429
1432.994736  -0.000823
1432.995417   0.001704
1432.996098  -0.000441
1432.996779   0.000370
1432.997460   0.000137
1432.998141   0.000200
1432.998822   0.000162
1432.999503   0.001229
1433.000184  -0.001790
1433.000865  -0.000563
1433.001547  -0.000842
1433.002228  -0.000966
1433.002909  -0.001201
1433.003590  -0.002472
1433.004271   0.002689
1433.004952   0.000322
1433.005633   0.000779
1433.006314  -0.000945
1433.006996  -0.000898
1433.007677   0.000771
1433.008358  -0.000681
1433.009039  -0.000681
1433.009720   0.001100
1433.010401   0.000099
1433.011082  -0.000321
1433.011763  -0.000339
1433.012444   0.001177
1433.013126  -0.000080
1433.013807   0.000912
1433.014488  -0.001149
1433.015169   0.001451
1433.015850  -0.000953
1433.016531   0.000001
1433.017212   0.000725
1433.017893   0.001082
1433.018574   0.002142
1433.019255   0.000086
1433.019937  -0.002614
1433.020618  -0.000030
1433.021299  -0.000283
1433.021980   0.001111
1433.022661  -0.001431
1433.023342  -0.001045
1433.024023  -0.001721
1433.024704  -0.000807
1433.025385  -0.001896
1433.026067  -0.001231
1433.026748   0.001321
1433.027429   0.000811
1433.028110  -0.002062
1433.028791   0.000098
1433.029472   0.000987
1433.030153  -0.001066
1433.030834  -0.001961
1433.031515  -0.000162
1433.032197  -0.003144
1433.032878   0.002155
1433.033559  -0.000670
1433.034240  -0.000482
1433.034921   0.000750
1433.035602  -0.000505
1433.036283  -0.000417
1433.036964  -0.000388
1433.037645  -0.000163
1433.038326   0.001780
1433.039008  -0.000142
1433.039689   0.000231
1433.040370  -0.000470
1433.041051  -0.002258
1433.041732  -0.001279
1433.042413  -0.001513
1433.043094   0.001214
1433.043775  -0.000185
1433.044456  -0.001174
1433.045138   0.000184
1433.045819   0.001576
1433.046500  -0.000563
1433.047181   0.000011
1433.047862  -0.000178
1433.048543  -0.000699
1433.049224   0.000746
1433.049905   0.000020
1433.050586   0.000064
1433.051268  -0.001527
1433.051949  -0.001274
1433.052630  -0.000333
1433.053311   0.000930
1433.053992   0.001852
1433.054673  -0.001394
1433.055354  -0.000578
1433.056035  -0.001026
1433.056716  -0.000927
1433.057398  -0.000911
1433.058079   0.000534
1433.058760   0.000410
1433.059441  -0.000330
1433.060122  -0.000330
1433.060803   0.000303
1433.061484   0.000665
1433.062165   0.000417
1433.062846  -0.002464
1433.063528  -0.001491
1433.064209  -0.001665
1433.064890  -0.001920
1433.065571   0.000488
1433.066252  -0.001526
1433.066933   0.000741
1433.067614   0.000820
1433.068295  -0.001157
1433.068976  -0.006703
1433.069658   0.000099
1433.070339   0.000669
1433.071020   0.000344
1433.071701  -0.000032
1433.072382  -0.000120
1433.073063  -0.000308
1433.073744  -0.001853
1433.074425   0.002079
1433.075106  -0.002712
1433.075788   0.002309
1433.076469  -0.000164
1433.077150  -0.002509
1433.077831   0.001785
1433.078512   0.000003
1433.079193   0.000153
1433.079874  -0.000807
1433.080555   0.000396
1433.081236  -0.000366
1433.081918  -0.000072
1433.082599   0.001060
1433.083280   0.001928
1433.083961   0.000311
1433.084642  -0.000076
1433.085323  -0.000677
1433.086004  -0.001335
1433.086685  -0.003516
1433.087366  -0.000236
1433.088048  -0.001615
1433.088729   0.001093
1433.089410  -0.001106
1433.090091   0.000313
1433.090772  -0.000009
1433.091453   0.000761
1433.092134  -0.001095
1433.092815  -0.000328
1433.093496   0.001518
1433.094178  -0.002622
1433.094859  -0.001533
1433.095540   0.000097
1433.096221  -0.000490
1433.096902   0.000127
1433.097583  -0.000017
1433.098264   0.000753
1433.098945  -0.001305
1433.099626  -0.000285
1433.100307   0.000892
1433.100989  -0.000091
1433.101670   0.000355
1433.102351   0.000173
1433.103032   0.000575
1433.103713  -0.001377
1433.104394  -0.002680
1433.105075  -0.001418
1433.105756  -0.000184
1433.106437  -0.000240
1433.107119  -0.001401
1433.107800  -0.000948
1433.108481   0.000758
1433.109162  -0.001556
1433.109843   0.000625
1433.110524   0.000327
1433.111205  -0.001390
1433.111886  -0.000581
1433.112567  -0.003888
1433.113249  -0.001144
1433.113930  -0.001686
1433.114611   0.000350
1433.115292  -0.001625
1433.115973  -0.001057
1433.116654  -0.000263
1433.117335   0.000201
1433.118016  -0.000798
1433.118697  -0.001194
1433.119379  -0.001711
1433.120060   0.000009
1433.120741  -0.000272
1433.121422  -0.000425
1433.122103   0.000710
1433.122784  -0.001934
1433.123465  -0.001652
1433.124146   0.000711
1433.124827   0.000702
1433.125509  -0.000695
1433.126190  -0.000563
1433.126871  -0.000099
1433.127552  -0.000308
1433.128233   0.001355
1433.128914  -0.000659
1433.129595   0.001509
1433.130276  -0.000640
1433.130957  -0.001609
1433.131639  -0.001623
1433.132320   0.001032
1433.133001  -0.001611
1433.133682  -0.000093
1433.134363  -0.000768
1433.135044   0.000017
1433.135725  -0.001448
1433.136406  -0.001886
1433.137087  -0.001944
1433.137768  -0.000365
1433.138450  -0.001038
1433.139131  -0.000721
1433.139812  -0.001078
1433.140493  -0.001124
1433.141174  -0.001757
1433.141855  -0.000887
1433.142536  -0.000876
1433.143217  -0.002111
1433.143898  -0.001654
1433.144580  -0.001007
1433.145261  -0.000462
1433.145942  -0.001526
1433.146623  -0.000550
1433.147304   0.000761
1433.147985  -0.001515
1433.148666  -0.002505
1433.149347   0.000380
1433.150029   0.001108
1433.150710  -0.000317
1433.151391  -0.000689
1433.152072   0.001670
1433.152753   0.000601
1433.153434   0.000386
1433.154115  -0.000400
1433.154796  -0.001261
1433.155477  -0.001488
1433.156158  -0.000244
1433.156840   0.001687
1433.157521   0.000183
1433.158202  -0.002454
1433.158883  -0.001747
1433.159564   0.000280
1433.160245  -0.000623
1433.160926  -0.002009
1433.161607  -0.002906
1433.162288   0.000054
1433.162969   0.000739
1433.163651  -0.000261
1433.164332  -0.002235
1433.165013  -0.001898
1433.165694  -0.000983
1433.166375  -0.002549
1433.167056  -0.002309
1433.167737   0.000966
1433.168418  -0.003061
1433.169099   0.000355
1433.169781   0.001067
1433.170462   0.001234
1433.171143  -0.002856
1433.171824   0.000863
1433.172505  -0.003122
1433.173186   0.001107
1433.173867   0.001907
1433.174548   0.000976
1433.175229  -0.001091
1433.175911  -0.002316
1433.176592   0.001764
1433.177273  -0.000625
1433.177954   0.001698
1433.178635  -0.002596
1433.179316  -0.000663
1433.179997  -0.000516
1433.180678   0.001581
1433.181359  -0.001153
1433.182041   0.000363
1433.182722  -0.001748
1433.183403  -0.001794
1433.184084  -0.001926
1433.184765  -0.001940
1433.185446   0.000666
1433.186127  -0.003279
1433.186808  -0.000321
1433.187489  -0.001337
1433.188171  -0.001843
1433.188852  -0.000534
1433.189533  -0.000566
1433.190214  -0.001841
1433.190895   0.000418
1433.191576   0.001448
1433.192257  -0.000737
1433.192938  -0.001507
1433.193619  -0.000803
1433.194301  -0.002646
1433.194982   0.001250
1433.195663  -0.000839
1433.196344   0.000828
1433.197025  -0.000885
1433.197706  -0.001941
1433.198387  -0.000345
1433.199068  -0.000067
1433.199749  -0.000639
1433.200431   0.000236
1433.201112  -0.001287
1433.201793  -0.000218
1433.202474  -0.002972
1433.203155   0.001463
1433.203836   0.000275
1433.204517   0.000116
1433.205198  -0.000854
1433.205879   0.000041
1433.206560  -0.000204
1433.207242   0.000954
1433.207923  -0.000271
1433.208604  -0.003078
1433.209285  -0.001941
1433.209966   0.000702
1433.210647  -0.001183
1433.211328  -0.000773
1433.212009  -0.001901
1433.212690  -0.001107
1433.213372  -0.000255
1433.214053  -0.000314
1433.214734  -0.000805
1433.215415  -0.000746
1433.216096   0.001045
1433.216777   0.000728
1433.217458   0.001057
1433.218139  -0.001083
1433.218820  -0.001506
1433.219502   0.000566
1433.220183   0.001374
1433.220864   0.001648
1433.221545   0.001283
1433.222226   0.002105
1433.222907   0.002070
1433.223588   0.003728
1433.224269   0.003677
1433.224950   0.000845
1433.225632   0.002445
1433.226313   0.005042
1433.226994   0.002044
1433.227675   0.005856
1433.228356   0.003157
1433.229037   0.004811
1433.229718   0.005781
1433.230399   0.006899
1433.231080   0.006294
1433.231762   0.006884
1433.232443   0.006274
1433.233124   0.007784
1433.233805   0.009002
1433.234486   0.006818
1433.235167   0.009738
1433.235848   0.008153
1433.236529   0.006670
1433.237210   0.007109
1433.237892   0.006913
1433.238573   0.007297
1433.239254   0.009164
1433.239935   0.010758
1433.240616   0.008513
1433.241297   0.009216
1433.241978   0.007851
1433.242659   0.008119
1433.243340   0.010005
1433.244022   0.008748
1433.244703   0.008097
1433.245384   0.008245
1433.246065   0.006765
1433.246746   0.010273
1433.247427   0.009407
1433.248108   0.006269
1433.248789   0.007236
1433.249470   0.009816
1433.250152   0.009285
1433.250833   0.007312
1433.251514   0.006993
1433.252195   0.009137
1433.252876   0.007902
1433.253557   0.008303
1433.254238   0.005980
1433.254919   0.009055
1433.255600   0.009169
1433.256282   0.011415
1433.256963   0.008441
1433.257644   0.011593
1433.258325   0.008357
1433.259006   0.012209
1433.259687   0.008659
1433.260368   0.008649
1433.261049   0.008811
1433.261730   0.008263
1433.262411   0.007486
1433.263093   0.010756
1433.263774   0.010848
1433.264455   0.009696
1433.265136   0.009790
1433.265817   0.009881
1433.266498   0.011366
1433.267179   0.010739
1433.267860   0.010756
1433.268541   0.012216
1433.269223   0.010597
1433.269904   0.009962
1433.270585   0.009568
1433.271266   0.012168
1433.271947   0.010438
1433.272628   0.009610
1433.273309   0.008349
1433.273990   0.010569
1433.274671   0.008979
1433.275353   0.010031
1433.276034   0.009900
1433.276715   0.011411
1433.277396   0.008685
1433.278077   0.013437
1433.278758   0.011169
1433.279439   0.009869
1433.280120   0.008927
1433.280801   0.009790
1433.281482   0.010994
1433.282164   0.012058
1433.282845   0.013054
1433.283526   0.012229
1433.284207   0.009234
1433.284888   0.011009
1433.285569   0.012868
1433.286250   0.011934
1433.286931   0.010393
1433.287612   0.010123
1433.288294   0.009784
1433.288975   0.010493
1433.289656   0.009868
1433.290337   0.011284
1433.291018   0.010320
1433.291699   0.012128
1433.292380   0.011582
1433.293061   0.009072
1433.293743   0.010111
1433.294424   0.009117
1433.295105   0.009327
1433.295786   0.011208
1433.296467   0.011846
1433.297148   0.010223
1433.297829   0.011149
1433.298510   0.011618
1433.299191   0.008750
1433.299872   0.009864
1433.300554   0.010344
1433.301235   0.011291
1433.301916   0.011894
1433.302597   0.008829
1433.303278   0.010151
1433.303959   0.009935
1433.304640   0.012510
1433.305321   0.009260
1433.306002   0.012132
1433.306684   0.010880
1433.307365   0.011649
1433.308046   0.014243
1433.308727   0.011703
1433.309408   0.013130
1433.310089   0.011006
1433.310770   0.010547
1433.311451   0.011203
1433.312132   0.011852
1433.312813   0.010503
1433.313494   0.012474
1433.314176   0.007688
1433.314857   0.010244
1433.315538   0.011134
1433.316219   0.010310
1433.316900   0.010686
1433.317581   0.012207
1433.318262   0.010949
1433.318943   0.010560
1433.319625   0.011599
1433.320306   0.009270
1433.320987   0.008979
1433.321668   0.010411
1433.322349   0.010101
1433.323030   0.011406
1433.323711   0.011012
1433.324392   0.010308
1433.325073   0.007560
1433.325755   0.010586
1433.326436   0.009572
1433.327117   0.011292
1433.327798   0.011348
1433.328479   0.011471
1433.329160   0.012458
1433.329841   0.008779
1433.330522   0.012017
1433.331203   0.010464
1433.331884   0.010377
1433.332566   0.009843
1433.333247   0.009938
1433.333928   0.009886
1433.334609   0.008611
1433.335290   0.010733
1433.335971   0.008820
1433.336652   0.010578
1433.337333   0.011730
1433.338014   0.009028
1433.338696   0.010359
1433.339377   0.008027
1433.340058   0.010451
1433.340739   0.009866
1433.341420   0.011585
1433.342101   0.008255
1433.342782   0.011332
1433.343463   0.008217
1433.344144   0.010137
1433.344826   0.010996
1433.345507   0.008994
1433.346188   0.008951
1433.346869   0.008402
1433.347550   0.010282
1433.348231   0.009210
1433.348912   0.008858
1433.349593   0.009383
1433.350274   0.007382
1433.350956   0.009900
1433.351637   0.009871
1433.352318   0.007812
1433.352999   0.008698
1433.353680   0.008892
1433.354361   0.008069
1433.355042   0.006689
1433.355723   0.010209
1433.356405   0.007047
1433.357086   0.007775
1433.357767   0.006103
1433.358448   0.008754
1433.359129   0.007144
1433.359810   0.009067
1433.360491   0.006867
1433.361172   0.007928
1433.361853   0.005068
1433.362535   0.007231
1433.363215   0.007819
1433.363897   0.006793
1433.364578   0.008884
1433.365259   0.006402
1433.365940   0.009622
1433.366621   0.007047
1433.367302   0.005608
1433.367983   0.007207
1433.368665   0.006990
1433.369345   0.004325
1433.370027   0.004645
1433.370708   0.002025
1433.371389   0.003328
1433.372070   0.003158
1433.372751   0.003319
1433.373432   0.001406
1433.374113   0.003152
1433.374794   0.002761
1433.375475   0.003519
1433.376157   0.001151
1433.376838   0.001280
1433.377519   0.000529
1433.378200   0.001061
1433.378881   0.001521
1433.379562  -0.001623
1433.380243  -0.002127
1433.380924  -0.000559
1433.381605  -0.000883
1433.382287  -0.000605
1433.382968  -0.000540
1433.383649   0.000100
1433.384330   0.000445
1433.385011  -0.000663
1433.385692  -0.000677
1433.386373  -0.003345
1433.387054  -0.002237
1433.387735  -0.001551
1433.388417   0.000123
1433.389098   0.000495
1433.389779  -0.000571
1433.390460  -0.000076
1433.391141  -0.001512
1433.391822  -0.000794
1433.392503  -0.001018
1433.393184   0.001135
1433.393865   0.000730
1433.394547   0.000251
1433.395228   0.002677
1433.395909  -0.001250
1433.396590  -0.000618
1433.397271  -0.000683
1433.397952  -0.000394
1433.398633  -0.001655
1433.399314  -0.000204
1433.399995  -0.001193
1433.400677  -0.000863
1433.401358  -0.000661
1433.402039  -0.001712
1433.402720  -0.000191
1433.403401  -0.000528
1433.404082  -0.004285
1433.404763  -0.002015
1433.405444  -0.000658
1433.406125  -0.003322
1433.406807  -0.000654
1433.407488  -0.001317
1433.408169  -0.000625
1433.408850  -0.001318
1433.409531  -0.000390
1433.410212  -0.001235
1433.410893  -0.001477
1433.411574  -0.001606
1433.412255  -0.002388
1433.412937  -0.000555
1433.413618  -0.001687
1433.414299   0.000008
1433.414980  -0.001995
1433.415661   0.001250
1433.416342  -0.000030
1433.417023   0.001451
1433.417704   0.000205
1433.418385  -0.000850
1433.419067  -0.000363
1433.419748   0.000553
1433.420429  -0.001191
1433.421110   0.000686
1433.421791  -0.000564
1433.422472  -0.002968
1433.423153  -0.002993
1433.423834   0.000901
1433.424515  -0.001035
1433.425196   0.001444
1433.425878  -0.001686
1433.426559  -0.000776
1433.427240  -0.001964
1433.427921   0.001611
1433.428602   0.000613
1433.429283   0.000650
1433.429964  -0.001898
1433.430645  -0.000819
1433.431326  -0.000070
1433.432008  -0.001111
1433.432689  -0.000013
1433.433370  -0.001142
1433.434051  -0.001236
1433.434732   0.000622
1433.435413  -0.002516
1433.436094  -0.001879
1433.436775  -0.000213
1433.437456  -0.003054
1433.438138  -0.002572
1433.438819  -0.000999
1433.439500  -0.002108
1433.440181  -0.000654
1433.440862   0.001551
1433.441543  -0.002739
1433.442224  -0.000903
1433.442905  -0.000491
1433.443586  -0.002589
1433.444268  -0.000135
1433.444949  -0.000820
1433.445630  -0.002149
1433.446311   0.000839
1433.446992  -0.001755
1433.447673  -0.001120
1433.448354   0.000064
1433.449035  -0.001178
1433.449716  -0.000853
1433.450398  -0.001816
1433.451079  -0.001104
1433.451760  -0.000105
1433.452441  -0.001523
1433.453122  -0.001765
1433.453803  -0.001457
1433.454484  -0.002253
1433.455165  -0.002242
1433.455846  -0.000996
1433.456527  -0.000512
1433.457209  -0.001368
1433.457890   0.000009
1433.458571  -0.002173
1433.459252   0.000926
1433.459933  -0.001072
1433.460614  -0.001389
1433.461295  -0.001250
1433.461976   0.000004
1433.462658  -0.003786
1433.463339   0.001262
1433.464020  -0.002293
1433.464701   0.001097
1433.465382  -0.000534
1433.466063   0.000697
1433.466744   0.002553
1433.467425   0.000874
1433.468106   0.000323
1433.468788  -0.002286
1433.469469  -0.000892
1433.470150  -0.002261
1433.470831  -0.000352
1433.471512  -0.000376
1433.472193   0.001006
1433.472874  -0.001126
1433.473555  -0.001013
1433.474236  -0.001927
1433.474917   0.000101
1433.475599  -0.000472
1433.476280  -0.000675
1433.476961  -0.001554
1433.477642  -0.000568
1433.478323   0.000001
1433.479004  -0.000119
1433.479685  -0.001397
1433.480366  -0.002531
1433.481047  -0.000987
1433.481728  -0.001261
1433.482410  -0.000808
1433.483091  -0.000888
1433.483772  -0.000389
1433.484453   0.001989
1433.485134  -0.001777
1433.485815   0.000097
1433.486496  -0.000817
1433.487177  -0.001293
1433.487858  -0.001431
1433.488540   0.000462
1433.489221  -0.000483
1433.489902  -0.001213
1433.490583  -0.000633
1433.491264   0.000001
1433.491945  -0.000473
1433.492626  -0.001164
1433.493307  -0.000477
1433.493988  -0.000019
1433.494670   0.001441
1433.495351  -0.000254
1433.496032  -0.001463
1433.496713  -0.001215
1433.497394  -0.001825
1433.498075  -0.002271
1433.498756   0.000175
1433.499437  -0.001199
1433.500118  -0.000461
1433.500800  -0.001197
1433.501481  -0.001163
1433.502162  -0.000603
1433.502843  -0.002747
1433.503524  -0.000645
1433.504205  -0.000316
1433.504886   0.001175
1433.505567  -0.000223
1433.506248   0.000192
1433.506930  -0.000851
1433.507611   0.001710
1433.508292  -0.002050
1433.508973   0.000167
1433.509654  -0.000527
1433.510335   0.001355
1433.511016  -0.001356
1433.511697  -0.000467
1433.512378   0.001994
1433.513060   0.001028
1433.513741  -0.001520
1433.514422  -0.001450
1433.515103  -0.001851
1433.515784  -0.001428
1433.516465  -0.001547
1433.517146  -0.001101
1433.517827  -0.000166
1433.518508  -0.001492
1433.519190  -0.002029
1433.519871   0.001214
1433.520552   0.000076
1433.521233  -0.000025
1433.521914  -0.001237
1433.522595  -0.001793
1433.523276  -0.001412
1433.523957  -0.000631
1433.524638   0.000177
1433.525320  -0.000444
1433.526001  -0.000840
1433.526682  -0.002422
1433.527363  -0.001629
1433.528044  -0.000718
1433.528725  -0.000822
1433.529406  -0.000397
1433.530087  -0.000294
1433.530768  -0.001697
1433.531449  -0.001079
1433.532131   0.000826
1433.532812  -0.001297
1433.533493   0.001175
1433.534174  -0.000195
1433.534855   0.000707
1433.535536  -0.000178
1433.536217  -0.001228
1433.536898   0.000015
1433.537579  -0.000649
1433.538261  -0.000444
1433.538942   0.000299
1433.539623  -0.000349
1433.540304   0.000653
1433.540985  -0.001043
1433.541666  -0.001881
1433.542347  -0.000920
1433.543028  -0.000682
1433.543709  -0.000239
1433.544391  -0.002177
1433.545072  -0.001178
1433.545753  -0.001029
1433.546434  -0.002019
1433.547115  -0.002706
1433.547796   0.001897
1433.548477  -0.002089
1433.549158  -0.001142
1433.549839   0.003477
1433.550521  -0.000870
1433.551202  -0.000823
1433.551883  -0.002305
1433.552564   0.001021
1433.553245  -0.002045
1433.553926  -0.001446
1433.554607   0.000475
1433.555288  -0.001448
1433.555969   0.001022
1433.556651   0.000327
1433.557332   0.000391
1433.558013   0.000219
1433.558694   0.000448
1433.559375  -0.000966
1433.560056  -0.001102
1433.560737  -0.003565
1433.561418  -0.002011
1433.562099  -0.000944
1433.562781  -0.000218
1433.563462  -0.001370
1433.564143  -0.000315
1433.564824  -0.000959
1433.565505  -0.001619
1433.566186  -0.000955
1433.566867  -0.000435
1433.567548  -0.000972
1433.568229  -0.000480
1433.568911  -0.000233
1433.569592  -0.000449
1433.570273  -0.000280
1433.570954  -0.000323
1433.571635  -0.000258
1433.572316  -0.001498
1433.572997  -0.000668
1433.573678  -0.001114
1433.574359   0.000366
1433.575041   0.000848
1433.575722   0.000041
1433.576403  -0.001323
1433.577084  -0.002394
1433.577765   0.001141
1433.578446  -0.003137
1433.579127  -0.003960
1433.579808   0.000171
1433.580489  -0.000150
1433.581171  -0.002066
1433.581852   0.000032
1433.582533  -0.001028
1433.583214  -0.000185
1433.583895  -0.003191
1433.584576  -0.002348
1433.585257  -0.000282
1433.585938  -0.001534
1433.586619   0.001329
1433.587301  -0.000957
1433.587982  -0.001835
1433.588663  -0.001461
1433.589344  -0.001689
1433.590025  -0.000610
1433.590706  -0.000385
1433.591387  -0.001999
1433.592068   0.000062
1433.592749  -0.000923
1433.593430  -0.002010
1433.594112  -0.002657
1433.594793  -0.002133
1433.595474   0.001466
1433.596155   0.000236
1433.596836  -0.000380
1433.597517  -0.001640
1433.598198  -0.000462
1433.598879   0.001680
1433.599560  -0.001166
1433.600241  -0.000768
1433.600923  -0.001254
1433.601604  -0.000147
1433.602285   0.000218
1433.602966  -0.000657
1433.603647   0.000224
1433.604328  -0.003678
1433.605009  -0.003421
1433.605690  -0.001594
1433.606372  -0.000283
1433.607053  -0.003746
1433.607734  -0.001324
1433.608415  -0.000221
1433.609096  -0.002541
1433.609777  -0.000871
1433.610458  -0.001347
1433.611139  -0.003136
1433.611820   0.000227
1433.612502  -0.001300
1433.613183  -0.000633
1433.613864   0.000312
1433.614545  -0.000861
1433.615226  -0.002622
1433.615907  -0.003606
1433.616588   0.000120
1433.617269  -0.002147
1433.617950  -0.000461
1433.618631  -0.001058
1433.619313  -0.002064
1433.619994  -0.001354
1433.620675   0.000050
1433.621356  -0.001536
1433.622037  -0.002676
1433.622718  -0.001195
1433.623399  -0.001238
1433.624080  -0.000042
1433.624761  -0.000569
1433.625443  -0.001819
1433.626124  -0.002261
1433.626805  -0.000321
1433.627486  -0.000710
1433.628167  -0.000503
1433.628848  -0.001406
1433.629529  -0.000741
1433.630210  -0.000817
1433.630891  -0.001202
1433.631573   0.001506
1433.632254   0.003022
1433.632935  -0.002005
1433.633616  -0.001752
1433.634297  -0.000601
1433.634978   0.000285
1433.635659  -0.003529
1433.636340  -0.000083
1433.637021   0.001020
1433.637703  -0.000204
1433.638384  -0.001675
1433.639065   0.001013
1433.639746   0.001182
1433.640427   0.000319
1433.641108   0.000367
1433.641789  -0.000418
1433.642470   0.000619
1433.643151   0.000214
1433.643832  -0.000565
1433.644514  -0.000083
1433.645195  -0.000962
1433.645876  -0.000981
1433.646557   0.001209
1433.647238  -0.001024
1433.647919   0.000704
1433.648600  -0.000995
1433.649281  -0.001307
1433.649962  -0.001719
1433.650644  -0.002688
1433.651325  -0.001364
1433.652006  -0.000878
1433.652687   0.001702
1433.653368  -0.001937
1433.654049  -0.001817
1433.654730  -0.001371
1433.655411  -0.004332
1433.656092  -0.001329
1433.656774  -0.003529
1433.657455  -0.000847
1433.658136  -0.001160
1433.658817   0.000761
1433.659498   0.000121
1433.660179  -0.000713
1433.660860  -0.000268
1433.661541  -0.000283
1433.662222  -0.000235
1433.662903   0.000273
1433.663585  -0.001167
1433.664266  -0.000880
1433.664947  -0.001528
1433.665628  -0.000875
1433.666309  -0.002393
1433.666990  -0.000312
1433.667671  -0.001387
1433.668352  -0.003746
1433.669033  -0.000933
1433.669715  -0.001049
1433.670396  -0.001243
1433.671077  -0.001830
1433.671758  -0.000571
1433.672439  -0.001391
1433.673120  -0.000259
1433.673801   0.000940
1433.674482  -0.000920
1433.675163  -0.002053
1433.675845  -0.001141
1433.676526  -0.002267
1433.677207   0.000268
1433.677888   0.000128
1433.678569  -0.001906
1433.679250  -0.001281
1433.679931  -0.001419
1433.680612   0.000015
1433.681293   0.000861
1433.681975  -0.000726
1433.682656  -0.002281
1433.683337  -0.002025
1433.684018  -0.002802
1433.684699   0.000872
1433.685380  -0.001066
1433.686061  -0.000474
1433.686742  -0.000147
1433.687423  -0.000374
1433.688105  -0.002149
1433.688786   0.000256
1433.689467  -0.001397
1433.690148  -0.002392
1433.690829  -0.000620
1433.691510  -0.000533
1433.692191  -0.001281
1433.692872   0.000059
1433.693553  -0.001068
1433.694234  -0.003179
1433.694916   0.001024
1433.695597  -0.001132
1433.696278   0.001896
1433.696959  -0.001209
1433.697640  -0.001784
1433.698321  -0.000460
1433.699002  -0.001471
1433.699683   0.000332
1433.700364  -0.002731
1433.701046  -0.003161
1433.701727  -0.001377
1433.702408  -0.001433
1433.703089   0.000432
1433.703770  -0.001653
1433.704451  -0.002025
1433.705132  -0.000620
1433.705813  -0.000784
1433.706494  -0.000582
1433.707176  -0.001077
1433.707857  -0.001018
1433.708538  -0.001309
1433.709219  -0.001690
1433.709900   0.000057
1433.710581   0.001640
1433.711262   0.001607
1433.711943   0.000047
1433.712624   0.000083
1433.713306  -0.000961
1433.713987   0.000381
1433.714668   0.000762
1433.715349  -0.001863
1433.716030  -0.000326
1433.716711  -0.001226
1433.717392  -0.002821
1433.718073  -0.000881
1433.718754  -0.000413
1433.719436  -0.001328
1433.720117  -0.000690
1433.720798  -0.001301
1433.721479  -0.001442
1433.722160  -0.002264
1433.722841  -0.002557
1433.723522  -0.001197
1433.724203  -0.001850
1433.724884  -0.001431
1433.725566  -0.002639
1433.726247  -0.002199
1433.726928  -0.001230
1433.727609   0.000612
1433.728290  -0.001291
1433.728971  -0.001072
1433.729652  -0.003710
1433.730333  -0.001066
1433.731014   0.000060
1433.731696  -0.002820
1433.732377  -0.002382
1433.733058   0.002325
1433.733739  -0.001061
1433.734420  -0.002981
1433.735101  -0.001233
1433.735782  -0.000730
1433.736463  -0.001143
1433.737144  -0.000329
1433.737826  -0.000163
1433.738507   0.000209
1433.739188  -0.000706
1433.739869  -0.001503
1433.740550  -0.001710
1433.741231  -0.001340
1433.741912  -0.000760
1433.742593  -0.001391
1433.743274  -0.000857
1433.743956  -0.003913
1433.744637  -0.004028
1433.745318  -0.001201
1433.745999  -0.002159
1433.746680  -0.001731
1433.747361  -0.000832
1433.748042  -0.000993
1433.748723  -0.000353
1433.749404  -0.002032
1433.750085  -0.000190
1433.750767   0.002237
1433.751448   0.000877
1433.752129   0.001088
1433.752810  -0.001948
1433.753491   0.000014
1433.754172   0.000070
1433.754853  -0.003228
1433.755534  -0.002369
1433.756215  -0.002098
1433.756897  -0.000480
1433.757578   0.001384
1433.758259  -0.000438
1433.758940  -0.000025
1433.759621   0.000422
1433.760302   0.000400
1433.760983  -0.002918
1433.761664  -0.001772
1433.762345  -0.001991
1433.763027  -0.001657
1433.763708  -0.000798
1433.764389  -0.001634
1433.765070  -0.000840
1433.765751  -0.000831
1433.766432  -0.001177
1433.767113  -0.002124
1433.767794  -0.002235
1433.768475  -0.000572
1433.769156  -0.000403
1433.769838  -0.001788
1433.770519  -0.001019
1433.771200   0.000564
1433.771881   0.000752
1433.772562   0.001022
1433.773243   0.001687
1433.773924  -0.002317
1433.774605  -0.001363
1433.775287  -0.002322
1433.775968  -0.001768
1433.776649  -0.002391
1433.777330  -0.002024
1433.778011  -0.000930
1433.778692  -0.000713
1433.779373  -0.002749
1433.780054  -0.001905
1433.780735  -0.001375
1433.781417   0.000665
1433.782098  -0.002057
1433.782779   0.002103
1433.783460  -0.003050
1433.784141  -0.000365
1433.784822  -0.001837
1433.785503  -0.001733
1433.786184   0.000235
1433.786865  -0.002969
1433.787546  -0.001157
1433.788228  -0.000511
1433.788909  -0.000793
1433.789590  -0.004236
1433.790271  -0.000977
1433.790952   0.000766
1433.791633  -0.001878
1433.792314  -0.002067
1433.792995  -0.001345
1433.793676  -0.000013
1433.794358  -0.000679
1433.795039   0.001759
1433.795720  -0.003189
1433.796401   0.000471
1433.797082  -0.002702
1433.797763  -0.000843
1433.798444  -0.001533
1433.799125   0.000096
1433.799806   0.000633
1433.800487   0.001003
1433.801169   0.000633
1433.801850  -0.000713
1433.802531  -0.001135
1433.803212  -0.000564
1433.803893  -0.001324
1433.804574   0.000208
1433.805255   0.000873
1433.805936  -0.000786
1433.806617   0.000372
1433.807299  -0.001125
1433.807980   0.000144
1433.808661  -0.001093
1433.809342   0.001037
1433.810023   0.000443
1433.810704   0.002532
1433.811385   0.000606
1433.812066  -0.000455
1433.812747   0.001380
1433.813429   0.000407
1433.814110  -0.002638
1433.814791  -0.002248
1433.815472  -0.001716
1433.816153  -0.000057
1433.816834  -0.002808
1433.817515  -0.001036
1433.818196  -0.000511
1433.818877  -0.000516
1433.819559   0.000175
1433.820240  -0.000910
1433.820921  -0.000647
1433.821602  -0.001315
1433.822283  -0.001103
1433.822964  -0.001275
1433.823645  -0.000266
1433.824326  -0.001230
1433.825007  -0.001317
1433.825689  -0.000667
1433.826370   0.000451
1433.827051  -0.000588
1433.827732   0.000955
1433.828413   0.000438
1433.829094   0.001065
1433.829775  -0.001469
1433.830456   0.000337
1433.831137  -0.000849
1433.831819  -0.001000
1433.832500   0.001154
1433.833181   0.000870
1433.833862  -0.001298
1433.834543  -0.001368
1433.835224  -0.001327
1433.835905   0.001483
1433.836586  -0.001043
1433.837267  -0.000346
1433.837949  -0.000619
1433.838630   0.000760
1433.839311  -0.001850
1433.839992  -0.001500
1433.840673  -0.000287
1433.841354   0.000368
1433.842035  -0.000742
1433.842716  -0.000828
1433.843397  -0.001724
1433.844079  -0.002401
1433.844760  -0.000684
1433.845441  -0.000019
1433.846122  -0.000644
1433.846803  -0.001727
1433.847484   0.000207
1433.848165  -0.002406
1433.848846   0.000098
1433.849527  -0.000079
1433.850209   0.000426
1433.850889  -0.000310
1433.851571  -0.000271
1433.852252  -0.001466
1433.852933   0.000026
1433.853614  -0.001806
1433.854295  -0.002615
1433.854976  -0.001914
1433.855657   0.000610
1433.856338  -0.000974
1433.857019  -0.000658
1433.857701  -0.001498
1433.858382  -0.001419
1433.859063  -0.002155
1433.859744  -0.001488
1433.860425   0.000381
1433.861106  -0.002139
1433.861787  -0.000433
1433.862468  -0.002005
1433.863149   0.000913
1433.863831  -0.001674
1433.864512  -0.002490
1433.865193  -0.001294
1433.865874  -0.001830
1433.866555  -0.000153
1433.867236  -0.002768
1433.867917  -0.000670
1433.868598  -0.000833
1433.869279  -0.001472
1433.869961   0.000546
1433.870642   0.000336
1433.871323  -0.001322
1433.872004  -0.000520
1433.872685  -0.003059
1433.873366  -0.002918
1433.874047   0.001041
1433.874728  -0.000194
1433.875409  -0.000874
1433.876091   0.000017
1433.876772  -0.000838
1433.877453  -0.002118
1433.878134  -0.002120
1433.878815   0.000692
1433.879496   0.000356
1433.880177   0.000055
1433.880858  -0.000163
1433.881539   0.000666
1433.882221  -0.002011
1433.882902  -0.002766
1433.883583  -0.001079
1433.884264  -0.000049
1433.884945  -0.002402
1433.885626  -0.001252
1433.886307   0.001490
1433.886988   0.000375
1433.887669  -0.003113
1433.888351  -0.002108
1433.889032  -0.002196
1433.889713  -0.000595
1433.890394  -0.000114
1433.891075  -0.001686
1433.891756  -0.002550
1433.892437  -0.002352
1433.893118  -0.000831
1433.893799  -0.001482
1433.894481   0.001286
1433.895162  -0.001675
1433.895843  -0.000210
1433.896524   0.000757
1433.897205  -0.000240
1433.897886  -0.001288
1433.898567   0.001039
1433.899248  -0.001290
1433.899929  -0.002271
1433.900611  -0.000764
1433.901292  -0.001709
1433.901973  -0.001135
1433.902654  -0.000948
1433.903335   0.000213
1433.904016   0.000550
1433.904697  -0.001045
1433.905378  -0.001245
1433.906059   0.001003
1433.906740  -0.000517
1433.907422  -0.000500
1433.908103  -0.001216
1433.908784  -0.000310
1433.909465  -0.000817
1433.910146  -0.000066
1433.910827   0.001083
1433.911508   0.001282
1433.912189  -0.000049
1433.912870  -0.000442
1433.913552  -0.001297
1433.914233  -0.000252
1433.914914   0.000654
1433.915595  -0.000877
1433.916276  -0.000642
1433.916957  -0.000917
1433.917638  -0.002131
1433.918319   0.000099
1433.919000  -0.000802
1433.919682  -0.001581
1433.920363  -0.005185
1433.921044  -0.002142
1433.921725  -0.001369
1433.922406  -0.001179
1433.923087  -0.001005
1433.923768  -0.001470
1433.924449   0.000051
1433.925130  -0.001058
1433.925812  -0.001174
1433.926493   0.001033
1433.927174  -0.001172
1433.927855  -0.003347
1433.928536  -0.000930
1433.929217   0.000225
1433.929898   0.000598
1433.930579   0.000035
1433.931260  -0.001628
1433.931942  -0.000174
1433.932623  -0.001475
1433.933304  -0.001888
1433.933985  -0.002363
1433.934666  -0.003188
1433.935347  -0.001761
1433.936028  -0.000259
1433.936709  -0.001056
1433.937390   0.000531
1433.938072   0.000136
1433.938753  -0.000347
1433.939434  -0.001388
1433.940115  -0.001555
1433.940796  -0.000302
1433.941477  -0.001015
1433.942158  -0.000128
1433.942839  -0.000985
1433.943520  -0.000186
1433.944202  -0.001303
1433.944883  -0.000580
1433.945564  -0.001747
1433.946245  -0.000193
1433.946926   0.000884
1433.947607  -0.002038
1433.948288  -0.000291
1433.948969  -0.000968
1433.949650  -0.000287
1433.950332  -0.002219
1433.951013  -0.000775
1433.951694   0.000455
1433.952375  -0.003147
1433.953056   0.001154
1433.953737   0.000900
1433.954418  -0.002079
1433.955099  -0.001837
1433.955780  -0.001127
1433.956462  -0.000390
1433.957143  -0.001682
1433.957824   0.000185
1433.958505   0.000892
1433.959186  -0.001450
1433.959867   0.000473
1433.960548   0.000683
1433.961229  -0.001856
1433.961910  -0.001348
1433.962591   0.000054
1433.963273  -0.000605
1433.963954  -0.000522
1433.964635  -0.000082
1433.965316  -0.000070
1433.965997  -0.001213
1433.966678  -0.002188
1433.967359  -0.001321
1433.968040  -0.001971
1433.968721  -0.000498
1433.969402  -0.001907
1433.970084   0.000388
1433.970765  -0.000344
1433.971446  -0.001276
1433.972127  -0.002236
1433.972808  -0.000530
1433.973489  -0.001317
1433.974170  -0.001376
1433.974851  -0.001178
1433.975532  -0.000111
1433.976214  -0.002097
1433.976895  -0.000807
1433.977576   0.000683
1433.978257  -0.000727
1433.978938   0.000769
1433.979619  -0.001150
1433.980300  -0.002669
1433.980981  -0.001024
1433.981662  -0.002975
1433.982344  -0.001372
1433.983025  -0.001606
1433.983706  -0.000118
1433.984387  -0.002105
1433.985068  -0.000836
1433.985749  -0.002874
1433.986430  -0.000479
1433.987111  -0.001021
1433.987792  -0.001963
1433.988474  -0.002892
1433.989155   0.000359
1433.989836  -0.002586
1433.990517  -0.001978
1433.991198   0.000016
1433.991879  -0.000826
1433.992560   0.000759
1433.993241  -0.000300
1433.993922  -0.000587
1433.994604  -0.000281
1433.995285   0.000376
1433.995966   0.000127
1433.996647  -0.000091
1433.997328  -0.002074
1433.998009  -0.002329
1433.998690  -0.000832
1433.999371   0.000005
1434.000052  -0.001363
1434.000734  -0.002934
1434.001415  -0.001236
1434.002096  -0.001398
1434.002777   0.000922
1434.003458   0.000883
1434.004139  -0.001634
1434.004820   0.000116
1434.005501   0.001151
1434.006182  -0.001634
1434.006864  -0.000797
1434.007544  -0.001016
1434.008226  -0.002947
1434.008907   0.000728
1434.009588  -0.002962
1434.010269  -0.000458
1434.010950  -0.000573
1434.011631  -0.000583
1434.012312   0.000456
1434.012993  -0.002981
1434.013675  -0.001160
1434.014356   0.000790
1434.015037  -0.001410
1434.015718  -0.000721
1434.016399  -0.001501
1434.017080  -0.000738
1434.017761  -0.000188
1434.018442  -0.001927
1434.019123  -0.002292
1434.019805  -0.000122
1434.020486  -0.000159
1434.021167   0.000294
1434.021848  -0.001905
1434.022529  -0.000427
1434.023210  -0.003231
1434.023891  -0.001004
1434.024572   0.000062
1434.025253  -0.002608
1434.025934  -0.002426
1434.026616  -0.000371
1434.027297  -0.002083
1434.027978  -0.000151
1434.028659  -0.000202
1434.029340  -0.000629
1434.030021   0.000493
1434.030702  -0.001443
1434.031383  -0.000371
1434.032064   0.000200
1434.032746  -0.001684
1434.033427  -0.001151
1434.034108  -0.000763
1434.034789  -0.000888
1434.035470   0.001150
1434.036151  -0.000213
1434.036832  -0.002575
1434.037513   0.000295
1434.038194  -0.001595
1434.038876  -0.000285
1434.039557  -0.001656
1434.040238  -0.001142
1434.040919  -0.001500
1434.041600  -0.000046
1434.042281   0.000142
1434.042962  -0.002796
1434.043643  -0.001904
1434.044324  -0.000842
1434.045006   0.001437
1434.045687   0.001271
1434.046368  -0.001270
1434.047049  -0.001174
1434.047730   0.000476
1434.048411  -0.000391
1434.049092  -0.000316
1434.049773   0.000109
1434.050454  -0.001718
1434.051136  -0.001584
1434.051817  -0.000436
1434.052498  -0.002067
1434.053179  -0.000441
1434.053860  -0.000886
1434.054541  -0.002565
1434.055222  -0.000973
1434.055903  -0.000710
1434.056584  -0.000662
1434.057266   0.000511
1434.057947  -0.000597
1434.058628  -0.000962
1434.059309  -0.000287
1434.059990  -0.001579
1434.060671  -0.001003
1434.061352  -0.000461
1434.062033  -0.000174
1434.062714  -0.001390
1434.063396   0.000146
1434.064077   0.000769
1434.064758  -0.001771
1434.065439  -0.002690
1434.066120   0.000775
1434.066801  -0.000656
1434.067482  -0.002522
1434.068163  -0.001031
1434.068844   0.000212
1434.069525  -0.001067
1434.070207  -0.000352
1434.070888  -0.000163
1434.071569  -0.001087
1434.072250   0.001804
1434.072931  -0.000193
1434.073612  -0.000833
1434.074293  -0.002290
1434.074974  -0.002536
1434.075655  -0.002056
1434.076337  -0.001937
1434.077018  -0.000446
1434.077699   0.001127
1434.078380  -0.000841
1434.079061  -0.001997
1434.079742  -0.002147
1434.080423  -0.002778
1434.081104   0.000056
1434.081785  -0.000145
1434.082467  -0.000402
1434.083148   0.000610
1434.083829   0.000629
1434.084510  -0.000082
1434.085191  -0.000654
1434.085872  -0.000836
1434.086553  -0.000365
1434.087234  -0.002228
1434.087915   0.000158
1434.088597   0.000388
1434.089278  -0.002093
1434.089959   0.000016
1434.090640  -0.000223
1434.091321  -0.000716
1434.092002  -0.001155
1434.092683  -0.001281
1434.093364  -0.000714
1434.094045  -0.000009
1434.094727   0.000438
1434.095408   0.000565
1434.096089  -0.000375
1434.096770  -0.000041
1434.097451  -0.000212
1434.098132  -0.000667
1434.098813  -0.000424
1434.099494  -0.000864
1434.100175   0.001308
1434.100857  -0.001333
1434.101538  -0.000843
1434.102219  -0.001874
1434.102900   0.000458
1434.103581  -0.002002
1434.104262  -0.001574
1434.104943   0.000817
1434.105624  -0.001780
1434.106305  -0.002223
1434.106987  -0.001980
1434.107668  -0.000744
1434.108349  -0.001549
1434.109030  -0.002259
1434.109711  -0.001937
1434.110392   0.001114
1434.111073   0.000994
1434.111754  -0.000069
1434.112435  -0.000956
1434.113117  -0.001333
1434.113798  -0.001238
1434.114479  -0.000711
1434.115160  -0.000418
1434.115841   0.001366
1434.116522  -0.000777
1434.117203  -0.000686
1434.117884   0.000085
1434.118565  -0.003805
1434.119247  -0.001476
1434.119928  -0.001975
1434.120609   0.000275
1434.121290  -0.000951
1434.121971  -0.000273
1434.122652   0.000254
1434.123333  -0.002223
1434.124014  -0.000990
1434.124695  -0.000799
1434.125376  -0.000130
1434.126058  -0.000284
1434.126739  -0.001801
1434.127420  -0.000652
1434.128101  -0.001910
1434.128782  -0.002051
1434.129463  -0.000736
1434.130144  -0.003151
1434.130825   0.000111
1434.131506  -0.001949
1434.132187  -0.000319
1434.132869  -0.000731
1434.133550   0.000010
1434.134231  -0.001012
1434.134912  -0.001940
1434.135593  -0.001561
1434.136274  -0.000564
1434.136955   0.000680
1434.137636  -0.001293
1434.138317  -0.001463
1434.138999  -0.000175
1434.139680   0.000753
1434.140361   0.000296
1434.141042  -0.000271
1434.141723  -0.001724
1434.142404   0.000248
1434.143085  -0.001075
1434.143766  -0.000289
1434.144447  -0.000245
1434.145129  -0.000360
1434.145810   0.000077
1434.146491  -0.001123
1434.147172  -0.001250
1434.147853  -0.001020
1434.148534  -0.001247
1434.149215  -0.002018
1434.149896  -0.002151
1434.150577  -0.000443
1434.151259  -0.000871
1434.151940  -0.000074
1434.152621  -0.004181
1434.153302   0.000140
1434.153983   0.002725
1434.154664  -0.002238
1434.155345  -0.001136
1434.156026  -0.000997
1434.156707  -0.001300
1434.157389  -0.001509
1434.158070  -0.000945
1434.158751  -0.000249
1434.159432   0.000177
1434.160113  -0.000452
1434.160794   0.000654
1434.161475   0.000901
1434.162156  -0.000366
1434.162837   0.000747
1434.163519  -0.002035
1434.164200  -0.000547
1434.164881  -0.001044
1434.165562  -0.000191
1434.166243  -0.000446
1434.166924  -0.001575
1434.167605  -0.000015
1434.168286  -0.000189
1434.168967  -0.000898
1434.169648  -0.001384
1434.170330  -0.001340
1434.171011  -0.000156
1434.171692  -0.001261
1434.172373  -0.000556
1434.173054   0.000153
1434.173735  -0.001381
1434.174416   0.000397
1434.175097   0.000751
1434.175778  -0.002421
1434.176459  -0.000061
1434.177141  -0.001917
1434.177822  -0.001420
1434.178503   0.000420
1434.179184  -0.000798
1434.179865  -0.000197
1434.180546   0.000904
1434.181227  -0.001476
1434.181908  -0.003484
1434.182590   0.000013
1434.183271   0.000161
1434.183952  -0.001060
1434.184633   0.000331
1434.185314  -0.000301
1434.185995  -0.002467
1434.186676  -0.002197
1434.187357  -0.001086
1434.188038   0.000270
1434.188720  -0.001342
1434.189401  -0.001966
1434.190082  -0.001667
1434.190763  -0.000208
1434.191444  -0.000387
1434.192125   0.000557
1434.192806  -0.000236
1434.193487   0.000679
1434.194168  -0.001866
1434.194849  -0.000577
1434.195531  -0.000387
1434.196212  -0.002627
1434.196893  -0.000198
1434.197574   0.000047
1434.198255  -0.001135
1434.198936  -0.003238
1434.199617  -0.000168
1434.200298  -0.002398
1434.200979   0.001178
1434.201661  -0.001030
1434.202342   0.001444
1434.203023  -0.001466
1434.203704  -0.000950
1434.204385  -0.000579
1434.205066   0.000351
1434.205747  -0.001817
1434.206428   0.001790
1434.207109  -0.000909
1434.207791   0.000107
1434.208472   0.000375
1434.209153  -0.001210
1434.209834  -0.000969
1434.210515   0.001452
1434.211196  -0.000654
1434.211877  -0.001007
1434.212558  -0.000588
1434.213239  -0.002034
1434.213921  -0.001337
1434.214602  -0.002976
1434.215283  -0.000344
1434.215964  -0.000017
1434.216645  -0.001554
1434.217326   0.000398
1434.218007  -0.000399
1434.218688  -0.002012
1434.219369  -0.001790
1434.220051  -0.001936
1434.220732  -0.000620
1434.221413   0.000476
1434.222094  -0.000800
1434.222775  -0.000332
1434.223456  -0.002689
1434.224137   0.001101
1434.224818  -0.002357
1434.225499   0.000337
1434.226180   0.000122
1434.226862   0.000272
1434.227543  -0.001623
1434.228224  -0.000581
1434.228905   0.000778
1434.229586  -0.001402
1434.230267  -0.001380
1434.230948  -0.000768
1434.231629  -0.001345
1434.232310  -0.001095
1434.232992  -0.002726
1434.233673   0.000289
1434.234354  -0.001230
1434.235035  -0.000600
1434.235716   0.001904
1434.236397   0.000209
1434.237078   0.000307
1434.237759  -0.002764
1434.246614  -0.002168
1434.247295  -0.000472
1434.247976  -0.001365
1434.248657   0.000820
1434.249338   0.000004
1434.250019  -0.000058
1434.250700  -0.000482
1434.251381  -0.000050
1434.252063   0.000382
1434.252744  -0.003541
1434.253425  -0.001862
1434.254106  -0.000752
1434.254787   0.000355
1434.255468  -0.000619
1434.256149   0.001000
1434.256830   0.001232
1434.257511  -0.001397
1434.258193  -0.000000
1434.258874  -0.001032
1434.259555   0.000655
1434.260236  -0.001102
1434.260917  -0.000394
1434.261598  -0.000596
1434.262279  -0.001214
1434.262960  -0.000942
1434.263641  -0.000741
1434.264323  -0.001768
1434.265004   0.000801
1434.265685  -0.002015
1434.266366  -0.003609
1434.267047  -0.000906
1434.267728  -0.001010
1434.268409  -0.002227
1434.269090  -0.001836
1434.269771   0.001093
1434.270453   0.000080
1434.271134  -0.002624
1434.271815   0.000715
1434.272496   0.001047
1434.273177  -0.000651
1434.273858  -0.002150
1434.274539  -0.002237
1434.275220   0.000511
1434.275901  -0.000608
1434.276582  -0.001077
1434.277264  -0.002620
1434.277945   0.000395
1434.278626  -0.000041
1434.279307  -0.000783
1434.279988  -0.001612
1434.280669   0.001239
1434.281350   0.000403
1434.282031  -0.000033
1434.282712   0.001095
1434.283394   0.001241
1434.284075  -0.000676
1434.284756   0.000212
1434.285437   0.001327
1434.286118  -0.000807
1434.286799   0.000963
1434.287480  -0.001843
1434.288161   0.001088
1434.288842  -0.002253
1434.289524  -0.002612
1434.290205  -0.001684
1434.290886  -0.000849
1434.291567  -0.002514
1434.292248  -0.002260
1434.292929   0.001997
1434.293610  -0.000646
1434.294291  -0.001892
1434.294972  -0.000144
1434.295654  -0.000052
1434.296335   0.001476
1434.297016  -0.000891
1434.297697   0.001367
1434.298378  -0.000428
1434.299059   0.001628
1434.299740  -0.001776
1434.300421   0.002049
1434.301102   0.000650
1434.301784  -0.000216
1434.302465  -0.002526
1434.303146  -0.001049
1434.303827   0.001521
1434.304508  -0.000727
1434.305189   0.000970
1434.305870   0.000878
1434.306551   0.002423
1434.307232   0.000426
1434.307914  -0.000963
1434.308595  -0.000327
1434.309276   0.002637
1434.309957  -0.000219
1434.310638   0.000758
1434.311319   0.001231
1434.312000  -0.000090
1434.312681   0.000817
1434.313362   0.000238
1434.314044  -0.001731
1434.314725   0.000292
1434.315406  -0.001874
1434.316087   0.000399
1434.316768  -0.000957
1434.317449   0.001309
1434.318130  -0.000286
1434.318811  -0.000285
1434.319492   0.000357
1434.320174  -0.000312
1434.320855   0.000840
1434.321536  -0.001289
1434.322217   0.000696
1434.322898   0.001406
1434.323579   0.000033
1434.324260  -0.000811
1434.324941  -0.002556
1434.325622   0.001741
1434.326304   0.000921
1434.326985  -0.001759
1434.327666  -0.001407
1434.328347   0.000070
1434.329028   0.000757
1434.329709   0.000113
1434.330390   0.000956
1434.331071  -0.001376
1434.331752  -0.000829
1434.332434  -0.001939
1434.333115  -0.000825
1434.333796  -0.000073
1434.334477  -0.000577
1434.335158  -0.000696
1434.335839   0.001630
1434.336520  -0.000558
1434.337201  -0.000084
1434.337882  -0.001945
1434.338563  -0.001066
1434.339245   0.000471
1434.339926  -0.000214
1434.340607  -0.000781
1434.341288  -0.000092
1434.341969   0.000539
1434.342650  -0.002272
1434.343331   0.000078
1434.344012  -0.001344
1434.344693  -0.000499
1434.345374  -0.001620
1434.346056   0.000390
1434.346737  -0.000804
1434.347418   0.000378
1434.348099   0.001668
1434.348780   0.000110
1434.349461  -0.001802
1434.350142  -0.001429
1434.350823   0.000413
1434.351504  -0.002140
1434.352186  -0.001089
1434.352867   0.000046
1434.353548   0.001014
1434.354229  -0.000010
1434.354910  -0.002009
1434.355591   0.000789
1434.356272  -0.002510
1434.356953   0.001958
1434.357634  -0.002505
1434.358316   0.002246
1434.358997  -0.000861
1434.359678  -0.000790
1434.360359   0.000959
1434.361040   0.000434
1434.361721  -0.000418
1434.362402   0.000046
1434.363083  -0.000552
1434.363764  -0.000153
1434.364446   0.001135
1434.365127  -0.000858
1434.365808  -0.001948
1434.366489  -0.001399
1434.367170   0.000503
1434.367851   0.000551
1434.368532   0.001577
1434.369213  -0.001122
1434.369894   0.001168
1434.370575  -0.000161
1434.371257  -0.001399
1434.371938  -0.000259
1434.372619  -0.000797
1434.373300   0.000603
1434.373981   0.000451
1434.374662  -0.003297
1434.375343  -0.000766
1434.376024   0.000057
1434.376706  -0.000858
1434.377387  -0.000556
1434.378068  -0.000606
1434.378749  -0.002644
1434.379430   0.000635
1434.380111   0.000388
