1207.624811  -0.001011
1207.625493  -0.000302
1207.626174  -0.000435
1207.626855  -0.000884
1207.627536  -0.000209
1207.628217  -0.002064
1207.628898   0.000669
1207.629579  -0.001770
1207.630260   0.000731
1207.630941  -0.000469
1207.631623  -0.000898
1207.632304  -0.001485
1207.632985  -0.002127
1207.633666  -0.000833
1207.634347   0.000447
1207.635028   0.000202
1207.635709   0.001173
1207.636390  -0.001619
1207.637071  -0.000704
1207.637753  -0.001001
1207.638434  -0.001845
1207.639115  -0.002620
1207.639796  -0.001405
1207.640477  -0.001591
1207.641158  -0.002527
1207.641839  -0.000235
1207.642520   0.000075
1207.643201  -0.000082
1207.643883  -0.000306
1207.644564   0.001410
1207.645245  -0.000161
1207.645926  -0.002412
1207.646607  -0.001695
1207.647288  -0.000024
1207.647969  -0.000533
1207.648650  -0.001015
1207.649331   0.000960
1207.650013  -0.000924
1207.650694  -0.000561
1207.651375  -0.000731
1207.652056  -0.001292
1207.652737  -0.002926
1207.653418  -0.003728
1207.654099   0.002105
1207.654780   0.000287
1207.655461  -0.002350
1207.656142  -0.001619
1207.656824   0.000430
1207.657505  -0.000830
1207.658186  -0.000512
1207.658867  -0.000127
1207.659548   0.001452
1207.660229   0.000914
1207.660910  -0.000645
1207.661591   0.000237
1207.662272  -0.000111
1207.662953  -0.001248
1207.663635  -0.000068
1207.664316  -0.000311
1207.664997  -0.001874
1207.665678  -0.001431
1207.666359  -0.000696
1207.667040  -0.001724
1207.667721   0.000209
1207.668402  -0.002806
1207.669083  -0.000435
1207.669765   0.000281
1207.670446  -0.001138
1207.671127   0.001242
1207.671808  -0.001094
1207.672489  -0.000629
1207.673170  -0.000237
1207.673851   0.000059
1207.674532  -0.000612
1207.675214  -0.001537
1207.675895  -0.000557
1207.676576  -0.000306
1207.677257   0.000662
1207.677938  -0.001313
1207.678619  -0.001469
1207.679300  -0.001484
1207.679981  -0.000488
1207.680662  -0.000725
1207.681344   0.000449
1207.682025   0.000503
1207.682706  -0.001831
1207.683387  -0.001537
1207.684068   0.001598
1207.684749  -0.001815
1207.685430  -0.000198
1207.686111  -0.002331
1207.686792  -0.000749
1207.687473  -0.001873
1207.688155   0.000913
1207.688836  -0.001148
1207.689517  -0.001338
1207.690198   0.000946
1207.690879   0.000507
1207.691560  -0.000621
1207.692241   0.000663
1207.692922  -0.000212
1207.693603   0.000716
1207.694285   0.000800
1207.694966  -0.002137
1207.695647  -0.001476
1207.696328  -0.000948
1207.697009   0.001042
1207.697690  -0.000517
1207.698371  -0.001303
1207.699052   0.001004
1207.699733  -0.003288
1207.700415   0.000062
1207.701096  -0.001819
1207.701777  -0.000418
1207.702458  -0.001842
1207.703139   0.000783
1207.703820  -0.002091
1207.704501  -0.001740
1207.705182  -0.001723
1207.705863  -0.000436
1207.706545   0.001293
1207.707226  -0.001196
1207.707907  -0.003267
1207.708588   0.001318
1207.709269  -0.003724
1207.709950  -0.002975
1207.710631  -0.000481
1207.711312  -0.001714
1207.711993  -0.001824
1207.712674  -0.002248
1207.713356  -0.001363
1207.714037  -0.000479
1207.714718   0.000054
1207.715399   0.001341
1207.716080  -0.000565
1207.716761  -0.004274
1207.717442  -0.004570
1207.718123  -0.001444
1207.718804  -0.001878
1207.719486  -0.001528
1207.720167  -0.000544
1207.720848  -0.001527
1207.721529  -0.000057
1207.722210  -0.002012
1207.722891  -0.002304
1207.723572  -0.000769
1207.724253   0.000250
1207.724934  -0.002256
1207.725616  -0.001382
1207.726297   0.000177
1207.726978  -0.001130
1207.727659   0.000503
1207.728340  -0.000757
1207.729021   0.000831
1207.729702   0.000774
1207.730383   0.000131
1207.731064   0.000694
1207.731746   0.000086
1207.732427   0.000765
1207.733108  -0.004239
1207.733789  -0.002531
1207.734470  -0.000115
1207.735151  -0.000802
1207.735832  -0.001114
1207.736513  -0.001660
1207.737194  -0.002681
1207.737876  -0.000039
1207.738557  -0.001388
1207.739238  -0.001604
1207.739919   0.001338
1207.740600  -0.000259
1207.741281  -0.002159
1207.741962  -0.001500
1207.742643  -0.001034
1207.743324   0.000166
1207.744006  -0.001457
1207.744687  -0.000535
1207.745368  -0.000153
1207.746049  -0.000414
1207.746730  -0.001065
1207.747411  -0.000365
1207.748092  -0.001651
1207.748773  -0.000363
1207.749454   0.000088
1207.750136   0.000774
1207.750817   0.000018
1207.751498  -0.001213
1207.752179  -0.002822
1207.752860  -0.000734
1207.753541  -0.000676
1207.754222  -0.000249
1207.754903  -0.001084
1207.755584   0.000723
1207.756266  -0.001577
1207.756947  -0.001166
1207.757628   0.000163
1207.758309  -0.000753
1207.758990   0.002377
1207.759671  -0.001318
1207.760352  -0.003768
1207.761033   0.001051
1207.761714  -0.002051
1207.762395  -0.000250
1207.763077   0.000030
1207.763758   0.001307
1207.764439  -0.001573
1207.765120  -0.000082
1207.765801  -0.002201
1207.766482  -0.002719
1207.767163  -0.000098
1207.767844  -0.001719
1207.768525  -0.000634
1207.769207  -0.001344
1207.769888   0.000275
1207.770569  -0.001110
1207.771250  -0.001189
1207.771931  -0.000179
1207.772612  -0.000919
1207.773293   0.000795
1207.773974   0.000526
1207.774655  -0.001183
1207.775337   0.001476
1207.776018  -0.000593
1207.776699   0.000292
1207.777380  -0.000914
1207.778061  -0.000501
1207.778742   0.000526
1207.779423   0.000157
1207.780104  -0.000376
1207.780785  -0.002260
1207.781467   0.000173
1207.782148   0.001821
1207.782829  -0.000012
1207.783510   0.000370
1207.784191  -0.002251
1207.784872  -0.001044
1207.785553  -0.001461
1207.786234  -0.000961
1207.786915  -0.000873
1207.787597  -0.000186
1207.788278  -0.002494
1207.788959   0.000783
1207.789640  -0.001251
1207.790321  -0.001370
1207.791002   0.000351
1207.791683  -0.001872
1207.792364   0.000159
1207.793045  -0.000567
1207.793727  -0.001196
1207.794408   0.001152
1207.795089   0.000724
1207.795770  -0.000236
1207.796451  -0.001823
1207.797132   0.000277
1207.797813   0.000341
1207.798494  -0.001452
1207.799175  -0.002123
1207.799857   0.000327
1207.800538  -0.001194
1207.801219   0.000142
1207.801900  -0.001812
1207.802581  -0.000849
1207.803262  -0.000151
1207.803943  -0.000253
1207.804624   0.000156
1207.805305  -0.002373
1207.805986  -0.000924
1207.806668   0.000938
1207.807349   0.001269
1207.808030  -0.001134
1207.808711  -0.000648
1207.809392   0.001453
1207.810073   0.001204
1207.810754  -0.000505
1207.811435  -0.001070
1207.812116  -0.001547
1207.812797  -0.000927
1207.813479  -0.000768
1207.814160   0.000129
1207.814841  -0.001178
1207.815522  -0.000392
1207.816203  -0.001071
1207.816884  -0.001763
1207.817565  -0.001317
1207.818246  -0.000116
1207.818928  -0.000145
1207.819609   0.000299
1207.820290  -0.001518
1207.820971   0.000964
1207.821652   0.000369
1207.822333  -0.000104
1207.823014   0.000278
1207.823695   0.000518
1207.824376   0.000482
1207.825058   0.001202
1207.825739  -0.000534
1207.826420   0.000158
1207.827101  -0.001014
1207.827782   0.000849
1207.828463  -0.000103
1207.829144  -0.001409
1207.829825  -0.000620
1207.830506  -0.000385
1207.831187   0.001195
1207.831869  -0.000669
1207.832550  -0.000175
1207.833231   0.001823
1207.833912  -0.000657
1207.834593   0.000290
1207.835274  -0.000450
1207.835955   0.000778
1207.836636  -0.002016
1207.837317   0.000248
1207.837999   0.001957
1207.838680  -0.002160
1207.839361   0.001427
1207.840042  -0.000801
1207.840723  -0.001106
1207.841404  -0.000373
1207.842085  -0.002351
1207.842766  -0.000152
1207.843447  -0.000531
1207.844129  -0.000392
1207.844810  -0.000299
1207.845491  -0.000833
1207.846172   0.000258
1207.846853  -0.001386
1207.847534  -0.000395
1207.848215   0.000142
1207.848896  -0.000258
1207.849577  -0.000130
1207.850259  -0.001158
1207.850940  -0.002258
1207.851621   0.000355
1207.852302  -0.001435
1207.852983  -0.000840
1207.853664  -0.001615
1207.854345  -0.000510
1207.855026   0.001332
1207.855707  -0.000456
1207.856389  -0.001868
1207.857070  -0.001779
1207.857751  -0.000906
1207.858432  -0.000025
1207.859113   0.000502
1207.859794  -0.002184
1207.860475  -0.001650
1207.861156  -0.000191
1207.861837  -0.001214
1207.862518   0.000633
1207.863200   0.000643
1207.863881  -0.000201
1207.864562  -0.001401
1207.865243  -0.001960
1207.865924  -0.000344
1207.866605  -0.001750
1207.867286   0.000450
1207.867967  -0.001650
1207.868648  -0.000174
1207.869330  -0.000444
1207.870011  -0.002646
1207.870692   0.000427
1207.871373  -0.000175
1207.872054   0.001421
1207.872735   0.000529
1207.873416  -0.000277
1207.874097  -0.000864
1207.874778  -0.000606
1207.875460  -0.000124
1207.876141  -0.000942
1207.876822  -0.000793
1207.877503   0.000646
1207.878184  -0.000805
1207.878865   0.001429
1207.879546  -0.000346
1207.880227  -0.002303
1207.880908  -0.000675
1207.881590  -0.000168
1207.882271  -0.000508
1207.882952  -0.000055
1207.883633  -0.001081
1207.884314  -0.002614
1207.884995  -0.001299
1207.885676  -0.000854
1207.886357  -0.000563
1207.887038  -0.001409
1207.887720  -0.001489
1207.888401   0.001151
1207.889082  -0.001782
1207.889763   0.000570
1207.890444  -0.000774
1207.891125  -0.001169
1207.891806  -0.000812
1207.892487  -0.000849
1207.893168  -0.000491
1207.893850  -0.000691
1207.894531  -0.000515
1207.895212  -0.001285
1207.895893  -0.000228
1207.896574   0.000028
1207.897255  -0.000858
1207.897936  -0.000616
1207.898617  -0.000159
1207.899298  -0.000285
1207.899980  -0.000180
1207.900661   0.000138
1207.901342   0.000065
1207.902023  -0.001097
1207.902704  -0.000078
1207.903385   0.000464
1207.904066  -0.002082
1207.904747  -0.001867
1207.905429   0.000492
1207.906110  -0.001488
1207.906791   0.000692
1207.907472   0.000060
1207.908153   0.000357
1207.908834  -0.001730
1207.909515   0.000195
1207.910196   0.000154
1207.910877   0.001598
1207.911559  -0.002535
1207.912239  -0.001037
1207.912921   0.000050
1207.913602  -0.001016
1207.914283   0.000591
1207.914964  -0.001977
1207.915645   0.000485
1207.916326  -0.001077
1207.917007  -0.001224
1207.917688   0.000499
1207.918370  -0.000363
1207.919051  -0.000434
1207.919732  -0.000779
1207.920413   0.000603
1207.921094  -0.001709
1207.921775  -0.001888
1207.922456   0.000969
1207.923137   0.000257
1207.923818  -0.001347
1207.924499  -0.002207
1207.925181  -0.000838
1207.925862  -0.000778
1207.926543  -0.002544
1207.927224  -0.000644
1207.927905  -0.000149
1207.928586  -0.001950
1207.929267  -0.001364
1207.929948   0.001431
1207.930629   0.000534
1207.931311  -0.002240
1207.931992   0.000007
1207.932673   0.000437
1207.933354   0.000721
1207.934035  -0.000368
1207.934716  -0.000676
1207.935397   0.000087
1207.936078  -0.000482
1207.936759   0.000200
1207.937441  -0.000240
1207.938122  -0.001194
1207.938803  -0.000015
1207.939484   0.000397
1207.940165  -0.000118
1207.940846   0.000325
1207.941527  -0.003483
1207.942208  -0.000752
1207.942889  -0.001045
1207.943571  -0.001933
1207.944252   0.000154
1207.944933   0.000473
1207.945614  -0.001399
1207.946295  -0.001804
1207.946976  -0.000990
1207.947657  -0.002421
1207.948338  -0.003111
1207.949019  -0.001664
1207.949701   0.000056
1207.950382  -0.000373
1207.951063  -0.000023
1207.951744  -0.002156
1207.952425   0.000179
1207.953106  -0.000930
1207.953787  -0.002115
1207.954468  -0.000769
1207.955149   0.002323
1207.955831  -0.001840
1207.956512  -0.001483
1207.957193  -0.001779
1207.957874  -0.001464
1207.958555  -0.001034
1207.959236   0.000615
1207.959917   0.000168
1207.960598  -0.000166
1207.961279  -0.001362
1207.961960   0.000037
1207.962642  -0.001509
1207.963323  -0.002794
1207.964004  -0.001206
1207.964685  -0.002479
1207.965366  -0.001886
1207.966047  -0.000485
1207.966728  -0.000269
1207.967409   0.000876
1207.968090  -0.000476
1207.968772  -0.000501
1207.969453   0.001109
1207.970134  -0.001220
1207.970815  -0.001022
1207.971496  -0.000299
1207.972177  -0.001302
1207.972858  -0.001591
1207.973539   0.000805
1207.974220   0.001225
1207.974902   0.000966
1207.975583  -0.000543
1207.976264  -0.000186
1207.976945   0.000302
1207.977626  -0.000211
1207.978307  -0.001356
1207.978988  -0.001876
1207.979669   0.000476
1207.980350   0.000047
1207.981032  -0.001274
1207.981713  -0.001006
1207.982394  -0.001325
1207.983075  -0.000873
1207.983756  -0.000854
1207.984437  -0.001146
1207.985118  -0.000555
1207.985799   0.000574
1207.986480  -0.000139
1207.987162  -0.000785
1207.987843   0.000214
1207.988524   0.000030
1207.989205  -0.001179
1207.989886   0.000458
1207.990567  -0.000381
1207.991248  -0.000367
1207.991929   0.001090
1207.992610   0.000433
1207.993292  -0.000654
1207.993973   0.000896
1207.994654  -0.002628
1207.995335  -0.000983
1207.996016  -0.001184
1207.996697  -0.001068
1207.997378   0.000111
1207.998059  -0.001112
1207.998740  -0.001028
1207.999422  -0.000909
1208.000103  -0.001200
1208.000784  -0.001346
1208.001465  -0.002597
1208.002146  -0.000634
1208.002827  -0.000665
1208.003508  -0.001133
1208.004189   0.000145
1208.004870  -0.000374
1208.005552  -0.001020
1208.006233  -0.000236
1208.006914  -0.001144
1208.007595  -0.001310
1208.008276  -0.000206
1208.008957  -0.001315
1208.009638  -0.000271
1208.010319   0.000067
1208.011000  -0.002052
1208.011681  -0.001701
1208.012363   0.000678
1208.013044  -0.000026
1208.013725  -0.001031
1208.014406   0.000801
1208.015087  -0.000916
1208.015768   0.000873
1208.016449  -0.001157
1208.017130  -0.000084
1208.017811  -0.003055
1208.018493   0.000916
1208.019174   0.000983
1208.019855  -0.001518
1208.020536  -0.000103
1208.021217  -0.001376
1208.021898  -0.002274
1208.022579   0.000830
1208.023260   0.000939
1208.023941  -0.000090
1208.024623  -0.000478
1208.025304   0.001030
1208.025985  -0.001803
1208.026666  -0.000906
1208.027347  -0.001396
1208.028028   0.000253
1208.028709  -0.001604
1208.029390  -0.000304
1208.030071  -0.001107
1208.030753  -0.002735
1208.031434  -0.000198
1208.032115  -0.003003
1208.032796  -0.002699
1208.033477  -0.002066
1208.034158  -0.000582
1208.034839  -0.002545
1208.035520  -0.003256
1208.036201  -0.001372
1208.036883  -0.000426
1208.037564   0.001574
1208.038245  -0.001846
1208.038926  -0.001475
1208.039607  -0.000798
1208.040288   0.000527
1208.040969   0.000965
1208.041650  -0.001275
1208.042331   0.000958
1208.043013  -0.000568
1208.043694  -0.002098
1208.044375  -0.000815
1208.045056   0.000915
1208.045737  -0.001439
1208.046418  -0.002307
1208.047099  -0.000647
1208.047780  -0.001407
1208.048461  -0.003000
1208.049143  -0.000956
1208.049824  -0.001525
1208.050505   0.000619
1208.051186  -0.002131
1208.051867  -0.000559
1208.052548  -0.000436
1208.053229  -0.000907
1208.053910  -0.000785
1208.054591  -0.000870
1208.055273  -0.001000
1208.055954  -0.001639
1208.056635  -0.001295
1208.057316  -0.000514
1208.057997  -0.000061
1208.058678  -0.000539
1208.059359  -0.002654
1208.060040  -0.000625
1208.060721   0.000847
1208.061402  -0.001557
1208.062084  -0.000328
1208.062765   0.000154
1208.063446   0.001714
1208.064127   0.000767
1208.064808   0.001646
1208.065489  -0.002025
1208.066170  -0.002198
1208.066851  -0.001514
1208.067532   0.001145
1208.068213   0.000857
1208.068895  -0.000391
1208.069576   0.000134
1208.070257  -0.000316
1208.070938  -0.000204
1208.071619  -0.001861
1208.072300   0.001009
1208.072981   0.000133
1208.073662  -0.002016
1208.074343  -0.003048
1208.075025  -0.000288
1208.075706   0.001182
1208.076387   0.000789
1208.077068  -0.001702
1208.077749   0.000405
1208.078430   0.000299
1208.079111  -0.000357
1208.079792  -0.000514
1208.080473  -0.002118
1208.081155  -0.000499
1208.081836  -0.001830
1208.082517  -0.001089
1208.083198  -0.001628
1208.083879  -0.003031
1208.084560  -0.000422
1208.085241  -0.001887
1208.085922  -0.002905
1208.086603  -0.000916
1208.087285  -0.001486
1208.087966  -0.001769
1208.088647  -0.000553
1208.089328   0.001521
1208.090009  -0.000316
1208.090690  -0.001714
1208.091371   0.001573
1208.092052  -0.002078
1208.092733  -0.001452
1208.093415  -0.000583
1208.094096   0.000809
1208.094777  -0.000343
1208.095458  -0.002509
1208.096139   0.000628
1208.096820  -0.001929
1208.097501  -0.002805
1208.098182  -0.002317
1208.098864  -0.000710
1208.099545   0.000862
1208.100226  -0.000489
1208.100907   0.001872
1208.101588  -0.000940
1208.102269  -0.000035
1208.102950  -0.002324
1208.103631  -0.000959
1208.104312  -0.001069
1208.104994   0.001760
1208.105675  -0.001393
1208.106356  -0.000322
1208.107037  -0.000833
1208.107718  -0.001227
1208.108399   0.000139
1208.109080   0.000689
1208.109761  -0.000889
1208.110442  -0.000203
1208.111124   0.000549
1208.111805   0.000917
1208.112486  -0.000208
1208.113167   0.000395
1208.113848   0.000617
1208.114529  -0.000717
1208.115210   0.000416
1208.115891  -0.002635
1208.116572   0.001458
1208.117253  -0.002084
1208.117935   0.000004
1208.118616  -0.000171
1208.119297   0.001255
1208.119978  -0.001128
1208.120659  -0.000758
1208.121340  -0.001293
1208.122021  -0.000475
1208.122702  -0.000461
1208.123383  -0.000447
1208.124065  -0.000313
1208.124746  -0.000134
1208.125427   0.000331
1208.126108  -0.001126
1208.126789  -0.001503
1208.127470  -0.000266
1208.128151   0.000001
1208.128832   0.000216
1208.129513   0.000200
1208.130195  -0.001351
1208.130876  -0.002031
1208.131557  -0.000424
1208.132238  -0.001165
1208.132919  -0.001820
1208.133600   0.000291
1208.134281  -0.001033
1208.134962  -0.000863
1208.135643   0.000597
1208.136325  -0.000971
1208.137006   0.001272
1208.137687  -0.001378
1208.138368  -0.001766
1208.139049   0.000138
1208.139730   0.000743
1208.140411   0.001058
1208.141092  -0.001949
1208.141773  -0.000706
1208.142455   0.001084
1208.143136   0.000852
1208.143817   0.000362
1208.144498  -0.000618
1208.145179   0.000036
1208.145860  -0.000447
1208.146541  -0.002768
1208.147222  -0.001502
1208.147903  -0.001978
1208.148585  -0.001556
1208.149266  -0.001746
1208.149947  -0.000626
1208.150628  -0.000672
1208.151309  -0.000795
1208.151990  -0.001561
1208.152671   0.000459
1208.153352   0.000147
1208.154033  -0.001503
1208.154714  -0.001049
1208.155396  -0.000479
1208.156077  -0.002343
1208.156758  -0.002245
1208.157439  -0.002012
1208.158120  -0.000393
1208.158801   0.002315
1208.159482  -0.001366
1208.160163  -0.000681
1208.160845  -0.001627
1208.161526  -0.002278
1208.162207   0.000628
1208.162888  -0.000396
1208.163569  -0.000565
1208.164250   0.000114
1208.164931  -0.003220
1208.165612  -0.001737
1208.166293  -0.000933
1208.166974   0.000398
1208.167656  -0.000330
1208.168337  -0.001520
1208.169018  -0.000614
1208.169699   0.000990
1208.170380   0.000705
1208.171061  -0.001611
1208.171742  -0.002833
1208.172423  -0.001064
1208.173104  -0.000994
1208.173786  -0.000152
1208.174467   0.000569
1208.175148  -0.000722
1208.175829  -0.000503
1208.176510   0.000001
1208.177191  -0.000781
1208.177872  -0.003367
1208.178553  -0.001208
1208.179234   0.000630
1208.179916  -0.000152
1208.180597  -0.001881
1208.181278  -0.004853
1208.181959  -0.002504
1208.182640   0.000403
1208.183321  -0.000070
1208.184002   0.000176
1208.184683  -0.003099
1208.185364   0.000043
1208.186045  -0.000515
1208.186727  -0.001645
1208.187408  -0.002324
1208.188089  -0.001638
1208.188770  -0.002000
1208.189451  -0.001871
1208.190132  -0.000127
1208.190813  -0.000713
1208.191494  -0.000594
1208.192175  -0.002399
1208.192857   0.002513
1208.193538  -0.000113
1208.194219  -0.001499
1208.194900  -0.000049
1208.195581  -0.000262
1208.196262  -0.000994
1208.196943  -0.001805
1208.197624  -0.004046
1208.198305  -0.001506
1208.198987  -0.002572
1208.199668  -0.003110
1208.200349  -0.002022
1208.201030  -0.002462
1208.201711  -0.001645
1208.202392  -0.002468
1208.203073   0.001534
1208.203754   0.000171
1208.204435  -0.001327
1208.205117  -0.002175
1208.205798  -0.001476
1208.206479  -0.001140
1208.207160   0.000212
1208.207841  -0.001926
1208.208522  -0.000744
1208.209203   0.002221
1208.209884  -0.000994
1208.210565   0.000432
1208.211246  -0.000409
1208.211928  -0.002431
1208.212609  -0.000366
1208.213290   0.000448
1208.213971  -0.002251
1208.214652  -0.001424
1208.215333  -0.000324
1208.216014  -0.000338
1208.216695  -0.000537
1208.217376  -0.001982
1208.218058  -0.000527
1208.218739  -0.000451
1208.219420   0.000153
1208.220101  -0.000459
1208.220782   0.000032
1208.221463  -0.001351
1208.222144  -0.001214
1208.222825  -0.002380
1208.223506  -0.000708
1208.224188   0.000156
1208.224869  -0.000081
1208.225550  -0.002840
1208.226231  -0.001693
1208.226912   0.000495
1208.227593  -0.000911
1208.228274  -0.000085
1208.228955   0.000352
1208.229636   0.001259
1208.230318  -0.000909
1208.230999  -0.000702
1208.231680   0.000070
1208.232361   0.000511
1208.233042  -0.000711
1208.233723  -0.000251
1208.234404  -0.001580
1208.235085  -0.000947
1208.235767  -0.000993
1208.236448   0.000417
1208.237129  -0.000675
1208.237810  -0.000581
1208.238491  -0.000534
1208.239172  -0.002008
1208.239853  -0.000143
1208.240534   0.000491
1208.241215  -0.001283
1208.241897   0.000194
1208.242578   0.000927
1208.243259   0.000802
1208.243940  -0.001706
1208.244621  -0.001309
1208.245302  -0.000895
1208.245983   0.000848
1208.246664  -0.001263
1208.247345  -0.000146
1208.248027  -0.002232
1208.248708  -0.002130
1208.249389  -0.001382
1208.250070  -0.001757
1208.250751   0.000720
1208.251432  -0.001287
1208.252113  -0.002860
1208.252794  -0.000227
1208.253475  -0.000329
1208.254157   0.000315
1208.254838  -0.001573
1208.255519   0.002017
1208.256200   0.000396
1208.256881  -0.000917
1208.257562  -0.001892
1208.258243  -0.002249
1208.258924  -0.000389
1208.259605   0.000070
1208.260287  -0.003102
1208.260968  -0.001977
1208.261649  -0.000880
1208.262330   0.001653
1208.263011  -0.000584
1208.263692  -0.001764
1208.264373  -0.000300
1208.265054  -0.000906
1208.265735  -0.001666
1208.266416   0.001620
1208.267098  -0.000766
1208.267779  -0.003043
1208.268460   0.000086
1208.269141  -0.000794
1208.269822  -0.001056
1208.270503  -0.001764
1208.271184  -0.000065
1208.271865  -0.001156
1208.272546  -0.000743
1208.273228  -0.001743
1208.273909  -0.001399
1208.274590  -0.000526
1208.275271  -0.000875
1208.275952   0.001456
1208.276633  -0.000927
1208.277314   0.000426
1208.277995  -0.000547
1208.278676  -0.000917
1208.279357   0.000774
1208.280039   0.002116
1208.280720  -0.000197
1208.281401   0.000190
1208.282082   0.000196
1208.282763   0.001389
1208.283444  -0.000172
1208.284125  -0.002513
1208.284806  -0.001701
1208.285488  -0.000227
1208.286169  -0.001444
1208.286850  -0.000454
1208.287531  -0.000061
1208.288212  -0.001107
1208.288893  -0.000135
1208.289574  -0.002379
1208.290255   0.000418
1208.290936  -0.000418
1208.291618   0.001188
1208.292299   0.000593
1208.292980  -0.001075
1208.293661   0.001037
1208.294342   0.000367
1208.295023  -0.001534
1208.295704   0.000478
1208.296385  -0.000285
1208.297066   0.000803
1208.297747  -0.001417
1208.298429  -0.001902
1208.299110  -0.002872
1208.299791  -0.000476
1208.300472  -0.001821
1208.301153  -0.002395
1208.301834   0.000657
1208.302515  -0.000458
1208.303196  -0.000292
1208.303877  -0.000469
1208.304559  -0.001048
1208.305240  -0.001686
1208.305921  -0.000901
1208.306602   0.000346
1208.307283   0.001364
1208.307964  -0.000332
1208.308645  -0.002083
1208.309326  -0.001009
1208.310007  -0.002105
1208.310689   0.000569
1208.311370   0.000155
1208.312051  -0.002336
1208.312732  -0.001057
1208.313413   0.000132
1208.314094  -0.000371
1208.314775  -0.000463
1208.315456  -0.002952
1208.316137   0.000486
1208.316818   0.000279
1208.317500  -0.000260
1208.318181  -0.002147
1208.318862   0.001082
1208.319543   0.000178
1208.320224  -0.001633
1208.320905  -0.001282
1208.321586  -0.003248
1208.322267  -0.001417
1208.322948  -0.000722
1208.323630  -0.000068
1208.324311   0.000004
1208.324992  -0.001857
1208.325673   0.000985
1208.326354  -0.000542
1208.327035  -0.003270
1208.327716  -0.001118
1208.328397   0.000079
1208.329078  -0.000967
1208.329760  -0.000763
1208.330441  -0.000319
1208.331122  -0.000698
1208.331803   0.000288
1208.332484  -0.002816
1208.333165  -0.002166
1208.333846  -0.001174
1208.334527  -0.001492
1208.335208   0.000274
1208.335890  -0.001047
1208.336571  -0.000682
1208.337252  -0.000547
1208.337933  -0.000887
1208.338614   0.000716
1208.339295   0.000863
1208.339976  -0.001326
1208.340657  -0.002567
1208.341338   0.001589
1208.342020  -0.001198
1208.342701  -0.002634
1208.343382  -0.000575
1208.344063  -0.000060
1208.344744  -0.002424
1208.345425  -0.002025
1208.346106  -0.001729
1208.346787  -0.000939
1208.347469  -0.001192
1208.348150  -0.000706
1208.348831   0.002436
1208.349512   0.000268
1208.350193   0.000663
1208.350874   0.000614
1208.351555  -0.000605
1208.352236  -0.000832
1208.352917  -0.000596
1208.353599  -0.001931
1208.354280  -0.000914
1208.354961   0.000441
1208.355642  -0.002781
1208.356323  -0.001245
1208.357004  -0.001147
1208.357685   0.000704
1208.358366  -0.001528
1208.359047   0.000939
1208.359729   0.001735
1208.360410  -0.001194
1208.361091  -0.000830
1208.361772  -0.001105
1208.362453  -0.001786
1208.363134  -0.000248
1208.363815   0.000291
1208.364496   0.001290
1208.365177   0.000112
1208.365859   0.000752
1208.366540   0.000073
1208.367221   0.001979
1208.367902  -0.000058
1208.368583  -0.001697
1208.369264  -0.000423
1208.369945  -0.002301
1208.370626  -0.001817
1208.371307  -0.000845
1208.371988  -0.000883
1208.372670  -0.000245
1208.373351  -0.000989
1208.374032  -0.001294
1208.374713  -0.000981
1208.375394  -0.002663
1208.376075  -0.000444
1208.376756  -0.000316
1208.377437  -0.003390
1208.378118  -0.001470
1208.378800  -0.000687
1208.379481  -0.001404
1208.380162  -0.001199
1208.380843  -0.001015
1208.381524  -0.000885
1208.382205  -0.001110
1208.382886  -0.001060
1208.383567  -0.000141
1208.384248  -0.001857
1208.384930  -0.003690
1208.385611  -0.000558
1208.386292  -0.004423
1208.386973  -0.002096
1208.387654  -0.002350
1208.388335   0.001199
1208.389016  -0.001775
1208.389697  -0.003741
1208.390378   0.000247
1208.391059   0.000053
1208.391741  -0.000844
1208.392422   0.000719
1208.393103  -0.001792
1208.393784  -0.002164
1208.394465  -0.001027
1208.395146  -0.002262
1208.395827  -0.003286
1208.396508   0.000126
1208.397189  -0.002252
1208.397871   0.000767
1208.398552   0.000366
1208.399233   0.000441
1208.399914  -0.001508
1208.400595  -0.000361
1208.401276  -0.001630
1208.401957   0.000532
1208.402638  -0.001235
1208.403320  -0.000735
1208.404001   0.001809
1208.404682  -0.000150
1208.405363   0.000610
1208.406044  -0.000745
1208.406725   0.000272
1208.407406  -0.000781
1208.408087  -0.001159
1208.408768  -0.002425
1208.409449  -0.000002
1208.410131   0.000036
1208.410812  -0.001203
1208.411493  -0.002350
1208.412174  -0.000266
1208.412855  -0.002384
1208.413536  -0.001343
1208.414217   0.001070
1208.414898  -0.000241
1208.415579  -0.000928
1208.416260  -0.001165
1208.416942  -0.002309
1208.417623  -0.000289
1208.418304  -0.001246
1208.418985  -0.001633
1208.419666   0.001364
1208.420347  -0.000445
1208.421028   0.000269
1208.421709  -0.000429
1208.422390  -0.000776
1208.423072  -0.000885
1208.423753  -0.000973
1208.424434  -0.001533
1208.425115  -0.001529
1208.425796  -0.001054
1208.426477  -0.001211
1208.427158   0.000987
1208.427839   0.001294
1208.428520   0.000064
1208.429202   0.000728
1208.429883   0.000391
1208.430564  -0.000514
1208.431245   0.000209
1208.431926   0.001043
1208.432607   0.001488
1208.433288  -0.002324
1208.433969  -0.000246
1208.434650  -0.002242
1208.435332   0.003284
1208.436013   0.000197
1208.436694  -0.001752
1208.437375  -0.002270
1208.438056  -0.001035
1208.438737   0.000618
1208.439418  -0.001592
1208.440099   0.001547
1208.440780  -0.000563
1208.441462  -0.000784
1208.442143  -0.000115
1208.442824  -0.001807
1208.443505   0.000631
1208.444186   0.001405
1208.444867  -0.000855
1208.445548  -0.000779
1208.446229   0.000427
1208.446910   0.000107
1208.447592  -0.000400
1208.448273   0.002164
1208.448954   0.001566
1208.449635  -0.000253
1208.450316  -0.000720
1208.450997  -0.001656
1208.451678  -0.001801
1208.452359  -0.002369
1208.453041   0.000781
1208.453722   0.001026
1208.454403  -0.001178
1208.455084  -0.000155
1208.455765  -0.001024
1208.456446   0.000540
1208.457127  -0.000933
1208.457808   0.000757
1208.458489  -0.001555
1208.459171  -0.000928
1208.459852   0.000402
1208.460533   0.000638
1208.461214  -0.001437
1208.461895  -0.000959
1208.462576   0.000545
1208.463257   0.001344
1208.463938  -0.000358
1208.464619  -0.001754
1208.465301  -0.001195
1208.465982  -0.000923
1208.466663  -0.000574
1208.467344  -0.000278
1208.468025  -0.001202
1208.468706  -0.001370
1208.469387  -0.001671
1208.470068  -0.001982
1208.470749  -0.000975
1208.471431  -0.002314
1208.472112  -0.000530
1208.472793   0.001161
1208.473474  -0.000265
1208.474155  -0.001249
1208.474836  -0.001038
1208.475517  -0.000771
1208.476198  -0.000285
1208.476879  -0.001005
1208.477560  -0.002098
1208.478242  -0.002203
1208.478923  -0.002401
1208.479604  -0.003783
1208.480285  -0.001514
1208.480966  -0.000639
1208.481647  -0.000599
1208.482328  -0.001641
1208.483009   0.001097
1208.483690   0.002952
1208.484372  -0.001166
1208.485053  -0.002291
1208.485734   0.001293
1208.486415   0.002211
1208.487096   0.000164
1208.487777  -0.001054
1208.488458  -0.001817
1208.489139  -0.002915
1208.489820   0.000432
1208.490502  -0.000579
1208.491183  -0.001404
1208.491864   0.001544
1208.492545  -0.001459
1208.493226  -0.002502
1208.493907  -0.001462
1208.494588   0.000960
1208.495269  -0.001249
1208.495950  -0.000365
1208.496632   0.000537
1208.497313  -0.001365
1208.497994  -0.003057
1208.498675  -0.001475
1208.499356   0.000160
1208.500037  -0.001392
1208.500718  -0.000362
1208.501399  -0.002780
1208.502080  -0.002708
1208.502761  -0.000172
1208.503443   0.000578
1208.504124  -0.001784
1208.504805  -0.000958
1208.505486  -0.001344
1208.506167  -0.001793
1208.506848   0.000007
1208.507529  -0.000361
1208.508210  -0.000452
1208.508891  -0.001369
1208.509573  -0.001092
1208.510254  -0.000641
1208.510935  -0.000288
1208.511616   0.000357
1208.512297  -0.000156
1208.512978  -0.002834
1208.513659  -0.000986
1208.514340  -0.001816
1208.515021  -0.000665
1208.515703  -0.002595
1208.516384  -0.000058
1208.517065  -0.002360
1208.517746  -0.001243
1208.518427   0.001988
1208.519108  -0.000621
1208.519789  -0.000183
1208.520470  -0.000281
1208.521151  -0.000811
1208.521832   0.000409
1208.522514  -0.000842
1208.523195  -0.001983
1208.523876   0.000631
1208.524557  -0.000706
1208.525238   0.001667
1208.525919   0.000044
1208.526600  -0.003674
1208.527281   0.000095
1208.527962  -0.000660
1208.528644   0.000150
1208.529325   0.000357
1208.530006  -0.000145
1208.530687  -0.003728
1208.531368  -0.000896
1208.532049  -0.001824
1208.532730  -0.001077
1208.533411   0.000451
1208.534092  -0.001560
1208.534774  -0.002547
1208.535455   0.000262
1208.536136  -0.001032
1208.536817  -0.001306
1208.537498  -0.001556
1208.538179   0.000371
1208.538860  -0.001548
1208.539541  -0.000964
1208.540222  -0.000548
1208.540904  -0.001149
1208.541585   0.000199
1208.542266  -0.000815
1208.542947  -0.001766
1208.543628  -0.001021
1208.544309  -0.001176
1208.544990   0.001487
1208.545671   0.002017
1208.546352  -0.001558
1208.547034  -0.000865
1208.547715   0.000467
1208.548396  -0.000852
1208.549077  -0.000662
1208.549758  -0.000243
1208.550439   0.000010
1208.551120  -0.000578
1208.551801  -0.001641
1208.552483  -0.000202
1208.553164  -0.000400
1208.553845  -0.000334
1208.554526   0.000542
1208.555207  -0.000177
1208.555888  -0.002222
1208.556569  -0.001258
1208.557250  -0.001107
1208.557931  -0.000804
1208.558613  -0.000162
1208.559294  -0.001400
1208.559975  -0.001115
1208.560656  -0.000485
1208.561337  -0.002149
1208.562018  -0.000537
1208.562699   0.000123
1208.563380  -0.000106
1208.564061  -0.001136
1208.564743   0.000059
1208.565424  -0.001864
1208.566105   0.001038
1208.566786   0.001536
1208.567467   0.000312
1208.568148  -0.004346
1208.568829  -0.002085
1208.569510  -0.001627
1208.570191  -0.001151
1208.570873  -0.000019
1208.571554  -0.001351
1208.572235  -0.000829
1208.572916   0.000375
1208.573597   0.001170
1208.574278   0.000381
1208.574959  -0.000092
1208.575640  -0.002724
1208.576321  -0.002042
1208.577002  -0.002127
1208.577684  -0.002057
1208.578365  -0.000099
1208.579046  -0.001688
1208.579727  -0.001285
1208.580408  -0.000260
1208.581089  -0.000926
1208.581770  -0.000318
1208.582451  -0.000216
1208.583132  -0.001091
1208.583814  -0.000946
1208.584495  -0.001471
1208.585176   0.000301
1208.585857  -0.000392
1208.586538  -0.000722
1208.587219  -0.000929
1208.587900   0.000067
1208.588581  -0.000573
1208.589262  -0.000154
1208.589944  -0.000864
1208.590625   0.000880
1208.591306  -0.000592
1208.591987  -0.001713
1208.592668  -0.002261
1208.593349  -0.001197
1208.594030   0.000825
1208.594711   0.000544
1208.595392  -0.000395
1208.596073  -0.000762
1208.596755  -0.001206
1208.597436  -0.001778
1208.598117  -0.000797
1208.598798  -0.002464
1208.599479  -0.000274
1208.600160   0.001095
1208.600841  -0.000709
1208.601522  -0.003207
1208.602204   0.000107
1208.602885  -0.001779
1208.603566  -0.001982
1208.604247  -0.001633
1208.604928   0.001314
1208.605609  -0.000271
1208.606290   0.000239
1208.606971  -0.001095
1208.607652  -0.001730
1208.608334   0.000244
1208.609015   0.000998
1208.609696   0.000274
1208.610377  -0.002039
1208.611058  -0.000430
1208.611739  -0.000312
1208.612420  -0.001565
1208.613101  -0.002581
1208.613782  -0.002632
1208.614463  -0.001870
1208.615145  -0.002425
1208.615826  -0.001467
1208.616507   0.001691
1208.617188  -0.000769
1208.617869   0.001232
1208.618550  -0.000470
1208.619231   0.000463
1208.619912  -0.000166
1208.620593   0.000300
1208.621275   0.000053
1208.621956  -0.002346
1208.622637   0.001953
1208.623318   0.001315
1208.623999   0.000472
1208.624680  -0.001124
1208.625361   0.000466
1208.626042   0.000696
1208.626723  -0.002934
1208.627404  -0.001668
1208.628086  -0.000628
1208.628767   0.000195
1208.629448   0.001443
1208.630129   0.001290
1208.630810   0.000565
1208.631491   0.002668
1208.632172   0.001533
1208.632853   0.002801
1208.633534   0.002254
1208.634216   0.002816
1208.634897   0.003177
1208.635578   0.003595
1208.636259   0.006075
1208.636940   0.004954
1208.637621   0.003949
1208.638302   0.005392
1208.638983   0.006135
1208.639664   0.007281
1208.640346   0.006463
1208.641027   0.005603
1208.641708   0.006942
1208.642389   0.009086
1208.643070   0.008491
1208.643751   0.004175
1208.644432   0.008501
1208.645113   0.008226
1208.645795   0.006871
1208.646476   0.007586
1208.647157   0.007240
1208.647838   0.009071
1208.648519   0.006897
1208.649200   0.008418
1208.649881   0.007736
1208.650562   0.010573
1208.651243   0.009276
1208.651925   0.007945
1208.652606   0.007743
1208.653287   0.009234
1208.653968   0.007610
1208.654649   0.008559
1208.655330   0.009882
1208.656011   0.008658
1208.656692   0.008301
1208.657373   0.007635
1208.658055   0.008275
1208.658736   0.011018
1208.659417   0.006546
1208.660098   0.009101
1208.660779   0.008699
1208.661460   0.008116
1208.662141   0.006206
1208.662822   0.009365
1208.663503   0.010824
1208.664185   0.009323
1208.664866   0.008373
1208.665547   0.008778
1208.666228   0.008502
1208.666909   0.008659
1208.667590   0.008444
1208.668271   0.009975
1208.668952   0.009858
1208.669633   0.010331
1208.670315   0.008522
1208.670996   0.010828
1208.671677   0.008605
1208.672358   0.009939
1208.673039   0.010604
1208.673720   0.008037
1208.674401   0.008524
1208.675082   0.009598
1208.675763   0.010944
1208.676445   0.010031
1208.677126   0.008736
1208.677807   0.012145
1208.678488   0.009196
1208.679169   0.010138
1208.679850   0.010894
1208.680531   0.009846
1208.681212   0.011398
1208.681893   0.011283
1208.682574   0.009318
1208.683256   0.010617
1208.683937   0.009829
1208.684618   0.011791
1208.685299   0.010432
1208.685980   0.008594
1208.686661   0.009160
1208.687342   0.009644
1208.688023   0.011605
1208.688704   0.011616
1208.689386   0.009286
1208.690067   0.010389
1208.690748   0.008531
1208.691429   0.009478
1208.692110   0.011590
1208.692791   0.010812
1208.693472   0.009570
1208.694153   0.010526
1208.694834   0.011744
1208.695516   0.010229
1208.696197   0.012084
1208.696878   0.008994
1208.697559   0.009651
1208.698240   0.009927
1208.698921   0.011154
1208.699602   0.009516
1208.700283   0.011439
1208.700964   0.010351
1208.701646   0.010782
1208.702327   0.004758
1208.703008   0.010876
1208.703689   0.010893
1208.704370   0.008689
1208.705051   0.010784
1208.705732   0.010643
1208.706413   0.009557
1208.707094   0.008897
1208.707775   0.009726
1208.708457   0.011095
1208.709138   0.010199
1208.709819   0.009381
1208.710500   0.009294
1208.711181   0.012241
1208.711862   0.011899
1208.712543   0.010457
1208.713224   0.010422
1208.713905   0.011563
1208.714587   0.011314
1208.715268   0.009875
1208.715949   0.010143
1208.716630   0.010380
1208.717311   0.010708
1208.717992   0.011854
1208.718673   0.010023
1208.719354   0.011556
1208.720036   0.011169
1208.720717   0.010459
1208.721398   0.010074
1208.722079   0.010681
1208.722760   0.008695
1208.723441   0.010831
1208.724122   0.011792
1208.724803   0.011031
1208.725484   0.009140
1208.726166   0.007342
1208.726847   0.010142
1208.727528   0.010779
1208.728209   0.011786
1208.728890   0.009774
1208.729571   0.009509
1208.730252   0.010894
1208.730933   0.010768
1208.731614   0.011852
1208.732295   0.011320
1208.732977   0.011090
1208.733658   0.008589
1208.734339   0.008944
1208.735020   0.009788
1208.735701   0.010034
1208.736382   0.009112
1208.737063   0.009248
1208.737744   0.009204
1208.738425   0.008434
1208.739107   0.008116
1208.739788   0.010558
1208.740469   0.009979
1208.741150   0.010781
1208.741831   0.009783
1208.742512   0.009581
1208.743193   0.007762
1208.743874   0.010460
1208.744555   0.011590
1208.745237   0.010521
1208.745918   0.009985
1208.746599   0.010618
1208.747280   0.011301
1208.747961   0.007967
1208.748642   0.009422
1208.749323   0.009320
1208.750004   0.008025
1208.750685   0.009624
1208.751367   0.007457
1208.752048   0.008281
1208.752729   0.010421
1208.753410   0.008334
1208.754091   0.008812
1208.754772   0.009995
1208.755453   0.008507
1208.756134   0.009588
1208.756815   0.009658
1208.757497   0.008441
1208.758178   0.010304
1208.758859   0.007845
1208.759540   0.010326
1208.760221   0.008655
1208.760902   0.007754
1208.761583   0.006570
1208.762264   0.007628
1208.762945   0.007706
1208.763627   0.009189
1208.764308   0.008091
1208.764989   0.006688
1208.765670   0.008222
1208.766351   0.010873
1208.767032   0.008186
1208.767713   0.007802
1208.768394   0.006213
1208.769075   0.007511
1208.769757   0.006047
1208.770438   0.009158
1208.771119   0.008660
1208.771800   0.008225
1208.772481   0.007194
1208.773162   0.005563
1208.773843   0.004617
1208.774524   0.006374
1208.775205   0.006242
1208.775887   0.006444
1208.776568   0.006378
1208.777249   0.001194
1208.777930   0.005490
1208.778611   0.004049
1208.779292   0.002685
1208.779973   0.003980
1208.780654   0.002541
1208.781335   0.000535
1208.782016   0.002024
1208.782698   0.001380
1208.783379   0.003272
1208.784060   0.002190
1208.784741   0.000619
1208.785422  -0.002137
1208.786103  -0.000853
1208.786784  -0.000512
1208.787465   0.000299
1208.788146  -0.001161
1208.788828  -0.002220
1208.789509  -0.001819
1208.790190  -0.001138
1208.790871   0.000008
1208.791552  -0.000952
1208.792233  -0.001308
1208.792914   0.001212
1208.793595   0.001406
1208.794276  -0.001257
1208.794958  -0.001026
1208.795639   0.001001
1208.796320  -0.000214
1208.797001   0.001660
1208.797682  -0.000867
1208.798363  -0.000018
1208.799044  -0.000749
1208.799725   0.001435
1208.800406  -0.001645
1208.801087  -0.000946
1208.801769  -0.000411
1208.802450  -0.002363
1208.803131   0.000829
1208.803812  -0.000082
1208.804493   0.001040
1208.805174   0.000497
1208.805855   0.001343
1208.806536   0.000638
1208.807218   0.000450
1208.807899  -0.002953
1208.808580   0.001164
1208.809261   0.000528
1208.809942  -0.000901
1208.810623   0.000278
1208.811304   0.000494
1208.811985  -0.000329
1208.812666  -0.000065
1208.813348   0.000903
1208.814029   0.001436
1208.814710  -0.001030
1208.815391   0.000199
1208.816072   0.000688
1208.816753  -0.000637
1208.817434   0.000479
1208.818115  -0.000906
1208.818796  -0.001840
1208.819478  -0.000209
1208.820159  -0.002264
1208.820840  -0.001766
1208.821521  -0.000885
1208.822202  -0.002512
1208.822883  -0.000383
1208.823564  -0.001383
1208.824245  -0.001615
1208.824926  -0.000729
1208.825608   0.000309
1208.826289  -0.000983
1208.826970   0.000906
1208.827651  -0.000327
1208.828332   0.000161
1208.829013  -0.001123
1208.829694  -0.000645
1208.830375  -0.003347
1208.831056   0.001440
1208.831738   0.000930
1208.832419  -0.002941
1208.833100   0.000417
1208.833781  -0.000459
1208.834462   0.001399
1208.835143   0.000073
1208.835824  -0.002016
1208.836505  -0.000889
1208.837186   0.000120
1208.837867   0.001253
1208.838549  -0.000923
1208.839230  -0.000926
1208.839911  -0.001688
1208.840592  -0.000756
1208.841273  -0.000590
1208.841954   0.001336
1208.842635  -0.001157
1208.843316  -0.000008
1208.843997  -0.000168
1208.844679   0.000560
1208.845360  -0.001823
1208.846041  -0.000564
1208.846722   0.000030
1208.847403   0.000602
1208.848084  -0.000771
1208.848765  -0.001398
1208.849446  -0.000020
1208.850127   0.000250
1208.850809   0.000353
1208.851490   0.002111
1208.852171   0.000204
1208.852852  -0.000702
1208.853533  -0.001060
1208.854214  -0.001837
1208.854895   0.000609
1208.855576  -0.001267
1208.856257  -0.002934
1208.856939   0.000669
1208.857620  -0.001745
1208.858301   0.000566
1208.858982  -0.002831
1208.859663  -0.000441
1208.860344   0.000815
1208.861025  -0.002734
1208.861706  -0.002826
1208.862387  -0.001765
1208.863069  -0.000548
1208.863750  -0.000995
1208.864431   0.000120
1208.865112  -0.000248
1208.865793   0.001018
1208.866474   0.001331
1208.867155  -0.001228
1208.867836   0.000602
1208.868518  -0.000379
1208.869199   0.000623
1208.869880  -0.001200
1208.870561  -0.002284
1208.871242  -0.002769
1208.871923   0.000601
1208.872604  -0.000419
1208.873285   0.001234
1208.873966  -0.001553
1208.874648   0.000331
1208.875329  -0.002355
1208.876010  -0.001057
1208.876691  -0.001293
1208.877372  -0.000685
1208.878053  -0.000056
1208.878734  -0.000476
1208.879415   0.001610
1208.880096  -0.000095
1208.880777   0.001112
1208.881459  -0.000412
1208.882140  -0.000357
1208.882821  -0.002022
1208.883502  -0.000641
1208.884183  -0.001569
1208.884864   0.001688
1208.885545   0.001632
1208.886226  -0.001023
1208.886907  -0.001632
1208.887588  -0.000516
1208.888270  -0.000449
1208.888951  -0.002315
1208.889632   0.001009
1208.890313   0.000869
1208.890994   0.001260
1208.891675  -0.000493
1208.892356  -0.001841
1208.893037   0.000790
1208.893718   0.000983
1208.894400  -0.002365
1208.895081  -0.002905
1208.895762   0.000291
1208.896443  -0.001326
1208.897124   0.000036
1208.897805   0.002359
1208.898486  -0.000954
1208.899167  -0.001079
1208.899849  -0.001590
1208.900530  -0.000719
1208.901211   0.000142
1208.901892   0.000586
1208.902573  -0.000101
1208.903254  -0.001999
1208.903935  -0.000866
1208.904616   0.000755
1208.905297  -0.001627
1208.905978  -0.001208
1208.906660   0.001020
1208.907341  -0.001669
1208.908022  -0.000516
1208.908703  -0.001301
1208.909384   0.001319
1208.910065   0.000591
1208.910746   0.000055
1208.911427  -0.002063
1208.912108   0.001424
1208.912790  -0.000353
1208.913471  -0.000275
1208.914152  -0.002649
1208.914833   0.001365
1208.915514  -0.002192
1208.916195  -0.003179
1208.916876   0.000318
1208.917557  -0.000432
1208.918238  -0.000827
1208.918920  -0.000568
1208.919601  -0.002205
1208.920282  -0.001173
1208.920963   0.000775
1208.921644  -0.002147
1208.922325  -0.001775
1208.923006  -0.002567
1208.923687  -0.000756
1208.924368   0.001047
1208.925050  -0.000620
1208.925731   0.000251
1208.926412   0.001246
1208.927093   0.000868
1208.927774  -0.000952
1208.928455  -0.002105
1208.929136  -0.000944
1208.929817  -0.000568
1208.930498  -0.000086
1208.931180   0.000379
1208.931861  -0.000067
1208.932542  -0.001328
1208.933223   0.000106
1208.933904  -0.001491
1208.934585  -0.000460
1208.935266  -0.001112
1208.935947   0.000796
1208.936629  -0.001963
1208.937309  -0.000057
1208.937991  -0.001423
1208.938672  -0.000487
1208.939353   0.000399
1208.940034  -0.001294
1208.940715  -0.000083
1208.941396  -0.000571
1208.942077   0.000183
1208.942758  -0.000721
1208.943440   0.000012
1208.944121  -0.000116
1208.944802  -0.001790
1208.945483  -0.002622
1208.946164  -0.001377
1208.946845  -0.001155
1208.947526  -0.000940
1208.948207  -0.000192
1208.948888  -0.001396
1208.949570  -0.000031
1208.950251  -0.001829
1208.950932   0.000452
1208.951613  -0.000576
1208.952294  -0.000652
1208.952975  -0.000582
1208.953656   0.000169
1208.954337  -0.001172
1208.955018  -0.003283
1208.955700  -0.001306
1208.956381  -0.001556
1208.957062   0.000167
1208.957743  -0.001512
1208.958424  -0.001056
1208.959105  -0.000367
1208.959786  -0.001255
1208.960467  -0.001796
1208.961148  -0.000931
1208.961830  -0.000622
1208.962511  -0.000705
1208.963192  -0.000310
1208.963873   0.000506
1208.964554  -0.002226
1208.965235  -0.000979
1208.965916   0.000640
1208.966597  -0.001041
1208.967278  -0.000097
1208.967960   0.000619
1208.968641  -0.001342
1208.969322  -0.000302
1208.970003   0.000410
1208.970684  -0.002891
1208.971365  -0.001267
1208.972046  -0.000952
1208.972727  -0.001128
1208.973408  -0.001019
1208.974089  -0.001924
1208.974771  -0.000171
1208.975452  -0.000700
1208.976133  -0.003090
1208.976814   0.000088
1208.977495  -0.000531
1208.978176  -0.000860
1208.978857  -0.000837
1208.979538  -0.002612
1208.980220  -0.001619
1208.980901  -0.001044
1208.981582  -0.000297
1208.982263  -0.003293
1208.982944   0.002375
1208.983625  -0.000853
1208.984306  -0.000943
1208.984987  -0.002015
1208.985668  -0.001882
1208.986350  -0.001110
1208.987031  -0.001752
1208.987712  -0.000381
1208.988393  -0.001184
1208.989074  -0.001085
1208.989755   0.000055
1208.990436   0.000211
1208.991117  -0.001196
1208.991798  -0.000986
1208.992479  -0.000532
1208.993161   0.000198
1208.993842   0.000199
1208.994523  -0.001109
1208.995204  -0.002670
1208.995885  -0.000423
1208.996566  -0.002170
1208.997247  -0.001923
1208.997928  -0.001639
1208.998609  -0.000157
1208.999291  -0.001144
1208.999972   0.000280
1209.000653   0.000305
1209.001334   0.001683
1209.002015  -0.002230
1209.002696  -0.000747
1209.003377  -0.002756
1209.004058  -0.002114
1209.004739   0.001358
1209.005420  -0.000478
1209.006102  -0.000403
1209.006783  -0.000694
1209.007464  -0.000193
1209.008145  -0.000605
1209.008826  -0.000363
1209.009507  -0.002514
1209.010188  -0.002151
1209.010869  -0.002237
1209.011551  -0.000090
1209.012232   0.000173
1209.012913  -0.000603
1209.013594  -0.000786
1209.014275  -0.000365
1209.014956   0.001066
1209.015637   0.000368
1209.016318   0.000831
1209.016999   0.001153
1209.017681   0.000417
1209.018362   0.001044
1209.019043  -0.000487
1209.019724   0.000900
1209.020405   0.000481
1209.021086   0.001568
1209.021767   0.000641
1209.022448  -0.000144
1209.023129   0.002222
1209.023811  -0.002340
1209.024492   0.000172
1209.025173   0.000947
1209.025854  -0.000598
1209.026535  -0.001337
1209.027216   0.001448
1209.027897  -0.000219
1209.028578  -0.002163
1209.029259   0.000702
1209.029941  -0.001556
1209.030622   0.001150
1209.031303  -0.001536
1209.031984  -0.000279
1209.032665  -0.000597
1209.033346  -0.001084
1209.034027  -0.001796
1209.034708  -0.002625
1209.035389  -0.002074
1209.036071   0.001500
1209.036752   0.000444
1209.037433   0.000389
1209.038114  -0.001842
1209.038795   0.001183
1209.039476  -0.001623
1209.040157  -0.002724
1209.040838   0.000238
1209.041519  -0.001697
1209.042201   0.000399
1209.042882   0.001414
1209.043563  -0.002214
1209.044244  -0.000016
1209.044925  -0.002343
1209.045606  -0.003668
1209.046287   0.000325
1209.046968   0.000126
1209.047649  -0.001819
1209.048330  -0.000286
1209.049012  -0.001409
1209.049693  -0.000635
1209.050374   0.000593
1209.051055   0.001826
1209.051736  -0.001210
1209.052417  -0.001675
1209.053098  -0.001641
1209.053779   0.001039
1209.054460   0.002658
1209.055142  -0.000960
1209.055823  -0.000579
1209.056504   0.000420
1209.057185  -0.002315
1209.057866   0.000018
1209.058547  -0.000006
1209.059228   0.000324
1209.059909  -0.000021
1209.060590  -0.002429
1209.061272  -0.002028
1209.061953  -0.001004
1209.062634  -0.000181
1209.063315  -0.001184
1209.063996   0.000780
1209.064677  -0.000867
1209.065358   0.000368
1209.066039  -0.001492
1209.066720  -0.001657
1209.067402  -0.001448
1209.068083   0.000348
1209.068764  -0.001039
1209.069445  -0.003036
1209.070126  -0.001830
1209.070807  -0.001135
1209.071488   0.000303
1209.072169  -0.001234
1209.072851   0.000242
1209.073532  -0.002376
1209.074213  -0.000718
1209.074894  -0.001709
1209.075575  -0.000770
1209.076256  -0.000149
1209.076937  -0.001724
1209.077618  -0.000972
1209.078299  -0.002242
1209.078980  -0.001334
1209.079662   0.000527
1209.080343  -0.001266
1209.081024   0.000562
1209.081705   0.000257
1209.082386  -0.000917
1209.083067   0.000217
1209.083748  -0.001264
1209.084429   0.000594
1209.085110  -0.000996
1209.085792   0.000339
1209.086473  -0.000676
1209.087154  -0.001546
1209.087835  -0.001472
1209.088516  -0.000495
1209.089197  -0.001310
1209.089878   0.001467
1209.090559   0.000253
1209.091240  -0.002283
1209.091922   0.000222
1209.092603  -0.000517
1209.093284  -0.000986
1209.093965  -0.002470
1209.094646  -0.001735
1209.095327  -0.002295
1209.096008   0.000433
1209.096689  -0.002335
1209.097370   0.001654
1209.098051   0.000225
1209.098733  -0.001912
1209.099414   0.000539
1209.100095   0.000589
1209.100776  -0.002814
1209.101457   0.000796
1209.102138  -0.002148
1209.102819  -0.000793
1209.103500  -0.000277
1209.104181  -0.002172
1209.104863  -0.001344
1209.105544   0.000060
1209.106225   0.000539
1209.106906   0.001762
1209.107587  -0.001669
1209.108268   0.001781
1209.108949  -0.001329
1209.109630  -0.001537
1209.110311  -0.001732
1209.110993   0.000148
1209.111674  -0.000212
1209.112355   0.000500
1209.113036  -0.001560
1209.113717   0.000409
1209.114398  -0.003300
1209.115079  -0.002542
1209.115760  -0.000485
1209.116441  -0.000084
1209.117123  -0.001479
1209.117804  -0.002632
1209.118485  -0.002131
1209.119166   0.000188
1209.119847  -0.000345
1209.120528  -0.001060
1209.121209  -0.001121
1209.121890   0.000626
1209.122571   0.001878
1209.123253  -0.000290
1209.123934  -0.000931
1209.124615  -0.000031
1209.125296  -0.000383
1209.125977   0.000161
1209.126658  -0.001847
1209.127339  -0.001822
1209.128020  -0.001941
1209.128702  -0.001333
1209.129383  -0.000479
1209.130064  -0.001655
1209.130745   0.000143
1209.131426  -0.001662
1209.132107  -0.000315
1209.132788  -0.000840
1209.133469   0.000583
1209.134150  -0.000585
1209.134832  -0.002027
1209.135513  -0.001058
1209.136194   0.000528
1209.136875  -0.001090
1209.137556  -0.002007
1209.138237  -0.002216
1209.138918   0.000179
1209.139599  -0.001218
1209.140280  -0.000507
1209.140962  -0.002111
1209.141643  -0.000565
1209.142324  -0.000268
1209.143005   0.001152
1209.143686  -0.001126
1209.144367  -0.002068
1209.145048  -0.000234
1209.145729   0.001787
1209.146410  -0.003151
1209.147091  -0.002830
1209.147773  -0.000496
1209.148454  -0.000914
1209.149135  -0.003316
1209.149816  -0.000692
1209.150497  -0.000530
1209.151178  -0.001838
1209.151859   0.000141
1209.152540  -0.001325
1209.153222  -0.000872
1209.153903  -0.001154
1209.154584  -0.001772
1209.155265  -0.001278
1209.155946   0.000059
1209.156627   0.000256
1209.157308  -0.001931
1209.157989  -0.001343
1209.158670   0.000543
1209.159351   0.000249
1209.160033   0.000367
1209.160714  -0.002893
1209.161395  -0.001463
1209.162076  -0.000659
1209.162757   0.002164
1209.163438  -0.000286
1209.164119  -0.003166
1209.164800  -0.002953
1209.165481  -0.000387
1209.166163  -0.000393
1209.166844  -0.000899
1209.167525  -0.001087
1209.168206  -0.002277
1209.168887   0.000893
1209.169568  -0.000300
1209.170249  -0.000355
1209.170930   0.000749
1209.171611  -0.002214
1209.172292  -0.002996
1209.172974  -0.002369
1209.173655  -0.000466
1209.174336   0.002551
1209.175017  -0.000734
1209.175698  -0.000510
1209.176379   0.000323
1209.177060  -0.001079
1209.177741  -0.002079
1209.178422  -0.002708
1209.179104   0.001151
1209.179785   0.000235
1209.180466  -0.001367
1209.181147   0.001296
1209.181828   0.000924
1209.182509  -0.001335
1209.183190  -0.001603
1209.183871  -0.000960
1209.184552  -0.000954
1209.185234  -0.000568
1209.185915  -0.000486
1209.186596   0.000180
1209.187277  -0.000565
1209.187958  -0.001905
1209.188639  -0.001356
1209.189320  -0.002547
1209.190001  -0.000642
1209.190683  -0.000050
1209.191364   0.000785
1209.192045   0.001127
1209.192726  -0.000725
1209.193407  -0.001322
1209.194088  -0.000008
1209.194769  -0.000716
1209.195450  -0.002693
1209.196131   0.001295
1209.196813  -0.000135
1209.197494   0.000049
1209.198175  -0.001164
1209.198856  -0.001452
1209.199537  -0.001278
1209.200218   0.000186
1209.200899  -0.001895
1209.201580   0.000109
1209.202261  -0.002222
1209.202943  -0.000632
1209.203624   0.000958
1209.204305  -0.002123
1209.204986   0.000168
1209.205667  -0.001858
1209.206348   0.002374
1209.207029  -0.001389
1209.207710  -0.000360
1209.208391  -0.001766
1209.209072  -0.001312
1209.209754   0.001191
1209.210435  -0.000284
1209.211116   0.000317
1209.211797  -0.002338
1209.212478  -0.001053
1209.213159   0.000860
1209.213840  -0.000440
1209.214521  -0.000848
1209.215202   0.001180
1209.215884  -0.001677
1209.216565   0.000205
1209.217246  -0.000782
1209.217927  -0.000550
1209.218608  -0.000936
1209.219289  -0.003747
1209.219970   0.001409
1209.220651  -0.001556
1209.221332  -0.000696
1209.222014  -0.002936
1209.222695  -0.001075
1209.223376  -0.000351
1209.224057  -0.001584
1209.224738   0.000347
1209.225419   0.000880
1209.226100   0.000862
1209.226781  -0.000516
1209.227462  -0.002092
1209.228144  -0.001054
1209.228825   0.000633
1209.229506  -0.001620
1209.230187  -0.002103
1209.230868   0.000368
1209.231549   0.000730
1209.232230  -0.002452
1209.232911  -0.003729
1209.233592  -0.002536
1209.234274   0.000099
1209.234955  -0.000231
1209.235636  -0.001954
1209.236317   0.000955
1209.236998  -0.001750
1209.237679  -0.000128
1209.238360  -0.000993
1209.239041  -0.003267
1209.239722  -0.001121
1209.240404   0.000817
1209.241085  -0.000861
1209.241766   0.007895
1209.242447  -0.001272
1209.243128  -0.000317
1209.243809  -0.000401
1209.244490  -0.002664
1209.245171  -0.001117
1209.245852  -0.000248
1209.246534   0.000411
1209.247215  -0.000375
1209.247896  -0.001204
1209.248577  -0.001247
1209.249258  -0.000883
1209.249939   0.001344
1209.250620  -0.000679
1209.251301  -0.000705
1209.251982  -0.001121
1209.252664  -0.001170
1209.253345   0.000631
1209.254026  -0.001573
1209.254707  -0.000823
1209.255388  -0.002372
1209.256069  -0.000763
1209.256750  -0.000787
1209.257431  -0.002342
1209.258112  -0.000498
1209.258793  -0.003251
1209.259475  -0.000033
1209.260156   0.000763
1209.260837   0.000117
1209.261518  -0.001493
1209.262199  -0.000388
1209.262880  -0.000225
1209.263561  -0.001566
1209.264242   0.000271
1209.264923   0.000268
1209.265605   0.000872
1209.266286  -0.000116
1209.266967  -0.002940
1209.267648   0.002420
1209.268329  -0.000183
1209.269010   0.000102
1209.269691   0.000049
1209.270372  -0.001825
1209.271053  -0.000370
1209.271735  -0.000255
1209.272416  -0.001447
1209.273097  -0.000591
1209.273778  -0.000998
1209.274459  -0.000449
1209.275140   0.001290
1209.275821   0.000003
1209.276502   0.001942
1209.277183  -0.002663
1209.277865  -0.001847
1209.278546  -0.000473
1209.279227   0.000794
1209.288081  -0.001504
1209.288762  -0.001877
1209.289443  -0.001556
1209.290125  -0.001649
1209.290806  -0.001346
1209.291487  -0.000419
1209.292168   0.001492
1209.292849  -0.001076
1209.293530  -0.002889
1209.294211  -0.001118
1209.294892   0.000023
1209.295573  -0.000908
1209.296255  -0.001324
1209.296936  -0.001644
1209.297617  -0.000300
1209.298298   0.000017
1209.298979  -0.001395
1209.299660   0.002470
1209.300341  -0.002155
1209.301022  -0.001954
1209.301704  -0.000082
1209.302385  -0.000388
1209.303066  -0.001320
1209.303747   0.002433
1209.304428  -0.002842
1209.305109  -0.001597
1209.305790  -0.001780
1209.306471  -0.000858
1209.307152  -0.000321
1209.307834  -0.001093
1209.308515  -0.000217
1209.309196   0.000802
1209.309877  -0.000151
1209.310558   0.000512
1209.311239  -0.000331
1209.311920  -0.001780
1209.312601  -0.000390
1209.313282  -0.002140
1209.313964   0.000032
1209.314645  -0.001714
1209.315326  -0.002846
1209.316007  -0.000717
1209.316688   0.001012
1209.317369  -0.001942
1209.318050  -0.001321
1209.318731   0.000085
1209.319412  -0.000892
1209.320093  -0.000364
1209.320775  -0.000941
1209.321456   0.000941
1209.322137   0.001542
1209.322818  -0.001034
1209.323499   0.000784
1209.324180  -0.000025
1209.324861   0.000573
1209.325542  -0.000519
1209.326223  -0.000682
1209.326904   0.000462
1209.327586  -0.001439
1209.328267  -0.001550
1209.328948  -0.001951
1209.329629   0.000604
1209.330310  -0.003192
1209.330991   0.000775
1209.331672  -0.001244
1209.332353  -0.003833
1209.333035   0.000733
1209.333716   0.000189
1209.334397  -0.001579
1209.335078   0.000991
1209.335759  -0.000172
1209.336440  -0.001054
1209.337121  -0.000586
1209.337802   0.000351
1209.338483   0.001764
1209.339165  -0.000741
1209.339846   0.000679
1209.340527  -0.000216
1209.341208   0.000100
1209.341889   0.000130
1209.342570  -0.000166
1209.343251  -0.000494
1209.343932   0.000474
1209.344613  -0.000945
1209.345294   0.000192
1209.345976  -0.000952
1209.346657  -0.002088
1209.347338  -0.001938
1209.348019  -0.001794
1209.348700  -0.001818
1209.349381  -0.000314
1209.350062  -0.002002
1209.350743  -0.001188
1209.351424  -0.001989
1209.352106  -0.002541
1209.352787   0.000200
1209.353468  -0.000612
1209.354149  -0.000721
1209.354830  -0.001501
1209.355511   0.000517
1209.356192  -0.001530
1209.356873  -0.001803
1209.357555  -0.000952
1209.358236  -0.001285
1209.358917  -0.001430
1209.359598  -0.002801
1209.360279   0.002515
1209.360960   0.000674
1209.361641   0.000882
1209.362322   0.001374
1209.363003  -0.000750
1209.363685  -0.001654
1209.364366  -0.001026
1209.365047  -0.001472
1209.365728  -0.000107
1209.366409   0.002027
1209.367090   0.000388
1209.367771   0.000073
1209.368452  -0.002076
1209.369133   0.000541
1209.369814   0.000258
1209.370496  -0.000460
1209.371177   0.000416
1209.371858  -0.000971
1209.372539   0.000927
1209.373220  -0.000110
1209.373901  -0.000040
1209.374582  -0.001128
1209.375263   0.000953
1209.375944  -0.000898
1209.376626  -0.000291
1209.377307  -0.000249
1209.377988  -0.001297
1209.378669  -0.001852
1209.379350  -0.000763
1209.380031   0.001023
1209.380712   0.000487
1209.381393   0.000176
1209.382074  -0.001460
1209.382756  -0.001516
1209.383437   0.000542
1209.384118  -0.001668
1209.384799  -0.000202
1209.385480   0.000907
1209.386161  -0.002360
1209.386842  -0.001403
1209.387523  -0.000245
1209.388204  -0.000406
1209.388886  -0.001433
1209.389567  -0.001394
1209.390248  -0.000429
1209.390929  -0.000382
1209.391610  -0.001137
1209.392291  -0.002548
1209.392972   0.000530
1209.393653  -0.000117
1209.394334   0.002010
1209.395016  -0.001176
1209.395697  -0.001885
1209.396378  -0.000303
1209.397059  -0.001155
1209.397740  -0.003220
1209.398421   0.000527
1209.399102  -0.001109
1209.399783  -0.001644
1209.400464  -0.000692
1209.401146  -0.000651
1209.401827  -0.004336
1209.402508   0.000014
1209.403189   0.001485
1209.403870   0.000178
1209.404551  -0.001054
1209.405232   0.000625
1209.405913  -0.000014
1209.406594  -0.001482
1209.407276  -0.002625
1209.407957  -0.001798
1209.408638  -0.002197
1209.409319  -0.000967
1209.410000  -0.002759
1209.410681   0.000249
1209.411362   0.000156
1209.412043  -0.001861
1209.412724   0.000234
1209.413406  -0.002068
1209.414087  -0.001902
1209.414768  -0.002013
1209.415449  -0.001350
1209.416130  -0.001597
1209.416811  -0.001366
1209.417492   0.001639
1209.418173  -0.002002
1209.418854   0.000870
1209.419535  -0.000309
1209.420217   0.001806
1209.420898  -0.003059
1209.421579  -0.000571
1209.422260  -0.003277
1209.422941  -0.000845
1209.423622   0.000373
1209.424303   0.000180
1209.424984  -0.000448
1209.425666  -0.002248
1209.426347  -0.002828
1209.427028   0.001294
1209.427709  -0.000534
1209.428390   0.001371
1209.429071  -0.001838
1209.429752  -0.000935
1209.430433  -0.002063
1209.431114   0.000566
1209.431795  -0.001367
1209.432477  -0.002464
1209.433158  -0.000503
1209.433839   0.000298
1209.434520  -0.002846
1209.435201  -0.002182
1209.435882  -0.000228
1209.436563  -0.000679
1209.437244   0.000908
1209.437925  -0.001614
1209.438607  -0.002185
1209.439288   0.000418
1209.439969  -0.000761
1209.440650  -0.001158
1209.441331  -0.000343
1209.442012  -0.000809
1209.442693  -0.000780
1209.443374   0.000863
1209.444055  -0.000808
1209.444737  -0.000981
1209.445418   0.000141
1209.446099  -0.000620
1209.446780  -0.000432
1209.447461   0.001861
1209.448142  -0.001713
1209.448823   0.000452
1209.449504   0.002114
1209.450185   0.000180
1209.450867   0.001034
1209.451548  -0.001425
1209.452229  -0.000350
1209.452910  -0.001617
1209.453591  -0.001172
1209.454272  -0.001209
1209.454953  -0.001208
1209.455634  -0.001650
1209.456315  -0.000116
1209.456997  -0.002086
1209.457678  -0.000797
1209.458359  -0.000864
1209.459040   0.000485
1209.459721  -0.000146
1209.460402  -0.000467
1209.461083  -0.002469
1209.461764  -0.000279
1209.462446  -0.000267
1209.463127  -0.000388
1209.463808  -0.000948
1209.464489  -0.001919
1209.465170  -0.000361
1209.465851   0.000222
1209.466532  -0.000681
1209.467213  -0.000253
1209.467894  -0.002140
1209.468576  -0.000361
1209.469257  -0.000274
1209.469938  -0.002769
1209.470619  -0.001046
1209.471300  -0.000851
1209.471981  -0.002018
1209.472662   0.001140
1209.473343  -0.001516
1209.474024  -0.001591
1209.474706  -0.000543
1209.475387  -0.000999
1209.476068  -0.001263
1209.476749  -0.001294
1209.477430  -0.001047
1209.478111  -0.000871
1209.478792  -0.001217
1209.479473  -0.001208
1209.480154   0.000060
1209.480835  -0.001105
1209.481517  -0.002723
1209.482198   0.000277
1209.482879   0.000979
1209.483560   0.000542
1209.484241   0.000933
1209.484922  -0.001171
1209.485603  -0.001221
1209.486284   0.001076
1209.486965  -0.000684
1209.487647  -0.002604
1209.488328  -0.002017
1209.489009  -0.000922
1209.489690  -0.000706
1209.490371  -0.001094
1209.491052  -0.001133
1209.491733  -0.000873
1209.492414   0.000326
1209.493095   0.000578
1209.493777  -0.000100
1209.494458  -0.002125
1209.495139  -0.000102
1209.495820   0.000221
1209.496501   0.001168
1209.497182  -0.001596
1209.497863  -0.002284
1209.498544  -0.001176
1209.499225   0.000291
1209.499906  -0.000302
1209.500588  -0.001832
1209.501269  -0.000382
1209.501950   0.000626
1209.502631   0.000646
1209.503312  -0.001942
1209.503993   0.000557
1209.504674   0.000142
1209.505355  -0.002362
1209.506037  -0.001035
1209.506718  -0.000281
1209.507399  -0.001667
1209.508080   0.000281
1209.508761   0.000008
1209.509442   0.000347
1209.510123   0.000894
1209.510804  -0.000401
1209.511485  -0.002320
1209.512167  -0.001418
1209.512848  -0.000404
1209.513529  -0.000759
1209.514210   0.000024
1209.514891  -0.000495
1209.515572  -0.000362
1209.516253   0.001040
1209.516934   0.001134
1209.517615   0.000882
1209.518297  -0.001292
1209.518978  -0.000494
1209.519659  -0.000997
1209.520340  -0.000968
1209.521021  -0.000502
1209.521702   0.000459
1209.522383  -0.000269
1209.523064  -0.000106
1209.523745   0.000443
1209.524427   0.000015
1209.525108  -0.000141
1209.525789  -0.003360
1209.526470  -0.000768
1209.527151  -0.001074
1209.527832   0.001409
1209.528513  -0.000799
1209.529194   0.000966
1209.529875  -0.000226
1209.530556   0.000293
1209.531238  -0.000568
1209.531919  -0.000125
1209.532600   0.000017
1209.533281  -0.014136
1209.533962  -0.000779
1209.534643  -0.002853
1209.535324  -0.002320
1209.536005  -0.002296
1209.536686  -0.001299
1209.537368  -0.001240
1209.538049   0.000696
1209.538730  -0.000279
1209.539411  -0.001334
1209.540092  -0.001164
1209.540773  -0.001270
1209.541454   0.000091
1209.542135   0.001402
1209.542816  -0.000153
1209.543498  -0.000952
1209.544179   0.000521
1209.544860  -0.000061
1209.545541  -0.000947
1209.546222  -0.000665
1209.546903   0.000114
1209.547584  -0.001979
1209.548265  -0.000441
1209.548946  -0.000459
1209.549628  -0.000365
1209.550309  -0.001369
1209.550990  -0.001519
1209.551671  -0.000656
1209.552352  -0.000323
1209.553033  -0.001358
1209.553714  -0.001112
1209.554395  -0.000604
1209.555077  -0.001091
1209.555758  -0.001701
1209.556439  -0.002530
1209.557120  -0.001365
1209.557801  -0.000761
1209.558482  -0.000494
1209.559163  -0.003157
1209.559844  -0.002012
1209.560525  -0.000315
1209.561207   0.000033
1209.561888  -0.000205
1209.562569  -0.000431
1209.563250   0.000200
1209.563931  -0.000318
1209.564612  -0.001863
1209.565293  -0.001329
1209.565974  -0.001331
1209.566655   0.000006
1209.567337   0.001206
1209.568018  -0.001665
1209.568699   0.000344
1209.569380  -0.000942
1209.570061   0.000098
1209.570742  -0.000076
1209.571423   0.000479
1209.572104  -0.000966
1209.572785  -0.000717
1209.573467   0.000638
1209.574148   0.000317
1209.574829   0.002221
1209.575510  -0.001163
1209.576191  -0.000071
1209.576872  -0.000788
1209.577553  -0.000281
1209.578234  -0.000424
1209.578915  -0.001057
1209.579596   0.002015
1209.580278  -0.002226
1209.580959  -0.000621
1209.581640  -0.001006
1209.582321  -0.000431
1209.583002  -0.000319
1209.583683  -0.002340
1209.584364  -0.000475
1209.585045  -0.001035
1209.585726  -0.001094
1209.586407   0.000324
1209.587089   0.000272
1209.587770  -0.001628
1209.588451  -0.001901
1209.589132  -0.001513
1209.589813  -0.001794
1209.590494  -0.000259
1209.591175  -0.001380
1209.591856   0.000546
1209.592537  -0.001173
1209.593219  -0.000132
1209.593900  -0.000071
1209.594581  -0.002380
1209.595262   0.000959
1209.595943   0.001109
1209.596624  -0.002380
1209.597305  -0.000987
1209.597986   0.000502
1209.598667  -0.003406
1209.599349  -0.000397
1209.600030   0.003619
1209.600711  -0.002934
1209.601392  -0.001203
1209.602073  -0.000677
1209.602754  -0.001330
1209.603435  -0.001194
1209.604116   0.000161
1209.604797  -0.001488
1209.605479  -0.001262
1209.606160   0.000234
1209.606841   0.000563
1209.607522  -0.002021
1209.608203  -0.002521
1209.608884  -0.001363
1209.609565   0.000164
1209.610246  -0.000086
1209.610928   0.000059
1209.611609  -0.001911
1209.612290  -0.001763
1209.612971  -0.000642
1209.613652  -0.002336
1209.614333  -0.000680
1209.615014  -0.000822
1209.615695  -0.000012
1209.616376  -0.001535
1209.617058   0.000126
1209.617739  -0.000812
1209.618420  -0.000739
1209.619101  -0.000009
1209.619782   0.000961
1209.620463   0.000276
1209.621144  -0.004136
1209.621825  -0.001264
1209.622506  -0.002615
1209.623188  -0.000338
1209.623869  -0.002319
1209.624550   0.001141
1209.625231  -0.000751
1209.625912   0.000567
1209.626593  -0.001770
1209.627274   0.002009
1209.627955  -0.000048
1209.628636  -0.002196
1209.629318  -0.002125
1209.629999  -0.000971
1209.630680  -0.000709
1209.631361  -0.000787
1209.632042   0.001333
1209.632723  -0.001017
1209.633404  -0.000739
1209.634085   0.000906
1209.634766   0.000386
1209.635448  -0.000428
1209.636129   0.000074
1209.636810  -0.001316
1209.637491   0.000625
1209.638172  -0.000707
1209.638853  -0.003080
1209.639534  -0.003079
1209.640215  -0.002415
1209.640896   0.000360
1209.641577  -0.000244
1209.642259   0.000755
1209.642940  -0.001636
1209.643621   0.000952
1209.644302   0.000324
1209.644983   0.001738
1209.645664  -0.000581
1209.646345  -0.000641
1209.647026  -0.000857
1209.647707  -0.001345
1209.648389  -0.001039
1209.649070  -0.001850
1209.649751   0.000922
1209.650432  -0.001079
1209.651113   0.000237
1209.651794  -0.000510
1209.652475   0.000253
1209.653156  -0.002421
1209.653838   0.000284
1209.654519  -0.000191
1209.655200  -0.000318
1209.655881   0.001350
1209.656562  -0.001683
1209.657243  -0.001094
1209.657924  -0.002060
1209.658605  -0.000351
1209.659286   0.001206
1209.659968  -0.001678
1209.660649   0.000528
1209.661330  -0.001219
1209.662011   0.001161
1209.662692  -0.001106
1209.663373  -0.001627
1209.664054  -0.000843
1209.664735  -0.000576
1209.665416  -0.001219
1209.666097  -0.001344
1209.666779  -0.000630
1209.667460  -0.002265
1209.668141  -0.002373
1209.668822  -0.001296
1209.669503   0.000352
1209.670184  -0.000116
1209.670865   0.001037
1209.671546  -0.000310
1209.672227  -0.001477
1209.672909   0.000586
1209.673590  -0.001412
1209.674271  -0.000017
1209.674952  -0.000350
1209.675633  -0.000288
1209.676314  -0.000463
1209.676995  -0.002486
1209.677676  -0.000341
1209.678357  -0.000789
1209.679039  -0.000878
1209.679720  -0.001551
1209.680401  -0.003719
1209.681082  -0.001508
1209.681763  -0.000370
1209.682444  -0.001081
1209.683125  -0.001071
1209.683806  -0.002595
1209.684487   0.000227
1209.685169  -0.001703
1209.685850  -0.002969
1209.686531  -0.002218
1209.687212  -0.001874
1209.687893  -0.001321
1209.688574  -0.003051
1209.689255  -0.000493
1209.689936  -0.000396
1209.690617   0.000981
1209.691298  -0.000769
1209.691980  -0.000169
1209.692661  -0.002409
1209.693342  -0.000251
1209.694023  -0.001032
1209.694704   0.001878
1209.695385  -0.001524
1209.696066  -0.001827
1209.696747   0.000843
1209.697428  -0.000538
1209.698110  -0.001824
1209.698791  -0.002838
1209.699472   0.001101
1209.700153   0.000762
1209.700834   0.000364
1209.701515  -0.000389
1209.702196   0.000306
1209.702877  -0.000112
1209.703559   0.001511
1209.704240  -0.001148
1209.704921  -0.002755
1209.705602  -0.001910
1209.706283  -0.000963
1209.706964  -0.000743
1209.707645  -0.001621
1209.708326  -0.001264
1209.709007  -0.001486
1209.709689  -0.001096
1209.710370  -0.000438
1209.711051  -0.000976
1209.711732  -0.000736
1209.712413  -0.001060
1209.713094  -0.001128
1209.713775  -0.000343
1209.714456  -0.001148
1209.715137  -0.000417
1209.715819  -0.000576
1209.716500  -0.001232
1209.717181   0.000431
1209.717862   0.000055
1209.718543   0.000811
1209.719224  -0.001409
1209.719905   0.001397
1209.720586  -0.002779
1209.721267  -0.000378
1209.721949  -0.001988
1209.722630  -0.000639
1209.723311  -0.002628
1209.723992  -0.001453
1209.724673  -0.002691
1209.725354  -0.000698
1209.726035  -0.002274
1209.726716  -0.000641
1209.727397  -0.001254
1209.728079   0.000895
1209.728760  -0.001958
1209.729441   0.000181
1209.730122  -0.001969
1209.730803   0.000573
1209.731484  -0.002702
1209.732165  -0.001325
1209.732846  -0.000619
1209.733527   0.001527
1209.734209   0.000007
1209.734890  -0.000671
1209.735571   0.000808
1209.736252  -0.000690
1209.736933  -0.003162
1209.737614   0.001418
1209.738295   0.000650
1209.738976  -0.000501
1209.739657   0.001006
1209.740339   0.000332
1209.741020   0.000208
1209.741701   0.000535
1209.742382  -0.000656
1209.743063   0.000653
1209.743744  -0.000852
1209.744425   0.000577
1209.745106  -0.001731
1209.745787  -0.001084
1209.746468  -0.001505
1209.747150  -0.000209
1209.747831   0.001204
1209.748512  -0.000549
1209.749193  -0.000047
1209.749874  -0.000618
1209.750555   0.000349
1209.751236  -0.000725
1209.751917   0.000792
1209.752598  -0.000607
1209.753280  -0.003238
1209.753961   0.000354
1209.754642  -0.003160
1209.755323  -0.001709
1209.756004  -0.000631
1209.756685   0.000251
1209.757366  -0.001800
1209.758047  -0.001008
1209.758728  -0.000742
1209.759410  -0.000997
1209.760091   0.001043
1209.760772   0.001174
1209.761453  -0.000528
1209.762134  -0.000501
1209.762815   0.001246
1209.763496   0.000830
1209.764177  -0.002691
1209.764858   0.000322
1209.765540  -0.001895
1209.766221   0.000028
1209.766902   0.000742
1209.767583  -0.002426
1209.768264  -0.002287
1209.768945  -0.001174
1209.769626   0.000064
1209.770307  -0.001896
1209.770988  -0.002075
1209.771670   0.001490
1209.772351  -0.000111
1209.773032  -0.000600
1209.773713  -0.001370
1209.774394  -0.003254
1209.775075  -0.001392
1209.775756   0.000896
1209.776437   0.001177
1209.777118  -0.000058
1209.777800   0.000993
1209.778481   0.000432
1209.779162   0.002429
1209.779843   0.002479
1209.780524  -0.001910
1209.781205  -0.001343
1209.781886  -0.000820
1209.782567  -0.000183
1209.783249  -0.000520
1209.783930  -0.001913
1209.784611   0.002121
1209.785292  -0.000377
1209.785973   0.001616
1209.786654  -0.003212
1209.787335   0.000785
1209.788016   0.000150
