1397.664436  -0.001202
1397.665118  -0.000509
1397.665799  -0.001297
1397.666480  -0.003156
1397.667161  -0.000508
1397.667842  -0.001096
1397.668523  -0.001890
1397.669204  -0.000442
1397.669886  -0.002193
1397.670567   0.000402
1397.671248   0.000139
1397.671929   0.000533
1397.672610  -0.000117
1397.673291   0.001857
1397.673972  -0.000689
1397.674653  -0.001069
1397.675334  -0.001602
1397.676016  -0.001004
1397.676697  -0.001411
1397.677378  -0.000577
1397.678059  -0.000646
1397.678740  -0.002191
1397.679421   0.000007
1397.680102   0.000486
1397.680783  -0.003085
1397.681465  -0.001028
1397.682146  -0.000913
1397.682827  -0.000233
1397.683508  -0.001810
1397.684189  -0.000770
1397.684870   0.000237
1397.685551  -0.002404
1397.686233   0.001361
1397.686914  -0.001487
1397.687595   0.000116
1397.688276  -0.000691
1397.688957  -0.000961
1397.689638  -0.002211
1397.690319  -0.001179
1397.691000  -0.000086
1397.691682   0.002457
1397.692363  -0.002569
1397.693044  -0.001587
1397.693725  -0.000040
1397.694406   0.000310
1397.695087  -0.000966
1397.695768   0.000464
1397.696449  -0.001656
1397.697131  -0.001211
1397.697812   0.000215
1397.698493   0.001394
1397.699174  -0.001485
1397.699855  -0.000905
1397.700536  -0.001720
1397.701217  -0.002365
1397.701899  -0.001513
1397.702580  -0.000087
1397.703261  -0.001367
1397.703942  -0.000183
1397.704623  -0.001300
1397.705304  -0.001915
1397.705985  -0.001618
1397.706666  -0.000369
1397.707348  -0.003507
1397.708029  -0.001684
1397.708710  -0.001764
1397.709391  -0.000142
1397.710072   0.001775
1397.710753  -0.000899
1397.711434  -0.001796
1397.712115  -0.002368
1397.712797  -0.001597
1397.713478  -0.001635
1397.714159  -0.002106
1397.714840  -0.001366
1397.715521   0.000137
1397.716202  -0.001080
1397.716883  -0.000236
1397.717564  -0.000438
1397.718246  -0.000319
1397.718927  -0.001425
1397.719608  -0.000946
1397.720289  -0.002138
1397.720970  -0.000933
1397.721651  -0.001150
1397.722332  -0.000983
1397.723014  -0.001938
1397.723695  -0.002227
1397.724376  -0.001481
1397.725057  -0.001683
1397.725738  -0.003145
1397.726419  -0.000027
1397.727100  -0.001469
1397.727781  -0.000440
1397.728463  -0.000017
1397.729144  -0.000058
1397.729825  -0.001374
1397.730506  -0.002024
1397.731187   0.001720
1397.731868  -0.002081
1397.732549  -0.000775
1397.733230  -0.001437
1397.733912  -0.001841
1397.734593  -0.001013
1397.735274  -0.000415
1397.735955   0.000777
1397.736636  -0.001292
1397.737317  -0.001272
1397.737998  -0.000606
1397.738679  -0.000096
1397.739361  -0.001099
1397.740042   0.000571
1397.740723  -0.002259
1397.741404  -0.000622
1397.742085  -0.000546
1397.742766   0.001735
1397.743447  -0.002016
1397.744128  -0.000209
1397.744810  -0.000920
1397.745491  -0.000397
1397.746172  -0.002698
1397.746853  -0.001167
1397.747534  -0.002109
1397.748215  -0.001288
1397.748896  -0.000778
1397.749577  -0.001070
1397.750259  -0.000919
1397.750940  -0.001331
1397.751621  -0.002119
1397.752302   0.000215
1397.752983  -0.000452
1397.753664  -0.001963
1397.754345   0.000716
1397.755027   0.000677
1397.755708  -0.002476
1397.756389   0.001989
1397.757070  -0.002205
1397.757751   0.000173
1397.758432  -0.001444
1397.759113  -0.000627
1397.759794   0.000876
1397.760476  -0.001285
1397.761157  -0.000891
1397.761838   0.000670
1397.762519   0.002504
1397.763200  -0.000775
1397.763881  -0.001147
1397.764562   0.000450
1397.765243   0.000361
1397.765925   0.002443
1397.766606   0.000440
1397.767287  -0.000778
1397.767968   0.000879
1397.768649  -0.000783
1397.769330  -0.000351
1397.770011  -0.000184
1397.770692  -0.002409
1397.771374  -0.002353
1397.772055   0.001339
1397.772736   0.000927
1397.773417  -0.000514
1397.774098  -0.002526
1397.774779   0.000979
1397.775460  -0.002553
1397.776142  -0.001707
1397.776823  -0.000495
1397.777504  -0.001017
1397.778185  -0.001826
1397.778866  -0.001275
1397.779547  -0.002247
1397.780228   0.001027
1397.780909   0.000286
1397.781590   0.001911
1397.782272   0.000493
1397.782953  -0.000111
1397.783634  -0.000760
1397.784315  -0.000878
1397.784996   0.000514
1397.785677   0.000186
1397.786358  -0.000420
1397.787040  -0.001112
1397.787721   0.000559
1397.788402  -0.001533
1397.789083   0.000055
1397.789764  -0.002530
1397.790445  -0.000331
1397.791126  -0.005063
1397.791807  -0.003314
1397.792489  -0.000131
1397.793170  -0.000963
1397.793851   0.000002
1397.794532  -0.001012
1397.795213  -0.000728
1397.795894  -0.001229
1397.796575   0.000640
1397.797256  -0.001342
1397.797938  -0.000512
1397.798619   0.000387
1397.799300  -0.001258
1397.799981  -0.000337
1397.800662  -0.001881
1397.801343   0.000662
1397.802024  -0.002879
1397.802706   0.001683
1397.803387  -0.000724
1397.804068  -0.000548
1397.804749   0.001045
1397.805430  -0.000538
1397.806111  -0.001776
1397.806792  -0.001647
1397.807474  -0.000757
1397.808155  -0.000566
1397.808836  -0.001044
1397.809517  -0.000452
1397.810198  -0.001047
1397.810879  -0.000587
1397.811560  -0.001808
1397.812241  -0.001199
1397.812922  -0.000179
1397.813604  -0.002775
1397.814285  -0.000120
1397.814966  -0.000733
1397.815647  -0.000215
1397.816328   0.000412
1397.817009   0.000054
1397.817690  -0.000760
1397.818372   0.000021
1397.819053  -0.001503
1397.819734  -0.000966
1397.820415  -0.001382
1397.821096   0.001757
1397.821777   0.000733
1397.822458  -0.000508
1397.823139  -0.000598
1397.823821   0.000048
1397.824502  -0.000809
1397.825183  -0.001382
1397.825864  -0.000421
1397.826545  -0.001226
1397.827226  -0.001318
1397.827907   0.000019
1397.828588  -0.001374
1397.829270  -0.001765
1397.829951   0.000219
1397.830632  -0.001431
1397.831313   0.000481
1397.831994  -0.000653
1397.832675  -0.001380
1397.833356  -0.001920
1397.834037  -0.000097
1397.834719  -0.000871
1397.835400  -0.000650
1397.836081   0.001153
1397.836762  -0.002495
1397.837443  -0.000617
1397.838124  -0.002788
1397.838805   0.000007
1397.839486  -0.000386
1397.840168  -0.000243
1397.840849  -0.000784
1397.841530  -0.002249
1397.842211   0.001058
1397.842892  -0.000862
1397.843573  -0.001298
1397.844254  -0.001105
1397.844936  -0.002958
1397.845617  -0.001290
1397.846298  -0.001463
1397.846979   0.000206
1397.847660  -0.001456
1397.848341  -0.001212
1397.849022  -0.001722
1397.849703  -0.000894
1397.850385   0.000818
1397.851066  -0.000444
1397.851747  -0.001741
1397.852428  -0.003491
1397.853109   0.000574
1397.853790  -0.000011
1397.854471   0.001835
1397.855152  -0.001409
1397.855833  -0.002407
1397.856515  -0.001090
1397.857196   0.000930
1397.857877  -0.003391
1397.858558  -0.000080
1397.859239  -0.000936
1397.859920  -0.000302
1397.860601   0.000151
1397.861283  -0.000752
1397.861964  -0.000907
1397.862645   0.000869
1397.863326   0.000825
1397.864007  -0.000000
1397.864688  -0.001351
1397.865369  -0.001484
1397.866050  -0.001925
1397.866732   0.001552
1397.867413  -0.000667
1397.868094  -0.001045
1397.868775  -0.001358
1397.869456  -0.001980
1397.870137   0.000010
1397.870818  -0.000517
1397.871499  -0.000182
1397.872181   0.000009
1397.872862   0.000310
1397.873543  -0.001635
1397.874224   0.000999
1397.874905  -0.000423
1397.875586  -0.001063
1397.876267   0.000223
1397.876949  -0.001660
1397.877630   0.001050
1397.878311  -0.000579
1397.878992  -0.001295
1397.879673  -0.000385
1397.880354  -0.003472
1397.881035  -0.001979
1397.881716   0.001421
1397.882398   0.000122
1397.883079  -0.002993
1397.883760  -0.000557
1397.884441  -0.001103
1397.885122  -0.000296
1397.885803  -0.004092
1397.886484  -0.000907
1397.887165   0.000614
1397.887846  -0.002021
1397.888528   0.001987
1397.889209  -0.001587
1397.889890   0.001313
1397.890571  -0.001394
1397.891252  -0.000126
1397.891933  -0.002034
1397.892614  -0.000254
1397.893296  -0.002536
1397.893977  -0.000885
1397.894658  -0.002732
1397.895339  -0.003191
1397.896020   0.001069
1397.896701  -0.002304
1397.897382  -0.003018
1397.898064  -0.002035
1397.898745   0.000097
1397.899426  -0.002762
1397.900107  -0.002167
1397.900788  -0.001039
1397.901469  -0.001396
1397.902150  -0.002400
1397.902831  -0.001150
1397.903513  -0.000651
1397.904194  -0.001480
1397.904875   0.000683
1397.905556  -0.001321
1397.906237  -0.000527
1397.906918  -0.000737
1397.907599  -0.000822
1397.908280  -0.000736
1397.908962  -0.000203
1397.909643  -0.001947
1397.910324  -0.000653
1397.911005   0.000113
1397.911686  -0.001873
1397.912367   0.000604
1397.913048  -0.002726
1397.913730  -0.000328
1397.914411   0.000468
1397.915092  -0.000454
1397.915773  -0.000430
1397.916454  -0.001109
1397.917135   0.000495
1397.917816  -0.001149
1397.918497  -0.001162
1397.919179  -0.003880
1397.919860  -0.000538
1397.920541  -0.000181
1397.921222  -0.001539
1397.921903   0.009400
1397.922584  -0.001131
1397.923265  -0.001691
1397.923946  -0.001448
1397.924628  -0.001774
1397.925309  -0.000281
1397.925990   0.000030
1397.926671  -0.001732
1397.927352  -0.000241
1397.928033   0.001028
1397.928714  -0.002215
1397.929395  -0.001189
1397.930077   0.000663
1397.930758  -0.001481
1397.931439  -0.000156
1397.932120  -0.002446
1397.932801   0.000248
1397.933482  -0.002157
1397.934163  -0.000241
1397.934844  -0.000299
1397.935526   0.000649
1397.936207  -0.001663
1397.936888   0.001068
1397.937569  -0.000072
1397.938250  -0.000697
1397.938931   0.000612
1397.939612  -0.001742
1397.940293   0.000055
1397.940975  -0.002141
1397.941656  -0.000809
1397.942337   0.000993
1397.943018  -0.001520
1397.943699  -0.002173
1397.944380  -0.001049
1397.945061  -0.001201
1397.945742  -0.001782
1397.946424   0.000056
1397.947105  -0.002297
1397.947786  -0.000089
1397.948467  -0.002693
1397.949148  -0.001597
1397.949829  -0.001867
1397.950510  -0.000962
1397.951192  -0.001859
1397.951873   0.000112
1397.952554  -0.000130
1397.953235  -0.000113
1397.953916  -0.000758
1397.954597  -0.003038
1397.955278  -0.001014
1397.955959   0.000147
1397.956641  -0.000239
1397.957322  -0.002005
1397.958003  -0.001291
1397.958684  -0.000989
1397.959365  -0.001801
1397.960046   0.000302
1397.960727  -0.002921
1397.961408  -0.001481
1397.962090   0.000038
1397.962771  -0.002160
1397.963452  -0.000167
1397.964133  -0.002601
1397.964814   0.000197
1397.965495  -0.002959
1397.966176  -0.001759
1397.966857  -0.002515
1397.967539  -0.003271
1397.968220  -0.002655
1397.977074   0.001433
1397.977755  -0.002130
1397.978437  -0.000102
1397.979118  -0.000928
1397.979799  -0.002406
1397.980480  -0.000346
1397.981161   0.001358
1397.981842  -0.000959
1397.982523  -0.002144
1397.983205  -0.002484
1397.983886  -0.000890
1397.984567  -0.001723
1397.985248  -0.000908
1397.985929   0.000455
1397.986610  -0.001377
1397.987291   0.000783
1397.987972  -0.000771
1397.988654  -0.002516
1397.989335   0.000220
1397.990016   0.000772
1397.990697  -0.000502
1397.991378  -0.000870
1397.992059  -0.001132
1397.992740  -0.000982
1397.993421   0.001103
1397.994103  -0.001864
1397.994784  -0.001242
1397.995465   0.001729
1397.996146  -0.001101
1397.996827   0.000847
1397.997508  -0.000777
1397.998189  -0.000150
1397.998871  -0.000979
1397.999552   0.000927
1398.000233  -0.002867
1398.000914  -0.000109
1398.001595   0.000735
1398.002276  -0.001101
1398.002957  -0.000962
1398.003639  -0.001628
1398.004320  -0.002506
1398.005001  -0.001244
1398.005682  -0.000113
1398.006363  -0.000320
1398.007044  -0.001068
1398.007725  -0.000825
1398.008406  -0.000247
1398.009087  -0.000702
1398.009769   0.000085
1398.010450  -0.001141
1398.011131  -0.000835
1398.011812  -0.000883
1398.012493  -0.000734
1398.013174  -0.001124
1398.013855  -0.003181
1398.014537  -0.002053
1398.015218  -0.001368
1398.015899   0.000101
1398.016580  -0.001949
1398.017261  -0.001261
1398.017942  -0.001475
1398.018623  -0.001025
1398.019304  -0.001211
1398.019986  -0.000925
1398.020667  -0.001250
1398.021348   0.000852
1398.022029  -0.001893
1398.022710  -0.002553
1398.023391  -0.002181
1398.024072   0.000602
1398.024753  -0.000687
1398.025435  -0.000232
1398.026116  -0.000528
1398.026797   0.000286
1398.027478  -0.002555
1398.028159  -0.000883
1398.028840  -0.000848
1398.029521  -0.002089
1398.030202  -0.001324
1398.030884   0.000239
1398.031565  -0.001159
1398.032246   0.000461
1398.032927  -0.002615
1398.033608  -0.000536
1398.034289  -0.001750
1398.034970   0.000073
1398.035651  -0.001173
1398.036333   0.000728
1398.037014  -0.000253
1398.037695  -0.000491
1398.038376   0.001382
1398.039057  -0.003972
1398.039738   0.000039
1398.040419  -0.002268
1398.041101  -0.001318
1398.041782   0.000995
1398.042463  -0.000313
1398.043144  -0.000940
1398.043825  -0.000596
1398.044506  -0.001712
1398.045187  -0.000974
1398.045868  -0.001810
1398.046550   0.000799
1398.047231  -0.000465
1398.047912  -0.000351
1398.048593   0.000564
1398.049274  -0.001318
1398.049955   0.000146
1398.050636   0.001884
1398.051317   0.001168
1398.051998   0.000171
1398.052680   0.001086
1398.053361  -0.000896
1398.054042  -0.000886
1398.054723  -0.000588
1398.055404  -0.001611
1398.056085  -0.000725
1398.056766  -0.001699
1398.057448  -0.001392
1398.058129  -0.000736
1398.058810   0.000163
1398.059491   0.001345
1398.060172  -0.002086
1398.060853  -0.003088
1398.061534  -0.000869
1398.062215   0.000276
1398.062897   0.001419
1398.063578  -0.001373
1398.064259  -0.000311
1398.064940  -0.000042
1398.065621  -0.002345
1398.066302  -0.000524
1398.066983  -0.001259
1398.067664  -0.001265
1398.068346   0.001504
1398.069027  -0.001823
1398.069708   0.001331
1398.070389  -0.000057
1398.071070  -0.001319
1398.071751   0.000207
1398.072432  -0.001343
1398.073114  -0.000994
1398.073795  -0.002105
1398.074476  -0.001528
1398.075157  -0.001575
1398.075838  -0.001324
1398.076519   0.000432
1398.077200   0.002120
1398.077881   0.000164
1398.078563  -0.000842
1398.079244  -0.001505
1398.079925  -0.000889
1398.080606  -0.001222
1398.081287  -0.002666
1398.081968  -0.000583
1398.082649  -0.000636
1398.083330  -0.003216
1398.084012  -0.002054
1398.084693  -0.001481
1398.085374  -0.000337
1398.086055  -0.001485
1398.086736  -0.001213
1398.087417  -0.001800
1398.088098  -0.004785
1398.088779  -0.003119
1398.089461   0.002687
1398.090142   0.000075
1398.090823  -0.001291
1398.091504  -0.000279
1398.092185  -0.001234
1398.092866  -0.000434
1398.093547  -0.002045
1398.094228  -0.000933
1398.094910  -0.002075
1398.095591  -0.000463
1398.096272  -0.001471
1398.096953   0.000835
1398.097634  -0.000264
1398.098315  -0.001513
1398.098996  -0.003139
1398.099678  -0.003072
1398.100359  -0.000877
1398.101040  -0.001547
1398.101721   0.000273
1398.102402  -0.001628
1398.103083   0.000594
1398.103764  -0.001312
1398.104445  -0.000799
1398.105127  -0.001941
1398.105808  -0.000186
1398.106489  -0.001757
1398.107170  -0.000900
1398.107851  -0.003130
1398.108532  -0.001738
1398.109213  -0.000516
1398.109894  -0.004949
1398.110576   0.000458
1398.111257  -0.000643
1398.111938  -0.000156
1398.112619  -0.000858
1398.113300  -0.003906
1398.113981  -0.000331
1398.114662  -0.001647
1398.115343   0.000279
1398.116025   0.000718
1398.116706  -0.003184
1398.117387  -0.000504
1398.118068  -0.001143
1398.118749  -0.000502
1398.119430   0.000206
1398.120111  -0.001101
1398.120793   0.000224
1398.121474  -0.001145
1398.122155  -0.000206
1398.122836  -0.001930
1398.123517  -0.000656
1398.124198  -0.001041
1398.124879  -0.002278
1398.125560  -0.001568
1398.126242  -0.000415
1398.126923  -0.001225
1398.127604   0.001846
1398.128285  -0.002003
1398.128966  -0.003169
1398.129647   0.000487
1398.130328   0.000193
1398.131009  -0.000373
1398.131691   0.000557
1398.132372  -0.000487
1398.133053  -0.000803
1398.133734  -0.002485
1398.134415  -0.000868
1398.135096  -0.001143
1398.135777  -0.003581
1398.136458   0.000334
1398.137140  -0.000872
1398.137821  -0.001927
1398.138502  -0.002910
1398.139183  -0.001793
1398.139864  -0.001662
1398.140545  -0.000681
1398.141226  -0.001090
1398.141907  -0.001609
1398.142589   0.000529
1398.143270   0.001113
1398.143951  -0.000738
1398.144632  -0.001855
1398.145313  -0.002369
1398.145994  -0.000351
1398.146675  -0.000977
1398.147357  -0.002725
1398.148038  -0.000132
1398.148719  -0.001557
1398.149400   0.000012
1398.150081  -0.000242
1398.150762  -0.001067
1398.151443   0.000850
1398.152124  -0.002337
1398.152806  -0.001454
1398.153487  -0.000800
1398.154168   0.000057
1398.154849  -0.002550
1398.155530   0.001163
1398.156211  -0.001547
1398.156892  -0.000264
1398.157573   0.000369
1398.158255  -0.001245
1398.158936   0.002213
1398.159617   0.002161
1398.160298  -0.001576
1398.160979  -0.001641
1398.161660   0.001483
1398.162341   0.000920
1398.163022  -0.001409
1398.163704  -0.001485
1398.164385  -0.001063
1398.165066  -0.001012
1398.165747  -0.000487
1398.166428   0.000644
1398.167109   0.001334
1398.167790  -0.001050
1398.168471   0.001538
1398.169153  -0.002579
1398.169834   0.000246
1398.170515  -0.002691
1398.171196  -0.000264
1398.171877  -0.000846
1398.172558   0.001073
1398.173239   0.001997
1398.173920  -0.001708
1398.174602  -0.002824
1398.175283  -0.001613
1398.175964  -0.001947
1398.176645  -0.000774
1398.177326   0.000264
1398.178007  -0.000298
1398.178688   0.000070
1398.179370   0.000051
1398.180051   0.000636
1398.180732  -0.002277
1398.181413  -0.001435
1398.182094  -0.000561
1398.182775  -0.001829
1398.183456   0.001577
1398.184137   0.000677
1398.184819  -0.000611
1398.185500   0.000776
1398.186181  -0.000531
1398.186862  -0.000569
1398.187543  -0.000735
1398.188224  -0.000431
1398.188905  -0.001848
1398.189586   0.001590
1398.190268   0.000076
1398.190949  -0.002667
1398.191630  -0.002111
1398.192311  -0.000398
1398.192992  -0.001870
1398.193673  -0.000946
1398.194354  -0.000010
1398.195035  -0.000984
1398.195717   0.000576
1398.196398  -0.002775
1398.197079  -0.000769
1398.197760  -0.000761
1398.198441  -0.001902
1398.199122  -0.001219
1398.199803   0.000927
1398.200485  -0.000013
1398.201166  -0.000577
1398.201847   0.001272
1398.202528   0.000444
1398.203209  -0.001344
1398.203890   0.000148
1398.204571   0.000388
1398.205252  -0.001237
1398.205934  -0.001210
1398.206615  -0.002663
1398.207296   0.000287
1398.207977  -0.002181
1398.208658  -0.002603
1398.209339  -0.000098
1398.210020  -0.001700
1398.210701  -0.000533
1398.211383  -0.002604
1398.212064  -0.000347
1398.212745  -0.000240
1398.213426  -0.002649
1398.214107  -0.000032
1398.214788  -0.000196
1398.215469  -0.000356
1398.216150  -0.002023
1398.216832  -0.000182
1398.217513  -0.000321
1398.218194  -0.000712
1398.218875  -0.001942
1398.219556  -0.000623
1398.220237  -0.001601
1398.220918   0.001666
1398.221600   0.001713
1398.222281  -0.000603
1398.222962  -0.001996
1398.223643   0.000161
1398.224324  -0.001842
1398.225005  -0.001564
1398.225686   0.001026
1398.226367  -0.002297
1398.227048   0.001209
1398.227730  -0.000815
1398.228411  -0.002990
1398.229092  -0.000329
1398.229773  -0.000569
1398.230454   0.000356
1398.231135  -0.003335
1398.231816  -0.002445
1398.232498  -0.002341
1398.233179  -0.000516
1398.233860  -0.001067
1398.234541   0.000113
1398.235222   0.000296
1398.235903  -0.003403
1398.236584  -0.001079
1398.237265   0.000603
1398.237947   0.000065
1398.238628  -0.000426
1398.239309  -0.000950
1398.239990  -0.000660
1398.240671   0.000261
1398.241352  -0.001151
1398.242033  -0.000414
1398.242714  -0.001969
1398.243396  -0.000913
1398.244077  -0.002672
1398.244758  -0.000872
1398.245439  -0.001045
1398.246120  -0.001381
1398.246801   0.001827
1398.247482  -0.000815
1398.248163  -0.002289
1398.248845  -0.002815
1398.249526   0.000921
1398.250207   0.000052
1398.250888  -0.002175
1398.251569  -0.001429
1398.252250   0.000620
1398.252931   0.000738
1398.253613  -0.001170
1398.254294  -0.003380
1398.254975   0.000679
1398.255656  -0.000780
1398.256337   0.000117
1398.257018  -0.002548
1398.257699  -0.000001
1398.258380  -0.001442
1398.259061   0.000158
1398.259743   0.000798
1398.260424  -0.001923
1398.261105  -0.000039
1398.261786   0.002485
1398.262467  -0.001606
1398.263148  -0.000427
1398.263829  -0.000697
1398.264511  -0.000874
1398.265192  -0.001407
1398.265873  -0.000780
1398.266554  -0.001341
1398.267235  -0.000600
1398.267916   0.001490
1398.268597   0.000989
1398.269279  -0.002170
1398.269960  -0.000228
1398.270641  -0.000633
1398.271322  -0.001134
1398.272003  -0.000374
1398.272684  -0.002255
1398.273365  -0.003238
1398.274046   0.001661
1398.274727  -0.002072
1398.275409   0.000451
1398.276090  -0.000213
1398.276771  -0.001009
1398.277452   0.000764
1398.278133  -0.000849
1398.278814  -0.001341
1398.279495   0.000930
1398.280177  -0.000468
1398.280858   0.000273
1398.281539  -0.001612
1398.282220   0.000322
1398.282901   0.000335
1398.283582  -0.001427
1398.284263  -0.001234
1398.284944  -0.002994
1398.285625   0.001276
1398.286307   0.000643
1398.286988  -0.000739
1398.287669  -0.000380
1398.288350  -0.001952
1398.289031   0.000499
1398.289712  -0.002777
1398.290393  -0.001767
1398.291074  -0.003238
1398.291756  -0.000676
1398.292437  -0.000281
1398.293118  -0.002723
1398.293799  -0.000044
1398.294480  -0.000753
1398.295161  -0.000238
1398.295842  -0.002218
1398.296524   0.001039
1398.297205  -0.000583
1398.297886  -0.001351
1398.298567   0.000280
1398.299248   0.000505
1398.299929  -0.002433
1398.300610  -0.002878
1398.301292   0.000860
1398.301973  -0.004453
1398.302654  -0.001207
1398.303335  -0.001516
1398.304016  -0.002626
1398.304697   0.000521
1398.305378  -0.000127
1398.306059  -0.001659
1398.306741  -0.000413
1398.307422  -0.001783
1398.308103  -0.002994
1398.308784  -0.001791
1398.309465  -0.001025
1398.310146   0.000116
1398.310827  -0.001755
1398.311508   0.000628
1398.312190   0.000147
1398.312871  -0.001335
1398.313552   0.000562
1398.314233   0.000032
1398.314914  -0.000561
1398.315595  -0.000994
1398.316276  -0.002264
1398.316957  -0.001284
1398.317639  -0.001815
1398.318320  -0.000272
1398.319001  -0.000446
1398.319682  -0.002303
1398.320363  -0.000890
1398.321044  -0.001802
1398.321725  -0.001722
1398.322407  -0.002553
1398.323088  -0.001883
1398.323769  -0.001564
1398.324450  -0.000702
1398.325131  -0.000770
1398.325812  -0.002420
1398.326493   0.001233
1398.327174  -0.000255
1398.327855  -0.000105
1398.328537  -0.000958
1398.329218  -0.004121
1398.329899  -0.000474
1398.330580   0.000642
1398.331261  -0.001570
1398.331942  -0.000524
1398.332623   0.000059
1398.333305  -0.000398
1398.333986  -0.001109
1398.334667  -0.000376
1398.335348  -0.000592
1398.336029  -0.000726
1398.336710  -0.000285
1398.337391   0.000428
1398.338072  -0.002221
1398.338754  -0.000743
1398.339435  -0.001583
1398.340116  -0.000978
1398.340797  -0.000549
1398.341478  -0.001737
1398.342159   0.000172
1398.342840  -0.000198
1398.343521   0.000014
1398.344203  -0.000028
1398.344884  -0.001412
1398.345565  -0.000203
1398.346246  -0.001673
1398.346927  -0.000208
1398.347608  -0.000233
1398.348289  -0.000026
1398.348970   0.000688
1398.349652   0.000426
1398.350333  -0.002713
1398.351014   0.001563
1398.351695  -0.001580
1398.352376  -0.001954
1398.353057  -0.001663
1398.353738  -0.001099
1398.354420  -0.002036
1398.355101  -0.000191
1398.355782  -0.001533
1398.356463  -0.001926
1398.357144  -0.001819
1398.357825  -0.002071
1398.358506  -0.000714
1398.359187  -0.002167
1398.359868  -0.002875
1398.360550   0.000022
1398.361231  -0.001150
1398.361912  -0.001661
1398.362593   0.000384
1398.363274  -0.001839
1398.363955  -0.001909
1398.364636  -0.003909
1398.365318  -0.002538
1398.365999  -0.001278
1398.366680  -0.001400
1398.367361  -0.001915
1398.368042  -0.000656
1398.368723  -0.002038
1398.369404  -0.002354
1398.370085  -0.002287
1398.370767  -0.002242
1398.371448   0.000911
1398.372129  -0.000910
1398.372810  -0.000361
1398.373491  -0.000651
1398.374172  -0.000641
1398.374853   0.000574
1398.375534  -0.002275
1398.376216  -0.001407
1398.376897  -0.001643
1398.377578   0.000375
1398.378259  -0.001246
1398.378940  -0.000665
1398.379621  -0.002506
1398.380302  -0.000064
1398.380983  -0.000331
1398.381665  -0.000919
1398.382346  -0.001333
1398.383027   0.000178
1398.383708   0.000749
1398.384389  -0.001463
1398.385070  -0.000427
1398.385751   0.000094
1398.386432  -0.000728
1398.387114  -0.001181
1398.387795  -0.001134
1398.388476   0.000015
1398.389157  -0.002570
1398.389838   0.000363
1398.390519   0.000582
1398.391200  -0.000309
1398.391882  -0.002116
1398.392563  -0.001261
1398.393244  -0.003147
1398.393925  -0.000539
1398.394606  -0.000845
1398.395287   0.001786
1398.395968  -0.001270
1398.396649  -0.001480
1398.397331  -0.000466
1398.398012   0.000245
1398.398693  -0.000406
1398.399374  -0.001424
1398.400055  -0.001494
1398.400736  -0.000832
1398.401417  -0.001188
1398.402098  -0.001688
1398.402779  -0.001734
1398.403461  -0.001981
1398.404142  -0.002079
1398.404823  -0.001657
1398.405504  -0.000394
1398.406185  -0.002166
1398.406866  -0.001039
1398.407548  -0.002674
1398.408229   0.000034
1398.408910  -0.002404
1398.409591  -0.000588
1398.410272  -0.001024
1398.410953   0.000449
1398.411634  -0.001622
1398.412315   0.000517
1398.412997   0.000631
1398.413678   0.000320
1398.414359  -0.003820
1398.415040   0.000707
1398.415721  -0.003182
1398.416402  -0.000289
1398.417083  -0.002367
1398.417764  -0.001952
1398.418446   0.000037
1398.419127   0.000042
1398.419808  -0.001408
1398.420489  -0.000631
1398.421170  -0.001489
1398.421851   0.000245
1398.422532  -0.001533
1398.423213  -0.003802
1398.423895  -0.001338
1398.424576   0.000021
1398.425257   0.000426
1398.425938  -0.002054
1398.426619   0.000329
1398.427300   0.000170
1398.427981  -0.001921
1398.428662  -0.000383
1398.429344  -0.000548
1398.430025   0.001167
1398.430706  -0.002349
1398.431387  -0.002398
1398.432068  -0.000441
1398.432749   0.000216
1398.433430  -0.001798
1398.434112  -0.001992
1398.434793  -0.001895
1398.435474  -0.000996
1398.436155   0.001930
1398.436836  -0.000712
1398.437517   0.000414
1398.438198  -0.001393
1398.438879  -0.001748
1398.439561  -0.000382
1398.440242   0.000748
1398.440923  -0.001997
1398.441604  -0.002214
1398.442285   0.002989
1398.442966  -0.000693
1398.443647   0.000119
1398.444328  -0.002361
1398.445010  -0.000759
1398.445691  -0.000884
1398.446372   0.000090
1398.447053  -0.002648
1398.447734  -0.001441
1398.448415  -0.000995
1398.449096  -0.001840
1398.449777  -0.001869
1398.450459  -0.001048
1398.451140   0.000165
1398.451821  -0.000693
1398.452502  -0.001275
1398.453183  -0.003818
1398.453864  -0.000556
1398.454545  -0.000753
1398.455226  -0.002346
1398.455908   0.000311
1398.456589  -0.000216
1398.457270  -0.000605
1398.457951   0.001166
1398.458632  -0.000787
1398.459313   0.000004
1398.459994  -0.000091
1398.460675  -0.001653
1398.461357   0.001873
1398.462038   0.001661
1398.462719   0.000097
1398.463400  -0.000543
1398.464081   0.000065
1398.464762  -0.001155
1398.465443  -0.003106
1398.466125  -0.000545
1398.466806  -0.001240
1398.467487  -0.000771
1398.468168  -0.001395
1398.468849  -0.001331
1398.469530   0.001664
1398.470211   0.000979
1398.470892  -0.000664
1398.471573   0.000007
1398.472255  -0.000928
1398.472936  -0.001456
1398.473617   0.001291
1398.474298   0.000929
1398.474979  -0.000041
1398.475660  -0.000660
1398.476341  -0.000960
1398.477023   0.000488
1398.477704  -0.000460
1398.478385  -0.001526
1398.479066  -0.000968
1398.479747   0.000312
1398.480428  -0.000661
1398.481109  -0.000984
1398.481790  -0.000481
1398.482472   0.000968
1398.483153  -0.003152
1398.483834  -0.001925
1398.484515  -0.000575
1398.485196  -0.001177
1398.485877  -0.001204
1398.486558  -0.001482
1398.487239   0.000558
1398.487921  -0.002754
1398.488602  -0.002635
1398.489283  -0.001463
1398.489964   0.000740
1398.490645  -0.001255
1398.491326  -0.002415
1398.492007  -0.001086
1398.492688   0.000510
1398.493370   0.002308
1398.494051  -0.001526
1398.494732  -0.000788
1398.495413  -0.000518
1398.496094  -0.002352
1398.496775  -0.000397
1398.497456  -0.001178
1398.498138   0.001564
1398.498819   0.001435
1398.499500  -0.002890
1398.500181  -0.001318
1398.500862  -0.000746
1398.501543   0.002238
1398.502224  -0.000273
1398.502905  -0.000658
1398.503587   0.000633
1398.504268  -0.001193
1398.504949  -0.000517
1398.505630  -0.000277
1398.506311  -0.001455
1398.506992  -0.000612
1398.507673   0.000320
1398.508355  -0.000693
1398.509036  -0.001047
1398.509717   0.000180
1398.510398  -0.001937
1398.511079   0.000618
1398.511760  -0.000214
1398.512441   0.000499
1398.513122  -0.001164
1398.513803   0.001348
1398.514485  -0.001503
1398.515166   0.000491
1398.515847  -0.001622
1398.516528  -0.000682
1398.517209  -0.001633
1398.517890  -0.001183
1398.518571   0.000071
1398.519253  -0.001607
1398.519934  -0.000659
1398.520615  -0.002153
1398.521296   0.001064
1398.521977  -0.000437
1398.522658  -0.000168
1398.523339  -0.000650
1398.524020  -0.002437
1398.524702   0.000496
1398.525383  -0.000904
1398.526064   0.000511
1398.526745  -0.000536
1398.527426  -0.000690
1398.528107   0.000643
1398.528788  -0.000294
1398.529469  -0.000388
1398.530151   0.001900
1398.530832   0.000195
1398.531513  -0.001158
1398.532194  -0.000923
1398.532875  -0.001410
1398.533556  -0.002680
1398.534237   0.001184
1398.534918  -0.002173
1398.535600  -0.000532
1398.536281  -0.000489
1398.536962   0.001956
1398.537643  -0.001524
1398.538324  -0.001685
1398.539005   0.001108
1398.539686  -0.000098
1398.540368  -0.001058
1398.541049  -0.001924
1398.541730  -0.000095
1398.542411  -0.000966
1398.543092  -0.000980
1398.543773  -0.000834
1398.544454  -0.000437
1398.545135  -0.000496
1398.545816   0.000123
1398.546498  -0.000617
1398.547179  -0.000977
1398.547860  -0.001321
1398.548541   0.001340
1398.549222   0.001063
1398.549903  -0.000138
1398.550584  -0.000090
1398.551266  -0.000735
1398.551947  -0.001657
1398.552628  -0.000390
1398.553309   0.002198
1398.553990  -0.001751
1398.554671  -0.001698
1398.555352  -0.000393
1398.556033  -0.000339
1398.556715   0.000071
1398.557396   0.000765
1398.558077  -0.001064
1398.558758   0.001764
1398.559439   0.000554
1398.560120   0.000205
1398.560801   0.000292
1398.561482  -0.000517
1398.562164  -0.000539
1398.562845  -0.003672
1398.563526  -0.001682
1398.564207  -0.001307
1398.564888  -0.001198
1398.565569  -0.001230
1398.566250   0.001801
1398.566931  -0.000759
1398.567613  -0.002079
1398.568294  -0.000439
1398.568975   0.000927
1398.569656   0.000142
1398.570337   0.000092
1398.571018  -0.001664
1398.571699  -0.000448
1398.572380  -0.002201
1398.573062  -0.002185
1398.573743  -0.000167
1398.574424  -0.001678
1398.575105  -0.002130
1398.575786  -0.003003
1398.576467  -0.000429
1398.577148  -0.000834
1398.577829   0.000548
1398.578511  -0.002025
1398.579192   0.000098
1398.579873  -0.000902
1398.580554  -0.000623
1398.581235  -0.001767
1398.581916  -0.001947
1398.582597  -0.000882
1398.583279  -0.001287
1398.583960   0.000207
1398.584641  -0.001872
1398.585322  -0.000696
1398.586003   0.000382
1398.586684  -0.000702
1398.587365  -0.000241
1398.588046  -0.001947
1398.588728  -0.001063
1398.589409   0.000298
1398.590090   0.001340
1398.590771  -0.000005
1398.591452   0.000443
1398.592133  -0.002556
1398.592814   0.001267
1398.593495   0.000131
1398.594177  -0.001137
1398.594858  -0.002431
1398.595539  -0.000886
1398.596220  -0.002257
1398.596901   0.000042
1398.597582   0.000776
1398.598263  -0.001370
1398.598944  -0.000821
1398.599626  -0.000782
1398.600307  -0.000200
1398.600988  -0.002539
1398.601669  -0.003004
1398.602350  -0.001236
1398.603031   0.000462
1398.603712   0.001088
1398.604393  -0.001546
1398.605075  -0.002228
1398.605756  -0.002507
1398.606437  -0.000455
1398.607118  -0.001443
1398.607799  -0.001131
1398.608480  -0.000579
1398.609162  -0.000979
1398.609843  -0.000730
1398.610524   0.000002
1398.611205   0.001503
1398.611886  -0.000700
1398.612567  -0.001336
1398.613248  -0.000087
1398.613929  -0.001639
1398.614610  -0.000944
1398.615291  -0.003216
1398.615973   0.000797
1398.616654  -0.000261
1398.617335  -0.001223
1398.618016  -0.001317
1398.618697  -0.001984
1398.619378   0.000335
1398.620060   0.000353
1398.620741  -0.000405
1398.621422   0.000780
1398.622103   0.000160
1398.622784  -0.000339
1398.623465  -0.000990
1398.624146   0.000490
1398.624827  -0.001148
1398.625509   0.000738
1398.626190   0.000652
1398.626871  -0.002614
1398.627552  -0.000793
1398.628233  -0.001305
1398.628914   0.000011
1398.629595   0.000238
1398.630276  -0.001112
1398.630958  -0.001865
1398.631639  -0.000497
1398.632320   0.000272
1398.633001   0.002117
1398.633682   0.000840
1398.634363  -0.001468
1398.635044  -0.002602
1398.635725  -0.002552
1398.636407  -0.001407
1398.637088  -0.003416
1398.637769  -0.001346
1398.638450  -0.001159
1398.639131   0.000556
1398.639812   0.000030
1398.640493  -0.001094
1398.641174   0.000765
1398.641856  -0.001168
1398.642537  -0.001325
1398.643218  -0.002035
1398.643899  -0.001285
1398.644580   0.000152
1398.645261  -0.000979
1398.645942  -0.000062
1398.646623  -0.001590
1398.647305  -0.000963
1398.647986  -0.001113
1398.648667  -0.001162
1398.649348  -0.000445
1398.650029  -0.000572
1398.650710  -0.000239
1398.651391  -0.001440
1398.652073  -0.000799
1398.652754   0.001729
1398.653435  -0.001179
1398.654116  -0.000269
1398.654797   0.000106
1398.655478   0.000239
1398.656159  -0.000899
1398.656840   0.000742
1398.657521   0.001173
1398.658203  -0.003597
1398.658884   0.000942
1398.659565  -0.000999
1398.660246   0.000369
1398.660927   0.000888
1398.661608   0.001441
1398.662289   0.001647
1398.662971  -0.000380
1398.663652  -0.002126
1398.664333   0.000537
1398.665014   0.000639
1398.665695  -0.002040
1398.666376  -0.001156
1398.667057   0.000499
1398.667738  -0.000660
1398.668420  -0.002519
1398.669101  -0.000907
1398.669782   0.000071
1398.670463   0.000927
1398.671144   0.002405
1398.671825   0.002783
1398.672506   0.003463
1398.673187   0.001765
1398.673869   0.004767
1398.674550   0.002396
1398.675231   0.003657
1398.675912   0.006363
1398.676593   0.004971
1398.677274   0.004156
1398.677955   0.006550
1398.678637   0.004701
1398.679318   0.006708
1398.679999   0.006194
1398.680680   0.004667
1398.681361   0.007660
1398.682042   0.007133
1398.682723   0.007921
1398.683404   0.007426
1398.684085   0.008754
1398.684767   0.006074
1398.685448   0.008351
1398.686129   0.007522
1398.686810   0.009076
1398.687491   0.007788
1398.688172   0.008977
1398.688853   0.007058
1398.689534   0.008971
1398.690216   0.007512
1398.690897   0.009327
1398.691578   0.008432
1398.692259   0.007669
1398.692940   0.009929
1398.693621   0.008703
1398.694302   0.009384
1398.694984   0.009134
1398.695665   0.009585
1398.696346   0.009518
1398.697027   0.007796
1398.697708   0.010115
1398.698389   0.008264
1398.699070   0.009830
1398.699751   0.010754
1398.700433   0.008368
1398.701114   0.007554
1398.701795   0.010493
1398.702476   0.009939
1398.703157   0.010047
1398.703838   0.007883
1398.704519   0.010505
1398.705200   0.011819
1398.705882   0.007940
1398.706563   0.010249
1398.707244   0.007566
1398.707925   0.008243
1398.708606   0.008866
1398.709287   0.010103
1398.709968   0.010929
1398.710649   0.011284
1398.711331   0.011342
1398.712012   0.009776
1398.712693   0.010401
1398.713374   0.009383
1398.714055   0.010060
1398.714736   0.009154
1398.715417   0.011492
1398.716098   0.012822
1398.716780   0.008791
1398.717461   0.010812
1398.718142   0.012835
1398.718823   0.010850
1398.719504   0.009769
1398.720185   0.009920
1398.720867   0.012065
1398.721547   0.009856
1398.722229   0.009168
1398.722910   0.009927
1398.723591   0.010644
1398.724272   0.008832
1398.724953   0.009783
1398.725634   0.011538
1398.726315   0.011110
1398.726997   0.009474
1398.727678   0.010201
1398.728359   0.010989
1398.729040   0.009098
1398.729721   0.008393
1398.730402   0.010636
1398.731083   0.010791
1398.731765   0.011256
1398.732446   0.011322
1398.733127   0.009952
1398.733808   0.011741
1398.734489   0.010948
1398.735170   0.010838
1398.735851   0.010599
1398.736532   0.010130
1398.737214   0.010058
1398.737895   0.010607
1398.738576   0.010487
1398.739257   0.010893
1398.739938   0.010071
1398.740619   0.010178
1398.741300   0.011160
1398.741981   0.010805
1398.742663   0.012399
1398.743344   0.012895
1398.744025   0.010159
1398.744706   0.009488
1398.745387   0.013383
1398.746068   0.012859
1398.746749   0.012839
1398.747430   0.011279
1398.748112   0.009619
1398.748793   0.011000
1398.749474   0.011562
1398.750155   0.009822
1398.750836   0.009227
1398.751517   0.010710
1398.752198   0.009627
1398.752879   0.009309
1398.753561   0.008473
1398.754242   0.008259
1398.754923   0.010860
1398.755604   0.010593
1398.756285   0.010304
1398.756966   0.011103
1398.757647   0.011304
1398.758328   0.010781
1398.759010   0.010907
1398.759691   0.010011
1398.760372   0.009281
1398.761053   0.011433
1398.761734   0.011870
1398.762415   0.010168
1398.763096   0.011515
1398.763778   0.009739
1398.764459   0.009336
1398.765140   0.010175
1398.765821   0.009285
1398.766502   0.011086
1398.767183   0.009073
1398.767864   0.011530
1398.768545   0.012516
1398.769226   0.011348
1398.769908   0.009484
1398.770589   0.008196
1398.771270   0.010520
1398.771951   0.008324
1398.772632   0.011482
1398.773313   0.009874
1398.773994   0.008346
1398.774676   0.009503
1398.775357   0.009132
1398.776038   0.009315
1398.776719   0.010540
1398.777400   0.012140
1398.778081   0.010219
1398.778762   0.008545
1398.779443   0.011571
1398.780124   0.010983
1398.780806   0.009939
1398.781487   0.009985
1398.782168   0.008980
1398.782849   0.009181
1398.783530   0.008825
1398.784211   0.009127
1398.784892   0.009119
1398.785574   0.010018
1398.786255   0.010302
1398.786936   0.011258
1398.787617   0.010648
1398.788298   0.007137
1398.788979   0.010430
1398.789660   0.011309
1398.790342   0.009493
1398.791023   0.011363
1398.791704   0.009236
1398.792385   0.009654
1398.793066   0.007987
1398.793747   0.008722
1398.794428   0.010787
1398.795109   0.010593
1398.795790   0.008611
1398.796472   0.008064
1398.797153   0.009898
1398.797834   0.011623
1398.798515   0.009506
1398.799196   0.009389
1398.799877   0.008447
1398.800558   0.009669
1398.801239   0.006830
1398.801921   0.008532
1398.802602   0.008829
1398.803283   0.010073
1398.803964   0.009390
1398.804645   0.009323
1398.805326   0.006502
1398.806007   0.007090
1398.806689   0.008354
1398.807370   0.008958
1398.808051   0.008995
1398.808732   0.005598
1398.809413   0.008831
1398.810094   0.007078
1398.810775   0.006257
1398.811456   0.006289
1398.812138   0.005252
1398.812819   0.006734
1398.813500   0.005705
1398.814181   0.005924
1398.814862   0.006163
1398.815543   0.006707
1398.816224   0.007254
1398.816905   0.004431
1398.817587   0.005092
1398.818268   0.004273
1398.818949   0.003515
1398.819630   0.002872
1398.820311   0.002604
1398.820992   0.002923
1398.821673   0.001085
1398.822354   0.001000
1398.823036   0.001029
1398.823717   0.001499
1398.824398   0.001624
1398.825079   0.002692
1398.825760   0.000963
1398.826441   0.000282
1398.827122  -0.001069
1398.827804  -0.000478
1398.828485   0.002178
1398.829166  -0.001130
1398.829847  -0.000354
1398.830528   0.000517
1398.831209  -0.001178
1398.831890  -0.002405
1398.832571  -0.001105
1398.833253   0.002381
1398.833934  -0.003557
1398.834615  -0.000610
1398.835296  -0.002378
1398.835977  -0.000684
1398.836658  -0.001767
1398.837339   0.002081
1398.838020  -0.001532
1398.838702  -0.000112
1398.839383  -0.003539
1398.840064   0.000769
1398.840745   0.001222
1398.841426  -0.000474
1398.842107   0.000929
1398.842788  -0.000307
1398.843470  -0.001307
1398.844151  -0.002523
1398.844832  -0.001513
1398.845513  -0.002634
1398.846194   0.000914
1398.846875  -0.002299
1398.847556  -0.001153
1398.848237  -0.000554
1398.848918  -0.001557
1398.849600  -0.001511
1398.850281  -0.000188
1398.850962  -0.000177
1398.851643  -0.001688
1398.852324  -0.003297
1398.853005  -0.001361
1398.853686  -0.003243
1398.854368  -0.001563
1398.855049   0.001605
1398.855730  -0.000593
1398.856411  -0.000810
1398.857092  -0.001476
1398.857773  -0.001976
1398.858454   0.000723
1398.859135   0.000433
1398.859817  -0.000872
1398.860498  -0.001489
1398.861179  -0.000845
1398.861860  -0.002275
1398.862541  -0.002389
1398.863222   0.001354
1398.863903   0.002128
1398.864584  -0.000152
1398.865266  -0.000946
1398.865947   0.000126
1398.866628   0.000003
1398.867309   0.000618
1398.867990  -0.000880
1398.868671  -0.000192
1398.869352  -0.000279
1398.870033  -0.001250
1398.870715  -0.004126
1398.871396   0.000051
1398.872077  -0.001195
1398.872758  -0.001113
1398.873439  -0.000193
1398.874120  -0.000344
1398.874801  -0.001827
1398.875482  -0.000433
1398.876164  -0.001921
1398.876845  -0.001087
1398.877526  -0.001029
1398.878207   0.000800
1398.878888   0.000595
1398.879569   0.000445
1398.880250  -0.000739
1398.880931  -0.001421
1398.881613  -0.002740
1398.882294  -0.002266
1398.882975  -0.000842
1398.883656  -0.001525
1398.884337   0.000642
1398.885018  -0.001457
1398.885699   0.000558
1398.886381  -0.001545
1398.887062  -0.000484
1398.887743   0.000466
1398.888424   0.000239
1398.889105  -0.002547
1398.889786   0.000039
1398.890467  -0.001750
1398.891148  -0.000687
1398.891829   0.001199
1398.892511  -0.000108
1398.893192  -0.002096
1398.893873  -0.000678
1398.894554   0.001191
1398.895235  -0.000872
1398.895916   0.000779
1398.896597  -0.001746
1398.897279   0.000419
1398.897960  -0.000823
1398.898641  -0.000814
1398.899322  -0.001971
1398.900003   0.000839
1398.900684  -0.001740
1398.901365  -0.000275
1398.902046   0.001621
1398.902728   0.001016
1398.903409  -0.001038
1398.904090  -0.000440
1398.904771   0.000135
1398.905452  -0.000214
1398.906133  -0.001211
1398.906814  -0.000101
1398.907495  -0.001354
1398.908177  -0.001274
1398.908858   0.001091
1398.909539  -0.002062
1398.910220  -0.000379
1398.910901  -0.001248
1398.911582  -0.000483
1398.912263   0.000023
1398.912944  -0.000414
1398.913626  -0.000902
1398.914307  -0.000119
1398.914988  -0.001501
1398.915669  -0.002015
1398.916350   0.000093
1398.917031   0.000358
1398.917712  -0.002331
1398.918393  -0.002283
1398.919075  -0.002042
1398.919756  -0.001534
1398.920437  -0.003064
1398.921118  -0.001038
1398.921799  -0.003113
1398.922480  -0.001373
1398.923161   0.000865
1398.923842  -0.001093
1398.924524   0.001329
1398.925205  -0.005784
1398.925886  -0.001439
1398.926567  -0.000936
1398.927248  -0.000288
1398.927929  -0.002210
1398.928611  -0.002561
1398.929292  -0.001372
1398.929973   0.000249
1398.930654  -0.001306
1398.931335  -0.001144
1398.932016  -0.001239
1398.932697  -0.001366
1398.933378  -0.001013
1398.934060  -0.000723
1398.934741  -0.002773
1398.935422   0.000166
1398.936103  -0.002964
1398.936784  -0.001777
1398.937465  -0.001282
1398.938146  -0.001618
1398.938827  -0.000144
1398.939509  -0.001286
1398.940190  -0.002188
1398.940871  -0.000023
1398.941552  -0.001064
1398.942233  -0.001299
1398.942914  -0.000856
1398.943595  -0.000574
1398.944276   0.000377
1398.944958  -0.001748
1398.945639   0.000444
1398.946320   0.001696
1398.947001  -0.002180
1398.947682   0.000332
1398.948363  -0.003128
1398.949044  -0.001445
1398.949725   0.000353
1398.950407  -0.001851
1398.951088   0.000123
1398.951769  -0.000138
1398.952450  -0.001434
1398.953131  -0.001233
1398.953812   0.000016
1398.954493  -0.002709
1398.955175   0.000364
1398.955856  -0.002036
1398.956537  -0.000047
1398.957218  -0.001810
1398.957899  -0.002194
1398.958580  -0.001330
1398.959261  -0.001303
1398.959942  -0.001088
1398.960623  -0.001179
1398.961305  -0.002454
1398.961986  -0.000133
1398.962667  -0.000078
1398.963348   0.000000
1398.964029  -0.000240
1398.964710   0.000497
1398.965391  -0.000070
1398.966073   0.000627
1398.966754  -0.000508
1398.967435  -0.001155
1398.968116  -0.001453
1398.968797  -0.002441
1398.969478  -0.000476
1398.970159   0.000083
1398.970840  -0.000643
1398.971521  -0.000520
1398.972203  -0.002710
1398.972884   0.000785
1398.973565  -0.003174
1398.974246  -0.002990
1398.974927  -0.000682
1398.975608   0.000859
1398.976289   0.001095
1398.976971  -0.002922
1398.977652  -0.002685
1398.978333  -0.002186
1398.979014  -0.002736
1398.979695  -0.000661
1398.980376  -0.000639
1398.981057  -0.000350
1398.981738  -0.000661
1398.982420  -0.002575
1398.983101  -0.001077
1398.983782  -0.000441
1398.984463  -0.002176
1398.985144  -0.003108
1398.985825   0.000505
1398.986506   0.004406
1398.987187   0.000294
1398.987869   0.000161
1398.988550  -0.002585
1398.989231   0.000290
1398.989912  -0.000663
1398.990593  -0.001004
1398.991274  -0.001260
1398.991955  -0.000222
1398.992636  -0.001778
1398.993318  -0.000076
1398.993999  -0.000658
1398.994680  -0.003954
1398.995361  -0.001678
1398.996042   0.001246
1398.996723  -0.002592
1398.997404  -0.000740
1398.998085  -0.003269
1398.998767  -0.001470
1398.999448   0.000822
1399.000129  -0.000628
1399.000810  -0.000106
1399.001491   0.000133
1399.002172  -0.001447
1399.002853   0.002494
1399.003534  -0.002427
1399.004216  -0.000256
1399.004897  -0.003776
1399.005578  -0.003479
1399.006259   0.000547
1399.006940   0.000466
1399.007621  -0.001003
1399.008302   0.000379
1399.008984   0.000396
1399.009665  -0.001226
1399.010346  -0.000717
1399.011027  -0.001009
1399.011708   0.000325
1399.012389  -0.001527
1399.013070  -0.000289
1399.013751   0.000735
1399.014433  -0.000288
1399.015114  -0.001999
1399.015795  -0.000594
1399.016476   0.001318
1399.017157  -0.001226
1399.017838   0.001703
1399.018519  -0.001456
1399.019200  -0.001587
1399.019882  -0.002790
1399.020563  -0.001159
1399.021244  -0.003563
1399.021925  -0.000456
1399.022606   0.001181
1399.023287  -0.001554
1399.023968  -0.001123
1399.024649  -0.000236
1399.025331  -0.002038
1399.026012  -0.000677
1399.026693  -0.001671
1399.027374   0.002450
1399.028055  -0.002552
1399.028736   0.000255
1399.029417  -0.000406
1399.030098  -0.001123
1399.030780  -0.000137
1399.031461  -0.001730
1399.032142  -0.000351
1399.032823   0.000029
1399.033504  -0.000302
1399.034185  -0.001163
1399.034866   0.000910
1399.035547   0.000356
1399.036229  -0.000824
1399.036910  -0.001562
1399.037591  -0.002174
1399.038272  -0.001354
1399.038953  -0.000213
1399.039634  -0.002670
1399.040315   0.000382
1399.040996   0.000110
1399.041678  -0.001285
1399.042359  -0.002257
1399.043040  -0.001997
1399.043721  -0.001568
1399.044402  -0.000793
1399.045083  -0.002299
1399.045765   0.001592
1399.046446  -0.000934
1399.047127  -0.001687
1399.047808   0.002166
1399.048489  -0.004085
1399.049170  -0.001749
1399.049851  -0.000057
1399.050532  -0.000204
1399.051213   0.002750
1399.051895  -0.002158
1399.052576   0.000061
1399.053257  -0.001791
1399.053938  -0.001503
1399.054619  -0.000263
1399.055300   0.000328
1399.055981  -0.002602
1399.056662   0.000003
1399.057344   0.000100
1399.058025  -0.000078
1399.058706  -0.000133
1399.059387  -0.001267
1399.060068  -0.002452
1399.060749  -0.000860
1399.061430  -0.001154
1399.062112  -0.000398
1399.062793  -0.001507
1399.063474  -0.002260
1399.064155  -0.000888
1399.064836  -0.004105
1399.065517   0.000610
1399.066198  -0.001128
1399.066879  -0.001834
1399.067561   0.000083
1399.068242  -0.003544
1399.068923  -0.000025
1399.069604   0.000511
1399.070285  -0.001743
1399.070966  -0.002985
1399.071647  -0.000089
1399.072328  -0.001303
1399.073010  -0.000080
1399.073691  -0.001588
1399.074372  -0.001077
1399.075053  -0.000684
1399.075734  -0.001580
1399.076415   0.000093
1399.077096  -0.000351
1399.077777  -0.000206
1399.078459  -0.002442
1399.079140   0.000066
1399.079821  -0.002262
1399.080502  -0.001020
1399.081183   0.000735
1399.081864  -0.000792
1399.082545  -0.000440
1399.083226  -0.000674
1399.083908  -0.001296
1399.084589   0.000246
1399.085270  -0.002376
1399.085951   0.000505
1399.086632  -0.001318
1399.087313  -0.001930
1399.087994  -0.001388
1399.088676  -0.002045
1399.089357  -0.000520
1399.090038   0.003085
1399.090719  -0.000129
1399.091400  -0.000656
1399.092081  -0.002073
1399.092762  -0.000784
1399.093443  -0.001090
1399.094124  -0.002020
1399.094806   0.000998
1399.095487  -0.001147
1399.096168  -0.003044
1399.096849  -0.000251
1399.097530  -0.000205
1399.098211  -0.001707
1399.098892  -0.002467
1399.099574  -0.000341
1399.100255   0.000088
1399.100936  -0.000919
1399.101617  -0.000025
1399.102298  -0.002816
1399.102979  -0.000588
1399.103660  -0.001679
1399.104341  -0.002676
1399.105023   0.000229
1399.105704  -0.002095
1399.106385   0.000308
1399.107066   0.000474
1399.107747  -0.002112
1399.108428  -0.002085
1399.109109  -0.001189
1399.109790  -0.000232
1399.110472  -0.000616
1399.111153  -0.001604
1399.111834  -0.001167
1399.112515  -0.000271
1399.113196   0.000025
1399.113877  -0.000201
1399.114558  -0.000383
1399.115239  -0.003245
1399.115921  -0.000707
1399.116602  -0.002357
1399.117283  -0.002887
1399.117964   0.000491
1399.118645  -0.000525
1399.119326   0.001149
1399.120007  -0.003310
1399.120688  -0.000414
1399.121370  -0.001921
1399.122051  -0.001005
1399.122732  -0.001018
1399.123413  -0.002539
1399.124094  -0.000540
1399.124775  -0.000252
1399.125456  -0.000345
1399.126137  -0.001860
1399.126819  -0.001287
1399.127500   0.001505
1399.128181  -0.000792
1399.128862  -0.000690
1399.129543  -0.000810
1399.130224  -0.001129
1399.130905  -0.001224
1399.131587  -0.001709
1399.132268  -0.001216
1399.132949  -0.001450
1399.133630   0.000988
1399.134311   0.001598
1399.134992  -0.000786
1399.135673  -0.002893
1399.136354  -0.001592
1399.137036  -0.002309
1399.137717  -0.001625
1399.138398  -0.001890
1399.139079  -0.002004
1399.139760  -0.002374
1399.140441   0.000118
1399.141122  -0.000948
1399.141803  -0.002307
1399.142485   0.000292
1399.143166  -0.002263
1399.143847   0.000449
1399.144528  -0.000327
1399.145209   0.000379
1399.145890  -0.000245
1399.146571  -0.000750
1399.147252   0.000253
1399.147934  -0.000549
1399.148615   0.000550
1399.149296  -0.000188
1399.149977  -0.001148
1399.150658  -0.001834
1399.151339  -0.003952
1399.152020  -0.001518
1399.152702  -0.000870
1399.153383  -0.000993
1399.154064   0.000630
1399.154745  -0.000276
1399.155426  -0.000195
1399.156107  -0.002799
1399.156788  -0.001581
1399.157469  -0.000397
1399.158151   0.000140
1399.158832  -0.001333
1399.159513  -0.001504
1399.160194  -0.002363
1399.160875  -0.002078
1399.161556   0.001070
1399.162237  -0.000124
1399.162918   0.001066
1399.163600  -0.000245
1399.164281  -0.001237
1399.164962  -0.002468
1399.165643  -0.000607
1399.166324  -0.001793
1399.167005  -0.000417
1399.167686  -0.000273
1399.168367  -0.000582
1399.169049  -0.000725
1399.169730  -0.001279
1399.170411   0.000508
1399.171092  -0.001935
1399.171773  -0.000012
1399.172454   0.000139
1399.173135  -0.000913
1399.173816  -0.001012
1399.174498  -0.002456
1399.175179  -0.003199
1399.175860  -0.000741
1399.176541  -0.000051
1399.177222  -0.001329
1399.177903  -0.002039
1399.178584  -0.000960
1399.179266   0.001023
1399.179947  -0.000965
1399.180628   0.000113
1399.181309  -0.001184
1399.181990  -0.002843
1399.182671  -0.001013
1399.183352  -0.000820
1399.184033  -0.000225
1399.184715  -0.001187
1399.185396  -0.000716
1399.186077  -0.000427
1399.186758  -0.002636
1399.187439  -0.000670
1399.188120  -0.001685
1399.188801   0.000410
1399.189482  -0.000044
1399.190164  -0.000001
1399.190845   0.001150
1399.191526  -0.000045
1399.192207  -0.000634
1399.192888  -0.003668
1399.193569  -0.000225
1399.194250   0.000951
1399.194931  -0.000562
1399.195613  -0.002099
1399.196294  -0.000914
1399.196975   0.000934
1399.197656  -0.003857
1399.198337   0.000545
1399.199018   0.000236
1399.199699  -0.001037
1399.200380  -0.000580
1399.201062  -0.000776
1399.201743  -0.000773
1399.202424   0.001158
1399.203105   0.000461
1399.203786  -0.001058
1399.204467  -0.002344
1399.205148   0.000468
1399.205829  -0.003140
1399.206511  -0.000454
1399.207192  -0.002425
1399.207873  -0.000880
1399.208554  -0.001822
1399.209235  -0.000687
1399.209916   0.000633
1399.210597  -0.002875
1399.211279  -0.001315
1399.211960  -0.001000
1399.212641  -0.001577
1399.213322  -0.001815
1399.214003  -0.004195
1399.214684  -0.001083
1399.215365  -0.000566
1399.216046  -0.002038
1399.216728  -0.001282
1399.217409  -0.002532
1399.218090  -0.001543
1399.218771   0.000260
1399.219452  -0.000303
1399.220133  -0.002130
1399.220814  -0.000888
1399.221495  -0.001331
1399.222177   0.000586
1399.222858  -0.000924
1399.223539  -0.001925
1399.224220   0.000524
1399.224901  -0.000641
1399.225582  -0.002128
1399.226263   0.000015
1399.226944  -0.001771
1399.227626  -0.002067
1399.228307  -0.000244
1399.228988   0.000761
1399.229669  -0.001052
1399.230350  -0.001053
1399.231031  -0.001350
1399.231712  -0.000620
1399.232393  -0.000011
1399.233075  -0.000488
1399.233756  -0.000648
1399.234437   0.000887
1399.235118  -0.001250
1399.235799  -0.001879
1399.236480  -0.001884
1399.237161  -0.000333
1399.237842   0.001306
1399.238524   0.001042
1399.239205   0.000275
1399.239886  -0.000264
1399.240567  -0.001512
1399.241248  -0.000557
1399.241929   0.000588
1399.242610   0.000006
1399.243291  -0.001167
1399.243973  -0.000430
1399.244654  -0.000375
1399.245335  -0.001687
1399.246016  -0.000102
1399.246697  -0.000398
1399.247378  -0.000920
1399.248059  -0.000861
1399.248741  -0.002314
1399.249422  -0.000955
1399.250103  -0.003401
1399.250784  -0.001380
1399.251465  -0.000439
1399.252146  -0.000983
1399.252827  -0.001382
1399.253508  -0.000804
1399.254189   0.000625
1399.254871   0.000688
1399.255552  -0.000429
1399.256233  -0.000527
1399.256914   0.001129
1399.257595  -0.000979
1399.258276   0.001536
1399.258957   0.003540
1399.259639  -0.000271
1399.260320  -0.000791
1399.261001  -0.003789
1399.261682  -0.000863
1399.262363  -0.001815
1399.263044  -0.003062
1399.263725   0.000117
1399.264406  -0.001427
1399.265088  -0.000850
1399.265769  -0.003676
1399.266450   0.000322
1399.267131  -0.001348
1399.267812  -0.001014
1399.268493  -0.000745
1399.269174  -0.000922
1399.269856   0.000081
1399.270537  -0.002383
1399.271218  -0.001673
1399.271899  -0.003472
1399.272580  -0.002271
1399.273261   0.001074
1399.273942   0.001394
1399.274623  -0.002681
1399.275305  -0.000653
1399.275986  -0.001233
1399.276667  -0.000405
1399.277348  -0.001679
1399.278029  -0.001558
1399.278710   0.000479
1399.279391  -0.000122
1399.280072  -0.000617
1399.280754  -0.002079
1399.281435  -0.000794
1399.282116   0.000084
1399.282797   0.001664
1399.283478   0.001813
1399.284159  -0.001630
1399.284840   0.000027
1399.285521   0.000066
1399.286203   0.001057
1399.286884  -0.001346
1399.287565  -0.001929
1399.288246  -0.001382
1399.288927  -0.000950
1399.289608  -0.000300
1399.290289  -0.001023
1399.290970   0.000207
1399.291652  -0.000277
1399.292333  -0.001259
1399.293014  -0.000500
1399.293695  -0.000657
1399.294376  -0.002268
1399.295057   0.000325
1399.295738   0.001222
1399.296419  -0.002005
1399.297101   0.000628
1399.297782   0.000243
1399.298463  -0.002361
1399.299144   0.001594
1399.299825  -0.001870
1399.300506  -0.004165
1399.301187  -0.001294
1399.301869  -0.000569
1399.302550  -0.002128
1399.303231  -0.000781
1399.303912  -0.002183
1399.304593  -0.001193
1399.305274   0.002046
1399.305955  -0.001253
1399.306636  -0.001835
1399.307317  -0.001509
1399.307999   0.000363
1399.308680  -0.003024
1399.309361  -0.000155
1399.310042  -0.001627
1399.310723  -0.000365
1399.311404   0.001044
1399.312085  -0.003243
1399.312767  -0.000809
1399.313448  -0.000402
1399.314129  -0.000822
1399.314810  -0.001203
1399.315491   0.000222
1399.316172  -0.002612
1399.316853  -0.003068
1399.317534  -0.000091
1399.318215   0.002138
1399.318897  -0.001470
1399.319578  -0.002284
1399.320259   0.000964
1399.320940   0.000326
1399.321621   0.000742
1399.322302  -0.001127
1399.322983  -0.002387
1399.323665   0.001156
1399.324346  -0.002830
1399.325027  -0.000398
1399.325708  -0.000749
1399.326389  -0.000252
1399.327070  -0.001756
1399.327751  -0.000018
1399.328432  -0.002058
1399.329114  -0.000669
1399.329795  -0.001905
1399.330476   0.000310
1399.331157  -0.001719
1399.331838  -0.001733
1399.332519  -0.001334
1399.333200   0.000059
1399.333881  -0.000761
1399.334563  -0.001062
1399.335244  -0.000499
1399.335925  -0.001556
1399.336606  -0.000957
1399.337287  -0.000535
1399.337968  -0.001029
1399.338649   0.001849
1399.339331   0.000731
1399.340012  -0.001696
1399.340693  -0.000883
1399.341374   0.000136
1399.342055  -0.003613
1399.342736  -0.001586
1399.343417  -0.001158
1399.344098  -0.001318
1399.344779  -0.000926
1399.345461  -0.000441
1399.346142   0.001129
1399.346823  -0.000967
1399.347504  -0.000274
1399.348185   0.000918
1399.348866  -0.000576
1399.349547  -0.000546
1399.350228   0.000535
1399.350910   0.002594
1399.351591  -0.000053
1399.352272   0.000881
1399.352953   0.000322
1399.353634  -0.000972
1399.354315  -0.002612
1399.354996   0.001964
1399.355678  -0.000315
1399.356359  -0.000340
1399.357040   0.000094
1399.357721  -0.000586
1399.358402  -0.001111
1399.359083  -0.000894
1399.359764  -0.001602
1399.360445  -0.001315
1399.361127  -0.002371
1399.361808  -0.000197
1399.362489  -0.002991
1399.363170  -0.000706
1399.363851  -0.001751
1399.364532  -0.000122
1399.365213  -0.002469
1399.365894  -0.001937
1399.366576  -0.002296
1399.367257   0.002731
1399.367938  -0.000585
1399.368619  -0.004076
1399.369300  -0.003031
1399.369981   0.000683
1399.370662  -0.000930
1399.371343  -0.002338
1399.372025  -0.000984
1399.372706  -0.000439
1399.373387  -0.000720
1399.374068  -0.001896
1399.374749  -0.000514
1399.375430  -0.002258
1399.376111  -0.001963
1399.376792  -0.002522
1399.377474   0.001355
1399.378155  -0.001248
1399.378836  -0.000817
1399.379517   0.000800
1399.380198  -0.002474
1399.380879  -0.002522
1399.381560  -0.000451
1399.382242   0.000094
1399.382923  -0.000749
1399.383604  -0.000395
1399.384285  -0.000719
1399.384966  -0.000760
1399.385647  -0.000567
1399.386328  -0.001934
1399.387009  -0.000078
1399.387691  -0.000992
1399.388372  -0.001906
1399.389053   0.000288
1399.389734  -0.000679
1399.390415  -0.000895
1399.391096  -0.000749
1399.391777  -0.000719
1399.392459  -0.002013
1399.393140   0.001730
1399.393821   0.000370
1399.394502  -0.001144
1399.395183  -0.001230
1399.395864  -0.001448
1399.396545  -0.000779
1399.397226  -0.001213
1399.397907  -0.000250
1399.398589  -0.000629
1399.399270  -0.001911
1399.399951   0.001091
1399.400632  -0.000590
1399.401313   0.000200
1399.401994  -0.001818
1399.402675  -0.000670
1399.403357  -0.002320
1399.404038   0.001008
1399.404719   0.001167
1399.405400  -0.000410
1399.406081   0.000718
1399.406762  -0.000228
1399.407443  -0.001588
1399.408124  -0.000309
1399.408805  -0.001095
1399.409487  -0.002262
1399.410168  -0.000696
1399.410849  -0.000313
1399.411530  -0.000264
1399.412211  -0.002641
1399.412892  -0.000987
1399.413573  -0.002076
1399.414255  -0.002745
1399.414936  -0.000833
1399.415617  -0.000960
1399.416298  -0.000089
1399.416979  -0.001359
1399.417660  -0.003147
1399.418341  -0.001273
1399.419022  -0.000647
1399.419704  -0.002090
1399.420385  -0.001620
1399.421066   0.000253
1399.421747  -0.000988
1399.422428  -0.001420
1399.423109  -0.000136
1399.423790  -0.000932
1399.424471   0.000355
1399.425153  -0.004374
1399.425834  -0.002808
1399.426515   0.000883
1399.427196  -0.000480
1399.427877   0.001195
1399.428558  -0.001780
1399.429239  -0.000111
1399.429920  -0.000911
1399.430602  -0.000104
1399.431283  -0.001407
1399.431964  -0.000481
1399.432645   0.001228
1399.433326  -0.001399
1399.434007  -0.002270
1399.434688   0.001200
1399.435369  -0.002012
1399.436051   0.000638
1399.436732  -0.001268
1399.437413  -0.001305
1399.438094   0.000798
1399.438775   0.000536
1399.439456  -0.000023
1399.440137   0.001207
1399.440819  -0.002502
1399.441500  -0.000275
1399.442181  -0.002576
1399.442862  -0.000062
1399.443543  -0.000665
1399.444224  -0.001174
1399.444905  -0.000993
1399.445586  -0.000440
1399.446268  -0.000859
1399.446949  -0.000351
1399.447630  -0.001327
1399.448311  -0.002270
1399.448992  -0.000833
1399.449673  -0.000643
1399.450354  -0.000177
1399.451035  -0.001314
1399.451717   0.000011
1399.452398  -0.001469
1399.453079  -0.003436
1399.453760  -0.001488
1399.454441  -0.000536
1399.455122  -0.001090
1399.455803  -0.001188
1399.456484  -0.000037
1399.457166  -0.000584
1399.457847  -0.001034
1399.458528  -0.001723
1399.459209  -0.001205
1399.459890  -0.003797
1399.460571  -0.000943
1399.461252   0.001000
1399.461933   0.000548
1399.462615   0.001823
1399.463296  -0.000190
1399.463977  -0.001362
1399.464658   0.000005
1399.465339  -0.000885
1399.466020   0.001399
1399.466701  -0.000992
1399.467382  -0.001651
1399.468064  -0.002467
1399.468745   0.000043
1399.469426  -0.000431
1399.470107  -0.002144
1399.470788  -0.001429
1399.471469  -0.001035
1399.472150   0.000974
1399.472832  -0.002422
1399.473513  -0.001826
1399.474194  -0.003597
1399.474875  -0.002609
1399.475556  -0.000754
1399.476237  -0.000782
1399.476918  -0.000782
1399.477599  -0.000687
1399.478280   0.001493
1399.478962   0.001279
1399.479643  -0.000359
1399.480324  -0.001045
1399.481005  -0.001041
1399.481686  -0.001518
1399.482367   0.001436
1399.483049  -0.000800
1399.483730  -0.001099
1399.484411  -0.000621
1399.485092  -0.001815
1399.485773   0.000287
1399.486454  -0.000868
1399.487135   0.000945
1399.487816  -0.000389
1399.488497  -0.001388
1399.489178   0.000212
1399.489860   0.000034
1399.490541  -0.002876
1399.491222   0.000271
1399.491903  -0.000992
1399.492584   0.001175
1399.493265   0.002050
1399.493947  -0.000274
1399.494628   0.002522
1399.495309  -0.001463
1399.495990  -0.000155
1399.496671  -0.002259
1399.497352  -0.000789
1399.498033  -0.000678
1399.498714   0.001366
1399.499396   0.000664
1399.500077  -0.000184
1399.500758  -0.002329
1399.509612  -0.001400
1399.510294   0.000175
1399.510975   0.000469
1399.511656  -0.001798
1399.512337   0.000300
1399.513018  -0.003197
1399.513699  -0.002732
1399.514380   0.000362
1399.515061  -0.001278
1399.515743  -0.000151
1399.516424   0.000552
1399.517105  -0.000324
1399.517786  -0.001990
1399.518467  -0.001236
1399.519148   0.001081
1399.519829   0.000262
1399.520510  -0.002169
1399.521192  -0.001457
1399.521873   0.000954
1399.522554   0.000562
1399.523235  -0.001004
1399.523916  -0.000653
1399.524597  -0.001790
1399.525278  -0.001422
1399.525959   0.000633
1399.526641  -0.001899
1399.527322  -0.003172
1399.528003   0.000943
1399.528684  -0.001511
1399.529365   0.000536
1399.530046  -0.001975
1399.530727  -0.001409
1399.531409   0.000645
1399.532090  -0.000918
1399.532771   0.000052
1399.533452   0.001328
1399.534133   0.000193
1399.534814  -0.001490
1399.535495  -0.003131
