1294.006167  -0.000500
1294.006849   0.000485
1294.007530  -0.000898
1294.008211   0.001102
1294.008892  -0.000520
1294.009573  -0.000991
1294.010254   0.000882
1294.010935  -0.001694
1294.011617  -0.001602
1294.012298  -0.001455
1294.012979  -0.000070
1294.013660  -0.000690
1294.014341  -0.001610
1294.015022  -0.000706
1294.015703   0.000230
1294.016385  -0.001700
1294.017066  -0.001602
1294.017747   0.000009
1294.018428  -0.001105
1294.019109   0.000310
1294.019790   0.001529
1294.020472   0.000123
1294.021153   0.000319
1294.021834  -0.002516
1294.022515  -0.000468
1294.023196  -0.002098
1294.023877   0.001264
1294.024559   0.000987
1294.025240  -0.000485
1294.025921  -0.001699
1294.026602   0.001670
1294.027283   0.001050
1294.027964  -0.000758
1294.028645  -0.001805
1294.029327  -0.001333
1294.030008   0.000203
1294.030689  -0.001434
1294.031370  -0.001257
1294.032051  -0.000178
1294.032732  -0.000815
1294.033413  -0.003255
1294.034095  -0.001248
1294.034776   0.000195
1294.035457  -0.003384
1294.036138  -0.000152
1294.036819  -0.000268
1294.037500  -0.001917
1294.038181  -0.000703
1294.038863   0.000654
1294.039544   0.000043
1294.040225   0.000572
1294.040906  -0.000759
1294.041587   0.000036
1294.042268  -0.000355
1294.042949  -0.000607
1294.043631  -0.002021
1294.044312   0.000672
1294.044993  -0.001319
1294.045674   0.000939
1294.046355  -0.000112
1294.047036   0.000095
1294.047718  -0.000964
1294.048399  -0.000660
1294.049080  -0.000498
1294.049761  -0.001402
1294.050442  -0.002369
1294.051123  -0.001364
1294.051805  -0.000573
1294.052486  -0.005580
1294.053167   0.000159
1294.053848  -0.001744
1294.054529   0.000358
1294.055210   0.000044
1294.055891   0.001177
1294.056573  -0.000120
1294.057254  -0.000104
1294.057935  -0.000020
1294.058616  -0.000139
1294.059297   0.000160
1294.059978  -0.000530
1294.060659  -0.000575
1294.061341   0.000158
1294.062022  -0.000361
1294.062703  -0.000470
1294.063384  -0.003609
1294.064065  -0.000931
1294.064746  -0.001053
1294.065428  -0.001793
1294.066109  -0.001476
1294.066790  -0.000604
1294.067471   0.000357
1294.068152  -0.000785
1294.068833  -0.001733
1294.069515  -0.001932
1294.070196  -0.001546
1294.070877  -0.003047
1294.071558  -0.000609
1294.072239  -0.001380
1294.072920  -0.000688
1294.073601  -0.000350
1294.074283  -0.001732
1294.074964  -0.000731
1294.075645  -0.002105
1294.076326  -0.000121
1294.077007   0.000833
1294.077688  -0.002254
1294.078369  -0.000484
1294.079051   0.001787
1294.079732  -0.001641
1294.080413   0.000717
1294.081094   0.000326
1294.081775  -0.001080
1294.082456  -0.000617
1294.083137   0.000025
1294.083819  -0.001291
1294.084500  -0.001074
1294.085181  -0.001946
1294.085862  -0.002048
1294.086543  -0.001226
1294.087224  -0.000490
1294.087905   0.000793
1294.088587  -0.002432
1294.089268  -0.001225
1294.089949  -0.000583
1294.090630  -0.000678
1294.091311  -0.002112
1294.091992   0.000608
1294.092674  -0.000774
1294.093355   0.000080
1294.094036  -0.002561
1294.094717  -0.002399
1294.095398  -0.001422
1294.096079  -0.000589
1294.096761  -0.002576
1294.097442  -0.002276
1294.098123   0.000363
1294.098804  -0.000823
1294.099485   0.001630
1294.100166   0.001355
1294.100847  -0.001943
1294.101529  -0.000872
1294.102210   0.001166
1294.102891   0.000100
1294.103572  -0.001234
1294.104253  -0.000097
1294.104934   0.001875
1294.105616  -0.000601
1294.106297   0.000240
1294.106978  -0.000409
1294.107659  -0.000524
1294.108340  -0.000111
1294.109021  -0.000704
1294.109702   0.001156
1294.110384  -0.001587
1294.111065  -0.002317
1294.111746  -0.002084
1294.112427  -0.000297
1294.113108  -0.000043
1294.113789  -0.000997
1294.114470  -0.001597
1294.115152  -0.000334
1294.115833   0.000474
1294.116514   0.000267
1294.117195  -0.000368
1294.117876   0.002459
1294.118557  -0.000741
1294.119239   0.000755
1294.119920   0.001348
1294.120601  -0.000310
1294.121282  -0.003181
1294.121963   0.000441
1294.122644   0.000313
1294.123325  -0.001741
1294.124007   0.001704
1294.124688  -0.003038
1294.125369  -0.000062
1294.126050  -0.000274
1294.126731  -0.001473
1294.127412  -0.001592
1294.128093  -0.000981
1294.128775  -0.002086
1294.129456  -0.000284
1294.130137  -0.001637
1294.130818  -0.002251
1294.131499  -0.002060
1294.132180  -0.000361
1294.132862  -0.000356
1294.133543  -0.000537
1294.134224  -0.000302
1294.134905   0.000059
1294.135586  -0.001853
1294.136267   0.000692
1294.136948  -0.001676
1294.137630  -0.002977
1294.138311  -0.000514
1294.138992   0.000453
1294.139673   0.000465
1294.140354   0.000784
1294.141035  -0.000743
1294.141717  -0.001614
1294.142398  -0.002167
1294.143079  -0.000425
1294.143760   0.000936
1294.144441  -0.001659
1294.145122   0.001544
1294.145804   0.000752
1294.146485  -0.000261
1294.147166  -0.001818
1294.147847  -0.000619
1294.148528  -0.000010
1294.149209   0.002150
1294.149890  -0.000116
1294.150572  -0.000601
1294.151253  -0.000248
1294.151934  -0.001681
1294.152615   0.000180
1294.153296   0.001046
1294.153977   0.000432
1294.154658  -0.000160
1294.155340  -0.000980
1294.156021  -0.000547
1294.156702  -0.000780
1294.157383  -0.002019
1294.158064   0.000394
1294.158745  -0.001075
1294.159426  -0.001057
1294.160108  -0.000560
1294.160789  -0.002193
1294.161470   0.000911
1294.162151  -0.002442
1294.162832  -0.002613
1294.163514  -0.002059
1294.164195  -0.001223
1294.164876  -0.001821
1294.165557  -0.002097
1294.166238  -0.001273
1294.166919  -0.000077
1294.167600  -0.001952
1294.168282  -0.000751
1294.168963  -0.000562
1294.169644  -0.001522
1294.170325   0.000057
1294.171006  -0.000347
1294.171687   0.000810
1294.172368  -0.000053
1294.173050  -0.001867
1294.173731  -0.001565
1294.174412  -0.002997
1294.175093  -0.002042
1294.175774  -0.001004
1294.176455   0.002077
1294.177136   0.000770
1294.177818  -0.003476
1294.178499  -0.002835
1294.179180   0.000555
1294.179861   0.000660
1294.180542  -0.000413
1294.181223  -0.003222
1294.181904   0.000909
1294.182586  -0.000149
1294.183267  -0.000731
1294.183948  -0.000914
1294.184629  -0.000809
1294.185310  -0.001798
1294.185991  -0.000777
1294.186673  -0.000037
1294.187354   0.000031
1294.188035  -0.000413
1294.188716  -0.001034
1294.189397  -0.000610
1294.190078  -0.001656
1294.190760   0.000192
1294.191441  -0.000571
1294.192122  -0.001180
1294.192803  -0.001718
1294.193484  -0.001679
1294.194165  -0.002105
1294.194846  -0.000914
1294.195528  -0.000463
1294.196209   0.000663
1294.196890  -0.002812
1294.197571  -0.001789
1294.198252  -0.001702
1294.198933   0.000013
1294.199614   0.000326
1294.200296  -0.000594
1294.200977  -0.000476
1294.201658   0.000447
1294.202339  -0.000858
1294.203020  -0.001130
1294.203701  -0.001589
1294.204383  -0.002132
1294.205064  -0.002232
1294.205745   0.002655
1294.206426  -0.002062
1294.207107   0.000160
1294.207788  -0.002654
1294.208469  -0.001393
1294.209151  -0.001648
1294.209832  -0.001293
1294.210513  -0.000534
1294.211194  -0.001599
1294.211875   0.000017
1294.212556  -0.000748
1294.213238   0.000292
1294.213919  -0.000751
1294.214600   0.001266
1294.215281   0.000492
1294.215962  -0.000757
1294.216643  -0.001456
1294.217324  -0.001794
1294.218006  -0.001802
1294.218687  -0.000895
1294.219368  -0.000330
1294.220049  -0.000702
1294.220730   0.000745
1294.221411  -0.000317
1294.222092   0.000309
1294.222774  -0.001701
1294.223455  -0.000040
1294.224136  -0.001329
1294.224817  -0.000514
1294.225498   0.000764
1294.226179  -0.000508
1294.226860   0.000198
1294.227542  -0.000647
1294.228223   0.000076
1294.228904  -0.002168
1294.229585  -0.001226
1294.230266  -0.001706
1294.230947  -0.000635
1294.231629  -0.000455
1294.232310   0.000475
1294.232991   0.001213
1294.233672  -0.001378
1294.234353  -0.000290
1294.235034  -0.001215
1294.235716  -0.000923
1294.236397  -0.000472
1294.237078   0.000126
1294.237759  -0.000816
1294.238440   0.000043
1294.239121  -0.001509
1294.239802  -0.003076
1294.240484   0.000494
1294.241165   0.000350
1294.241846  -0.000789
1294.242527   0.000800
1294.243208  -0.002366
1294.243889  -0.002129
1294.244571  -0.000426
1294.245252   0.000250
1294.245933   0.000820
1294.246614  -0.000980
1294.247295  -0.001585
1294.247976  -0.000128
1294.248657  -0.000929
1294.249339   0.001228
1294.250020  -0.000816
1294.250701   0.000016
1294.251382  -0.001201
1294.252063  -0.000042
1294.252744  -0.000365
1294.253425  -0.002679
1294.254107  -0.002124
1294.254788  -0.001123
1294.255469  -0.000525
1294.256150  -0.000848
1294.256831  -0.000732
1294.257512  -0.000213
1294.258194  -0.001501
1294.258875  -0.000757
1294.259556  -0.003294
1294.260237  -0.000262
1294.260918   0.000368
1294.261599  -0.000458
1294.262280  -0.002277
1294.262962  -0.001467
1294.263643  -0.001764
1294.264324  -0.000628
1294.265005   0.000638
1294.265686  -0.000017
1294.266367  -0.002479
1294.267048  -0.000421
1294.267730  -0.002845
1294.268411  -0.000434
1294.269092  -0.000483
1294.269773  -0.001423
1294.270454  -0.001523
1294.271135  -0.001319
1294.271816   0.000037
1294.272498   0.000522
1294.273179  -0.001155
1294.273860  -0.001229
1294.274541  -0.001065
1294.275222   0.000375
1294.275903  -0.000699
1294.276585  -0.001604
1294.277266  -0.000677
1294.277947  -0.000605
1294.278628  -0.003906
1294.279309   0.000168
1294.279990  -0.000672
1294.280672   0.000478
1294.281353  -0.000996
1294.282034   0.001792
1294.282715  -0.001670
1294.283396   0.000315
1294.284077  -0.000222
1294.284758  -0.001350
1294.285440  -0.000873
1294.286121   0.000168
1294.286802  -0.001148
1294.287483  -0.001664
1294.288164  -0.000602
1294.288845  -0.002006
1294.289527  -0.000524
1294.290208  -0.001915
1294.290889  -0.002730
1294.291570  -0.000930
1294.292251  -0.000731
1294.292932  -0.002570
1294.293613  -0.001169
1294.294295  -0.001067
1294.294976  -0.001443
1294.295657  -0.001404
1294.296338   0.000479
1294.297019  -0.001756
1294.297700  -0.000702
1294.298381  -0.001078
1294.299063  -0.000569
1294.299744  -0.001026
1294.300425   0.001607
1294.301106  -0.000763
1294.301787  -0.000034
1294.302468  -0.002002
1294.303149   0.000148
1294.303831   0.000447
1294.304512   0.000281
1294.305193   0.000414
1294.305874  -0.000417
1294.306555  -0.000676
1294.307237  -0.001234
1294.307918  -0.001744
1294.308599  -0.000964
1294.309280  -0.001383
1294.309961  -0.002196
1294.310642   0.000243
1294.311323   0.000219
1294.312005   0.001233
1294.312686   0.001275
1294.313367   0.000111
1294.314048  -0.001837
1294.314729  -0.000408
1294.315410   0.000747
1294.316091  -0.000358
1294.316773  -0.002546
1294.317454  -0.002562
1294.318135  -0.000321
1294.318816  -0.001427
1294.319497   0.000128
1294.320178   0.000345
1294.320859  -0.001202
1294.321541   0.000562
1294.322222  -0.001316
1294.322903  -0.002035
1294.323584  -0.001014
1294.324265  -0.001280
1294.324946   0.000346
1294.325628  -0.001769
1294.326309  -0.000777
1294.326990  -0.002622
1294.327671  -0.000218
1294.328352  -0.001543
1294.329033  -0.001492
1294.329714  -0.000930
1294.330396   0.000005
1294.331077  -0.000368
1294.331758  -0.002344
1294.332439  -0.000326
1294.333120  -0.000007
1294.333801   0.000081
1294.334483   0.000244
1294.335164   0.002023
1294.335845  -0.000454
1294.336526  -0.000859
1294.337207  -0.002175
1294.337888   0.000676
1294.338569  -0.000132
1294.339251  -0.000477
1294.339932  -0.002246
1294.340613  -0.000090
1294.341294  -0.002297
1294.341975   0.000535
1294.342656  -0.001044
1294.343338   0.001024
1294.344019  -0.000352
1294.344700   0.000070
1294.345381  -0.000220
1294.346062   0.000360
1294.346743   0.000037
1294.347424   0.000536
1294.348106   0.000485
1294.348787   0.000943
1294.349468  -0.000683
1294.350149  -0.000505
1294.350830  -0.000019
1294.351511  -0.001691
1294.352192   0.001786
1294.352874  -0.002356
1294.353555   0.000161
1294.354236  -0.001413
1294.354917   0.000098
1294.355598  -0.001756
1294.356279  -0.001851
1294.356961  -0.000958
1294.357642  -0.000166
1294.358323  -0.000453
1294.359004  -0.002372
1294.359685  -0.000811
1294.360366   0.000127
1294.361047  -0.002125
1294.361729  -0.001470
1294.362410   0.000667
1294.363091  -0.001416
1294.363772  -0.002100
1294.364453  -0.000105
1294.365134   0.000043
1294.365815   0.000077
1294.366497  -0.000433
1294.367178  -0.000656
1294.367859  -0.000858
1294.368540   0.001013
1294.369221   0.001619
1294.369902   0.001188
1294.370584   0.000650
1294.371265  -0.002625
1294.371946  -0.001626
1294.372627  -0.002659
1294.373308   0.001115
1294.373989  -0.000417
1294.374671  -0.000267
1294.375352  -0.000616
1294.376033  -0.001227
1294.376714  -0.000510
1294.377395  -0.000188
1294.378076  -0.000855
1294.378757  -0.001427
1294.379439   0.001159
1294.380120  -0.000171
1294.380801  -0.000796
1294.381482  -0.001067
1294.382163  -0.000709
1294.382844   0.000725
1294.383525  -0.000450
1294.384207   0.000796
1294.384888  -0.001177
1294.385569   0.000385
1294.386250   0.000119
1294.386931   0.000871
1294.387612  -0.000658
1294.388294  -0.000780
1294.388975  -0.000405
1294.389656  -0.001145
1294.390337  -0.003438
1294.391018  -0.001057
1294.391699  -0.002123
1294.392380  -0.002252
1294.393062  -0.000739
1294.393743  -0.001229
1294.394424  -0.000387
1294.395105  -0.000577
1294.395786   0.000361
1294.396467  -0.000556
1294.397149   0.000991
1294.397830  -0.002492
1294.398511   0.001170
1294.399192  -0.000689
1294.399873  -0.000523
1294.400554  -0.001394
1294.401235  -0.002329
1294.401917   0.000193
1294.402598  -0.001056
1294.403279  -0.000913
1294.403960  -0.000015
1294.404641   0.000134
1294.405322  -0.002305
1294.406003  -0.001943
1294.406685   0.001167
1294.407366  -0.002718
1294.408047   0.001102
1294.408728   0.000486
1294.409409  -0.000883
1294.410090  -0.000533
1294.410771  -0.000597
1294.411453  -0.000738
1294.412134  -0.003497
1294.412815  -0.002239
1294.413496   0.000248
1294.414177  -0.003346
1294.414858  -0.000790
1294.415540  -0.001355
1294.416221   0.000917
1294.416902   0.000175
1294.417583  -0.002288
1294.418264  -0.000596
1294.418945   0.000744
1294.419627  -0.001227
1294.420308  -0.003021
1294.420989  -0.001298
1294.421670  -0.001153
1294.422351  -0.002126
1294.423032   0.000063
1294.423713   0.000953
1294.424395  -0.000629
1294.425076  -0.000138
1294.425757  -0.002235
1294.426438  -0.000132
1294.427119  -0.001637
1294.427800  -0.000036
1294.428482  -0.001913
1294.429163  -0.002580
1294.429844  -0.000510
1294.430525  -0.002032
1294.431206  -0.000517
1294.431887   0.001403
1294.432568  -0.001463
1294.433250  -0.001735
1294.433931  -0.000013
1294.434612  -0.000437
1294.435293  -0.001603
1294.435974  -0.000465
1294.436655  -0.000158
1294.437336  -0.001088
1294.438018   0.000749
1294.438699  -0.002847
1294.439380   0.000074
1294.440061   0.000557
1294.440742  -0.000966
1294.441423  -0.001443
1294.442104   0.002248
1294.442786  -0.001830
1294.443467  -0.000608
1294.444148  -0.000483
1294.444829  -0.000793
1294.445510   0.000712
1294.446191  -0.000348
1294.446873  -0.000254
1294.447554  -0.001167
1294.448235   0.000008
1294.448916   0.000111
1294.449597  -0.000659
1294.450278  -0.001028
1294.450959  -0.001040
1294.451641  -0.001586
1294.452322  -0.000007
1294.453003  -0.001957
1294.453684  -0.000042
1294.454365   0.001201
1294.455046  -0.001436
1294.455728   0.000524
1294.456409  -0.000741
1294.457090  -0.001679
1294.457771   0.000311
1294.458452  -0.000379
1294.459133   0.000600
1294.459814  -0.000365
1294.460496  -0.000076
1294.461177   0.000483
1294.461858  -0.001682
1294.462539   0.000039
1294.463220   0.000427
1294.463901  -0.001405
1294.464583   0.001176
1294.465264   0.000541
1294.465945  -0.001435
1294.466626  -0.000657
1294.467307   0.000214
1294.467988  -0.000145
1294.468670  -0.000872
1294.469351  -0.000051
1294.470032  -0.002569
1294.470713  -0.001014
1294.471394  -0.001076
1294.472075   0.000028
1294.472756  -0.000426
1294.473438  -0.002192
1294.474119  -0.001340
1294.474800  -0.000858
1294.475481  -0.003102
1294.476162  -0.000324
1294.476843  -0.002375
1294.477524   0.001606
1294.478206  -0.000053
1294.478887  -0.000527
1294.479568  -0.000581
1294.480249  -0.000916
1294.480930  -0.000059
1294.481611  -0.000146
1294.482292   0.000837
1294.482974   0.000362
1294.483655  -0.000691
1294.484336  -0.000393
1294.485017  -0.000148
1294.485698  -0.001418
1294.486379  -0.000725
1294.487061  -0.000738
1294.487742   0.000562
1294.488423   0.000114
1294.489104  -0.000510
1294.489785  -0.003491
1294.490466  -0.000696
1294.491148  -0.001606
1294.491829  -0.002218
1294.492510  -0.000119
1294.493191  -0.000345
1294.493872  -0.000982
1294.494553  -0.000175
1294.495234  -0.000824
1294.495916  -0.000438
1294.496597   0.000413
1294.497278  -0.000760
1294.497959  -0.001592
1294.498640  -0.000492
1294.499321  -0.002231
1294.500002  -0.000879
1294.500684  -0.001922
1294.501365  -0.001912
1294.502046   0.000438
1294.502727  -0.001264
1294.503408  -0.000787
1294.504089  -0.002753
1294.504770  -0.000215
1294.505452  -0.001499
1294.506133  -0.000501
1294.506814   0.000042
1294.507495  -0.000080
1294.508176  -0.000302
1294.508857   0.000786
1294.509539  -0.000780
1294.510220   0.000500
1294.510901   0.000156
1294.511582  -0.001722
1294.512263  -0.001960
1294.512944  -0.000121
1294.513626  -0.000033
1294.514307   0.000415
1294.514988  -0.000465
1294.515669   0.000197
1294.516350  -0.000531
1294.517031  -0.002218
1294.517712   0.000392
1294.518394  -0.001638
1294.519075  -0.001903
1294.519756  -0.001899
1294.520437  -0.003439
1294.521118   0.001053
1294.521799  -0.000688
1294.522480  -0.000126
1294.523162  -0.000321
1294.523843  -0.000430
1294.524524   0.000259
1294.525205  -0.001190
1294.525886  -0.000771
1294.526567   0.000690
1294.527248  -0.000340
1294.527930  -0.001405
1294.528611   0.001341
1294.529292   0.000632
1294.529973   0.000270
1294.530654   0.000841
1294.531335  -0.002219
1294.532017   0.000093
1294.532698   0.000854
1294.533379   0.000315
1294.534060  -0.001157
1294.534741   0.000187
1294.535422  -0.000992
1294.536104   0.000006
1294.536785  -0.002461
1294.537466  -0.001171
1294.538147  -0.000182
1294.538828  -0.001037
1294.539509  -0.000499
1294.540190   0.000388
1294.540872   0.000623
1294.541553  -0.001199
1294.542234  -0.000213
1294.542915  -0.001090
1294.543596  -0.001603
1294.544277   0.001222
1294.544958   0.000683
1294.545640  -0.000614
1294.546321   0.000918
1294.547002   0.000126
1294.547683  -0.001822
1294.548364  -0.000562
1294.549045  -0.002816
1294.549726   0.000209
1294.550408  -0.000338
1294.551089  -0.001641
1294.551770  -0.000505
1294.552451   0.001238
1294.553132  -0.001001
1294.553813  -0.000414
1294.554495   0.000072
1294.555176   0.000607
1294.555857  -0.001791
1294.556538  -0.002394
1294.557219  -0.000978
1294.557900   0.000315
1294.558582  -0.000545
1294.559263  -0.000370
1294.559944   0.000021
1294.560625  -0.000323
1294.561306  -0.001754
1294.561987  -0.000252
1294.562668  -0.000383
1294.563350   0.000178
1294.564031  -0.003072
1294.564712  -0.001057
1294.565393   0.000062
1294.566074  -0.001134
1294.566755  -0.002741
1294.567437  -0.000676
1294.568118   0.000267
1294.568799  -0.001356
1294.569480   0.000781
1294.570161  -0.000905
1294.570842  -0.000307
1294.571523  -0.001947
1294.572205  -0.001139
1294.572886   0.000293
1294.573567  -0.000420
1294.574248  -0.001645
1294.574929  -0.001497
1294.575610  -0.001067
1294.576291   0.000921
1294.576973  -0.001853
1294.577654  -0.000655
1294.578335  -0.001335
1294.579016  -0.001359
1294.579697   0.000173
1294.580378  -0.000659
1294.581059  -0.001731
1294.581741  -0.001894
1294.582422   0.000229
1294.583103  -0.000392
1294.583784   0.000697
1294.584465  -0.000567
1294.585146   0.000692
1294.585828   0.000077
1294.586509  -0.000049
1294.587190  -0.000727
1294.587871  -0.002699
1294.588552   0.000085
1294.589233  -0.000155
1294.589914   0.000977
1294.590596  -0.001693
1294.591277  -0.003113
1294.591958  -0.000134
1294.592639  -0.001937
1294.593320  -0.000888
1294.594001   0.000213
1294.594683  -0.000106
1294.595364   0.000170
1294.596045  -0.001504
1294.596726  -0.000549
1294.597407   0.000792
1294.598088   0.000409
1294.598769  -0.000318
1294.599451  -0.001380
1294.600132  -0.000889
1294.600813  -0.002467
1294.601494  -0.001504
1294.602175   0.000229
1294.602856  -0.000053
1294.603538  -0.002367
1294.604219  -0.002902
1294.604900   0.000355
1294.605581  -0.001531
1294.606262  -0.001520
1294.606943   0.003236
1294.607625  -0.002133
1294.608306  -0.000309
1294.608987  -0.001946
1294.609668  -0.001211
1294.610349  -0.002136
1294.611030  -0.002305
1294.611711  -0.001129
1294.612393   0.000782
1294.613074   0.000276
1294.613755  -0.002367
1294.614436  -0.001745
1294.615117  -0.002600
1294.615798  -0.001731
1294.616479   0.001343
1294.617161  -0.000734
1294.617842   0.001125
1294.618523  -0.000327
1294.619204  -0.000679
1294.619885  -0.001281
1294.620566  -0.000991
1294.621247  -0.001043
1294.621929  -0.001559
1294.622610  -0.000561
1294.623291  -0.001924
1294.623972  -0.001160
1294.624653   0.000993
1294.625334  -0.002102
1294.626015  -0.002057
1294.626697  -0.000032
1294.627378  -0.000990
1294.628059   0.000627
1294.628740  -0.002194
1294.629421  -0.001549
1294.630103  -0.000321
1294.630784  -0.001206
1294.631465  -0.001256
1294.632146   0.000855
1294.632827  -0.002205
1294.633508  -0.000662
1294.634189  -0.002243
1294.634871  -0.000664
1294.635552  -0.000409
1294.636233   0.000193
1294.636914  -0.001319
1294.637595  -0.000790
1294.638276   0.000114
1294.638957  -0.001343
1294.639639  -0.000017
1294.640320  -0.003163
1294.641001  -0.001715
1294.641682  -0.002541
1294.642363  -0.000131
1294.643044  -0.002545
1294.643726  -0.002499
1294.644407  -0.000085
1294.645088   0.000082
1294.645769  -0.001361
1294.646450  -0.000080
1294.647131  -0.001696
1294.647812  -0.002221
1294.648494  -0.002425
1294.649175  -0.001695
1294.649856  -0.000297
1294.650537   0.000141
1294.651218   0.000002
1294.651899   0.000879
1294.652581  -0.000285
1294.653262   0.001656
1294.653943  -0.000042
1294.654624   0.000265
1294.655305  -0.000113
1294.655986  -0.001608
1294.656667  -0.000884
1294.657349  -0.001015
1294.658030  -0.001679
1294.658711   0.000922
1294.659392  -0.002442
1294.660073  -0.000338
1294.660754  -0.001189
1294.661435   0.000874
1294.662117   0.001171
1294.662798  -0.000383
1294.663479   0.000863
1294.664160   0.000583
1294.664841  -0.001819
1294.665522  -0.000557
1294.666203  -0.000751
1294.666885  -0.001605
1294.667566  -0.001192
1294.668247   0.000388
1294.668928  -0.001735
1294.669609  -0.000357
1294.670290  -0.003667
1294.670972   0.002652
1294.671653  -0.001883
1294.672334  -0.000060
1294.673015  -0.000723
1294.673696  -0.000965
1294.674377   0.000103
1294.675058  -0.001520
1294.675740  -0.002568
1294.676421  -0.001852
1294.677102  -0.002327
1294.677783   0.000065
1294.678464  -0.000707
1294.679145   0.000354
1294.679827  -0.000976
1294.680508  -0.000395
1294.681189  -0.001358
1294.681870  -0.002421
1294.682551  -0.001209
1294.683232  -0.001391
1294.683913  -0.000753
1294.684595  -0.001608
1294.685276  -0.002111
1294.685957  -0.000162
1294.686638  -0.000925
1294.687319  -0.000370
1294.688000  -0.000739
1294.688682   0.000853
1294.689363  -0.000691
1294.690044  -0.000799
1294.690725  -0.000819
1294.691406  -0.000548
1294.692087  -0.000629
1294.692768  -0.001768
1294.693450  -0.001312
1294.694131   0.001918
1294.694812  -0.000956
1294.695493   0.000689
1294.696174  -0.001051
1294.696855  -0.001252
1294.697537  -0.001182
1294.698218  -0.001467
1294.698899  -0.002263
1294.699580  -0.000090
1294.700261   0.000329
1294.700942   0.001038
1294.701623   0.000617
1294.702305  -0.000851
1294.702986  -0.000049
1294.703667  -0.000835
1294.704348   0.000831
1294.705029  -0.001968
1294.705710  -0.001192
1294.706391  -0.001595
1294.707073   0.000621
1294.707754   0.000549
1294.708435  -0.001949
1294.709116  -0.002536
1294.709797  -0.000727
1294.710478  -0.000446
1294.711160   0.001198
1294.711841  -0.001868
1294.712522  -0.000967
1294.713203  -0.000949
1294.713884  -0.001066
1294.714565  -0.001296
1294.715246  -0.001184
1294.715928  -0.002998
1294.716609  -0.000606
1294.717290   0.002048
1294.717971  -0.000165
1294.718652  -0.000994
1294.719333  -0.000393
1294.720014  -0.000353
1294.720696   0.000005
1294.721377   0.000408
1294.722058  -0.000043
1294.722739  -0.000923
1294.723420   0.000061
1294.724101   0.000197
1294.724783  -0.000354
1294.725464  -0.000826
1294.726145   0.000774
1294.726826  -0.000844
1294.727507  -0.001747
1294.728188  -0.000274
1294.728869  -0.000004
1294.729551  -0.001010
1294.730232  -0.001093
1294.730913  -0.000056
1294.731594   0.002339
1294.732275  -0.003589
1294.732956  -0.001093
1294.733638   0.000054
1294.734319  -0.000122
1294.735000   0.000485
1294.735681  -0.001035
1294.736362   0.000281
1294.737043  -0.000206
1294.737724  -0.001096
1294.738406   0.000115
1294.739087   0.000239
1294.739768  -0.001417
1294.740449   0.000892
1294.741130  -0.000980
1294.741811  -0.002593
1294.742492   0.000116
1294.743174  -0.001287
1294.743855   0.000869
1294.744536   0.000212
1294.745217  -0.000230
1294.745898  -0.001043
1294.746580  -0.001292
1294.747261   0.000347
1294.747942  -0.000147
1294.748623  -0.000867
1294.749304  -0.000732
1294.749985  -0.001549
1294.750666  -0.001572
1294.751348  -0.002510
1294.752029   0.000158
1294.752710  -0.000261
1294.753391  -0.000777
1294.754072  -0.001053
1294.754753  -0.000974
1294.755434  -0.000213
1294.756116   0.001324
1294.756797  -0.000462
1294.757478   0.001123
1294.758159  -0.000737
1294.758840  -0.000250
1294.759521  -0.001405
1294.760202   0.000091
1294.760884  -0.000479
1294.761565   0.000005
1294.762246  -0.001070
1294.762927  -0.002083
1294.763608  -0.000841
1294.764289   0.000798
1294.764970   0.000865
1294.765652   0.000202
1294.766333   0.001393
1294.767014  -0.001035
1294.767695  -0.000642
1294.768376  -0.000377
1294.769057  -0.002465
1294.769739  -0.000061
1294.770420  -0.002761
1294.771101  -0.000230
1294.771782  -0.002535
1294.772463  -0.000103
1294.773144  -0.000152
1294.773826  -0.001177
1294.774507   0.000545
1294.775188  -0.000642
1294.775869  -0.001080
1294.776550  -0.002160
1294.777231   0.000656
1294.777912   0.000011
1294.778594   0.001643
1294.779275   0.001114
1294.779956   0.000799
1294.780637  -0.000518
1294.781318  -0.000701
1294.781999   0.000024
1294.782681  -0.001034
1294.783362  -0.001028
1294.784043  -0.002472
1294.784724  -0.001874
1294.785405   0.000032
1294.786086  -0.000064
1294.786767  -0.000172
1294.787449  -0.002606
1294.788130   0.001348
1294.788811   0.000608
1294.789492  -0.000481
1294.790173   0.001913
1294.790854  -0.000683
1294.791536  -0.001134
1294.792217  -0.001040
1294.792898  -0.001203
1294.793579  -0.001224
1294.794260  -0.002509
1294.794941  -0.001372
1294.795622  -0.003311
1294.796304  -0.001155
1294.796985  -0.001309
1294.797666  -0.000147
1294.798347  -0.001013
1294.799028  -0.002090
1294.799709  -0.001109
1294.800390  -0.002555
1294.801072  -0.001543
1294.801753   0.000512
1294.802434   0.000800
1294.803115   0.000851
1294.803796   0.000188
1294.804477  -0.000769
1294.805158  -0.000949
1294.805840  -0.001084
1294.806521  -0.000211
1294.807202  -0.000779
1294.807883  -0.001452
1294.808564   0.001838
1294.809245  -0.002860
1294.809927  -0.000269
1294.810608  -0.001286
1294.811289  -0.000535
1294.811970   0.001493
1294.812651   0.001474
1294.813332  -0.000741
1294.814013  -0.003564
1294.814695  -0.000427
1294.815376   0.000704
1294.816057  -0.000737
1294.816738   0.000221
1294.817419  -0.001863
1294.818100  -0.000035
1294.818782  -0.000779
1294.819463  -0.000424
1294.820144   0.000148
1294.820825  -0.000756
1294.821506   0.000776
1294.822187  -0.000624
1294.822868  -0.000189
1294.823550   0.000055
1294.824231  -0.001514
1294.824912  -0.001109
1294.825593  -0.000648
1294.826274   0.000176
1294.826955  -0.000993
1294.827637  -0.000893
1294.828318  -0.000885
1294.828999  -0.000125
1294.829680  -0.000178
1294.830361  -0.000360
1294.831042   0.000706
1294.831723   0.000069
1294.832405  -0.002941
1294.833086   0.000330
1294.833767  -0.000321
1294.834448  -0.000422
1294.835129   0.000408
1294.835810   0.000157
1294.836491   0.000918
1294.837173   0.001421
1294.837854  -0.001689
1294.838535  -0.002729
1294.839216  -0.001108
1294.839897   0.000446
1294.840578  -0.001411
1294.841260   0.000286
1294.841941  -0.000269
1294.842622  -0.000269
1294.843303  -0.000229
1294.843984   0.001015
1294.844665  -0.001068
1294.845346   0.000236
1294.846028  -0.000031
1294.846709  -0.000969
1294.847390  -0.000302
1294.848071   0.000198
1294.848752  -0.002553
1294.849433  -0.001495
1294.850114  -0.000576
1294.850796  -0.001042
1294.851477  -0.000448
1294.852158  -0.001138
1294.852839   0.001707
1294.853520  -0.001680
1294.854201  -0.000735
1294.854883  -0.001569
1294.855564  -0.001549
1294.856245  -0.002079
1294.856926  -0.000396
1294.857607  -0.001175
1294.858288  -0.003729
1294.858969  -0.001779
1294.859651   0.000380
1294.860332  -0.001565
1294.861013  -0.001727
1294.861694  -0.001794
1294.862375  -0.000809
1294.863056  -0.001620
1294.863738  -0.001332
1294.864419  -0.001164
1294.865100  -0.001071
1294.865781  -0.001989
1294.866462   0.000678
1294.867143  -0.001833
1294.867825  -0.001365
1294.868506  -0.000622
1294.869187  -0.000743
1294.869868  -0.000625
1294.870549  -0.000983
1294.871230   0.000077
1294.871911  -0.000298
1294.872593  -0.000868
1294.873274  -0.001374
1294.873955  -0.000762
1294.874636   0.000676
1294.875317   0.001292
1294.875998  -0.002442
1294.876679  -0.003149
1294.877361  -0.001802
1294.878042  -0.001496
1294.878723  -0.002349
1294.879404  -0.000337
1294.880085  -0.000662
1294.880766   0.000073
1294.881447  -0.000675
1294.882129   0.001058
1294.882810   0.001528
1294.883491  -0.000961
1294.884172   0.000326
1294.884853  -0.002493
1294.885534  -0.000045
1294.886216   0.001064
1294.886897  -0.002046
1294.887578  -0.002999
1294.888259  -0.001153
1294.888940   0.000458
1294.889621  -0.001935
1294.890303   0.000289
1294.890984  -0.001443
1294.891665  -0.000686
1294.892346  -0.001625
1294.893027   0.000263
1294.893708  -0.001120
1294.894389  -0.000379
1294.895071  -0.000528
1294.895752  -0.000589
1294.896433  -0.001301
1294.897114  -0.000282
1294.897795  -0.001841
1294.898476  -0.002117
1294.899157  -0.001599
1294.899839  -0.000579
1294.900520  -0.000855
1294.901201  -0.000691
1294.901882  -0.000738
1294.902563  -0.000690
1294.903244  -0.002257
1294.903926  -0.001285
1294.904607   0.000830
1294.905288  -0.000514
1294.905969  -0.002062
1294.906650  -0.001742
1294.907331  -0.002034
1294.908013   0.001093
1294.908694  -0.000776
1294.909375   0.000152
1294.910056  -0.000861
1294.910737  -0.001330
1294.911418  -0.001452
1294.912099  -0.000142
1294.912781  -0.001549
1294.913462   0.000355
1294.914143  -0.002449
1294.914824  -0.000598
1294.915505  -0.001145
1294.916186  -0.001398
1294.916867  -0.000833
1294.917549   0.000743
1294.918230  -0.002120
1294.918911  -0.001907
1294.919592  -0.002172
1294.920273  -0.002908
1294.920954  -0.000568
1294.921635  -0.000709
1294.922317  -0.001493
1294.922998  -0.002439
1294.923679  -0.000635
1294.924360   0.001594
1294.925041  -0.001159
1294.925722  -0.001241
1294.926404  -0.002625
1294.927085  -0.000289
1294.927766  -0.001302
1294.928447   0.000949
1294.929128   0.000293
1294.929809  -0.001285
1294.930490   0.000614
1294.931172  -0.001449
1294.931853  -0.000282
1294.932534  -0.000502
1294.933215  -0.001631
1294.933896  -0.002510
1294.934577  -0.002459
1294.935259  -0.001494
1294.935940  -0.000745
1294.936621  -0.002051
1294.937302   0.000794
1294.937983   0.002304
1294.938664   0.000891
1294.939345  -0.001875
1294.940027   0.000908
1294.940708   0.000314
1294.941389  -0.001631
1294.942070  -0.000737
1294.942751  -0.001004
1294.943432  -0.000456
1294.944113  -0.000529
1294.944795   0.000290
1294.945476  -0.001963
1294.946157  -0.000895
1294.946838  -0.001309
1294.947519  -0.000690
1294.948200   0.000745
1294.948882  -0.000824
1294.949563  -0.000901
1294.950244   0.000531
1294.950925  -0.000672
1294.951606  -0.001655
1294.952287   0.002060
1294.952969  -0.000630
1294.953650  -0.002295
1294.954331  -0.001177
1294.955012  -0.000225
1294.955693   0.000433
1294.956374  -0.001063
1294.957055  -0.000507
1294.957737   0.000271
1294.958418  -0.002334
1294.959099  -0.001364
1294.959780  -0.001052
1294.960461  -0.001966
1294.961142  -0.000205
1294.961823  -0.001853
1294.962505  -0.000871
1294.963186  -0.000339
1294.963867  -0.002735
1294.964548  -0.001747
1294.965229   0.000753
1294.965910   0.000177
1294.966591   0.000543
1294.967273  -0.001953
1294.967954  -0.002149
1294.968635   0.001068
1294.969316  -0.000321
1294.969997  -0.001621
1294.970678  -0.000738
1294.971360   0.000596
1294.972041  -0.000623
1294.972722   0.000103
1294.973403  -0.000847
1294.974084  -0.001678
1294.974765  -0.001106
1294.975446   0.000927
1294.976128   0.000375
1294.976809   0.001166
1294.977490  -0.000428
1294.978171   0.000054
1294.978852  -0.001100
1294.979533  -0.003142
1294.980215  -0.000167
1294.980896  -0.001981
1294.981577  -0.001997
1294.982258   0.000029
1294.982939  -0.002866
1294.983620  -0.001194
1294.984301   0.000379
1294.984983  -0.000911
1294.985664  -0.001567
1294.986345  -0.002690
1294.987026   0.000132
1294.987707  -0.000385
1294.988388   0.000241
1294.989070  -0.001484
1294.989751  -0.000216
1294.990432  -0.001282
1294.991113  -0.000693
1294.991794  -0.001199
1294.992475   0.001452
1294.993156   0.000250
1294.993838  -0.000708
1294.994519   0.000741
1294.995200   0.000793
1294.995881   0.000574
1294.996562  -0.000363
1294.997243  -0.001247
1294.997924   0.001974
1294.998606  -0.001330
1294.999287   0.000997
1294.999968  -0.001583
1295.000649  -0.002265
1295.001330  -0.000267
1295.002012  -0.002587
1295.002693   0.000858
1295.003374  -0.001556
1295.004055  -0.000412
1295.004736  -0.000466
1295.005417  -0.001470
1295.006098  -0.002000
1295.006780  -0.001633
1295.007461  -0.001426
1295.008142   0.001140
1295.008823  -0.000299
1295.009504   0.001304
1295.010185  -0.001452
1295.010866  -0.000640
1295.011548   0.002212
1295.012229   0.001264
1295.012910   0.001461
1295.013591   0.001995
1295.014272   0.001072
1295.014953   0.002388
1295.015634   0.002258
1295.016316   0.003251
1295.016997   0.004911
1295.017678   0.003630
1295.018359   0.003399
1295.019040   0.004387
1295.019721   0.004997
1295.020402   0.005269
1295.021084   0.005494
1295.021765   0.006710
1295.022446   0.005883
1295.023127   0.006287
1295.023808   0.006473
1295.024489   0.011220
1295.025171   0.006694
1295.025852   0.006411
1295.026533   0.006726
1295.027214   0.006164
1295.027895   0.005445
1295.028576   0.009251
1295.029257   0.005759
1295.029939   0.008545
1295.030620   0.010000
1295.031301   0.008394
1295.031982   0.008138
1295.032663   0.008426
1295.033344   0.009324
1295.034026   0.009091
1295.034707   0.010632
1295.035388   0.010016
1295.036069   0.010449
1295.036750   0.008700
1295.037431   0.008137
1295.038113   0.008070
1295.038794   0.008719
1295.039475   0.009417
1295.040156   0.009152
1295.040837   0.009262
1295.041518   0.009769
1295.042199   0.008909
1295.042881   0.008561
1295.043562   0.009573
1295.044243   0.009003
1295.044924   0.009977
1295.045605   0.008892
1295.046286   0.008597
1295.046968   0.009846
1295.047649   0.011506
1295.048330   0.010800
1295.049011   0.008338
1295.049692   0.009007
1295.050373   0.010712
1295.051054   0.011634
1295.051736   0.007705
1295.052417   0.008571
1295.053098   0.009507
1295.053779   0.010737
1295.054460   0.009217
1295.055141   0.010037
1295.055822   0.010923
1295.056504   0.009288
1295.057185   0.008463
1295.057866   0.009182
1295.058547   0.009768
1295.059228   0.011328
1295.059909   0.008518
1295.060590   0.010633
1295.061272   0.009732
1295.061953   0.008359
1295.062634   0.012483
1295.063315   0.011258
1295.063996   0.008375
1295.064677   0.010809
1295.065358   0.009476
1295.066040   0.009973
1295.066721   0.010160
1295.067402   0.009221
1295.068083   0.010547
1295.068764   0.008123
1295.069445   0.010189
1295.070127   0.009036
1295.070808   0.011477
1295.071489   0.011014
1295.072170   0.011556
1295.072851   0.010077
1295.073532   0.009299
1295.074214   0.009652
1295.074895   0.008279
1295.075576   0.010376
1295.076257   0.011162
1295.076938   0.011364
1295.077619   0.011423
1295.078300   0.012097
1295.078982   0.010763
1295.079663   0.011356
1295.080344   0.012240
1295.081025   0.010479
1295.081706   0.008299
1295.082387   0.010374
1295.083069   0.010530
1295.083750   0.008874
1295.084431   0.010155
1295.085112   0.010470
1295.085793   0.009580
1295.086474   0.011506
1295.087155   0.012334
1295.087837   0.010257
1295.088518   0.008529
1295.089199   0.010711
1295.089880   0.012143
1295.090561   0.011590
1295.091242   0.011049
1295.091924   0.011685
1295.092605   0.009810
1295.093286   0.010212
1295.093967   0.010661
1295.094648   0.012013
1295.095329   0.010955
1295.096010   0.010659
1295.096692   0.012748
1295.097373   0.010398
1295.098054   0.011526
1295.098735   0.010018
1295.099416   0.011175
1295.100097   0.009746
1295.100778   0.009962
1295.101460   0.010562
1295.102141   0.007678
1295.102822   0.012169
1295.103503   0.010440
1295.104184   0.011896
1295.104865   0.011636
1295.105546   0.011400
1295.106228   0.012244
1295.106909   0.012084
1295.107590   0.012557
1295.108271   0.009933
1295.108952   0.009817
1295.109633   0.011634
1295.110315   0.011553
1295.110996   0.011017
1295.111677   0.010231
1295.112358   0.008480
1295.113039   0.010292
1295.113720   0.011307
1295.114401   0.011290
1295.115083   0.011491
1295.115764   0.009450
1295.116445   0.008479
1295.117126   0.010016
1295.117807   0.010435
1295.118488   0.011596
1295.119170   0.008800
1295.119851   0.010328
1295.120532   0.010278
1295.121213   0.011609
1295.121894   0.011627
1295.122575   0.011356
1295.123257   0.008260
1295.123938   0.007918
1295.124619   0.010774
1295.125300   0.010052
1295.125981   0.010452
1295.126662   0.011848
1295.127343   0.010277
1295.128025   0.011007
1295.128706   0.010645
1295.129387   0.009653
1295.130068   0.010691
1295.130749   0.010537
1295.131430   0.007266
1295.132111   0.011317
1295.132793   0.009818
1295.133474   0.009115
1295.134155   0.009358
1295.134836   0.008311
1295.135517   0.008244
1295.136198   0.010752
1295.136879   0.009756
1295.137561   0.008254
1295.138242   0.009469
1295.138923   0.010393
1295.139604   0.007605
1295.140285   0.007783
1295.140966   0.008937
1295.141648   0.007543
1295.142329   0.008537
1295.143010   0.009083
1295.143691   0.008845
1295.144372   0.009503
1295.145053   0.008387
1295.145734   0.009215
1295.146416   0.007912
1295.147097   0.007483
1295.147778   0.006651
1295.148459   0.007681
1295.149140   0.009091
1295.149821   0.007724
1295.150503   0.007194
1295.151184   0.009224
1295.151865   0.006466
1295.152546   0.007968
1295.153227   0.007530
1295.153908   0.005289
1295.154589   0.006300
1295.155271   0.005999
1295.155952   0.005701
1295.156633   0.006300
1295.157314   0.007683
1295.157995   0.006747
1295.158676   0.006592
1295.159358   0.005522
1295.160039   0.006762
1295.160720   0.003854
1295.161401   0.004166
1295.162082   0.003657
1295.162763   0.004872
1295.163445   0.003091
1295.164126   0.001797
1295.164807   0.002600
1295.165488   0.002856
1295.166169   0.000463
1295.166850   0.000814
1295.167531   0.000254
1295.168213   0.000793
1295.168894   0.000839
1295.169575  -0.000487
1295.170256  -0.003027
1295.170937  -0.003767
1295.171618  -0.002568
1295.172299  -0.001371
1295.172981  -0.003498
1295.173662  -0.001341
1295.174343  -0.000730
1295.175024  -0.000964
1295.175705  -0.001122
1295.176386  -0.000229
1295.177067   0.000268
1295.177749  -0.001401
1295.178430  -0.001889
1295.179111   0.000388
1295.179792   0.000670
1295.180473  -0.001611
1295.181154   0.000662
1295.181836  -0.000009
1295.182517   0.000019
1295.183198   0.001188
1295.183879  -0.001835
1295.184560  -0.001069
1295.185241   0.000948
1295.185923  -0.000192
1295.186604   0.000355
1295.187285  -0.000915
1295.187966   0.000661
1295.188647  -0.001897
1295.189328   0.000597
1295.190009   0.001232
1295.190691  -0.000715
1295.191372  -0.001376
1295.192053  -0.002395
1295.192734  -0.000901
1295.193415  -0.001940
1295.194096  -0.001984
1295.194777  -0.001260
1295.195459  -0.000572
1295.196140  -0.000642
1295.196821  -0.001995
1295.197502  -0.000959
1295.198183  -0.000378
1295.198864  -0.001280
1295.199546  -0.000756
1295.200227   0.000089
1295.200908   0.000690
1295.201589   0.000164
1295.202270  -0.000025
1295.202951  -0.002525
1295.203632  -0.002408
1295.204314  -0.001080
1295.204995  -0.001460
1295.205676  -0.000867
1295.206357  -0.000931
1295.207038  -0.000676
1295.207719  -0.002580
1295.208401  -0.001502
1295.209082  -0.002644
1295.209763   0.001453
1295.210444  -0.001426
1295.211125  -0.001556
1295.211806  -0.000997
1295.212487  -0.001144
1295.213169  -0.000659
1295.213850   0.000677
1295.214531  -0.000894
1295.215212  -0.001794
1295.215893  -0.000458
1295.216574  -0.000312
1295.217255  -0.001511
1295.217937  -0.000478
1295.218618   0.001956
1295.219299   0.000447
1295.219980  -0.000695
1295.220661  -0.001984
1295.221342  -0.000148
1295.222023  -0.001774
1295.222705   0.000541
1295.223386   0.000576
1295.224067  -0.002492
1295.224748   0.002047
1295.225429   0.000487
1295.226110   0.000627
1295.226792  -0.001267
1295.227473  -0.002348
1295.228154  -0.001939
1295.228835  -0.001189
1295.229516  -0.001768
1295.230197  -0.001469
1295.230879  -0.002270
1295.231560  -0.000389
1295.232241  -0.001626
1295.232922  -0.000722
1295.233603  -0.001923
1295.234284  -0.001448
1295.234965   0.000306
1295.235647   0.000325
1295.236328  -0.001097
1295.237009  -0.000442
1295.237690  -0.000050
1295.238371  -0.001669
1295.239052  -0.000502
1295.239733  -0.001212
1295.240415  -0.000551
1295.241096   0.001387
1295.241777  -0.001033
1295.242458   0.000064
1295.243139  -0.001260
1295.243820  -0.002866
1295.244502   0.000103
1295.245183  -0.000933
1295.245864  -0.000718
1295.246545  -0.001551
1295.247226   0.000692
1295.247907  -0.000829
1295.248588  -0.002232
1295.249270  -0.001842
1295.249951  -0.000656
1295.250632  -0.000417
1295.251313  -0.001075
1295.251994  -0.000816
1295.252675   0.000296
1295.253356  -0.001216
1295.254038  -0.000574
1295.254719  -0.000719
1295.255400   0.000239
1295.256081   0.000016
1295.256762  -0.002264
1295.257443   0.000062
1295.258125   0.000774
1295.258806   0.001221
1295.259487  -0.003927
1295.260168  -0.001395
1295.260849  -0.001146
1295.261530  -0.000852
1295.262212  -0.000838
1295.262893   0.001061
1295.263574  -0.001937
1295.264255   0.001317
1295.264936  -0.000848
1295.265617  -0.000278
1295.266298  -0.001266
1295.266980  -0.001858
1295.267661   0.000450
1295.268342  -0.002522
1295.269023   0.000815
1295.269704   0.000275
1295.270385  -0.003039
1295.271066  -0.000224
1295.271748  -0.001807
1295.272429  -0.002121
1295.273110  -0.000092
1295.273791  -0.000491
1295.274472  -0.000506
1295.275153  -0.001073
1295.275834  -0.000640
1295.276516  -0.001195
1295.277197   0.000460
1295.277878  -0.000118
1295.278559   0.000592
1295.279240  -0.001087
1295.279921  -0.000147
1295.280603   0.000397
1295.281284  -0.001311
1295.281965  -0.001032
1295.282646   0.000048
1295.283327   0.000157
1295.284008  -0.001505
1295.284690   0.000300
1295.285371  -0.000053
1295.286052  -0.001167
1295.286733   0.000291
1295.287414   0.001135
1295.288095  -0.000704
1295.288776  -0.001966
1295.289458  -0.001434
1295.290139   0.000316
1295.290820  -0.000176
1295.291501  -0.001355
1295.292182  -0.000555
1295.292863  -0.000134
1295.293544  -0.000555
1295.294226  -0.000239
1295.294907  -0.002848
1295.295588   0.000479
1295.296269   0.000350
1295.296950   0.000600
1295.297631  -0.000740
1295.298313   0.000214
1295.298994   0.000052
1295.299675  -0.000703
1295.300356  -0.001315
1295.301037  -0.001788
1295.301718   0.000275
1295.302400   0.000724
1295.303081   0.000505
1295.303762  -0.001951
1295.304443  -0.002542
1295.305124   0.001140
1295.305805   0.000583
1295.306486  -0.001250
1295.307168  -0.000295
1295.307849  -0.000758
1295.308530  -0.001044
1295.309211  -0.001743
1295.309892  -0.001153
1295.310573   0.001325
1295.311254  -0.000353
1295.311936   0.000069
1295.312617   0.000601
1295.313298  -0.000582
1295.313979  -0.001310
1295.314660  -0.001554
1295.315341  -0.001352
1295.316022   0.001156
1295.316704  -0.001084
1295.317385   0.001884
1295.318066  -0.001180
1295.318747  -0.001198
1295.319428  -0.001442
1295.320109   0.000337
1295.320791  -0.000816
1295.321472  -0.001191
1295.322153  -0.002513
1295.322834  -0.000554
1295.323515  -0.002249
1295.324196  -0.000817
1295.324878   0.000736
1295.325559  -0.000219
1295.326240  -0.001493
1295.326921   0.000830
1295.327602  -0.001732
1295.328283   0.001731
1295.328964  -0.002481
1295.329646   0.001476
1295.330327  -0.001389
1295.331008  -0.001341
1295.331689  -0.000983
1295.332370  -0.000006
1295.333051  -0.002143
1295.333733  -0.001656
1295.334414   0.000085
1295.335095  -0.001370
1295.335776  -0.001915
1295.336457  -0.001257
1295.337138  -0.000481
1295.337819  -0.004390
1295.338501  -0.002207
1295.339182  -0.002217
1295.339863  -0.000606
1295.340544   0.001051
1295.341225   0.001036
1295.341906  -0.001934
1295.342587  -0.001186
1295.343269   0.000694
1295.343950  -0.000266
1295.344631   0.003197
1295.345312  -0.002700
1295.345993  -0.001056
1295.346674   0.000439
1295.347356   0.000052
1295.348037  -0.000197
1295.348718   0.000751
1295.349399   0.001024
1295.350080  -0.000659
1295.350761  -0.003164
1295.351442   0.000493
1295.352124  -0.001565
1295.352805  -0.000879
1295.353486  -0.001111
1295.354167  -0.000111
1295.354848   0.001008
1295.355529  -0.006595
1295.356210  -0.001011
1295.356892   0.000310
1295.357573  -0.001793
1295.358254  -0.000597
1295.358935   0.000101
1295.359616  -0.002347
1295.360297   0.001289
1295.360978  -0.000887
1295.361660  -0.001164
1295.362341  -0.000235
1295.363022  -0.002532
1295.363703  -0.000922
1295.364384  -0.001132
1295.365065  -0.001620
1295.365747  -0.000581
1295.366428  -0.001959
1295.367109  -0.002107
1295.367790  -0.003070
1295.368471  -0.001554
1295.369152   0.000369
1295.369834   0.000032
1295.370515   0.000280
1295.371196  -0.002037
1295.371877   0.001155
1295.372558   0.000027
1295.373239  -0.001076
1295.373920   0.000097
1295.374602   0.000432
1295.375283  -0.001130
1295.375964  -0.002240
1295.376645  -0.000937
1295.377326  -0.001466
1295.378007  -0.002058
1295.378689  -0.001931
1295.379370   0.000121
1295.380051   0.000891
1295.380732   0.000384
1295.381413   0.000762
1295.382094  -0.001809
1295.382775  -0.000324
1295.383457  -0.000250
1295.384138   0.000114
1295.384819  -0.001685
1295.385500   0.000103
1295.386181  -0.000061
1295.386862   0.000175
1295.387543   0.000997
1295.388225   0.000243
1295.388906  -0.000233
1295.389587  -0.000548
1295.390268  -0.001481
1295.390949   0.000071
1295.391630  -0.000653
1295.392311  -0.002081
1295.392993  -0.001278
1295.393674   0.000133
1295.394355   0.001109
1295.395036   0.000517
1295.395717   0.001763
1295.396398  -0.001515
1295.397080   0.000279
1295.397761   0.000580
1295.398442   0.000414
1295.399123  -0.001186
1295.399804  -0.002324
1295.400485  -0.001693
1295.401166  -0.000136
1295.401848  -0.000987
1295.402529   0.001058
1295.403210  -0.000674
1295.403891  -0.000523
1295.404572  -0.001587
1295.405253   0.000643
1295.405935  -0.000336
1295.406616   0.000611
1295.407297   0.000947
1295.407978   0.001639
1295.408659  -0.000449
1295.409340  -0.000290
1295.410021  -0.000474
1295.410703   0.001214
1295.411384   0.000748
1295.412065   0.000336
1295.412746   0.000699
1295.413427  -0.001459
1295.414108  -0.002134
1295.414790   0.000089
1295.415471   0.000535
1295.416152  -0.000628
1295.416833  -0.000861
1295.417514  -0.001708
1295.418195  -0.001613
1295.418877  -0.000566
1295.419558  -0.001394
1295.420239   0.000440
1295.420920  -0.000403
1295.421601  -0.002272
1295.422282   0.000701
1295.422963   0.001388
1295.423645  -0.001080
1295.424326  -0.000343
1295.425007  -0.000921
1295.425688  -0.000549
1295.426369  -0.001992
1295.427050  -0.000730
1295.427731  -0.001574
1295.428413  -0.002155
1295.429094  -0.002826
1295.429775   0.000013
1295.430456  -0.000815
1295.431137  -0.000348
1295.431818  -0.000298
1295.432499   0.000645
1295.433181  -0.000425
1295.433862  -0.000786
1295.434543  -0.001453
1295.435224   0.001112
1295.435905   0.000530
1295.436586  -0.001343
1295.437267   0.000431
1295.437949   0.000364
1295.438630  -0.001059
1295.439311  -0.001653
1295.439992  -0.003317
1295.440673  -0.001151
1295.441355  -0.002998
1295.442036  -0.001976
1295.442717   0.000416
1295.443398  -0.001125
1295.444079  -0.001160
1295.444760  -0.001357
1295.445441  -0.000640
1295.446123   0.001892
1295.446804   0.000461
1295.447485  -0.000244
1295.448166  -0.000543
1295.448847  -0.001358
1295.449528  -0.000984
1295.450209   0.000517
1295.450891  -0.000936
1295.451572  -0.001789
1295.452253  -0.000198
1295.452934  -0.001440
1295.453615  -0.001364
1295.454296  -0.001214
1295.454978  -0.001212
1295.455659  -0.000668
1295.456340   0.000811
1295.457021   0.000743
1295.457702  -0.000334
1295.458383  -0.000499
1295.459064  -0.001838
1295.459746  -0.001399
1295.460427  -0.000928
1295.461108   0.000098
1295.461789  -0.000275
1295.462470  -0.001080
1295.463151  -0.001321
1295.463833   0.000100
1295.464514  -0.000970
1295.465195   0.000161
1295.465876   0.000112
1295.466557  -0.000270
1295.467238  -0.000105
1295.467919  -0.000664
1295.468601  -0.001914
1295.469282   0.000277
1295.469963  -0.001437
1295.470644  -0.001235
1295.471325  -0.000269
1295.472006   0.000719
1295.472687  -0.001192
1295.473369   0.000228
1295.474050  -0.001393
1295.474731  -0.000095
1295.475412   0.000081
1295.476093   0.000107
1295.476774  -0.000329
1295.477456  -0.000226
1295.478137  -0.001502
1295.478818  -0.001156
1295.479499   0.000119
1295.480180  -0.001349
1295.480861   0.000460
1295.481542  -0.003087
1295.482224  -0.001176
1295.482905  -0.000089
1295.483586  -0.000589
1295.484267  -0.002645
1295.484948  -0.001144
1295.485629  -0.001615
1295.486311   0.001898
1295.486992   0.000918
1295.487673  -0.000801
1295.488354   0.000281
1295.489035  -0.000004
1295.489716  -0.000557
1295.490397  -0.000815
1295.491079   0.002142
1295.491760  -0.000572
1295.492441  -0.001108
1295.493122  -0.001554
1295.493803  -0.001098
1295.494484  -0.000720
1295.495166  -0.000086
1295.495847  -0.001600
1295.496528  -0.000873
1295.497209  -0.000583
1295.497890   0.000197
1295.498571   0.000397
1295.499252  -0.002855
1295.499934  -0.000341
1295.500615  -0.001581
1295.501296  -0.001386
1295.501977  -0.001284
1295.502658  -0.000213
1295.503339  -0.001904
1295.504020  -0.000981
1295.504702  -0.001424
1295.505383  -0.000711
1295.506064   0.000437
1295.506745  -0.000792
1295.507426  -0.001854
1295.508107  -0.001969
1295.508789  -0.001778
1295.509470  -0.000526
1295.510151  -0.000840
1295.510832  -0.001506
1295.511513   0.000483
1295.512194  -0.001164
1295.512875  -0.000553
1295.513557  -0.001865
1295.514238  -0.001795
1295.514919   0.000086
1295.515600  -0.001510
1295.516281  -0.000950
1295.516962  -0.000185
1295.517643  -0.000952
1295.518325   0.001330
1295.519006  -0.002864
1295.519687  -0.002608
1295.520368   0.000369
1295.521049  -0.000914
1295.521730  -0.002940
1295.522412  -0.003380
1295.523093  -0.001189
1295.523774  -0.001299
1295.524455  -0.000716
1295.525136  -0.000313
1295.525817  -0.000469
1295.526498  -0.001720
1295.527180  -0.000569
1295.527861  -0.000854
1295.528542  -0.000031
1295.529223  -0.000873
1295.529904  -0.000343
1295.530585  -0.000762
1295.531267   0.000313
1295.531948  -0.001446
1295.532629  -0.000548
1295.533310  -0.001107
1295.533991  -0.001541
1295.534672  -0.002894
1295.535354   0.000533
1295.536035  -0.000810
1295.536716   0.000445
1295.537397  -0.002537
1295.538078  -0.001128
1295.538759  -0.001478
1295.539440  -0.000339
1295.540122  -0.001370
1295.540803   0.001814
1295.541484   0.000322
1295.542165  -0.002706
1295.542846  -0.000834
1295.543527  -0.001691
1295.544208  -0.001836
1295.544890  -0.000289
1295.545571  -0.002201
1295.546252   0.000402
1295.546933   0.000885
1295.547614  -0.001627
1295.548295  -0.000484
1295.548976  -0.002702
1295.549658  -0.002453
1295.550339  -0.000538
1295.551020  -0.001087
1295.551701  -0.000205
1295.552382  -0.000022
1295.553064   0.000158
1295.553744  -0.002479
1295.554426  -0.000734
1295.555107  -0.000094
1295.555788   0.000464
1295.556469  -0.000766
1295.557150  -0.001815
1295.557832  -0.000555
1295.558513   0.000549
1295.559194  -0.000795
1295.559875  -0.001376
1295.560556  -0.000984
1295.561237   0.001314
1295.561918  -0.001157
1295.562600  -0.001308
1295.563281  -0.000211
1295.563962  -0.000909
1295.564643   0.000203
1295.565324  -0.000005
1295.566005  -0.000470
1295.566686  -0.001384
1295.567368  -0.001852
1295.568049   0.001381
1295.568730  -0.001671
1295.569411  -0.000269
1295.570092  -0.000855
1295.570773  -0.000477
1295.571455   0.000167
1295.572136  -0.001211
1295.572817  -0.000553
1295.573498  -0.001739
1295.574179  -0.000406
1295.574860   0.001271
1295.575541  -0.000098
1295.576223   0.000632
1295.576904  -0.000543
1295.577585  -0.000909
1295.578266  -0.001203
1295.578947  -0.001998
1295.579628  -0.000734
1295.580310   0.000656
1295.580991  -0.000802
1295.581672  -0.001458
1295.582353  -0.001272
1295.583034  -0.002587
1295.583715   0.000673
1295.584396  -0.000650
1295.585078  -0.000750
1295.585759   0.000701
1295.586440   0.000577
1295.587121  -0.000825
1295.587802  -0.001376
1295.588483  -0.002122
1295.589165  -0.001913
1295.589846  -0.000887
1295.590527  -0.000666
1295.591208  -0.001825
1295.591889  -0.000566
1295.592570   0.000701
1295.593251  -0.001910
1295.593933  -0.001079
1295.594614  -0.001844
1295.595295  -0.000146
1295.595976   0.000774
1295.596657   0.000352
1295.597338  -0.000546
1295.598019  -0.000162
1295.598701  -0.002041
1295.599382   0.000009
1295.600063  -0.001158
1295.600744  -0.000162
1295.601425   0.001660
1295.602106  -0.001636
1295.602788  -0.002670
1295.603469  -0.000582
1295.604150  -0.001348
1295.604831  -0.000037
1295.605512  -0.002526
1295.606193  -0.000278
1295.606874  -0.000821
1295.607556  -0.000708
1295.608237   0.000326
1295.608918  -0.000351
1295.609599  -0.000703
1295.610280  -0.001239
1295.610961  -0.000992
1295.611643  -0.000658
1295.612324  -0.001657
1295.613005  -0.001583
1295.613686   0.002338
1295.614367  -0.000790
1295.615048   0.000286
1295.615729  -0.000171
1295.616411  -0.000979
1295.617092   0.000017
1295.617773  -0.003012
1295.618454   0.000879
1295.619135  -0.000578
1295.619816   0.000234
1295.620497  -0.000965
1295.621179   0.000981
1295.621860  -0.001465
1295.622541  -0.002348
1295.623222  -0.001046
1295.623903  -0.001336
1295.624584  -0.003041
1295.625266   0.001311
1295.625947  -0.001206
1295.626628   0.000701
1295.627309  -0.000667
1295.627990  -0.000929
1295.628671  -0.000570
1295.629352  -0.000663
1295.630034   0.000478
1295.630715   0.000056
1295.631396  -0.001288
1295.632077  -0.001109
1295.632758  -0.000157
1295.633439   0.000053
1295.634121  -0.001622
1295.634802  -0.000045
1295.635483   0.000152
1295.636164   0.000157
1295.636845  -0.001525
1295.637526  -0.001222
1295.638207   0.000444
1295.638889  -0.001221
1295.639570  -0.001252
1295.640251   0.000984
1295.640932   0.000634
1295.641613  -0.001291
1295.642294  -0.001335
1295.642975   0.000159
1295.643657  -0.001517
1295.644338  -0.000333
1295.645019  -0.000808
1295.645700  -0.001299
1295.646381  -0.002625
1295.647062  -0.001349
1295.647744  -0.000054
1295.648425  -0.001339
1295.649106  -0.000543
1295.649787   0.001164
1295.650468  -0.000373
1295.651149  -0.000047
1295.651831  -0.000943
1295.652512   0.003439
1295.653193   0.000087
1295.653874  -0.001202
1295.654555  -0.000862
1295.655236  -0.001309
1295.655917  -0.001601
1295.656599  -0.000362
1295.657280   0.000920
1295.657961   0.000196
1295.658642   0.001208
1295.659323   0.000048
1295.660004   0.001775
1295.660685   0.000004
1295.661367  -0.001674
1295.662048  -0.002079
1295.662729  -0.001351
1295.663410  -0.000850
1295.664091   0.000497
1295.664772   0.000035
1295.665453  -0.001371
1295.666135   0.000020
1295.666816  -0.001600
1295.667497  -0.002261
1295.668178   0.000066
1295.668859  -0.001500
1295.669541  -0.001198
1295.670222  -0.001083
1295.670903  -0.001412
1295.671584   0.000720
1295.672265   0.000152
1295.672946  -0.002785
1295.673627  -0.002127
1295.674309  -0.001086
1295.674990  -0.000847
1295.675671  -0.000258
1295.676352  -0.002551
1295.677033  -0.000100
1295.677714  -0.001148
1295.678395  -0.000490
1295.679077   0.000825
1295.679758  -0.001748
1295.680439  -0.001270
1295.681120  -0.000232
1295.681801  -0.001881
1295.682482  -0.001639
1295.683163  -0.001013
1295.683845  -0.001618
1295.684526   0.000789
1295.685207   0.000007
1295.685888  -0.000752
1295.686569   0.000562
1295.687250   0.000222
1295.687932  -0.000888
1295.688613  -0.000828
1295.689294   0.000439
1295.689975  -0.000598
1295.690656  -0.002126
1295.691337  -0.000884
1295.692018  -0.001283
1295.692700  -0.001841
1295.693381  -0.001463
1295.694062  -0.001528
1295.694743  -0.000278
1295.695424  -0.000829
1295.696105  -0.000664
1295.696787  -0.001028
1295.697468   0.002215
1295.698149  -0.002051
1295.698830  -0.001656
1295.699511   0.000060
1295.700192   0.000043
1295.700873  -0.002346
1295.701555  -0.001121
1295.702236  -0.000931
1295.702917  -0.001184
1295.703598   0.000178
1295.704279  -0.002271
1295.704960  -0.000092
1295.705642  -0.002375
1295.706323  -0.001677
1295.707004  -0.001412
1295.707685  -0.000593
1295.708366   0.001808
1295.709047  -0.000774
1295.709728  -0.001268
1295.710410  -0.000627
1295.711091  -0.003245
1295.711772  -0.001315
1295.712453  -0.000941
1295.713134  -0.000194
1295.713815  -0.000817
1295.714496  -0.000760
1295.715178  -0.001780
1295.715859  -0.001071
1295.716540  -0.001255
1295.717221   0.000340
1295.717902  -0.001553
1295.718583  -0.000893
1295.719265  -0.000020
1295.719946   0.000820
1295.720627  -0.000353
1295.721308   0.000144
1295.721989  -0.000514
1295.722670   0.000948
1295.723351   0.000214
1295.724033   0.000440
1295.724714  -0.001311
1295.725395  -0.000126
1295.726076  -0.002034
1295.726757  -0.000165
1295.727438  -0.001028
1295.728119  -0.000351
1295.728801  -0.000901
1295.729482   0.000030
1295.730163  -0.001344
1295.730844  -0.000478
1295.731525   0.000303
1295.732206   0.000421
1295.732888  -0.000443
1295.733569  -0.000051
1295.734250  -0.000572
1295.734931  -0.000994
1295.735612  -0.000785
1295.736293  -0.001064
1295.736975   0.000344
1295.737656  -0.001191
1295.738337  -0.000963
1295.739018  -0.003550
1295.739699  -0.000488
1295.740380  -0.000787
1295.741061  -0.002117
1295.741743  -0.001584
1295.742424  -0.001206
1295.743105   0.001267
1295.743786  -0.001551
1295.744467  -0.001176
1295.745148  -0.000776
1295.745830  -0.000146
1295.746511   0.000813
1295.747192  -0.000697
1295.747873  -0.001275
1295.748554  -0.000196
1295.749235  -0.001414
1295.749916  -0.000326
1295.750598  -0.003266
1295.751279  -0.000856
1295.751960  -0.000033
1295.752641  -0.000221
1295.753322  -0.000177
1295.754003  -0.000295
1295.754684  -0.001254
1295.755366   0.000823
1295.756047  -0.000935
1295.756728  -0.001316
1295.757409   0.001169
1295.758090  -0.001683
1295.758771  -0.000833
1295.759452  -0.001066
1295.760134   0.000407
1295.760815  -0.000850
1295.761496  -0.002747
1295.762177  -0.001142
1295.762858  -0.001652
1295.763539  -0.000421
1295.764221   0.001066
1295.764902  -0.001667
1295.765583  -0.000928
1295.766264  -0.000121
1295.766945  -0.000493
1295.767626  -0.000542
1295.768307  -0.001312
1295.768989  -0.000868
1295.769670  -0.001386
1295.770351   0.000058
1295.771032  -0.002061
1295.771713  -0.000890
1295.772394  -0.001097
1295.773076  -0.000218
1295.773757  -0.001773
1295.774438  -0.000090
1295.775119  -0.001622
1295.775800  -0.000451
1295.776481  -0.003463
1295.777162  -0.001230
1295.777844   0.000748
1295.778525   0.000146
1295.779206  -0.000389
1295.779887  -0.002911
1295.780568  -0.000613
1295.781249  -0.000068
1295.781930  -0.001224
1295.782612  -0.001568
1295.783293   0.000203
1295.783974   0.001050
1295.784655   0.000208
1295.785336   0.001636
1295.786018  -0.000038
1295.786699  -0.000557
1295.787380  -0.001649
1295.788061  -0.000161
1295.788742  -0.001228
1295.789423  -0.000974
1295.790104  -0.000323
1295.790786  -0.000990
1295.791467   0.000012
1295.792148  -0.001725
1295.792829   0.002168
1295.793510  -0.000675
1295.794191  -0.000489
1295.794872   0.000388
1295.795554  -0.000798
1295.796235   0.001424
1295.796916   0.001768
1295.797597   0.000669
1295.798278  -0.001568
1295.798959  -0.003483
1295.799640   0.000372
1295.800322  -0.001865
1295.801003  -0.000814
1295.801684   0.000049
1295.802365  -0.001959
1295.803046  -0.000123
1295.803727  -0.001258
1295.804408  -0.000820
1295.805090  -0.001866
1295.805771  -0.000623
1295.806452  -0.000402
1295.807133  -0.001486
1295.807814  -0.002326
1295.808495  -0.000131
1295.809177  -0.000144
1295.809858   0.001091
1295.810539  -0.001380
1295.811220  -0.000372
1295.811901  -0.002447
1295.812582   0.000341
1295.813264  -0.000748
1295.813945   0.001119
1295.814626  -0.002141
1295.815307  -0.000433
1295.815988   0.000526
1295.816669  -0.002571
1295.817351  -0.002012
1295.818032  -0.000725
1295.818713  -0.001158
1295.819394   0.000262
1295.820075   0.000549
1295.820756  -0.000333
1295.821437  -0.000103
1295.822119   0.001634
1295.822800  -0.001827
1295.823481  -0.000665
1295.824162  -0.002215
1295.824843   0.000991
1295.825524  -0.000985
1295.826205   0.001073
1295.826887  -0.000498
1295.827568  -0.001951
1295.828249  -0.001280
1295.828930  -0.001177
1295.829611  -0.002331
1295.830292   0.000292
1295.830974  -0.003163
1295.831655   0.002044
1295.832336  -0.000048
1295.833017  -0.002473
1295.833698  -0.000199
1295.834379  -0.001402
1295.835060  -0.002229
1295.835742  -0.000197
1295.836423  -0.001766
1295.837104   0.000252
1295.837785  -0.001518
1295.846640   0.000426
1295.847321  -0.001015
1295.848002  -0.002140
1295.848683   0.001134
1295.849365  -0.001899
1295.850046   0.000561
1295.850727  -0.000277
1295.851408  -0.000912
1295.852089  -0.001592
1295.852770  -0.002079
1295.853452  -0.000982
1295.854133   0.001159
1295.854814   0.001048
1295.855495   0.000009
1295.856176   0.000744
1295.856857   0.000397
1295.857539  -0.003190
1295.858220  -0.000582
1295.858901  -0.000100
1295.859582  -0.001091
1295.860263   0.000191
1295.860944  -0.002773
1295.861625  -0.004466
1295.862307  -0.000360
1295.862988   0.000066
1295.863669  -0.000594
1295.864350  -0.000339
1295.865031  -0.000517
1295.865712  -0.000595
1295.866393   0.001249
1295.867075  -0.000354
1295.867756   0.000285
1295.868437  -0.000724
1295.869118  -0.001513
1295.869799  -0.001061
1295.870480   0.000239
1295.871161  -0.001200
1295.871843  -0.001378
1295.872524   0.001161
1295.873205  -0.000364
1295.873886   0.000330
1295.874567   0.000173
1295.875248  -0.000422
1295.875929   0.000012
1295.876611   0.000927
1295.877292   0.000665
1295.877973  -0.001188
1295.878654  -0.001577
1295.879335   0.001030
1295.880016  -0.000340
1295.880698   0.000437
1295.881379  -0.002361
1295.882060   0.000089
1295.882741   0.000358
1295.883422   0.001160
1295.884103  -0.001670
1295.884785  -0.000754
1295.885466  -0.000347
1295.886147   0.001819
1295.886828  -0.002484
1295.887509   0.001032
1295.888190   0.001157
1295.888871   0.000646
1295.889553  -0.000971
1295.890234  -0.001831
1295.890915  -0.000711
1295.891596  -0.000730
1295.892277  -0.000450
1295.892958  -0.001143
1295.893639   0.000484
1295.894321  -0.000671
1295.895002  -0.002006
1295.895683  -0.001016
1295.896364   0.000336
1295.897045  -0.001168
1295.897726   0.001319
1295.898408   0.001188
1295.899089  -0.002305
1295.899770  -0.000883
1295.900451  -0.000789
1295.901132  -0.000669
1295.901813   0.000464
1295.902495  -0.001953
1295.903176  -0.000742
1295.903857  -0.001490
1295.904538  -0.001645
1295.905219  -0.000797
1295.905900  -0.002043
1295.906581  -0.000139
1295.907263  -0.000918
1295.907944  -0.000953
1295.908625  -0.002065
1295.909306   0.001021
1295.909987  -0.002266
1295.910668  -0.001327
1295.911349  -0.002256
1295.912031  -0.001164
1295.912712  -0.000791
1295.913393   0.000966
1295.914074  -0.000258
1295.914755   0.000178
1295.915436  -0.005053
1295.916117   0.000422
1295.916799  -0.000829
1295.917480  -0.000949
1295.918161  -0.001397
1295.918842  -0.000931
1295.919523  -0.000096
1295.920204  -0.002175
1295.920885  -0.000768
1295.921567   0.000852
1295.922248   0.000182
1295.922929  -0.000887
1295.923610  -0.001368
1295.924291  -0.000453
1295.924972   0.001066
1295.925654  -0.001490
1295.926335  -0.001139
1295.927016  -0.000527
1295.927697   0.000354
1295.928378  -0.001413
1295.929059   0.000132
1295.929741  -0.002897
1295.930422  -0.003821
1295.931103  -0.002339
1295.931784  -0.013358
1295.932465  -0.002082
1295.933146   0.000086
1295.933828   0.001488
1295.934509  -0.000450
1295.935190   0.001382
1295.935871  -0.001312
1295.936552  -0.000505
1295.937233   0.000603
1295.937914   0.001440
1295.938596   0.000665
1295.939277   0.000974
1295.939958  -0.002430
1295.940639  -0.002101
1295.941320  -0.002253
1295.942001   0.000774
1295.942682  -0.000833
1295.943364  -0.001084
1295.944045   0.000069
1295.944726  -0.000326
1295.945407  -0.000586
1295.946088  -0.000640
1295.946769   0.000501
1295.947451   0.001417
1295.948132  -0.000555
1295.948813   0.001779
1295.949494  -0.001087
1295.950175   0.000224
1295.950856  -0.003037
1295.951537   0.000496
1295.952219   0.000613
1295.952900   0.000220
1295.953581  -0.000709
1295.954262  -0.000122
1295.954943  -0.001438
1295.955624  -0.000226
1295.956305   0.000884
1295.956987  -0.002553
1295.957668  -0.000097
1295.958349  -0.001280
1295.959030  -0.000079
1295.959711  -0.001528
1295.960392  -0.001096
1295.961074  -0.000397
1295.961755  -0.000245
1295.962436  -0.001006
1295.963117  -0.000654
1295.963798   0.000181
1295.964479  -0.002097
1295.965160  -0.003039
1295.965842  -0.001591
1295.966523  -0.000637
1295.967204  -0.001124
1295.967885   0.001127
1295.968566  -0.001201
1295.969247   0.001101
1295.969929  -0.001357
1295.970610   0.001266
1295.971291  -0.000902
1295.971972  -0.000590
1295.972653  -0.000774
1295.973334  -0.000255
1295.974016  -0.000745
1295.974697   0.001044
1295.975378   0.001099
1295.976059  -0.001289
1295.976740   0.000555
1295.977421  -0.000984
1295.978102   0.000405
1295.978784  -0.001103
1295.979465  -0.001276
1295.980146   0.001123
1295.980827  -0.000444
1295.981508  -0.000059
1295.982189  -0.000355
1295.982870   0.000213
1295.983552   0.000647
1295.984233  -0.004464
1295.984914  -0.001653
1295.985595  -0.001268
1295.986276   0.001112
1295.986957  -0.001145
1295.987638  -0.000811
1295.988320  -0.000610
1295.989001  -0.001186
1295.989682   0.000024
1295.990363  -0.000277
1295.991044  -0.001073
1295.991725  -0.002683
1295.992406  -0.000361
1295.993088  -0.000530
1295.993769   0.000710
1295.994450  -0.001664
1295.995131   0.000409
1295.995812  -0.002187
1295.996494   0.000177
1295.997175  -0.000659
1295.997856  -0.000673
1295.998537  -0.002047
1295.999218  -0.002031
1295.999899  -0.000778
1296.000580  -0.001001
1296.001262  -0.000678
1296.001943  -0.002079
1296.002624  -0.000100
1296.003305   0.000774
1296.003986  -0.002664
1296.004667  -0.000784
1296.005348  -0.002782
1296.006030   0.000884
1296.006711   0.001112
1296.007392  -0.000639
1296.008073   0.000074
1296.008754  -0.000074
1296.009435  -0.001499
1296.010117  -0.001463
1296.010798  -0.001115
1296.011479  -0.001093
1296.012160  -0.000112
1296.012841  -0.002347
1296.013522  -0.000524
1296.014204  -0.001744
1296.014885   0.000690
1296.015566   0.000617
1296.016247   0.000833
1296.016928  -0.003034
1296.017609  -0.000293
1296.018290  -0.000404
1296.018972   0.000003
1296.019653  -0.000851
1296.020334  -0.001377
1296.021015   0.000183
1296.021696   0.000871
1296.022377  -0.001208
1296.023058   0.000335
1296.023740   0.000520
1296.024421  -0.003147
1296.025102  -0.001913
1296.025783  -0.000307
1296.026464   0.001227
1296.027145  -0.000904
1296.027826   0.000727
1296.028508  -0.001216
1296.029189  -0.000651
1296.029870  -0.000612
1296.030551  -0.002992
1296.031232   0.000610
1296.031913  -0.000583
1296.032594   0.000389
1296.033276   0.000838
1296.033957  -0.001124
1296.034638   0.000147
1296.035319  -0.002115
1296.036000   0.000552
1296.036681  -0.001724
1296.037363   0.000902
1296.038044   0.000307
1296.038725  -0.000329
1296.039406   0.000286
1296.040087  -0.001861
1296.040768  -0.002756
1296.041450   0.000308
1296.042131  -0.001123
1296.042812  -0.002015
1296.043493   0.000113
1296.044174  -0.001953
1296.044855   0.001286
1296.045536  -0.002064
1296.046218  -0.001438
1296.046899  -0.000356
1296.047580  -0.000579
1296.048261   0.000974
1296.048942  -0.000486
1296.049623   0.000023
1296.050305  -0.000088
1296.050986  -0.001897
1296.051667  -0.001147
1296.052348   0.000160
1296.053029  -0.000483
1296.053710   0.001230
1296.054391  -0.000419
1296.055073  -0.001917
1296.055754   0.001070
1296.056435   0.000145
1296.057116  -0.000388
1296.057797  -0.001489
1296.058478  -0.001060
1296.059159  -0.000959
1296.059841  -0.000104
1296.060522  -0.001268
1296.061203  -0.000808
1296.061884  -0.002215
1296.062565  -0.000788
1296.063246  -0.001193
1296.063928  -0.000848
1296.064609  -0.000698
1296.065290   0.000030
1296.065971  -0.000466
1296.066652  -0.003127
1296.067333  -0.000446
1296.068014   0.000215
1296.068696  -0.000293
1296.069377  -0.002209
1296.070058  -0.000401
1296.070739  -0.000583
1296.071420  -0.001161
1296.072101   0.000482
1296.072782  -0.000376
1296.073464  -0.001820
1296.074145  -0.000123
1296.074826  -0.001705
1296.075507  -0.000272
1296.076188  -0.000325
1296.076869  -0.001728
1296.077551  -0.001206
1296.078232  -0.000313
1296.078913  -0.000598
1296.079594   0.000704
1296.080275   0.000894
1296.080956  -0.000248
1296.081637  -0.000505
1296.082319  -0.000482
1296.083000  -0.000334
1296.083681  -0.000882
1296.084362  -0.001174
1296.085043  -0.000812
1296.085724  -0.000361
1296.086406  -0.000648
1296.087087   0.000455
1296.087768  -0.001494
1296.088449  -0.000995
1296.089130  -0.000981
1296.089811  -0.000894
1296.090493  -0.001532
1296.091174   0.000349
1296.091855  -0.000585
1296.092536   0.001805
1296.093217   0.000475
1296.093898  -0.000859
1296.094579  -0.001230
1296.095261  -0.000754
1296.095942   0.000321
1296.096623  -0.000164
1296.097304  -0.000280
1296.097985  -0.000094
1296.098666  -0.000824
1296.099347  -0.001015
1296.100029  -0.001448
1296.100710   0.000084
1296.101391  -0.000726
1296.102072   0.000866
1296.102753   0.000880
1296.103434  -0.000769
1296.104115  -0.001979
1296.104797  -0.001183
1296.105478  -0.001063
1296.106159  -0.001832
1296.106840  -0.001283
1296.107521   0.000372
1296.108202  -0.000962
1296.108884  -0.001023
1296.109565   0.002845
1296.110246  -0.001360
1296.110927  -0.000845
1296.111608  -0.000237
1296.112289  -0.000642
1296.112971  -0.001327
1296.113652  -0.000414
1296.114333  -0.000141
1296.115014  -0.000463
1296.115695   0.000146
1296.116376  -0.001102
1296.117057   0.000020
1296.117739  -0.001128
1296.118420  -0.001767
1296.119101  -0.001338
1296.119782  -0.001624
1296.120463  -0.001137
1296.121144  -0.002949
1296.121825  -0.002341
1296.122507  -0.000008
1296.123188  -0.002338
1296.123869   0.001728
1296.124550  -0.000825
1296.125231  -0.001439
1296.125912  -0.000516
1296.126594  -0.000607
1296.127275  -0.001258
1296.127956  -0.000513
1296.128637  -0.001307
1296.129318   0.000353
1296.129999  -0.000446
1296.130681  -0.000525
1296.131362  -0.001108
1296.132043   0.000016
1296.132724   0.000534
1296.133405   0.000315
1296.134086  -0.002691
1296.134767  -0.002043
1296.135449  -0.001597
1296.136130  -0.000227
1296.136811   0.000929
1296.137492   0.000014
1296.138173  -0.002283
1296.138854  -0.003459
1296.139535  -0.001080
1296.140217  -0.001012
1296.140898  -0.001228
1296.141579  -0.000669
1296.142260  -0.000969
1296.142941   0.000855
1296.143622   0.000791
1296.144304  -0.001566
1296.144985  -0.001085
1296.145666  -0.002182
1296.146347  -0.001255
1296.147028  -0.000345
1296.147709   0.000284
1296.148390  -0.002084
1296.149072   0.001426
1296.149753  -0.000815
1296.150434  -0.001918
1296.151115  -0.002370
1296.151796  -0.000684
1296.152477  -0.000571
1296.153158  -0.001987
1296.153840  -0.001377
1296.154521  -0.000118
1296.155202  -0.001276
1296.155883  -0.000523
1296.156564  -0.001310
1296.157245  -0.001900
1296.157927   0.000785
1296.158608  -0.000897
1296.159289  -0.002506
1296.159970  -0.001108
1296.160651  -0.002113
1296.161332   0.000920
1296.162013  -0.000337
1296.162695  -0.002322
1296.163376  -0.000633
1296.164057  -0.000958
1296.164738  -0.001814
1296.165419   0.000039
1296.166100  -0.001335
1296.166782  -0.001088
1296.167463   0.000080
1296.168144  -0.000919
1296.168825  -0.000591
1296.169506  -0.002534
