1466.769172   0.000103
1466.769853  -0.002669
1466.770534  -0.001631
1466.771215  -0.001355
1466.771896  -0.001190
1466.772577  -0.000712
1466.773259  -0.000551
1466.773940  -0.001505
1466.774621  -0.000497
1466.775302  -0.002647
1466.775983  -0.002273
1466.776664  -0.001940
1466.777345  -0.003025
1466.778026  -0.001744
1466.778707  -0.002984
1466.779388  -0.001730
1466.780069  -0.000961
1466.780750  -0.001354
1466.781432  -0.001684
1466.782113   0.000205
1466.782794  -0.003527
1466.783475  -0.001627
1466.784156  -0.001587
1466.784837   0.001296
1466.785518  -0.000545
1466.786199  -0.004202
1466.786880  -0.001782
1466.787561  -0.000984
1466.788243   0.000328
1466.788924  -0.002616
1466.789605  -0.002241
1466.790286  -0.002271
1466.790967  -0.003092
1466.791648  -0.002362
1466.792329  -0.005365
1466.793010  -0.001277
1466.793691  -0.002600
1466.794372  -0.001587
1466.795053  -0.003431
1466.795735  -0.000199
1466.796416  -0.001299
1466.797097  -0.002851
1466.797778  -0.003017
1466.798459  -0.003294
1466.799140  -0.002392
1466.799821  -0.001734
1466.800502   0.000088
1466.801183   0.000627
1466.801864  -0.002240
1466.802545  -0.002220
1466.803227  -0.001688
1466.803908  -0.002640
1466.804589  -0.001719
1466.805270  -0.000423
1466.805951  -0.001083
1466.806632  -0.001048
1466.807313   0.000981
1466.807994  -0.001953
1466.808675  -0.000343
1466.809356   0.000679
1466.810037  -0.002637
1466.810719   0.000174
1466.811400  -0.001460
1466.812081  -0.000073
1466.812762  -0.002681
1466.813443   0.000159
1466.814124  -0.000757
1466.814805  -0.001587
1466.815486  -0.000321
1466.816167  -0.001597
1466.816848  -0.000019
1466.817530  -0.002250
1466.818211   0.000168
1466.818892   0.000001
1466.819573  -0.002076
1466.820254  -0.000262
1466.820935  -0.002804
1466.821616  -0.000900
1466.822297  -0.000646
1466.822978  -0.001063
1466.823659  -0.001163
1466.824340   0.000589
1466.825021   0.000068
1466.825703  -0.001125
1466.826384  -0.002764
1466.827065   0.000152
1466.827746  -0.000210
1466.828427   0.000912
1466.829108  -0.001686
1466.829789  -0.000442
1466.830470  -0.001248
1466.831151  -0.003059
1466.831833  -0.003159
1466.832514  -0.001469
1466.833195  -0.000926
1466.833876   0.000686
1466.834557  -0.000007
1466.835238   0.001623
1466.835919   0.000586
1466.836600  -0.002011
1466.837281  -0.001291
1466.837962  -0.000768
1466.838643  -0.001940
1466.839325  -0.001315
1466.840006  -0.001475
1466.840687  -0.001434
1466.841368  -0.002002
1466.842049   0.001481
1466.842730  -0.001532
1466.843411  -0.000570
1466.844092  -0.002488
1466.844773  -0.001210
1466.845454  -0.000365
1466.846135  -0.001012
1466.846816  -0.000226
1466.847498  -0.000083
1466.848179  -0.000334
1466.848860   0.002470
1466.849541  -0.000223
1466.850222   0.001060
1466.850903  -0.000640
1466.851584   0.001427
1466.852265  -0.001101
1466.852946  -0.000478
1466.853627   0.000231
1466.854309  -0.000441
1466.854990  -0.001662
1466.855671   0.000700
1466.856352  -0.001651
1466.857033  -0.000891
1466.857714   0.000792
1466.858395  -0.004746
1466.859076  -0.000050
1466.859757  -0.000597
1466.860438   0.000655
1466.861120  -0.002454
1466.861801   0.001344
1466.862482   0.000899
1466.863163  -0.000075
1466.863844   0.000880
1466.864525  -0.000663
1466.865206  -0.000715
1466.865887   0.001253
1466.866568  -0.000879
1466.867249  -0.000519
1466.867930  -0.000519
1466.868612  -0.000118
1466.869293  -0.001182
1466.869974  -0.000077
1466.870655   0.000050
1466.871336   0.001404
1466.872017   0.002064
1466.872698   0.000664
1466.873379   0.001407
1466.874060  -0.003287
1466.874741   0.000399
1466.875422  -0.000123
1466.876103  -0.001691
1466.876785  -0.001481
1466.877466   0.000135
1466.878147  -0.001627
1466.878828  -0.001124
1466.879509  -0.001970
1466.880190  -0.000399
1466.880871  -0.000861
1466.881552  -0.000278
1466.882233  -0.000988
1466.882915  -0.003978
1466.883596  -0.000159
1466.884277  -0.000287
1466.884958  -0.000833
1466.885639  -0.001116
1466.886320  -0.002069
1466.887001   0.001540
1466.887682  -0.001779
1466.888363  -0.002979
1466.889044  -0.003188
1466.889725  -0.000025
1466.890407  -0.001542
1466.891088   0.000067
1466.891769  -0.000880
1466.892450  -0.000590
1466.893131   0.000036
1466.893812   0.001141
1466.894493  -0.000229
1466.895174   0.000516
1466.895855  -0.001348
1466.896536  -0.002063
1466.897217   0.000529
1466.897899   0.000635
1466.898580  -0.000149
1466.899261   0.000057
1466.899942  -0.000310
1466.900623  -0.001684
1466.901304  -0.001019
1466.901985   0.001887
1466.902666  -0.000188
1466.903347  -0.001074
1466.904028   0.001134
1466.904709  -0.001218
1466.905391  -0.000970
1466.906072  -0.001404
1466.906753   0.001340
1466.907434  -0.000166
1466.908115  -0.000219
1466.908796   0.000392
1466.909477  -0.003060
1466.910158   0.000609
1466.910839  -0.001541
1466.911520  -0.000126
1466.912202  -0.000017
1466.912883   0.001960
1466.913564  -0.000238
1466.914245   0.000054
1466.914926   0.000396
1466.915607  -0.001468
1466.916288  -0.000054
1466.916969  -0.001075
1466.917650   0.000492
1466.918331  -0.001475
1466.919012   0.000953
1466.919693   0.002675
1466.920375  -0.002194
1466.921056   0.000390
1466.921737  -0.000578
1466.922418   0.001221
1466.923099   0.001260
1466.923780   0.000038
1466.924461   0.001034
1466.925142   0.001295
1466.925823   0.000627
1466.926504  -0.001032
1466.927186   0.000264
1466.927867   0.000334
1466.928548  -0.000749
1466.929229  -0.000094
1466.929910   0.002271
1466.930591   0.002196
1466.931272   0.000366
1466.931953  -0.000726
1466.932634   0.000540
1466.933315  -0.001880
1466.933996  -0.002040
1466.934678  -0.002439
1466.935359   0.000290
1466.936040   0.001124
1466.936721  -0.000432
1466.937402  -0.000248
1466.938083  -0.000279
1466.938764  -0.000197
1466.939445  -0.000192
1466.940126   0.000015
1466.940807   0.000273
1466.941489  -0.001903
1466.942170   0.002041
1466.942851   0.000558
1466.943532   0.004276
1466.944213  -0.000299
1466.944894   0.000357
1466.945575  -0.000791
1466.946256  -0.000792
1466.946937  -0.000184
1466.947618   0.002286
1466.948299  -0.001822
1466.948981   0.000481
1466.949662   0.002425
1466.950343   0.003272
1466.951024   0.001769
1466.951705  -0.002385
1466.952386  -0.000387
1466.953067   0.001419
1466.953748   0.000485
1466.954429  -0.000477
1466.955110   0.000507
1466.955791  -0.002174
1466.956473   0.000032
1466.957154  -0.000514
1466.957835   0.001881
1466.958516   0.001331
1466.959197  -0.000600
1466.959878  -0.000765
1466.960559  -0.000578
1466.961240  -0.000697
1466.961921   0.000280
1466.962602   0.001784
1466.963284   0.000424
1466.963965   0.000054
1466.964646   0.002269
1466.965327   0.000135
1466.966008   0.004291
1466.966689  -0.001162
1466.967370  -0.000622
1466.968051   0.000482
1466.968732  -0.000389
1466.969413   0.000694
1466.970094  -0.000289
1466.970775   0.003819
1466.971457  -0.001020
1466.972138  -0.002551
1466.972819  -0.000636
1466.973500  -0.000789
1466.974181   0.000357
1466.974862  -0.001335
1466.975543   0.001115
1466.976224  -0.002101
1466.976905  -0.000392
1466.977586  -0.000383
1466.978268  -0.001516
1466.978949  -0.001001
1466.979630   0.000066
1466.980311  -0.000465
1466.980992  -0.000929
1466.981673   0.002081
1466.982354   0.000556
1466.983035  -0.000219
1466.983716  -0.002645
1466.984397  -0.001976
1466.985078  -0.002381
1466.985760   0.000337
1466.986441  -0.001017
1466.987122  -0.000263
1466.987803  -0.000086
1466.988484   0.000456
1466.989165  -0.001224
1466.989846  -0.001062
1466.990527   0.000613
1466.991208   0.001158
1466.991890   0.000332
1466.992570   0.000196
1466.993252  -0.000428
1466.993933  -0.000695
1466.994614   0.000104
1466.995295  -0.000680
1466.995976  -0.002597
1466.996657  -0.000023
1466.997338  -0.001552
1466.998019   0.001008
1466.998700  -0.000866
1466.999381  -0.002729
1467.000062   0.003164
1467.000744  -0.001092
1467.001425  -0.000815
1467.002106  -0.000977
1467.002787  -0.002471
1467.003468  -0.000629
1467.004149   0.001093
1467.004830   0.000137
1467.005511   0.000288
1467.006192  -0.001061
1467.006874  -0.001733
1467.007555  -0.000324
1467.008236   0.001104
1467.008917   0.000376
1467.009598  -0.005659
1467.010279  -0.002622
1467.010960  -0.001852
1467.011641  -0.000222
1467.012322  -0.001022
1467.013003  -0.002219
1467.013684  -0.001646
1467.014366   0.000492
1467.015046  -0.000423
1467.015728   0.001518
1467.016409   0.000544
1467.017090  -0.002586
1467.017771  -0.000396
1467.018452  -0.000488
1467.019133  -0.002025
1467.019814  -0.000823
1467.020495  -0.001067
1467.021176   0.000408
1467.021857  -0.003044
1467.022539  -0.000769
1467.023220  -0.000673
1467.023901   0.000777
1467.024582  -0.001185
1467.025263   0.000179
1467.025944  -0.000825
1467.026625  -0.002632
1467.027306   0.000216
1467.027987  -0.001484
1467.028668  -0.001417
1467.029350  -0.000698
1467.030031  -0.001815
1467.030712  -0.001178
1467.031393  -0.000701
1467.032074  -0.000672
1467.032755  -0.002594
1467.033436   0.002460
1467.034117  -0.000915
1467.034798  -0.000539
1467.035479  -0.001216
1467.036160   0.002700
1467.036842   0.000926
1467.037523  -0.003794
1467.038204  -0.000364
1467.038885   0.000053
1467.039566  -0.000466
1467.040247  -0.001762
1467.040928   0.000507
1467.041609  -0.001276
1467.042290  -0.000821
1467.042971  -0.001410
1467.043652   0.000956
1467.044334   0.000543
1467.045015  -0.002018
1467.045696  -0.002656
1467.046377  -0.000461
1467.047058   0.001217
1467.047739  -0.000207
1467.048420  -0.000671
1467.049101  -0.000126
1467.049782  -0.000437
1467.050463  -0.002361
1467.051144   0.000581
1467.051826  -0.000018
1467.052507  -0.004170
1467.053188   0.000156
1467.053869   0.000586
1467.054550   0.000251
1467.055231  -0.001182
1467.055912   0.000570
1467.056593   0.000793
1467.057274   0.001907
1467.057955   0.000938
1467.058637   0.001029
1467.059318   0.000410
1467.059999   0.000245
1467.060680   0.000304
1467.061361   0.000473
1467.062042  -0.000770
1467.062723  -0.002722
1467.063404   0.001810
1467.064085  -0.000188
1467.064766  -0.002342
1467.065447   0.001347
1467.066129  -0.000903
1467.066810  -0.001667
1467.067491  -0.000075
1467.068172  -0.000144
1467.068853  -0.001940
1467.069534  -0.001193
1467.070215  -0.001261
1467.070896   0.000321
1467.071577  -0.001474
1467.072258  -0.001044
1467.072940   0.001444
1467.073621  -0.001817
1467.074302  -0.000488
1467.074983  -0.001299
1467.075664   0.000225
1467.076345   0.000174
1467.077026  -0.000129
1467.077707  -0.000498
1467.078388  -0.001510
1467.079069  -0.000938
1467.079750   0.000785
1467.080432  -0.002471
1467.081113  -0.000140
1467.081794  -0.001415
1467.082475  -0.003110
1467.083156  -0.000623
1467.083837  -0.001731
1467.084518   0.001094
1467.085199   0.000322
1467.085880  -0.001457
1467.086561  -0.002507
1467.087243   0.000428
1467.087924  -0.003366
1467.088605  -0.000194
1467.089286  -0.000126
1467.089967   0.000566
1467.090648  -0.001221
1467.091329   0.000626
1467.092010   0.000243
1467.092691   0.001460
1467.093372   0.000526
1467.094053  -0.001466
1467.094734   0.000682
1467.095416  -0.001411
1467.096097   0.000373
1467.096778  -0.001498
1467.097459  -0.000944
1467.098140  -0.005673
1467.098821  -0.002074
1467.099502  -0.001801
1467.100183   0.000120
1467.100864  -0.001281
1467.101545   0.000901
1467.102227  -0.000909
1467.102908   0.001407
1467.103589  -0.001095
1467.104270   0.000469
1467.104951   0.000171
1467.105632   0.000076
1467.106313  -0.000056
1467.106994  -0.001457
1467.107675  -0.001004
1467.108356  -0.000810
1467.109037   0.001512
1467.109719   0.000603
1467.110400  -0.000675
1467.111081  -0.000617
1467.111762  -0.000719
1467.112443   0.000012
1467.113124  -0.001768
1467.113805   0.000123
1467.114486   0.000039
1467.115167  -0.001776
1467.115848   0.000087
1467.116529  -0.001169
1467.117211  -0.001139
1467.117892   0.000167
1467.118573  -0.000508
1467.119254  -0.000992
1467.119935  -0.001396
1467.120616   0.001396
1467.121297  -0.005946
1467.121978  -0.001447
1467.122659   0.001047
1467.123340   0.000900
1467.124021  -0.001408
1467.124703  -0.004672
1467.125384  -0.002874
1467.126065  -0.001400
1467.126746  -0.002194
1467.127427  -0.002796
1467.128108  -0.002153
1467.128789  -0.000421
1467.129470   0.000273
1467.130151  -0.003048
1467.130832   0.000778
1467.131514  -0.001611
1467.132195  -0.000483
1467.132876  -0.001301
1467.133557   0.001509
1467.134238   0.000189
1467.134919  -0.001626
1467.135600   0.002082
1467.136281  -0.000696
1467.136962  -0.001513
1467.137643  -0.005518
1467.138324  -0.002143
1467.139005  -0.000865
1467.139687  -0.000872
1467.140368  -0.000270
1467.141049   0.000610
1467.141730  -0.003206
1467.142411   0.001990
1467.143092   0.000041
1467.143773   0.000499
1467.144454  -0.008883
1467.145135  -0.001463
1467.145817  -0.001487
1467.146498  -0.002152
1467.147179  -0.000219
1467.147860   0.001023
1467.148541   0.000139
1467.149222   0.000103
1467.149903   0.000753
1467.150584  -0.001783
1467.151265  -0.001402
1467.151946  -0.000172
1467.152627  -0.000911
1467.153309  -0.000592
1467.153990   0.001621
1467.154671  -0.000410
1467.155352   0.000320
1467.156033  -0.001123
1467.156714   0.000589
1467.157395   0.000122
1467.158076  -0.001428
1467.158757   0.000045
1467.159438  -0.001561
1467.160119   0.000502
1467.160800  -0.003179
1467.161482  -0.003053
1467.162163   0.001011
1467.162844  -0.000691
1467.163525   0.000027
1467.164206  -0.002588
1467.164887  -0.001270
1467.165568  -0.000237
1467.166249   0.000404
1467.166930  -0.002479
1467.167611  -0.000050
1467.168293  -0.001160
1467.168974  -0.000738
1467.169655  -0.000357
1467.170336   0.000932
1467.171017  -0.002578
1467.171698   0.000097
1467.172379  -0.001757
1467.173060  -0.002921
1467.173741  -0.000897
1467.174422  -0.002066
1467.175103  -0.002060
1467.175785   0.001652
1467.176466  -0.002249
1467.177147  -0.000949
1467.177828  -0.000794
1467.178509  -0.000605
1467.179190  -0.002361
1467.179871   0.000205
1467.180552  -0.002665
1467.181233  -0.000360
1467.181914  -0.000785
1467.182596  -0.002677
1467.183277  -0.001042
1467.183958   0.000076
1467.184639   0.001087
1467.185320  -0.000639
1467.186001  -0.001273
1467.186682   0.000287
1467.187363  -0.001126
1467.188044  -0.000498
1467.188725  -0.001063
1467.189406  -0.003152
1467.190087   0.000598
1467.190769  -0.002039
1467.191450   0.001889
1467.192131  -0.000512
1467.192812  -0.000699
1467.193493  -0.000662
1467.194174   0.001838
1467.194855  -0.000624
1467.195536  -0.000390
1467.196217  -0.001949
1467.196899  -0.001298
1467.197580   0.001362
1467.198261   0.000482
1467.198942   0.000221
1467.199623   0.000261
1467.200304  -0.002343
1467.200985   0.001059
1467.201666  -0.000613
1467.202347  -0.001527
1467.203028  -0.000418
1467.203709  -0.000421
1467.204391   0.000592
1467.205072  -0.000574
1467.205753  -0.001323
1467.206434  -0.000342
1467.207115  -0.002159
1467.207796  -0.001033
1467.208477   0.000052
1467.209158  -0.000879
1467.209839   0.000660
1467.210520  -0.001078
1467.211201  -0.001347
1467.211883  -0.001036
1467.212564  -0.001266
1467.213245  -0.001600
1467.213926   0.000747
1467.214607  -0.002570
1467.215288  -0.001560
1467.215969   0.000158
1467.216650  -0.003832
1467.217331  -0.000843
1467.218012  -0.001265
1467.218693   0.000205
1467.219375  -0.003264
1467.220056  -0.000450
1467.220737  -0.002842
1467.221418  -0.001488
1467.222099  -0.000049
1467.222780  -0.001386
1467.223461  -0.002043
1467.224142  -0.000655
1467.224823   0.000372
1467.225504  -0.001135
1467.226186   0.000040
1467.226867  -0.000438
1467.227548  -0.002143
1467.228229  -0.001160
1467.228910  -0.002774
1467.229591   0.001138
1467.230272   0.000313
1467.230953   0.000760
1467.231634  -0.001258
1467.232315  -0.001429
1467.232996  -0.000593
1467.233677  -0.000485
1467.234359   0.000375
1467.235040   0.000150
1467.235721  -0.000974
1467.236402  -0.000565
1467.237083   0.000832
1467.237764  -0.001066
1467.238445  -0.001954
1467.239126  -0.002813
1467.239807  -0.002971
1467.240488   0.000135
1467.241170   0.000229
1467.241851  -0.000082
1467.242532  -0.000457
1467.243213  -0.000959
1467.243894  -0.001149
1467.244575  -0.001727
1467.245256  -0.002769
1467.245937  -0.000287
1467.246618  -0.000080
1467.247299  -0.000677
1467.247980   0.000998
1467.248662  -0.001832
1467.249343  -0.002367
1467.250024  -0.000494
1467.250705  -0.001109
1467.251386  -0.002583
1467.252067  -0.002532
1467.252748   0.000153
1467.253429  -0.001019
1467.254110  -0.002470
1467.254791  -0.000289
1467.255473  -0.001224
1467.256154  -0.000301
1467.256835  -0.002008
1467.257516  -0.000106
1467.258197  -0.000728
1467.258878  -0.000128
1467.259559   0.000506
1467.260240  -0.001447
1467.260921  -0.000714
1467.261602  -0.001207
1467.262283  -0.000786
1467.262964  -0.001388
1467.263646   0.001062
1467.264327  -0.001742
1467.265008  -0.001625
1467.265689   0.000039
1467.266370  -0.002087
1467.267051  -0.002127
1467.267732  -0.001691
1467.268413  -0.000853
1467.269094  -0.000168
1467.269775  -0.001766
1467.270456  -0.002369
1467.271138  -0.000273
1467.271819  -0.000656
1467.272500   0.000155
1467.273181  -0.002586
1467.273862  -0.000860
1467.274543  -0.001160
1467.275224   0.000532
1467.275905  -0.001652
1467.276586  -0.001863
1467.277268  -0.001466
1467.277949   0.000770
1467.278630  -0.001912
1467.279311  -0.001818
1467.279992  -0.002271
1467.280673  -0.000656
1467.281354  -0.002391
1467.282035  -0.001698
1467.282716  -0.003947
1467.283397  -0.000364
1467.284078  -0.003696
1467.284759   0.000757
1467.285441   0.000066
1467.286122   0.000410
1467.286803   0.001004
1467.287484  -0.003936
1467.288165   0.000349
1467.288846  -0.000990
1467.289527   0.000452
1467.290208  -0.000917
1467.290889  -0.000659
1467.291570   0.000882
1467.292252  -0.001686
1467.292933  -0.002359
1467.293614  -0.000689
1467.294295  -0.001185
1467.294976   0.000551
1467.295657  -0.002458
1467.296338  -0.000481
1467.297019  -0.000468
1467.297700  -0.000319
1467.298381  -0.001812
1467.299062  -0.000834
1467.299744   0.000664
1467.300425  -0.003494
1467.301106  -0.000187
1467.301787  -0.001508
1467.302468  -0.003326
1467.303149   0.000215
1467.303830   0.000435
1467.304511   0.001240
1467.305192  -0.000763
1467.305873   0.000757
1467.306554   0.000946
1467.307236   0.001077
1467.307917   0.001114
1467.308598  -0.000638
1467.309279  -0.001676
1467.309960   0.000602
1467.310641  -0.001333
1467.311322   0.000100
1467.312003  -0.002473
1467.312684  -0.000663
1467.313365  -0.001560
1467.314046  -0.001153
1467.314728   0.000138
1467.315409  -0.001562
1467.316090  -0.001961
1467.316771  -0.001665
1467.317452  -0.001729
1467.318133  -0.003602
1467.318814  -0.001426
1467.319495  -0.002515
1467.320176  -0.000208
1467.320857  -0.000462
1467.321539  -0.003303
1467.322220   0.000974
1467.322901   0.000444
1467.323582  -0.000620
1467.324263  -0.002028
1467.324944   0.001343
1467.325625   0.001282
1467.326306  -0.001839
1467.326987  -0.001834
1467.327668   0.001249
1467.328349  -0.000351
1467.329030  -0.000545
1467.329712   0.001865
1467.330393  -0.000982
1467.331074   0.000415
1467.331755  -0.000819
1467.332436   0.000949
1467.333117  -0.000801
1467.333798  -0.001032
1467.334479   0.001392
1467.335160   0.000018
1467.335841  -0.001203
1467.336523  -0.000023
1467.337204   0.000018
1467.337885  -0.001692
1467.338566  -0.002964
1467.339247   0.000363
1467.339928  -0.000625
1467.340609   0.000281
1467.341290  -0.001665
1467.341971  -0.002471
1467.342652   0.001520
1467.343333  -0.000664
1467.344015   0.001074
1467.344696  -0.001844
1467.345377  -0.002288
1467.346058  -0.002805
1467.346739  -0.000436
1467.347420  -0.000411
1467.348101   0.001315
1467.348782  -0.001696
1467.349463  -0.002154
1467.350144  -0.000456
1467.350825  -0.001381
1467.351507  -0.000867
1467.352188  -0.000087
1467.352869   0.000236
1467.353550   0.000250
1467.354231  -0.000207
1467.354912  -0.000861
1467.355593  -0.001020
1467.356274   0.000460
1467.356955  -0.000225
1467.357636  -0.000356
1467.358318  -0.002963
1467.358999  -0.000016
1467.359680  -0.000695
1467.360361  -0.009746
1467.361042  -0.003999
1467.361723  -0.002334
1467.362404   0.000143
1467.363085  -0.000569
1467.363766  -0.001209
1467.364447  -0.003637
1467.365128   0.001338
1467.365810  -0.002432
1467.366491   0.031341
1467.367172  -0.002502
1467.367853  -0.000905
1467.368534  -0.002118
1467.369215  -0.000823
1467.369896  -0.001726
1467.370577   0.000513
1467.371258  -0.001441
1467.371939  -0.002584
1467.372621  -0.000072
1467.373302  -0.001349
1467.373983  -0.001277
1467.374664  -0.000631
1467.375345   0.001174
1467.376026  -0.003159
1467.376707   0.000389
1467.377388  -0.000316
1467.378069  -0.000258
1467.378750  -0.001382
1467.379431   0.000029
1467.380112  -0.000495
1467.380794   0.000100
1467.381475  -0.001675
1467.382156  -0.000831
1467.382837  -0.000264
1467.383518  -0.000060
1467.384199  -0.000946
1467.384880   0.001383
1467.385561  -0.000525
1467.386242  -0.000783
1467.386923  -0.000716
1467.387605   0.000054
1467.388286   0.000808
1467.388967  -0.000327
1467.389648   0.000566
1467.390329  -0.001191
1467.391010  -0.002117
1467.391691  -0.000220
1467.392372  -0.001436
1467.393053  -0.002420
1467.393734  -0.002236
1467.394415  -0.001809
1467.395097   0.000012
1467.395778  -0.001754
1467.396459   0.000355
1467.397140  -0.001045
1467.397821  -0.000616
1467.398502   0.000926
1467.399183  -0.001819
1467.399864  -0.001962
1467.400545   0.000130
1467.401226  -0.000784
1467.401907  -0.001658
1467.402589   0.002173
1467.403270   0.000423
1467.403951   0.001230
1467.404632   0.001043
1467.405313  -0.000953
1467.405994  -0.001359
1467.406675   0.000276
1467.407356  -0.001842
1467.408037  -0.001684
1467.408718  -0.000554
1467.409399  -0.003073
1467.410081  -0.000716
1467.410762  -0.000615
1467.411443  -0.000883
1467.412124   0.001852
1467.412805   0.000440
1467.413486  -0.001218
1467.414167  -0.001935
1467.414848  -0.001834
1467.415529  -0.003335
1467.416210   0.000151
1467.416892  -0.002154
1467.417573  -0.002370
1467.418254   0.000504
1467.418935   0.000062
1467.419616  -0.001141
1467.420297  -0.000878
1467.420978  -0.001565
1467.421659  -0.001126
1467.422340  -0.000948
1467.423021  -0.002503
1467.423703   0.000020
1467.424383  -0.000602
1467.425065   0.000897
1467.425746  -0.001406
1467.426427  -0.001312
1467.427108  -0.002066
1467.427789  -0.000332
1467.428470  -0.000373
1467.429151  -0.000483
1467.429832  -0.000964
1467.430513  -0.001502
1467.431195   0.000463
1467.431876  -0.002036
1467.432557   0.000841
1467.433238  -0.011169
1467.433919  -0.001595
1467.434600  -0.001492
1467.435281   0.000742
1467.435962  -0.001135
1467.436643   0.000425
1467.437324  -0.000696
1467.438005   0.000262
1467.438687   0.000923
1467.439368   0.000227
1467.440049   0.000335
1467.440730   0.001289
1467.441411  -0.000341
1467.442092  -0.001427
1467.442773   0.000840
1467.443454  -0.000125
1467.444135  -0.000500
1467.444816  -0.004017
1467.445497  -0.002071
1467.446179  -0.001257
1467.446860  -0.001533
1467.447541   0.000046
1467.448222  -0.000520
1467.448903  -0.003066
1467.449584  -0.000424
1467.450265   0.000476
1467.450946  -0.001108
1467.451627  -0.001296
1467.452308  -0.001150
1467.452989  -0.000051
1467.453671   0.000582
1467.454352  -0.000860
1467.455033  -0.000475
1467.455714  -0.001787
1467.456395  -0.001605
1467.457076  -0.001232
1467.457757   0.000383
1467.458438  -0.002923
1467.459119  -0.001022
1467.459800  -0.000797
1467.460482   0.000584
1467.461163  -0.002238
1467.461844  -0.002051
1467.462525  -0.001458
1467.463206  -0.002073
1467.463887  -0.000718
1467.464568  -0.004609
1467.465249  -0.001409
1467.465930  -0.000076
1467.466611   0.000462
1467.467292  -0.001727
1467.467974  -0.001888
1467.468655   0.000953
1467.469336   0.000830
1467.470017  -0.000638
1467.470698   0.000829
1467.471379  -0.001474
1467.472060  -0.000909
1467.472741  -0.000531
1467.473422  -0.000926
1467.474103  -0.002883
1467.474784   0.001124
1467.475465  -0.000929
1467.476147  -0.003381
1467.476828  -0.001098
1467.477509  -0.003082
1467.478190   0.000527
1467.478871  -0.001047
1467.479552  -0.001833
1467.480233   0.000762
1467.480914  -0.001121
1467.481595   0.000644
1467.482276  -0.001775
1467.482958  -0.001928
1467.483639  -0.001111
1467.484320   0.001580
1467.485001  -0.000638
1467.485682  -0.002005
1467.486363  -0.002983
1467.487044   0.000343
1467.487725  -0.004629
1467.488406  -0.000449
1467.489087   0.000157
1467.489769  -0.000473
1467.490450  -0.000101
1467.491131  -0.000651
1467.491812  -0.005307
1467.492493  -0.000856
1467.493174   0.000773
1467.493855  -0.000305
1467.494536  -0.001051
1467.495217  -0.001130
1467.495898  -0.001793
1467.496580  -0.002137
1467.497260  -0.000827
1467.497942  -0.002324
1467.498623  -0.001887
1467.499304  -0.000727
1467.499985  -0.003427
1467.500666  -0.000962
1467.501347  -0.000019
1467.502028  -0.002039
1467.502709  -0.000260
1467.503390  -0.002700
1467.504071  -0.000832
1467.504752  -0.001485
1467.505434   0.000597
1467.506115  -0.001848
1467.506796  -0.001021
1467.507477  -0.002445
1467.508158   0.000169
1467.508839  -0.001536
1467.509520  -0.000267
1467.510201  -0.003377
1467.510882   0.001551
1467.511564  -0.000206
1467.512245  -0.001595
1467.512926   0.000789
1467.513607  -0.001615
1467.514288  -0.000234
1467.514969  -0.000647
1467.515650  -0.002999
1467.516331  -0.000556
1467.517012  -0.001852
1467.517693   0.000833
1467.518374  -0.001270
1467.519056   0.000313
1467.519737  -0.001418
1467.520418  -0.001669
1467.521099   0.000881
1467.521780  -0.001487
1467.522461  -0.001105
1467.523142  -0.001057
1467.523823  -0.000078
1467.524504  -0.000586
1467.525185  -0.004630
1467.525866   0.000435
1467.526548  -0.000625
1467.527229  -0.000391
1467.527910  -0.003391
1467.528591  -0.001223
1467.529272  -0.000741
1467.529953   0.000416
1467.530634   0.000645
1467.531315  -0.000896
1467.531996  -0.000289
1467.532677   0.000205
1467.533358   0.001474
1467.534040   0.001513
1467.534721   0.002136
1467.535402   0.000095
1467.536083   0.001033
1467.536764  -0.000527
1467.537445   0.000032
1467.538126  -0.001465
1467.538807  -0.000425
1467.539488   0.000215
1467.540169  -0.001174
1467.540851  -0.000816
1467.541532  -0.000431
1467.542213  -0.001864
1467.542894  -0.001842
1467.543575  -0.000528
1467.544256   0.001663
1467.544937   0.000202
1467.545618  -0.001125
1467.546299  -0.001364
1467.546980  -0.000291
1467.547661  -0.000196
1467.548342  -0.000510
1467.549024  -0.001165
1467.549705  -0.002307
1467.550386  -0.000322
1467.551067  -0.001828
1467.551748   0.001486
1467.552429  -0.000476
1467.553110   0.001815
1467.553791  -0.001316
1467.554472  -0.000716
1467.555153  -0.001840
1467.555835  -0.002469
1467.556516  -0.000289
1467.557197   0.000504
1467.557878   0.000259
1467.558559  -0.003339
1467.559240  -0.000338
1467.559921  -0.001938
1467.560602  -0.002031
1467.561283  -0.001589
1467.561964  -0.001158
1467.562645  -0.002584
1467.563327  -0.000840
1467.564008  -0.001168
1467.564689  -0.000438
1467.565370   0.000940
1467.566051  -0.000433
1467.566732  -0.000097
1467.567413  -0.000361
1467.568094  -0.000932
1467.568775  -0.001693
1467.569456  -0.000577
1467.570138  -0.000648
1467.570819  -0.000276
1467.571500   0.000278
1467.572181  -0.002423
1467.572862   0.000831
1467.573543  -0.001381
1467.574224  -0.000895
1467.574905  -0.001324
1467.575586   0.000654
1467.576267  -0.001178
1467.576948  -0.000049
1467.577629   0.001467
1467.578311  -0.001124
1467.578992   0.000104
1467.579673  -0.000084
1467.580354   0.000901
1467.581035   0.002652
1467.581716  -0.000635
1467.582397   0.001777
1467.583078  -0.002669
1467.583759  -0.000798
1467.584440  -0.001803
1467.585121  -0.002389
1467.585803  -0.001117
1467.586484  -0.000791
1467.587165   0.000954
1467.587846   0.001528
1467.588527  -0.000977
1467.589208  -0.001363
1467.589889  -0.001114
1467.590570  -0.000260
1467.591251  -0.003796
1467.591933  -0.002420
1467.592613   0.000148
1467.593295  -0.001976
1467.593976   0.000892
1467.594657   0.000809
1467.595338  -0.000886
1467.596019  -0.001886
1467.596700   0.000168
1467.597381   0.000560
1467.598062  -0.000971
1467.598743  -0.000883
1467.599424   0.000116
1467.600106  -0.002020
1467.600787  -0.000051
1467.601468  -0.002804
1467.602149  -0.001793
1467.602830  -0.003766
1467.603511   0.006161
1467.604192  -0.001420
1467.604873  -0.002837
1467.605554   0.000418
1467.606235   0.000803
1467.606917  -0.001768
1467.607598  -0.001295
1467.608279  -0.000347
1467.608960  -0.001433
1467.609641  -0.000733
1467.610322  -0.001406
1467.611003  -0.000933
1467.611684  -0.002184
1467.612365   0.000972
1467.613046  -0.002155
1467.613727  -0.000055
1467.614409  -0.001639
1467.615090  -0.002176
1467.615771  -0.001546
1467.616452  -0.001871
1467.617133  -0.001342
1467.617814   0.001656
1467.618495  -0.002846
1467.619176   0.000644
1467.619857  -0.000537
1467.620538  -0.004225
1467.621219  -0.000333
1467.621901  -0.001615
1467.622582  -0.002925
1467.623263  -0.000946
1467.623944   0.000162
1467.624625   0.000167
1467.625306   0.000754
1467.625987  -0.000692
1467.626668  -0.001127
1467.627349  -0.000996
1467.628030  -0.000968
1467.628711  -0.000432
1467.629393  -0.000198
1467.630074  -0.000448
1467.630755  -0.000339
1467.631436   0.001699
1467.632117  -0.003639
1467.632798   0.001658
1467.633479   0.000257
1467.634160  -0.000374
1467.634841  -0.001413
1467.635522  -0.003065
1467.636204  -0.001284
1467.636885  -0.000677
1467.637566  -0.000233
1467.638247   0.000746
1467.638928  -0.000294
1467.639609  -0.000552
1467.640290  -0.000990
1467.640971  -0.000270
1467.641652   0.000800
1467.642333  -0.000754
1467.643014  -0.000193
1467.643695   0.000005
1467.644377  -0.000450
1467.645058  -0.000774
1467.645739  -0.001787
1467.646420  -0.001765
1467.647101  -0.000174
1467.647782  -0.003465
1467.648463  -0.000218
1467.649144  -0.000905
1467.649825  -0.001255
1467.650506  -0.002585
1467.651188  -0.000385
1467.651869  -0.001011
1467.652550  -0.002607
1467.653231  -0.001500
1467.653912  -0.000776
1467.654593  -0.000918
1467.655274   0.000098
1467.655955  -0.001823
1467.656636   0.000156
1467.657317   0.000398
1467.657998  -0.002378
1467.658680  -0.001445
1467.659361  -0.000243
1467.660042  -0.000792
1467.660723   0.000802
1467.661404   0.000125
1467.662085  -0.000459
1467.662766  -0.000360
1467.663447  -0.003641
1467.664128  -0.002136
1467.664809   0.000159
1467.665491   0.000778
1467.666172  -0.000357
1467.666853  -0.000883
1467.667534  -0.000908
1467.668215  -0.000194
1467.668896   0.000971
1467.669577  -0.000418
1467.670258  -0.000238
1467.670939  -0.000731
1467.671620  -0.000547
1467.672301  -0.001495
1467.672982  -0.000384
1467.673664  -0.003597
1467.674345  -0.000439
1467.675026   0.000360
1467.675707  -0.001933
1467.676388  -0.000044
1467.677069   0.000362
1467.677750  -0.000086
1467.678431   0.000649
1467.679112   0.000024
1467.679793   0.001232
1467.680475   0.001196
1467.681156  -0.001882
1467.681837  -0.000195
1467.682518   0.001514
1467.683199   0.000199
1467.683880  -0.000523
1467.684561  -0.001415
1467.685242  -0.000273
1467.685923  -0.002620
1467.686604  -0.000501
1467.687286  -0.000507
1467.687966   0.000587
1467.688648  -0.001076
1467.689329  -0.002808
1467.690010  -0.001227
1467.690691  -0.000646
1467.691372  -0.001622
1467.692053  -0.001028
1467.692734   0.000895
1467.693415  -0.001953
1467.694096  -0.002586
1467.694778  -0.000075
1467.695459   0.000241
1467.696140  -0.001082
1467.696821  -0.000862
1467.697502  -0.001795
1467.698183  -0.000482
1467.698864  -0.002971
1467.699545   0.001424
1467.700226   0.000820
1467.700907  -0.002039
1467.701588  -0.002010
1467.702270  -0.001103
1467.702951  -0.000999
1467.703632  -0.003318
1467.704313  -0.001276
1467.704994   0.000105
1467.705675   0.000570
1467.706356  -0.001777
1467.707037  -0.001760
1467.707718   0.001044
1467.708399   0.001254
1467.709080  -0.000590
1467.709762  -0.000953
1467.710443  -0.000469
1467.711124  -0.000370
1467.711805  -0.000192
1467.712486   0.000294
1467.713167  -0.000794
1467.713848   0.001309
1467.714529  -0.000975
1467.715210   0.001066
1467.715891  -0.000008
1467.716572  -0.001361
1467.717254   0.000782
1467.717935  -0.001528
1467.718616  -0.000130
1467.719297  -0.000725
1467.719978   0.000323
1467.720659   0.000532
1467.721340   0.000337
1467.722021  -0.000160
1467.722702  -0.002482
1467.723383  -0.001507
1467.724064  -0.001605
1467.724746  -0.002420
1467.725427  -0.000596
1467.726108  -0.001048
1467.726789   0.000320
1467.727470   0.000793
1467.728151  -0.000414
1467.728832   0.000730
1467.729513   0.001254
1467.730194   0.000483
1467.730875  -0.000895
1467.731557  -0.001346
1467.732238  -0.003019
1467.732919  -0.002298
1467.733600   0.001487
1467.734281  -0.001343
1467.734962  -0.001640
1467.735643   0.001842
1467.736324  -0.000906
1467.737005   0.000434
1467.737686  -0.001296
1467.738367   0.000898
1467.739048   0.001806
1467.739730   0.000316
1467.740411  -0.001286
1467.741092  -0.000250
1467.741773   0.000730
1467.742454  -0.001725
1467.743135  -0.000855
1467.743816  -0.003464
1467.744497   0.000277
1467.745178  -0.000805
1467.745859  -0.001487
1467.746541  -0.000872
1467.747222  -0.000891
1467.747903  -0.001989
1467.748584  -0.000695
1467.749265  -0.001029
1467.749946   0.001293
1467.750627  -0.002303
1467.751308  -0.001494
1467.751989  -0.000817
1467.752670   0.000696
1467.753351  -0.002007
1467.754033  -0.000041
1467.754714  -0.001319
1467.755395  -0.000266
1467.756076   0.002501
1467.756757  -0.000887
1467.757438   0.000199
1467.758119   0.000721
1467.758800  -0.001126
1467.759481  -0.002880
1467.760162  -0.002114
1467.760844   0.001948
1467.761525  -0.001371
1467.762206  -0.000437
1467.762887  -0.000813
1467.763568  -0.002456
1467.764249  -0.002452
1467.764930   0.000424
1467.765611  -0.000911
1467.766292   0.002311
1467.766973  -0.001011
1467.767654   0.001356
1467.768335  -0.001208
1467.769017   0.000589
1467.769698  -0.000644
1467.770379   0.000402
1467.771060  -0.001905
1467.771741  -0.000693
1467.772422   0.001046
1467.773103   0.000775
1467.773784   0.001043
1467.774465   0.002452
1467.775147   0.001556
1467.775828   0.002290
1467.776509   0.002685
1467.777190   0.003053
1467.777871   0.003842
1467.778552   0.003772
1467.779233   0.003372
1467.779914   0.001644
1467.780595   0.006868
1467.781276   0.004845
1467.781957   0.006143
1467.782639   0.006192
1467.783319   0.006045
1467.784001   0.008339
1467.784682   0.002724
1467.785363   0.005922
1467.786044   0.007334
1467.786725   0.007190
1467.787406   0.008249
1467.788087   0.005489
1467.788768   0.007004
1467.789449   0.008244
1467.790131   0.009238
1467.790812   0.007806
1467.791493   0.007498
1467.792174   0.005997
1467.792855   0.009036
1467.793536   0.008310
1467.794217   0.008230
1467.794898   0.009736
1467.795579   0.008210
1467.796260   0.007327
1467.796941   0.007715
1467.797623   0.009030
1467.798304   0.009481
1467.798985   0.008547
1467.799666   0.007902
1467.800347   0.007619
1467.801028   0.011189
1467.801709   0.007186
1467.802390   0.009179
1467.803071   0.007661
1467.803752   0.006951
1467.804434   0.008930
1467.805115   0.008855
1467.805796   0.006940
1467.806477   0.009420
1467.807158   0.007908
1467.807839   0.011415
1467.808520   0.008035
1467.809201   0.009368
1467.809882   0.011001
1467.810563   0.009104
1467.811244   0.009277
1467.811925   0.006485
1467.812607   0.007802
1467.813288   0.011942
1467.813969   0.009253
1467.814650   0.011190
1467.815331   0.010061
1467.816012   0.009201
1467.816693   0.007530
1467.817374   0.008348
1467.818055   0.009680
1467.818736   0.009897
1467.819417   0.009831
1467.820099   0.010673
1467.820780   0.010546
1467.821461   0.010458
1467.822142   0.009051
1467.822823   0.012760
1467.823504   0.011935
1467.824185   0.010636
1467.824866   0.009546
1467.825547   0.010216
1467.826228   0.009873
1467.826910   0.012468
1467.827591   0.012571
1467.828272   0.010835
1467.828953   0.011108
1467.829634   0.009127
1467.830315   0.012981
1467.830996   0.011294
1467.831677   0.009589
1467.832358   0.011661
1467.833039   0.007424
1467.833720   0.011628
1467.834402   0.011331
1467.835083   0.010745
1467.835764   0.008800
1467.836445   0.009818
1467.837126   0.009058
1467.837807   0.010006
1467.838488   0.009068
1467.839169   0.010878
1467.839850   0.009588
1467.840531   0.012124
1467.841212   0.009927
1467.841894   0.010785
1467.842575   0.010226
1467.843256   0.012084
1467.843937   0.008065
1467.844618   0.010978
1467.845299   0.009381
1467.845980   0.011169
1467.846661   0.009612
1467.847342   0.011213
1467.848023   0.010757
1467.848704   0.009943
1467.849386   0.012150
1467.850067   0.010234
1467.850748   0.010707
1467.851429   0.012192
1467.852110   0.009535
1467.852791   0.011943
1467.853472   0.009971
1467.854153   0.010216
1467.854834   0.009461
1467.855515   0.011157
1467.856197   0.011298
1467.856878   0.010086
1467.857559   0.011822
1467.858240   0.010304
1467.858921   0.009906
1467.859602   0.009121
1467.860283   0.013816
1467.860964   0.010558
1467.861645   0.009348
1467.862326   0.010875
1467.863007   0.012186
1467.863689   0.009819
1467.864370   0.011413
1467.865051   0.011604
1467.865732   0.010102
1467.866413   0.008471
1467.867094   0.010287
1467.867775   0.010314
1467.868456   0.012036
1467.869137   0.010873
1467.869818   0.009103
1467.870500   0.009993
1467.871181   0.011560
1467.871862   0.011221
1467.872543   0.011142
1467.873224   0.012128
1467.873905   0.011305
1467.874586   0.011917
1467.875267   0.012670
1467.875948   0.012437
1467.876629   0.010562
1467.877310   0.010568
1467.877992   0.011519
1467.878672   0.011233
1467.879354   0.010174
1467.880035   0.011545
1467.880716   0.011789
1467.881397   0.011673
1467.882078   0.012021
1467.882759   0.014090
1467.883440   0.009203
1467.884121   0.010215
1467.884802   0.009422
1467.885484   0.009951
1467.886165   0.008542
1467.886846   0.010157
1467.887527   0.010171
1467.888208   0.008699
1467.888889   0.008942
1467.889570   0.008966
1467.890251   0.009202
1467.890932   0.009819
1467.891613   0.010750
1467.892294   0.009740
1467.892976   0.010516
1467.893657   0.012169
1467.894338   0.009995
1467.895019   0.011253
1467.895700   0.008745
1467.896381   0.010070
1467.897062   0.009989
1467.897743   0.007714
1467.898424   0.007751
1467.899105   0.008115
1467.899787   0.009682
1467.900468   0.006955
1467.901149   0.009929
1467.901830   0.011259
1467.902511   0.006447
1467.903192   0.009490
1467.903873   0.009773
1467.904554   0.007713
1467.905235   0.010118
1467.905916   0.009062
1467.906597   0.007879
1467.907278   0.007863
1467.907960   0.007666
1467.908641   0.008577
1467.909322   0.007367
1467.910003   0.007995
1467.910684   0.007486
1467.911365   0.006311
1467.912046   0.010628
1467.912727   0.007865
1467.913408   0.008380
1467.914089   0.008341
1467.914771   0.008680
1467.915452   0.009451
1467.916133   0.006672
1467.916814   0.006415
1467.917495   0.005559
1467.918176   0.007297
1467.918857   0.009320
1467.919538   0.007639
1467.920219   0.006255
1467.920900   0.003938
1467.921581   0.006854
1467.922263   0.005583
1467.922944   0.007352
1467.923625   0.004291
1467.924306   0.002521
1467.924987   0.004133
1467.925668   0.002846
1467.926349   0.006295
1467.927030   0.002462
1467.927711   0.001699
1467.928392   0.002499
1467.929073  -0.000789
1467.929755   0.000508
1467.930436  -0.000357
1467.931117   0.000821
1467.931798   0.000966
1467.932479  -0.002533
1467.933160  -0.001783
1467.933841  -0.000526
1467.934522   0.000046
1467.935203   0.000290
1467.935884  -0.003182
1467.936565  -0.004282
1467.937247  -0.000682
1467.937928  -0.001669
1467.938609  -0.000705
1467.939290  -0.000581
1467.939971  -0.000484
1467.940652  -0.000095
1467.941333   0.000114
1467.942014  -0.000501
1467.942695  -0.001649
1467.943376   0.000201
1467.944058  -0.000175
1467.944739  -0.001275
1467.945420  -0.002566
1467.946101  -0.003070
1467.946782  -0.001536
1467.947463  -0.002677
1467.948144  -0.000351
1467.948825  -0.002161
1467.949506  -0.001764
1467.950187   0.001782
1467.950868  -0.000359
1467.951550  -0.001801
1467.952231   0.000035
1467.952912  -0.001309
1467.953593   0.000017
1467.954274  -0.000075
1467.954955  -0.002971
1467.955636   0.001837
1467.956317  -0.002230
1467.956998  -0.001578
1467.957679   0.000800
1467.958360  -0.000361
1467.959042   0.001380
1467.959723   0.000321
1467.960404  -0.000365
1467.961085  -0.001080
1467.961766   0.000525
1467.962447  -0.001118
1467.963128   0.001018
1467.963809  -0.000743
1467.964490   0.000212
1467.965171  -0.001319
1467.965852   0.000139
1467.966534   0.000224
1467.967215  -0.000583
1467.967896  -0.001707
1467.968577  -0.000540
1467.969258   0.000838
1467.969939  -0.000278
1467.970620   0.000734
1467.971301   0.000452
1467.971982   0.000931
1467.972663   0.000245
1467.973345   0.001446
1467.974026   0.001275
1467.974707  -0.001402
1467.975388   0.001324
1467.976069   0.000048
1467.976750  -0.002020
1467.977431  -0.001166
1467.978112  -0.000182
1467.978793  -0.001269
1467.979474  -0.001195
1467.980155  -0.001261
1467.980836  -0.000570
1467.981518   0.001981
1467.982199   0.001872
1467.982880   0.001076
1467.983561  -0.001132
1467.984242   0.001382
1467.984923   0.001195
1467.985604  -0.000975
1467.986285  -0.000626
1467.986966  -0.002237
1467.987647  -0.001849
1467.988328  -0.002017
1467.989010  -0.000100
1467.989691  -0.003198
1467.990372  -0.001596
1467.991053  -0.001425
1467.991734  -0.002726
1467.992415  -0.003737
1467.993096   0.000074
1467.993777  -0.000686
1467.994458  -0.001924
1467.995140  -0.003217
1467.995821  -0.002837
1467.996502   0.000586
1467.997183   0.000042
1467.997864  -0.001014
1467.998545  -0.001067
1467.999226  -0.001170
1467.999907   0.000609
1468.000588  -0.000769
1468.001269  -0.003079
1468.001950  -0.001483
1468.002631  -0.000399
1468.003313   0.001283
1468.003994  -0.001569
1468.004675   0.000827
1468.005356   0.000094
1468.006037  -0.001556
1468.006718   0.001080
1468.007399  -0.001291
1468.008080  -0.002022
1468.008761   0.000230
1468.009442  -0.000456
1468.010124  -0.000595
1468.010805   0.000010
1468.011486  -0.000593
1468.012167  -0.002121
1468.012848  -0.002963
1468.013529   0.001504
1468.014210  -0.000270
1468.014891  -0.000307
1468.015572  -0.000219
1468.016253  -0.001492
1468.016934  -0.000692
1468.017616  -0.001247
1468.018297  -0.000279
1468.018978   0.001666
1468.019659  -0.001444
1468.020340  -0.002132
1468.021021  -0.000924
1468.021702  -0.001018
1468.022383  -0.000783
1468.023064  -0.002028
1468.023745  -0.000473
1468.024427  -0.000120
1468.025108   0.001982
1468.025789  -0.001511
1468.026470   0.000736
1468.027151   0.001387
1468.027832  -0.000383
1468.028513  -0.000777
1468.029194  -0.000057
1468.029875  -0.002221
1468.030556  -0.002160
1468.031237  -0.002082
1468.031918  -0.002130
1468.032600  -0.000460
1468.033281  -0.000315
1468.033962   0.001124
1468.034643   0.001176
1468.035324   0.000109
1468.036005  -0.001977
1468.036686  -0.000515
1468.037367  -0.000355
1468.038048  -0.000969
1468.038729   0.000083
1468.039411  -0.002935
1468.040092  -0.000399
1468.040773   0.002322
1468.041454   0.000276
1468.042135  -0.000322
1468.042816  -0.002057
1468.043497  -0.002413
1468.044178  -0.000118
1468.044859  -0.002542
1468.045540  -0.000076
1468.046221  -0.016841
1468.046903  -0.000982
1468.047584   0.000320
1468.048265   0.000400
1468.048946   0.000339
1468.049627  -0.001927
1468.050308   0.000212
1468.050989   0.002056
1468.051670  -0.000986
1468.052351  -0.001567
1468.053032   0.000687
1468.053713   0.000579
1468.054395  -0.000961
1468.055076  -0.001330
1468.055757   0.000316
1468.056438   0.000198
1468.057119  -0.000907
1468.057800  -0.000440
1468.058481   0.001911
1468.059162  -0.001613
1468.059843  -0.001751
1468.060524  -0.000354
1468.061205   0.001605
1468.061887   0.002101
1468.062568   0.001412
1468.063249  -0.003046
1468.063930  -0.000239
1468.064611  -0.001489
1468.065292   0.000685
1468.065973   0.001956
1468.066654  -0.000027
1468.067335  -0.000207
1468.068016   0.001691
1468.068698  -0.001655
1468.069379  -0.000687
1468.070060   0.003175
1468.070741   0.000944
1468.071422   0.001508
1468.072103  -0.000615
1468.072784  -0.001049
1468.073465   0.001130
1468.074146   0.000711
1468.074827   0.000921
1468.075508   0.000279
1468.076189   0.000040
1468.076871   0.000060
1468.077552  -0.003209
1468.078233   0.001400
1468.078914   0.000842
1468.079595  -0.001893
1468.080276  -0.000766
1468.080957  -0.001924
1468.081638  -0.001084
1468.082319   0.000838
1468.083000  -0.000020
1468.083682  -0.000017
1468.084363  -0.002968
1468.085044   0.000168
1468.085725   0.000816
1468.086406  -0.000458
1468.087087   0.000500
1468.087768  -0.000124
1468.088449  -0.000821
1468.089130  -0.000573
1468.089811  -0.001567
1468.090492  -0.003154
1468.091174  -0.002150
1468.091855  -0.002654
1468.092536  -0.000327
1468.093217  -0.000661
1468.093898  -0.001746
1468.094579   0.000168
1468.095260   0.000026
1468.095941   0.001259
1468.096622   0.001491
1468.097303  -0.002132
1468.097984  -0.001095
1468.098666  -0.000492
1468.099347   0.000535
1468.100028  -0.000832
1468.100709   0.000985
1468.101390   0.000394
1468.102071  -0.000451
1468.102752  -0.000104
1468.103433   0.001884
1468.104114   0.001057
1468.104795  -0.002038
1468.105476   0.000311
1468.106158   0.001528
1468.106839   0.001738
1468.107520   0.000141
1468.108201   0.000937
1468.108882  -0.000697
1468.109563  -0.000820
1468.110244  -0.000385
1468.110925  -0.002157
1468.111606   0.000875
1468.112288   0.000061
1468.112969  -0.000594
1468.113650   0.000433
1468.114331  -0.001061
1468.115012  -0.000627
1468.115693  -0.000808
1468.116374   0.001109
1468.117055   0.001088
1468.117736  -0.001290
1468.118417  -0.001581
1468.119098  -0.002217
1468.119780   0.002809
1468.120460  -0.002431
1468.121142  -0.001202
1468.121823  -0.002857
1468.122504  -0.003202
1468.123185   0.000077
1468.123866   0.000415
1468.124547   0.000488
1468.125228  -0.001651
1468.125909  -0.001933
1468.126590  -0.000643
1468.127271  -0.001320
1468.127953  -0.000670
1468.128634   0.001059
1468.129315  -0.000643
1468.129996  -0.003821
1468.130677  -0.001819
1468.131358  -0.000721
1468.132039   0.000073
1468.132720   0.000301
1468.133401  -0.000941
1468.134082  -0.000207
1468.134764   0.000546
1468.135445   0.000689
1468.136126  -0.000588
1468.136807  -0.000552
1468.137488  -0.002036
1468.138169   0.000911
1468.138850  -0.002051
1468.139531  -0.001141
1468.140212  -0.000691
1468.140893  -0.001427
1468.141574  -0.000922
1468.142256  -0.001954
1468.142937   0.000074
1468.143618  -0.001694
1468.144299  -0.002645
1468.144980  -0.001721
1468.145661   0.001854
1468.146342  -0.001406
1468.147023  -0.000431
1468.147704  -0.001466
1468.148385  -0.000484
1468.149066  -0.000983
1468.149748   0.001122
1468.150429  -0.000605
1468.151110   0.000929
1468.151791   0.002654
1468.152472  -0.001703
1468.153153  -0.001050
1468.153834  -0.001530
1468.154515   0.001198
1468.155196  -0.002421
1468.155877  -0.001625
1468.156558   0.000581
1468.157240  -0.001002
1468.157921   0.000255
1468.158602  -0.000711
1468.159283  -0.002249
1468.159964  -0.000717
1468.160645  -0.000973
1468.161326  -0.001560
1468.162007  -0.000202
1468.162688   0.000454
1468.163369  -0.000578
1468.164051  -0.001791
1468.164732  -0.000481
1468.165413   0.000262
1468.166094  -0.000620
1468.166775   0.000940
1468.167456   0.001866
1468.168137  -0.001336
1468.168818  -0.000593
1468.169499  -0.001652
1468.170180  -0.000023
1468.170861  -0.000126
1468.171542   0.002345
1468.172224  -0.003216
1468.172905  -0.001185
1468.173586  -0.001914
1468.174267  -0.002301
1468.174948  -0.001853
1468.175629  -0.000331
1468.176310  -0.001600
1468.176991  -0.001322
1468.177672   0.000851
1468.178353  -0.001001
1468.179035  -0.000587
1468.179716  -0.001299
1468.180397  -0.000862
1468.181078  -0.001956
1468.181759   0.000245
1468.182440  -0.000078
1468.183121  -0.001547
1468.183802  -0.001096
1468.184483  -0.001872
1468.185164  -0.000508
1468.185845  -0.002905
1468.186527   0.000390
1468.187208  -0.001162
1468.187889  -0.000702
1468.188570  -0.001057
1468.189251  -0.001550
1468.189932   0.000039
1468.190613  -0.000153
1468.191294  -0.002411
1468.191975  -0.003439
1468.192656  -0.002310
1468.193337  -0.002567
1468.194019   0.000078
1468.194700   0.000753
1468.195381  -0.000105
1468.196062  -0.003333
1468.196743  -0.001773
1468.197424  -0.000381
1468.198105   0.002122
1468.198786   0.000035
1468.199467   0.000020
1468.200148  -0.001524
1468.200829  -0.001830
1468.201511  -0.000123
1468.202192  -0.000262
1468.202873   0.000514
1468.203554   0.000594
1468.204235   0.001538
1468.204916  -0.001734
1468.205597  -0.000947
1468.206278  -0.001833
1468.206959  -0.000454
1468.207640  -0.001334
1468.208322   0.001276
1468.209003  -0.000913
1468.209684  -0.000998
1468.210365  -0.001047
1468.211046  -0.001307
1468.211727   0.000782
1468.212408  -0.002108
1468.213089  -0.000485
1468.213770   0.000420
1468.214451  -0.000126
1468.215132  -0.000573
1468.215813  -0.000085
1468.216495  -0.001837
1468.217176   0.001748
1468.227392  -0.001766
1468.228073  -0.001533
1468.228754  -0.003001
1468.229435  -0.001041
1468.230116  -0.002102
1468.230798   0.000948
1468.231479  -0.001446
1468.232160   0.000778
1468.232841  -0.000821
1468.233522  -0.000546
1468.234203  -0.000615
1468.234884   0.000247
1468.235565  -0.001403
1468.236246   0.000536
1468.236928   0.000548
1468.237608  -0.000608
1468.238290  -0.003028
1468.238971  -0.002034
1468.239652  -0.001846
1468.240333  -0.002383
1468.241014   0.000877
1468.241695  -0.000357
1468.242376  -0.001422
1468.243057  -0.002064
1468.243738  -0.002009
1468.244419  -0.002117
1468.245100  -0.000385
1468.245782  -0.002741
1468.246463   0.000282
1468.247144  -0.000936
1468.247825   0.000163
1468.248506  -0.000156
1468.249187  -0.001110
1468.249868  -0.001119
1468.250549   0.000203
1468.251230  -0.000158
1468.251912   0.000430
1468.252593  -0.002994
1468.253274   0.001148
1468.253955  -0.000623
1468.254636   0.000220
1468.255317  -0.001416
1468.255998   0.000601
1468.256679   0.001007
1468.257360  -0.000537
1468.258041  -0.001613
1468.258722   0.000130
1468.259404  -0.000039
1468.260084   0.000673
1468.260766  -0.003852
1468.261447  -0.001413
1468.262128  -0.002336
1468.262809  -0.001764
1468.263490  -0.002033
1468.264171  -0.002360
1468.264852  -0.001252
1468.265533  -0.001742
1468.266214  -0.001055
1468.266896  -0.000119
1468.267577  -0.000956
1468.268258  -0.001711
1468.268939  -0.000890
1468.269620   0.000244
1468.270301  -0.003832
1468.270982  -0.002580
1468.271663   0.000065
1468.272344  -0.001944
1468.273025  -0.000775
1468.273706  -0.002141
1468.274388  -0.001541
1468.275069  -0.001522
1468.275750  -0.001970
1468.276431  -0.000782
1468.277112   0.001065
1468.277793  -0.002922
1468.278474  -0.002759
1468.279155  -0.002422
1468.279836  -0.003882
1468.280517  -0.000940
1468.281198   0.000807
1468.281880  -0.000676
1468.282561  -0.000389
1468.283242  -0.001189
1468.283923   0.000016
1468.284604  -0.000153
1468.285285   0.000320
1468.285966  -0.000553
1468.286647  -0.001702
1468.287328  -0.000863
1468.288009  -0.000254
1468.288690  -0.002160
1468.289372   0.001711
1468.290053  -0.002136
1468.290734  -0.002076
1468.291415  -0.001997
1468.292096  -0.000483
1468.292777   0.000646
1468.293458  -0.001579
1468.294139  -0.000243
1468.294820  -0.000962
1468.295501  -0.001673
1468.296183  -0.000708
1468.296864  -0.001389
1468.297545  -0.000530
1468.298226   0.000471
1468.298907  -0.001693
1468.299588  -0.001156
1468.300269  -0.001305
1468.300950   0.002934
1468.301631  -0.002331
1468.302312  -0.001391
1468.302993  -0.000689
1468.303675   0.000487
1468.304356  -0.000961
1468.305037  -0.000921
1468.305718  -0.001015
1468.306399  -0.002317
1468.307080  -0.002059
1468.307761  -0.000294
1468.308442  -0.002090
1468.309123  -0.001617
1468.309804  -0.001414
1468.310486   0.000927
1468.311166   0.001800
1468.311848  -0.000476
1468.312529  -0.001350
1468.313210  -0.000627
1468.313891   0.000951
1468.314572  -0.000411
1468.315253   0.000319
1468.315934  -0.001477
1468.316615  -0.002264
1468.317296  -0.001794
1468.317977  -0.000741
1468.318659  -0.001489
1468.319340  -0.001997
1468.320021  -0.000381
1468.320702  -0.000357
1468.321383  -0.003043
1468.322064  -0.003155
1468.322745  -0.002626
1468.323426  -0.000346
1468.324107  -0.001025
1468.324788  -0.001521
1468.325469  -0.000114
1468.326151   0.000971
1468.326832   0.000572
1468.327513  -0.001214
1468.328194   0.000885
1468.328875   0.001875
1468.329556  -0.001400
1468.330237  -0.001467
1468.330918  -0.002675
1468.331599   0.001589
1468.332280   0.002247
1468.332961   0.001373
1468.333643  -0.001458
1468.334324  -0.000266
1468.335005   0.000773
1468.335686  -0.002705
1468.336367  -0.001280
1468.337048  -0.002928
1468.337729  -0.002333
1468.338410   0.000421
1468.339091  -0.002179
1468.339772   0.000288
1468.340453  -0.002255
1468.341135  -0.001598
1468.341816  -0.001400
1468.342497  -0.000957
1468.343178   0.000274
1468.343859  -0.001157
1468.344540  -0.002371
1468.345221   0.000189
1468.345902  -0.000839
1468.346583   0.000013
1468.347264  -0.000591
1468.347946   0.000740
1468.348627  -0.000557
1468.349308   0.000820
1468.349989  -0.000111
1468.350670  -0.000337
1468.351351   0.000997
1468.352032  -0.000960
1468.352713  -0.000422
1468.353394   0.002166
1468.354075  -0.000123
1468.354756   0.000636
1468.355438   0.003204
1468.356119  -0.000263
1468.356800   0.000734
1468.357481   0.000408
1468.358162  -0.001347
1468.358843  -0.000062
1468.359524  -0.000550
1468.360205  -0.001900
1468.360886  -0.000433
1468.361567   0.000404
1468.362248  -0.000592
1468.362930  -0.001039
1468.363611   0.001453
1468.364292  -0.000829
1468.364973   0.000659
1468.365654  -0.001755
1468.366335  -0.000941
1468.367016  -0.001020
1468.367697  -0.000127
1468.368378  -0.001293
1468.369059   0.000191
1468.369740  -0.001618
1468.370422  -0.001289
1468.371103  -0.002525
1468.371784  -0.000362
1468.372465  -0.001565
1468.373146  -0.001421
1468.373827  -0.002642
1468.374508  -0.001546
1468.375189  -0.000957
1468.375870  -0.001511
1468.376552  -0.002582
1468.377233  -0.000150
1468.377914   0.000046
1468.378595  -0.000928
1468.379276   0.000362
1468.379957  -0.000731
1468.380638   0.000157
1468.381319  -0.000121
1468.382000   0.000235
1468.382681  -0.000858
1468.383362  -0.001329
1468.384043  -0.000601
1468.384724   0.000176
1468.385406   0.000030
1468.386087  -0.002781
1468.386768  -0.001741
1468.387449   0.001390
1468.388130  -0.002333
1468.388811   0.000694
1468.389492  -0.000775
1468.390173  -0.001323
1468.390854  -0.001918
1468.391535  -0.001222
1468.392217   0.001916
1468.392898  -0.003241
1468.393579  -0.000245
1468.394260  -0.000260
1468.394941  -0.000342
1468.395622  -0.001075
1468.396303   0.000927
1468.396984  -0.001589
1468.397665   0.000425
1468.398346   0.000482
1468.399027  -0.001126
1468.399709  -0.001570
1468.400390   0.000451
1468.401071   0.000968
1468.401752  -0.002415
1468.402433  -0.001223
1468.403114  -0.003423
1468.403795  -0.000314
1468.404476  -0.000727
1468.405157  -0.002114
1468.405839  -0.001943
1468.406519  -0.003379
1468.407201   0.000849
1468.407882  -0.001828
1468.408563  -0.002363
1468.409244  -0.000419
1468.409925  -0.001684
1468.410606  -0.000804
1468.411287   0.000725
1468.411968   0.000408
1468.412649  -0.002509
1468.413330   0.000718
1468.414011  -0.000599
1468.414693  -0.000470
1468.415374   0.000912
1468.416055  -0.000785
1468.416736  -0.000397
1468.417417  -0.002321
1468.418098  -0.001854
1468.418779  -0.001193
1468.419460   0.000995
1468.420141  -0.002054
1468.420822  -0.001046
1468.421504  -0.001288
1468.422185  -0.001374
1468.422866  -0.002069
1468.423547   0.000813
1468.424228  -0.001556
1468.424909  -0.002016
1468.425590  -0.000376
1468.426271   0.000716
1468.426952   0.001947
1468.427633   0.000588
1468.428314   0.000774
1468.428995  -0.000542
1468.429677   0.000586
1468.430358  -0.001798
1468.431039  -0.001812
1468.431720  -0.000494
1468.432401   0.000054
1468.433082   0.000723
1468.433763  -0.002347
1468.434444  -0.000018
1468.435125   0.001869
1468.435807   0.000944
1468.436488   0.000036
1468.437169  -0.000326
1468.437850   0.003290
1468.438531   0.001500
1468.439212  -0.001083
1468.439893  -0.002158
1468.440574  -0.002139
1468.441255  -0.001187
1468.441936  -0.001422
1468.442617   0.000375
1468.443299  -0.002723
1468.443980   0.004094
1468.444661   0.002181
1468.445342  -0.001854
1468.446023   0.000248
1468.446704  -0.000869
1468.447385  -0.000654
1468.448066   0.000671
1468.448747  -0.000632
1468.449428   0.000210
1468.450110  -0.000217
1468.450790  -0.002941
1468.451472  -0.000206
1468.452153  -0.003545
1468.452834   0.000948
1468.453515   0.000075
1468.454196   0.000108
1468.454877   0.000263
1468.455558  -0.001944
1468.456239  -0.000134
1468.456920  -0.000523
1468.457601  -0.001500
1468.458283  -0.002438
1468.458964  -0.003441
1468.459645   0.000533
1468.460326  -0.002993
1468.461007  -0.000718
1468.461688   0.000283
1468.462369  -0.001156
1468.463050  -0.002971
1468.463731  -0.000727
1468.464412   0.001327
1468.465094  -0.002378
1468.465775   0.000319
1468.466456   0.000167
1468.467137  -0.000587
1468.467818   0.000634
1468.468499  -0.001812
1468.469180  -0.001529
1468.469861  -0.000862
1468.470542  -0.002359
1468.471223  -0.000951
1468.471904  -0.001444
1468.472586  -0.000595
1468.473267  -0.001580
1468.473948   0.001078
1468.474629   0.000366
1468.475310   0.000338
1468.475991   0.000142
1468.476672   0.000083
1468.477353  -0.000421
1468.478034  -0.002646
1468.478715   0.001068
1468.479396  -0.002239
1468.480077  -0.002912
1468.480759  -0.000606
1468.481440  -0.003368
1468.482121  -0.000864
1468.482802  -0.000913
1468.483483   0.000613
1468.484164   0.000204
1468.484845  -0.000427
1468.485526  -0.003100
1468.486207  -0.000174
1468.486888  -0.000540
1468.487570  -0.000854
1468.488251  -0.000449
1468.488932   0.000176
1468.489613  -0.000619
1468.490294  -0.000308
1468.490975  -0.000715
1468.491656  -0.000957
1468.492337  -0.000667
1468.493018  -0.001169
1468.493699  -0.002031
1468.494381  -0.002035
1468.495062  -0.002863
1468.495743  -0.001003
1468.496424  -0.002378
1468.497105   0.001154
1468.497786   0.000154
1468.498467   0.000291
1468.499148  -0.002238
1468.499829  -0.000691
1468.500510   0.000359
1468.501191  -0.000351
1468.501872  -0.001015
1468.502554  -0.000647
1468.503235  -0.002402
1468.503916   0.000382
1468.504597  -0.002685
1468.505278  -0.003378
1468.505959  -0.001734
1468.506640   0.000329
1468.507321   0.000822
1468.508002  -0.001250
1468.508683  -0.001918
1468.509364  -0.001005
1468.510046   0.000229
1468.510727  -0.001268
1468.511408   0.000514
1468.512089   0.000447
1468.512770  -0.002537
1468.513451  -0.000555
1468.514132  -0.000010
1468.514813   0.000122
1468.515494   0.000762
1468.516175  -0.001660
1468.516857  -0.002575
1468.517538   0.000877
1468.518219  -0.002493
1468.518900  -0.003065
1468.519581  -0.001076
1468.520262   0.001710
1468.520943   0.000893
1468.521624   0.000582
1468.522305  -0.000510
1468.522986   0.001290
1468.523667  -0.001273
1468.524349   0.000292
1468.525030  -0.001757
1468.525711  -0.000336
1468.526392  -0.000910
1468.527073  -0.001205
1468.527754  -0.001004
1468.528435  -0.001725
1468.529116  -0.000927
1468.529797   0.001442
1468.530478   0.001812
1468.531159  -0.001698
1468.531841  -0.000997
1468.532522   0.000318
1468.533203  -0.000358
1468.533884  -0.001416
1468.534565  -0.002858
1468.535246  -0.001500
1468.535927  -0.001971
1468.536608  -0.002538
1468.537289  -0.002284
1468.537970   0.000014
1468.538651  -0.001458
1468.539333   0.000286
1468.540014   0.000999
1468.540695  -0.000691
1468.541376  -0.001409
1468.542057   0.000772
1468.542738  -0.002171
1468.543419  -0.000701
1468.544100   0.000002
1468.544781  -0.000098
1468.545462  -0.000108
1468.546143  -0.000045
1468.546825   0.001291
1468.547506  -0.000378
1468.548187   0.001958
1468.548868   0.000392
1468.549549  -0.000551
1468.550230   0.000324
1468.550911  -0.000756
1468.551592  -0.000095
1468.552273  -0.001562
1468.552954  -0.002617
1468.553636   0.000186
1468.554317  -0.001710
1468.554998  -0.000032
1468.555679  -0.001804
1468.556360   0.000102
1468.557041  -0.000551
1468.557722  -0.002774
1468.558403   0.001594
1468.559084  -0.001336
1468.559765   0.000452
1468.560446  -0.002250
1468.561128  -0.002656
1468.561809  -0.000429
1468.562490  -0.001746
1468.563171  -0.001436
1468.563852  -0.002753
1468.564533  -0.000887
1468.565214  -0.002482
1468.565895   0.000374
1468.566576  -0.000536
1468.567257   0.000885
1468.567938  -0.000708
1468.568619  -0.001958
1468.569301   0.001043
1468.569982  -0.003260
1468.570663  -0.000041
1468.571344  -0.000641
1468.572025  -0.001353
1468.572706  -0.000379
1468.573387   0.002924
1468.574068  -0.000352
1468.574749   0.000237
1468.575430   0.000649
1468.576112  -0.001354
1468.576793  -0.001638
1468.577474   0.000315
1468.578155  -0.000100
1468.578836   0.002772
1468.579517  -0.002302
1468.580198  -0.000434
1468.580879  -0.001243
1468.581560  -0.002165
1468.582241   0.000613
1468.582922  -0.002019
1468.583604  -0.000761
1468.584285  -0.000239
1468.584966   0.001562
1468.585647   0.002211
1468.586328   0.000334
1468.587009  -0.002491
1468.587690   0.002830
1468.588371  -0.001887
1468.589052  -0.002807
1468.589734  -0.001391
1468.590415  -0.002907
1468.591096  -0.001474
1468.591777  -0.000811
1468.592458  -0.001562
1468.593139   0.000337
1468.593820   0.000252
1468.594501  -0.000333
1468.595182   0.001317
1468.595863  -0.001660
1468.596544   0.000974
1468.597225   0.000435
1468.597906  -0.000666
1468.598588  -0.002004
1468.599269  -0.000485
1468.599950   0.001568
1468.600631  -0.001769
1468.601312   0.000021
1468.601993  -0.000288
1468.602674   0.000196
1468.603355  -0.001791
1468.604036  -0.000594
1468.604718  -0.000567
1468.605399  -0.000993
1468.606080   0.001268
1468.606761  -0.001155
1468.607442  -0.000054
1468.608123  -0.000769
1468.608804  -0.001624
1468.609485  -0.001179
1468.610166  -0.002273
1468.610847  -0.001171
1468.611528   0.000671
1468.612210  -0.000933
1468.612891  -0.001781
1468.613572   0.001201
1468.614253   0.000893
1468.614934  -0.001376
1468.615615  -0.000030
1468.616296  -0.001340
1468.616977  -0.001197
1468.617658  -0.000782
1468.618339  -0.000649
1468.619020  -0.002711
1468.619701  -0.000113
1468.620383  -0.000934
1468.621064  -0.001943
1468.621745  -0.000278
1468.622426   0.000566
1468.623107  -0.000116
1468.623788  -0.000863
1468.624469  -0.000944
1468.625150  -0.001398
1468.625831   0.000112
1468.626512   0.001157
1468.627193  -0.001655
1468.627875  -0.001595
1468.628556  -0.001952
1468.629237  -0.001064
1468.629918  -0.000494
1468.630599   0.002706
1468.631280  -0.002111
1468.631961  -0.001248
1468.632642  -0.000429
1468.633323  -0.000705
1468.634005   0.000039
1468.634686  -0.001814
1468.635367  -0.003725
1468.636048  -0.002803
1468.636729   0.000658
1468.637410  -0.001131
1468.638091  -0.000566
1468.638772  -0.000801
1468.639453  -0.002243
1468.640134  -0.000015
1468.640815  -0.001611
1468.641496   0.000786
1468.642178  -0.003458
1468.642859  -0.000659
1468.643540   0.000260
1468.644221   0.000633
1468.644902   0.000786
1468.645583   0.001097
1468.646264   0.001050
1468.646945  -0.001171
1468.647626  -0.000493
1468.648307   0.002540
1468.648988   0.000678
1468.649670  -0.000053
1468.650351  -0.000508
1468.651032  -0.001545
1468.651713  -0.002631
1468.652394  -0.001747
1468.653075  -0.000810
1468.653756  -0.001622
1468.654437  -0.001719
1468.655118  -0.001840
1468.655799  -0.000838
1468.656481  -0.001704
1468.657162  -0.002620
1468.657843  -0.000810
1468.658524  -0.001871
1468.659205  -0.001284
1468.659886   0.000768
1468.660567  -0.002285
1468.661248  -0.000837
1468.661929  -0.001305
1468.662610  -0.000615
1468.663292   0.007732
1468.663973  -0.002696
1468.664654   0.000035
1468.665335  -0.001182
1468.666016  -0.003354
1468.666697  -0.000037
1468.667378  -0.001040
1468.668059   0.001111
1468.668740   0.000566
1468.669421   0.000165
1468.670102   0.000707
1468.670783  -0.000701
1468.671465  -0.001314
1468.672146  -0.000562
1468.672827  -0.000081
1468.673508  -0.001972
1468.674189  -0.000135
1468.674870  -0.000812
1468.675551  -0.002504
1468.676232  -0.000616
1468.676913  -0.001474
1468.677594  -0.002043
1468.678275   0.000423
1468.678957   0.002116
1468.679638  -0.001066
1468.680319  -0.000825
1468.681000   0.000714
1468.681681  -0.000971
1468.682362   0.000373
1468.683043  -0.000965
1468.683724  -0.000425
1468.684405   0.000197
1468.685086  -0.003149
1468.685768  -0.000902
1468.686449  -0.001110
1468.687130   0.000172
1468.687811  -0.000226
1468.688492  -0.000672
1468.689173   0.000177
1468.689854   0.001656
1468.690535  -0.000554
1468.691216   0.002485
1468.691897  -0.001288
1468.692578  -0.001093
1468.693260  -0.001420
1468.693941   0.000867
1468.694622  -0.002205
1468.695303  -0.002005
1468.695984   0.000087
1468.696665  -0.001547
1468.697346  -0.003701
1468.698027  -0.000107
1468.698708  -0.001206
1468.699389  -0.001928
1468.700070  -0.003303
1468.700752  -0.000081
1468.701433  -0.001584
1468.702114  -0.001839
1468.702795  -0.000736
1468.703476  -0.001050
1468.704157  -0.001797
1468.704838   0.000478
1468.705519  -0.002208
1468.706200   0.000445
1468.706881   0.000619
1468.707562  -0.002057
1468.708244  -0.000335
1468.708925   0.000061
1468.709606   0.000521
1468.710287  -0.001608
1468.710968   0.000998
1468.711649  -0.000338
1468.712330  -0.002395
1468.713011  -0.002226
1468.713692  -0.000635
1468.714373   0.003487
1468.715054  -0.000081
1468.715736   0.000111
1468.716417   0.000119
1468.717098  -0.001540
1468.717779  -0.000387
1468.718460  -0.000852
1468.719141  -0.001398
1468.719822  -0.001235
1468.720503  -0.001504
1468.721184   0.000499
1468.721865  -0.000971
1468.722547  -0.000935
1468.723228  -0.002248
1468.723909  -0.000828
1468.724590  -0.001964
1468.725271   0.000572
1468.725952  -0.001375
1468.726633  -0.001472
1468.727314  -0.001624
1468.727995  -0.002444
1468.728676  -0.001864
1468.729357  -0.001514
1468.730039  -0.000357
1468.730720  -0.001854
1468.731401  -0.001846
1468.732082  -0.000584
1468.732763  -0.000177
1468.733444  -0.000977
1468.734125  -0.000735
1468.734806   0.000914
1468.735487  -0.001825
1468.736168  -0.000132
1468.736849   0.000412
1468.737530   0.000042
1468.738212  -0.002534
1468.738893  -0.000898
1468.739574  -0.002090
1468.740255  -0.002281
1468.740936   0.000664
1468.741617  -0.000439
1468.742298  -0.001066
1468.742979  -0.001029
1468.743660  -0.000075
1468.744341  -0.000731
1468.745023  -0.000903
1468.745704  -0.004629
1468.746385  -0.002042
1468.747066   0.000127
1468.747747  -0.002955
1468.748428  -0.000445
1468.749109  -0.001694
1468.749790  -0.000316
1468.750471  -0.001174
1468.751152  -0.000846
1468.751834   0.001190
1468.752515  -0.000344
1468.753196  -0.000990
1468.753877  -0.002425
1468.754558  -0.001233
1468.755239  -0.002785
1468.755920  -0.000804
1468.756601  -0.001502
1468.757282   0.000650
1468.757963  -0.002032
1468.758644  -0.002199
1468.759325  -0.000253
1468.760007  -0.001287
1468.760688  -0.002120
1468.761369  -0.001756
1468.762050   0.000806
1468.762731   0.001514
1468.763412   0.000967
1468.764093  -0.000620
1468.764774   0.000168
1468.765455  -0.003372
1468.766136  -0.001118
1468.766817   0.001857
1468.767499  -0.002264
1468.768180   0.001096
1468.768861   0.000897
1468.769542   0.000894
1468.770223  -0.000817
1468.770904   0.000596
1468.771585   0.000895
1468.772266   0.000615
1468.772947   0.000730
1468.773628   0.002230
1468.774310   0.000760
1468.774991  -0.001302
1468.775672   0.000742
1468.776353   0.001670
1468.777034   0.000031
1468.777715  -0.002882
1468.778396  -0.000853
1468.779077   0.000565
1468.779758   0.000762
1468.780439  -0.000295
1468.781120  -0.001215
1468.781802   0.001312
1468.782483  -0.000734
1468.783164   0.000784
1468.783845  -0.000683
1468.784526   0.001960
1468.785207  -0.000562
1468.785888  -0.000880
1468.786569  -0.000884
1468.787250  -0.001947
1468.787931  -0.000357
1468.788612  -0.002023
1468.789294  -0.000304
1468.789975   0.001112
1468.790656  -0.001592
1468.791337   0.000359
1468.792018  -0.000165
1468.792699   0.002362
1468.793380  -0.000592
1468.794061  -0.000415
1468.794742  -0.000932
1468.795423  -0.001142
1468.796104  -0.001846
1468.796786  -0.002580
1468.797467  -0.001553
1468.798148  -0.002024
1468.798829  -0.001313
1468.799510  -0.002816
1468.800191  -0.002746
1468.800872  -0.001915
1468.801553  -0.001142
1468.802234  -0.000147
1468.802915  -0.000390
1468.803597  -0.002473
1468.804278  -0.000228
1468.804959   0.000827
1468.805640   0.000456
1468.806321  -0.000087
1468.807002   0.000173
1468.807683  -0.001813
1468.808364   0.000422
1468.809045  -0.003074
1468.809726   0.000684
1468.810407  -0.001527
1468.811089   0.000775
1468.811770  -0.000882
1468.812451   0.001414
1468.813132   0.000650
1468.813813  -0.001584
1468.814494   0.000430
1468.815175  -0.000551
1468.815856   0.000248
1468.816537  -0.000266
1468.817218  -0.000556
1468.817899  -0.000751
1468.818581  -0.001512
1468.819262  -0.001860
1468.819943  -0.000387
1468.820624  -0.002020
1468.821305  -0.001992
1468.821986  -0.001428
1468.822667   0.000161
1468.823348  -0.000635
1468.824029  -0.002813
1468.824710  -0.002270
1468.825391   0.001650
1468.826073  -0.001120
1468.826754  -0.000933
1468.827435   0.001049
1468.828116  -0.000667
1468.828797   0.001673
1468.829478  -0.001605
1468.830159   0.000671
1468.830840  -0.000469
1468.831521  -0.000879
1468.832202  -0.003437
1468.832883  -0.000875
1468.833565  -0.000782
1468.834246   0.000053
1468.834927   0.000201
1468.835608   0.000467
1468.836289   0.001003
1468.836970  -0.000301
1468.837651  -0.001251
1468.838332  -0.000806
1468.839013  -0.000480
1468.839694  -0.000769
1468.840375  -0.001493
1468.841057  -0.001595
1468.841738  -0.001839
1468.842419  -0.001371
1468.843100  -0.000408
1468.843781  -0.000246
1468.844462  -0.002509
1468.845143  -0.002318
1468.845824  -0.001929
1468.846505  -0.002559
1468.847186  -0.000923
1468.847868  -0.000545
1468.848549  -0.001606
1468.849230  -0.001966
1468.849911  -0.002031
1468.850592  -0.001795
1468.851273  -0.001249
1468.851954  -0.000268
1468.852635  -0.000539
1468.853316  -0.000364
1468.853997  -0.001247
1468.854678   0.001077
1468.855359  -0.000395
1468.856041   0.000276
1468.856722  -0.003561
1468.857403  -0.001381
1468.858084  -0.000394
1468.858765  -0.000912
1468.859446  -0.000184
1468.860127  -0.000877
1468.860808  -0.002379
1468.861489  -0.001479
1468.862170   0.001305
1468.862852   0.000620
1468.863533  -0.000484
1468.864214  -0.003579
1468.864895  -0.000870
1468.865576  -0.000577
1468.866257  -0.003212
1468.866938   0.000497
1468.867619  -0.001281
1468.868300  -0.001040
1468.868981   0.000665
1468.869662  -0.000097
1468.870344  -0.002304
1468.871025  -0.001981
1468.871706  -0.000741
1468.872387  -0.000344
1468.873068   0.001288
1468.873749  -0.000862
1468.874430  -0.001367
1468.875111  -0.000539
1468.875792   0.002194
1468.876473  -0.000818
1468.877154  -0.000472
1468.877836  -0.002013
1468.878517  -0.000701
1468.879198  -0.000587
1468.879879   0.000481
1468.880560  -0.002342
1468.881241  -0.002675
1468.881922   0.000537
1468.882603  -0.001069
1468.883284  -0.000033
1468.883965  -0.001778
1468.884646  -0.000707
1468.885328  -0.002280
1468.886009   0.000159
1468.886690  -0.001741
1468.887371  -0.001039
1468.888052  -0.000137
1468.888733  -0.002398
1468.889414  -0.002187
1468.890095  -0.001718
1468.890776  -0.000177
1468.891458  -0.000539
1468.892139  -0.000125
1468.892820  -0.001414
1468.893501  -0.000775
1468.894182  -0.000769
1468.894863  -0.001686
1468.895544   0.000356
1468.896225  -0.000955
1468.896906  -0.000581
1468.897587   0.000272
1468.898268  -0.001625
1468.898949   0.000032
1468.899631  -0.001978
1468.900312  -0.003105
1468.900993  -0.000983
1468.901674  -0.001426
1468.902355   0.000914
1468.903036   0.001816
1468.903717  -0.002375
1468.904398   0.002150
1468.905079  -0.000970
1468.905760  -0.003137
1468.906441  -0.000466
1468.907123   0.000276
1468.907804   0.000483
1468.908485   0.000420
1468.909166  -0.000757
1468.909847   0.000727
1468.910528   0.000959
1468.911209  -0.001034
1468.911890  -0.000644
1468.912571  -0.000887
1468.913252   0.001009
1468.913933  -0.001198
1468.914615   0.000089
1468.915296  -0.001191
1468.915977  -0.002973
1468.916658  -0.000255
1468.917339  -0.001749
1468.918020  -0.000211
1468.918701   0.000325
1468.919382   0.001198
1468.920063  -0.000962
1468.920745  -0.001827
1468.921426  -0.002254
1468.922107  -0.001196
1468.922788   0.001495
1468.923469   0.000621
1468.924150   0.000499
1468.924831   0.000404
1468.925512   0.000197
1468.926193   0.000604
1468.926874   0.000833
1468.927555  -0.001479
1468.928236  -0.000016
1468.928917  -0.000435
1468.929599  -0.000400
1468.930280   0.000465
1468.930961  -0.001446
1468.931642  -0.000944
1468.932323  -0.000324
1468.933004  -0.003130
