1259.453653  -0.000347
1259.454334   0.000044
1259.455015  -0.000500
1259.455696  -0.001100
1259.456378  -0.001904
1259.457059  -0.002168
1259.457740   0.001950
1259.458421  -0.001363
1259.459102  -0.001232
1259.459783  -0.001797
1259.460464  -0.000626
1259.461146  -0.000614
1259.461827  -0.001649
1259.462508  -0.001128
1259.463189  -0.000359
1259.463870  -0.000421
1259.464551  -0.001281
1259.465232  -0.001121
1259.465913  -0.001104
1259.466595  -0.000460
1259.467276  -0.001006
1259.467957   0.001019
1259.468638   0.000656
1259.469319  -0.000606
1259.470000   0.001056
1259.470681  -0.000199
1259.471363   0.000996
1259.472044  -0.000653
1259.472725  -0.000630
1259.473406  -0.000738
1259.474087  -0.000079
1259.474768   0.000749
1259.475450  -0.001185
1259.476131  -0.001589
1259.476812  -0.001579
1259.477493   0.000328
1259.478174  -0.001216
1259.478855  -0.000029
1259.479536  -0.000578
1259.480217   0.000757
1259.480899  -0.000433
1259.481580   0.000484
1259.482261   0.000030
1259.482942   0.000052
1259.483623  -0.000241
1259.484304   0.000039
1259.484985   0.000684
1259.485667   0.000024
1259.486348   0.000571
1259.487029  -0.000983
1259.487710  -0.001897
1259.488391  -0.002047
1259.489072  -0.001282
1259.489753   0.000686
1259.490435  -0.000953
1259.491116  -0.000146
1259.491797  -0.000533
1259.492478  -0.000471
1259.493159  -0.002012
1259.493840  -0.001887
1259.494521  -0.002562
1259.495203  -0.000978
1259.495884   0.000483
1259.496565  -0.000169
1259.497246  -0.000055
1259.497927  -0.000858
1259.498608  -0.000897
1259.499289  -0.001521
1259.499970  -0.002585
1259.500652   0.000083
1259.501333  -0.001054
1259.502014  -0.001221
1259.502695   0.001559
1259.503376  -0.000737
1259.504057  -0.000548
1259.504738  -0.001389
1259.505420  -0.000670
1259.506101   0.000256
1259.506782  -0.001337
1259.507463  -0.001563
1259.508144   0.000490
1259.508825   0.000057
1259.509507  -0.002203
1259.510188  -0.001671
1259.510869  -0.002555
1259.511550  -0.000596
1259.512231  -0.000838
1259.512912  -0.001135
1259.513593  -0.000403
1259.514274  -0.000711
1259.514956  -0.001838
1259.515637  -0.001849
1259.516318  -0.000376
1259.516999   0.000348
1259.517680   0.000100
1259.518361  -0.000615
1259.519042   0.000545
1259.519724  -0.000906
1259.520405  -0.001207
1259.521086  -0.000546
1259.521767  -0.000804
1259.522448   0.000359
1259.523129  -0.002052
1259.523810  -0.001254
1259.524492  -0.001607
1259.525173  -0.001277
1259.525854  -0.000790
1259.526535   0.001114
1259.527216  -0.001532
1259.527897   0.000367
1259.528578  -0.001769
1259.529259  -0.000808
1259.529941  -0.000279
1259.530622  -0.002021
1259.531303  -0.001548
1259.531984   0.001108
1259.532665  -0.001254
1259.533346  -0.001756
1259.534027  -0.001835
1259.534709  -0.000120
1259.535390  -0.001418
1259.536071  -0.003411
1259.536752  -0.000493
1259.537433  -0.001135
1259.538114  -0.000615
1259.538795  -0.000031
1259.539477   0.000293
1259.540158  -0.002901
1259.540839   0.001050
1259.541520  -0.000833
1259.542201  -0.001902
1259.542882  -0.000368
1259.543563  -0.002252
1259.544245  -0.001080
1259.544926   0.000030
1259.545607  -0.000630
1259.546288  -0.002540
1259.546969  -0.002423
1259.547650   0.000429
1259.548331   0.001522
1259.549012  -0.000706
1259.549694  -0.001199
1259.550375  -0.000045
1259.551056   0.000566
1259.551737  -0.001686
1259.552418   0.001903
1259.553099   0.000070
1259.553781  -0.001132
1259.554462  -0.001232
1259.555143   0.000201
1259.555824  -0.000821
1259.556505   0.000420
1259.557186  -0.001807
1259.557867  -0.002248
1259.558549  -0.002392
1259.559230   0.001131
1259.559911   0.001128
1259.560592  -0.000565
1259.561273  -0.000278
1259.561954   0.000151
1259.562635  -0.000247
1259.563316  -0.000496
1259.563998   0.000844
1259.564679  -0.001411
1259.565360  -0.001381
1259.566041  -0.001642
1259.566722  -0.000768
1259.567403  -0.002386
1259.568085  -0.000317
1259.568766  -0.000982
1259.569447  -0.001404
1259.570128  -0.001980
1259.570809  -0.000367
1259.571490  -0.000315
1259.572171  -0.003313
1259.572852  -0.001573
1259.573534  -0.000781
1259.574215  -0.001144
1259.574896  -0.000998
1259.575577   0.000716
1259.576258  -0.000067
1259.576939  -0.002742
1259.577620  -0.000274
1259.578302  -0.000514
1259.578983  -0.000937
1259.579664  -0.001024
1259.580345  -0.000185
1259.581026   0.000695
1259.581707   0.000065
1259.582388   0.000230
1259.583069  -0.002264
1259.583751   0.000330
1259.584432   0.000547
1259.585113  -0.001135
1259.585794   0.002275
1259.586475   0.000393
1259.587156  -0.000657
1259.587837  -0.001589
1259.588519   0.000724
1259.589200   0.000148
1259.589881  -0.000374
1259.590562   0.000780
1259.591243  -0.001990
1259.591924  -0.001648
1259.592606  -0.000455
1259.593287  -0.000710
1259.593968   0.001445
1259.594649  -0.000660
1259.595330  -0.000795
1259.596011  -0.000726
1259.596692  -0.002153
1259.597374  -0.000804
1259.598055  -0.003893
1259.598736   0.000163
1259.599417  -0.001094
1259.600098  -0.001400
1259.600779  -0.001459
1259.601460   0.000278
1259.602141  -0.002089
1259.602823  -0.000290
1259.603504   0.000769
1259.604185  -0.000128
1259.604866  -0.001223
1259.605547   0.000894
1259.606228   0.001024
1259.606909  -0.001957
1259.607591  -0.002116
1259.608272  -0.000777
1259.608953  -0.001569
1259.609634  -0.001120
1259.610315  -0.001170
1259.610996  -0.002690
1259.611677  -0.002493
1259.612358  -0.000159
1259.613040  -0.000927
1259.613721   0.000616
1259.614402  -0.002162
1259.615083   0.001018
1259.615764  -0.001033
1259.616445  -0.000574
1259.617126   0.001628
1259.617808   0.000125
1259.618489   0.001762
1259.619170   0.000134
1259.619851  -0.002948
1259.620532  -0.001040
1259.621213  -0.002137
1259.621894   0.004969
1259.622576  -0.001948
1259.623257  -0.001593
1259.623938  -0.001513
1259.624619  -0.000216
1259.625300  -0.001332
1259.625981  -0.000283
1259.626662  -0.000228
1259.627344   0.000148
1259.628025  -0.001264
1259.628706  -0.000488
1259.629387  -0.002009
1259.630068  -0.000739
1259.630749  -0.002068
1259.631430  -0.000046
1259.632112  -0.000966
1259.632793   0.000894
1259.633474  -0.001881
1259.634155  -0.000637
1259.634836  -0.002233
1259.635517   0.001271
1259.636198   0.000724
1259.636880  -0.000426
1259.637561  -0.001771
1259.638242  -0.001206
1259.638923  -0.001025
1259.639604  -0.000747
1259.640285   0.000914
1259.640966  -0.001143
1259.641648   0.000925
1259.642329  -0.001091
1259.643010  -0.001045
1259.643691  -0.001440
1259.644372  -0.000714
1259.645053  -0.000225
1259.645734   0.001038
1259.646415  -0.002459
1259.647097  -0.002238
1259.647778  -0.000443
1259.648459  -0.001338
1259.649140  -0.002075
1259.649821  -0.000332
1259.650502  -0.003223
1259.651184  -0.000627
1259.651865  -0.000070
1259.652546  -0.000331
1259.653227   0.000711
1259.653908  -0.000350
1259.654589  -0.002347
1259.655270   0.001262
1259.655951  -0.001464
1259.656633   0.000064
1259.657314  -0.000586
1259.657995  -0.000422
1259.658676   0.002341
1259.659357  -0.000924
1259.660038   0.000626
1259.660719  -0.000966
1259.661401  -0.001843
1259.662082  -0.000898
1259.662763  -0.002443
1259.663444   0.000711
1259.664125   0.000718
1259.664806   0.000320
1259.665487  -0.001421
1259.666169  -0.001114
1259.666850  -0.000769
1259.667531   0.000178
1259.668212  -0.000598
1259.668893  -0.001457
1259.669574  -0.000868
1259.670255  -0.001706
1259.670936  -0.002201
1259.671618   0.000302
1259.672299   0.000441
1259.672980  -0.000903
1259.673661  -0.002397
1259.674342  -0.000839
1259.675023  -0.001960
1259.675705  -0.000901
1259.676386  -0.000103
1259.677067  -0.000789
1259.677748   0.000066
1259.678429  -0.000498
1259.679110   0.000474
1259.679791   0.001179
1259.680473  -0.000943
1259.681154   0.000643
1259.681835   0.000710
1259.682516  -0.002312
1259.683197   0.000866
1259.683878  -0.002141
1259.684559  -0.004148
1259.685241   0.000314
1259.685922   0.000437
1259.686603   0.000402
1259.687284  -0.001669
1259.687965  -0.000720
1259.688646  -0.000774
1259.689327  -0.001864
1259.690008  -0.000432
1259.690690  -0.001755
1259.691371  -0.001520
1259.692052  -0.002270
1259.692733  -0.001169
1259.693414   0.000325
1259.694095  -0.002193
1259.694776  -0.001003
1259.695458  -0.000587
1259.696139   0.000129
1259.696820  -0.000361
1259.697501  -0.001840
1259.698182  -0.001631
1259.698863   0.000736
1259.699544   0.000757
1259.700226   0.001233
1259.700907  -0.002691
1259.701588  -0.000441
1259.702269  -0.005568
1259.702950  -0.001832
1259.703631   0.000179
1259.704312   0.000286
1259.704993  -0.000812
1259.705675   0.000550
1259.706356  -0.000737
1259.707037  -0.000544
1259.707718  -0.000917
1259.708399   0.000273
1259.709080  -0.000173
1259.709761  -0.001647
1259.710443  -0.000419
1259.711124   0.000660
1259.711805  -0.001075
1259.712486  -0.000965
1259.713167  -0.000257
1259.713848  -0.000781
1259.714530   0.000778
1259.715211  -0.000070
1259.715892  -0.000399
1259.716573  -0.001580
1259.717254  -0.000689
1259.717935  -0.001760
1259.718616  -0.001745
1259.719298   0.000039
1259.719979   0.000651
1259.720660  -0.000397
1259.721341  -0.000802
1259.722022  -0.002552
1259.722703  -0.001459
1259.723384  -0.001532
1259.724065  -0.002545
1259.724747  -0.000167
1259.725428  -0.000714
1259.726109  -0.001966
1259.726790  -0.001238
1259.727471  -0.000086
1259.728152   0.001380
1259.728833  -0.003307
1259.729515  -0.000697
1259.730196   0.000704
1259.730877  -0.002949
1259.731558  -0.001089
1259.732239  -0.001630
1259.732920  -0.001354
1259.733601   0.000127
1259.734283  -0.001355
1259.734964   0.000188
1259.735645  -0.001146
1259.736326   0.000125
1259.737007  -0.000537
1259.737688  -0.001761
1259.738369  -0.000054
1259.739050  -0.000552
1259.739732  -0.000888
1259.740413  -0.000964
1259.741094   0.001079
1259.741775   0.000487
1259.742456  -0.001401
1259.743137   0.000702
1259.743819  -0.002336
1259.744500   0.001184
1259.745181  -0.000890
1259.745862   0.000129
1259.746543  -0.000538
1259.747224   0.000569
1259.747905  -0.000703
1259.748586   0.000099
1259.749268  -0.000756
1259.749949  -0.000326
1259.750630  -0.001617
1259.751311  -0.001130
1259.751992  -0.000995
1259.752673  -0.000391
1259.753354  -0.002297
1259.754036  -0.001869
1259.754717  -0.002517
1259.755398  -0.001306
1259.756079  -0.000385
1259.756760  -0.001417
1259.757441  -0.001152
1259.758122  -0.000816
1259.758804  -0.001216
1259.759485   0.000394
1259.760166   0.001484
1259.760847   0.000239
1259.761528  -0.000509
1259.762209  -0.001084
1259.762890  -0.000827
1259.763572  -0.001286
1259.764253   0.000708
1259.764934   0.000082
1259.765615   0.001061
1259.766296  -0.000210
1259.766977  -0.000543
1259.767658   0.001683
1259.768340  -0.001484
1259.769021  -0.000430
1259.769702  -0.000092
1259.770383   0.000316
1259.771064  -0.000791
1259.771745  -0.000074
1259.772426  -0.000093
1259.773108  -0.000580
1259.773789  -0.001334
1259.774470   0.000232
1259.775151  -0.002519
1259.775832  -0.000835
1259.776513  -0.000340
1259.777194  -0.000579
1259.777876  -0.001219
1259.778557  -0.000040
1259.779238  -0.001227
1259.779919  -0.000558
1259.780600  -0.000878
1259.781281  -0.001570
1259.781962  -0.001292
1259.782643   0.000220
1259.783325  -0.000088
1259.784006   0.001151
1259.784687  -0.000618
1259.785368  -0.001169
1259.786049  -0.000932
1259.786730  -0.000526
1259.787411  -0.001766
1259.788093  -0.000197
1259.788774  -0.000919
1259.789455  -0.000514
1259.790136  -0.002078
1259.790817  -0.001651
1259.791498   0.000486
1259.792180  -0.000217
1259.792861  -0.000789
1259.793542  -0.000515
1259.794223  -0.000284
1259.794904  -0.000688
1259.795585  -0.000670
1259.796266  -0.000649
1259.796947  -0.001798
1259.797629  -0.001031
1259.798310  -0.005573
1259.798991  -0.000606
1259.799672   0.000395
1259.800353  -0.001959
1259.801034   0.000809
1259.801715  -0.003275
1259.802397  -0.002464
1259.803078   0.000375
1259.803759  -0.001866
1259.804440   0.000693
1259.805121  -0.001666
1259.805802  -0.000311
1259.806483   0.001051
1259.807165  -0.002481
1259.807846   0.000983
1259.808527  -0.002612
1259.809208   0.000158
1259.809889   0.000365
1259.810570  -0.001292
1259.811251  -0.001812
1259.811932  -0.001472
1259.812614  -0.001727
1259.813295  -0.003088
1259.813976  -0.002357
1259.814657  -0.000868
1259.815338  -0.001265
1259.816019   0.000090
1259.816700  -0.000726
1259.817382  -0.001182
1259.818063   0.000174
1259.818744  -0.000070
1259.819425  -0.000252
1259.820106  -0.001989
1259.820787  -0.000757
1259.821468   0.001536
1259.822150  -0.000950
1259.822831  -0.001576
1259.823512  -0.002423
1259.824193   0.000073
1259.824874  -0.001547
1259.825555  -0.000286
1259.826236  -0.001932
1259.826918  -0.000530
1259.827599  -0.001134
1259.828280  -0.000831
1259.828961  -0.000090
1259.829642  -0.000338
1259.830323   0.001112
1259.831004   0.001310
1259.831686   0.000420
1259.832367   0.000358
1259.833048  -0.000373
1259.833729   0.000155
1259.834410  -0.001621
1259.835091  -0.000092
1259.835772   0.000942
1259.836454  -0.001682
1259.837135  -0.003501
1259.837816   0.000064
1259.838497  -0.001075
1259.839178   0.000551
1259.839859  -0.000858
1259.840540  -0.000002
1259.841222   0.000695
1259.841903  -0.000974
1259.842584  -0.000160
1259.843265  -0.000810
1259.843946  -0.000157
1259.844627  -0.000314
1259.845308  -0.001279
1259.845989  -0.000840
1259.846671   0.000050
1259.847352  -0.000243
1259.848033   0.002208
1259.848714  -0.000852
1259.849395  -0.001039
1259.850076  -0.001493
1259.850757   0.000588
1259.851439  -0.000756
1259.852120  -0.000857
1259.852801  -0.001236
1259.853482  -0.002551
1259.854163  -0.000598
1259.854844  -0.000180
1259.855525  -0.001393
1259.856207   0.000134
1259.856888  -0.001853
1259.857569  -0.001516
1259.858250  -0.002132
1259.858931   0.000222
1259.859612  -0.000108
1259.860293  -0.000449
1259.860975  -0.001337
1259.861656  -0.001789
1259.862337   0.000049
1259.863018  -0.000463
1259.863699  -0.001583
1259.864380  -0.001810
1259.865061  -0.000987
1259.865742   0.000171
1259.866424  -0.002106
1259.867105  -0.001377
1259.867786   0.000141
1259.868467  -0.001429
1259.869148  -0.000123
1259.869829  -0.000132
1259.870511   0.000314
1259.871192  -0.000742
1259.871873  -0.000599
1259.872554  -0.001215
1259.873235  -0.000686
1259.873916  -0.000047
1259.874597  -0.000510
1259.875279  -0.001916
1259.875960  -0.000622
1259.876641  -0.000800
1259.877322  -0.000090
1259.878003  -0.001901
1259.878684  -0.000271
1259.879365   0.000189
1259.880046  -0.001923
1259.880728  -0.000547
1259.881409  -0.000898
1259.882090  -0.001647
1259.882771  -0.000508
1259.883452  -0.001778
1259.884133  -0.000743
1259.884815  -0.000146
1259.885496  -0.000766
1259.886177   0.000066
1259.886858  -0.001167
1259.887539  -0.000760
1259.888220   0.000149
1259.888901  -0.000914
1259.889582  -0.001377
1259.890264  -0.000471
1259.890945   0.000984
1259.891626   0.000302
1259.892307  -0.000762
1259.892988   0.000747
1259.893669   0.000312
1259.894350  -0.000574
1259.895032  -0.001191
1259.895713  -0.000326
1259.896394  -0.002259
1259.897075  -0.000358
1259.897756   0.000339
1259.898437  -0.001304
1259.899118  -0.001098
1259.899799  -0.001016
1259.900481  -0.001660
1259.901162  -0.000054
1259.901843  -0.001111
1259.902524   0.000011
1259.903205   0.000746
1259.903886  -0.000561
1259.904567  -0.002394
1259.905249   0.000245
1259.905930  -0.000924
1259.906611  -0.001019
1259.907292  -0.002275
1259.907973  -0.001327
1259.908654  -0.002980
1259.909336  -0.001457
1259.910017  -0.002108
1259.910698  -0.000328
1259.911379  -0.001407
1259.912060  -0.000295
1259.912741   0.000668
1259.913422   0.001292
1259.914104   0.000010
1259.914785  -0.000847
1259.915466   0.000591
1259.916147  -0.002732
1259.916828  -0.001809
1259.917509   0.000191
1259.918190  -0.000888
1259.918872  -0.000522
1259.919553  -0.002862
1259.920234  -0.001631
1259.920915  -0.000869
1259.921596  -0.000305
1259.922277  -0.002487
1259.922958  -0.000430
1259.923639  -0.001000
1259.924321   0.001672
1259.925002   0.000539
1259.925683  -0.003644
1259.926364   0.000248
1259.927045   0.001030
1259.927726  -0.000447
1259.928407  -0.000059
1259.929089  -0.000723
1259.929770   0.000481
1259.930451   0.000261
1259.931132  -0.000900
1259.931813  -0.002537
1259.932494  -0.001577
1259.933175  -0.002235
1259.933856  -0.000829
1259.934538  -0.000169
1259.935219   0.000184
1259.935900  -0.001807
1259.936581  -0.000680
1259.937262   0.001164
1259.937943  -0.000801
1259.938624  -0.001408
1259.939306  -0.001627
1259.939987  -0.000300
1259.940668  -0.001583
1259.941349  -0.000774
1259.942030  -0.000642
1259.942711  -0.000271
1259.943392  -0.000071
1259.944074  -0.001350
1259.944755   0.000238
1259.945436   0.000965
1259.946117  -0.000962
1259.946798  -0.002265
1259.947479  -0.000836
1259.948161  -0.000242
1259.948842  -0.001865
1259.949523  -0.001122
1259.950204  -0.000842
1259.950885   0.000405
1259.951566  -0.001067
1259.952247   0.000679
1259.952929  -0.000191
1259.953610   0.001269
1259.954291  -0.000147
1259.954972  -0.000201
1259.955653   0.000082
1259.956334  -0.000277
1259.957015   0.000327
1259.957696  -0.000305
1259.958378  -0.002012
1259.959059  -0.001236
1259.959740  -0.002490
1259.960421  -0.002063
1259.961102   0.000422
1259.961783  -0.001730
1259.962464  -0.003732
1259.963146   0.000266
1259.963827  -0.001313
1259.964508   0.000855
1259.965189  -0.000284
1259.965870  -0.001490
1259.966551  -0.000302
1259.967232  -0.001667
1259.967914   0.000377
1259.968595   0.001262
1259.969276  -0.001723
1259.969957   0.000349
1259.970638   0.000321
1259.971319  -0.000470
1259.972000  -0.000956
1259.972681   0.001026
1259.973363  -0.001149
1259.974044  -0.001794
1259.974725  -0.001367
1259.975406  -0.001004
1259.976087   0.000567
1259.976768   0.000900
1259.977449  -0.000764
1259.978131   0.000363
1259.978812  -0.000191
1259.979493  -0.000548
1259.980174  -0.000347
1259.980855  -0.000833
1259.981536  -0.000260
1259.982217  -0.002142
1259.982899  -0.000187
1259.983580  -0.001280
1259.984261   0.000804
1259.984942  -0.001010
1259.985623   0.000236
1259.986304  -0.000528
1259.986986  -0.000690
1259.987667  -0.001322
1259.988348  -0.000314
1259.989029  -0.002212
1259.989710  -0.000130
1259.990391  -0.001299
1259.991072   0.001239
1259.991753  -0.002170
1259.992435   0.001584
1259.993116   0.000292
1259.993797  -0.001613
1259.994478  -0.000726
1259.995159   0.000116
1259.995840  -0.001967
1259.996521  -0.000651
1259.997203  -0.001163
1259.997884  -0.000333
1259.998565  -0.002027
1259.999246  -0.002976
1259.999927  -0.002282
1260.000608  -0.001406
1260.001289  -0.000906
1260.001971  -0.001451
1260.002652  -0.000620
1260.003333   0.000245
1260.004014  -0.000586
1260.004695  -0.000933
1260.005376  -0.000156
1260.006057  -0.000494
1260.006738  -0.000183
1260.007420  -0.001778
1260.008101  -0.002574
1260.008782  -0.000928
1260.009463  -0.000517
1260.010144   0.001070
1260.010825  -0.000853
1260.011507  -0.001906
1260.012188  -0.000819
1260.012869  -0.000822
1260.013550  -0.000029
1260.014231   0.000489
1260.014912   0.000356
1260.015593   0.000950
1260.016274   0.000862
1260.016956  -0.000944
1260.017637  -0.000906
1260.018318  -0.002517
1260.018999  -0.000479
1260.019680  -0.000620
1260.020361  -0.001552
1260.021042   0.000100
1260.021724  -0.000883
1260.022405  -0.000492
1260.023086  -0.002113
1260.023767  -0.001883
1260.024448   0.002302
1260.025129  -0.000614
1260.025810  -0.000598
1260.026491  -0.001583
1260.027173  -0.000631
1260.027854  -0.001812
1260.028535  -0.000785
1260.029216   0.000077
1260.029897   0.001317
1260.030578  -0.001897
1260.031260  -0.000712
1260.031941   0.000693
1260.032622  -0.000957
1260.033303  -0.000525
1260.033984   0.000783
1260.034665  -0.000398
1260.035346  -0.000088
1260.036028  -0.000850
1260.036709  -0.001148
1260.037390  -0.001297
1260.038071  -0.000775
1260.038752   0.000146
1260.039433  -0.000346
1260.040114  -0.001457
1260.040795  -0.002348
1260.041477  -0.000842
1260.042158  -0.000231
1260.042839   0.000953
1260.043520   0.000451
1260.044201   0.000614
1260.044882  -0.001670
1260.045563  -0.002082
1260.046245  -0.001687
1260.046926  -0.004983
1260.047607  -0.000766
1260.048288   0.000274
1260.048969   0.000082
1260.049650  -0.000796
1260.050331   0.000730
1260.051013   0.001252
1260.051694  -0.000486
1260.052375  -0.001164
1260.053056  -0.000275
1260.053737  -0.001851
1260.054418   0.000010
1260.055099   0.000564
1260.055781  -0.001829
1260.056462   0.000826
1260.057143  -0.000901
1260.065998  -0.002121
1260.066679   0.000096
1260.067360   0.000417
1260.068041   0.000031
1260.068722  -0.000808
1260.069403   0.000991
1260.070085  -0.002601
1260.070766  -0.000245
1260.071447  -0.003106
1260.072128   0.001197
1260.072809  -0.001725
1260.073490   0.001501
1260.074171   0.000094
1260.074852   0.000304
1260.075534  -0.000456
1260.076215   0.000382
1260.076896   0.001628
1260.077577  -0.000428
1260.078258   0.000332
1260.078939  -0.001184
1260.079620  -0.001519
1260.080302  -0.002213
1260.080983  -0.000391
1260.081664   0.000629
1260.082345  -0.000658
1260.083026   0.000070
1260.083707  -0.001633
1260.084388  -0.001407
1260.085070  -0.000295
1260.085751  -0.002782
1260.086432  -0.000132
1260.087113   0.002934
1260.087794  -0.000096
1260.088475  -0.002124
1260.089156  -0.001452
1260.089838  -0.000191
1260.090519   0.000620
1260.091200  -0.000401
1260.091881  -0.002097
1260.092562   0.000261
1260.093243  -0.000167
1260.093924  -0.000064
1260.094606  -0.000410
1260.095287  -0.000603
1260.095968  -0.000432
1260.096649  -0.001497
1260.097330  -0.000228
1260.098011   0.001046
1260.098692  -0.001484
1260.099374   0.000219
1260.100055  -0.002576
1260.100736  -0.000500
1260.101417   0.000614
1260.102098  -0.000653
1260.102779  -0.000473
1260.103460  -0.000462
1260.104141   0.000793
1260.104823  -0.000017
1260.105504   0.000531
1260.106185  -0.001375
1260.106866  -0.002253
1260.107547  -0.000496
1260.108228   0.000912
1260.108910  -0.001034
1260.109591   0.000621
1260.110272  -0.001312
1260.110953   0.000413
1260.111634  -0.000344
1260.112315  -0.001555
1260.112996   0.000882
1260.113678  -0.001311
1260.114359  -0.001910
1260.115040   0.000217
1260.115721  -0.000991
1260.116402  -0.001143
1260.117083  -0.001385
1260.117764  -0.000403
1260.118445  -0.000367
1260.119127   0.000728
1260.119808  -0.001175
1260.120489  -0.000792
1260.121170   0.000217
1260.121851   0.000606
1260.122532   0.001016
1260.123214  -0.002578
1260.123895   0.000069
1260.124576  -0.000956
1260.125257  -0.001247
1260.125938  -0.003059
1260.126619  -0.002033
1260.127300   0.000471
1260.127981  -0.001443
1260.128663   0.001238
1260.129344  -0.001143
1260.130025  -0.002708
1260.130706  -0.001083
1260.131387   0.000295
1260.132068  -0.000150
1260.132749  -0.001240
1260.133431  -0.001052
1260.134112   0.000631
1260.134793  -0.000910
1260.135474   0.000821
1260.136155   0.000748
1260.136836  -0.000476
1260.137517  -0.003059
1260.138198  -0.000015
1260.138880  -0.002477
1260.139561  -0.003246
1260.140242  -0.002345
1260.140923  -0.000642
1260.141604  -0.001316
1260.142285   0.000302
1260.142966  -0.000547
1260.143648  -0.001287
1260.144329  -0.000500
1260.145010  -0.001247
1260.145691  -0.000698
1260.146372   0.001449
1260.147053  -0.000307
1260.147735  -0.000907
1260.148416  -0.001789
1260.149097  -0.001817
1260.149778  -0.001949
1260.150459  -0.001356
1260.151140   0.000373
1260.151821  -0.001788
1260.152502  -0.001555
1260.153184  -0.000589
1260.153865  -0.001020
1260.154546   0.000689
1260.155227  -0.001083
1260.155908  -0.000035
1260.156589   0.001107
1260.157270  -0.000883
1260.157952  -0.000309
1260.158633  -0.000168
1260.159314   0.000300
1260.159995   0.000693
1260.160676  -0.001306
1260.161357   0.000420
1260.162038  -0.002313
1260.162720  -0.001226
1260.163401  -0.000094
1260.164082  -0.001069
1260.164763  -0.001069
1260.165444   0.000758
1260.166125  -0.003630
1260.166806  -0.001221
1260.167488  -0.000832
1260.168169   0.000022
1260.168850  -0.003436
1260.169531  -0.001806
1260.170212  -0.000711
1260.170893  -0.000930
1260.171574  -0.004804
1260.172255  -0.000073
1260.172937   0.000400
1260.173618  -0.000822
1260.174299  -0.001752
1260.174980  -0.001520
1260.175661  -0.002065
1260.176342  -0.000695
1260.177023   0.000375
1260.177705   0.000110
1260.178386  -0.001984
1260.179067   0.000352
1260.179748  -0.002139
1260.180429   0.000058
1260.181110  -0.001172
1260.181791   0.000542
1260.182473   0.000836
1260.183154  -0.000089
1260.183835  -0.000178
1260.184516  -0.001345
1260.185197   0.000801
1260.185878   0.000071
1260.186559  -0.001029
1260.187241   0.000258
1260.187922   0.000920
1260.188603  -0.000359
1260.189284  -0.002586
1260.189965   0.000777
1260.190646   0.001502
1260.191327  -0.001420
1260.192009  -0.001253
1260.192690   0.000557
1260.193371  -0.000331
1260.194052  -0.005937
1260.194733  -0.000527
1260.195414  -0.001346
1260.196095   0.001648
1260.196777  -0.000884
1260.197458  -0.000052
1260.198139   0.001138
1260.198820  -0.000514
1260.199501  -0.000528
1260.200182  -0.000002
1260.200863  -0.000206
1260.201545   0.000345
1260.202226   0.000714
1260.202907   0.000119
1260.203588  -0.000546
1260.204269   0.000292
1260.204950   0.000509
1260.205631   0.000094
1260.206313  -0.000420
1260.206994  -0.000346
1260.207675  -0.000375
1260.208356  -0.000763
1260.209037   0.000218
1260.209718  -0.001549
1260.210399  -0.000962
1260.211080   0.000102
1260.211762  -0.000648
1260.212443  -0.000032
1260.213124  -0.000619
1260.213805  -0.000583
1260.214486  -0.001469
1260.215167  -0.001078
1260.215848  -0.000138
1260.216530  -0.002371
1260.217211  -0.002017
1260.217892  -0.000531
1260.218573  -0.001014
1260.219254  -0.000676
1260.219935  -0.001080
1260.220616  -0.000271
1260.221298  -0.001600
1260.221979  -0.001738
1260.222660  -0.001759
1260.223341   0.001324
1260.224022  -0.000908
1260.224703  -0.000097
1260.225385  -0.000607
1260.226066   0.000181
1260.226747  -0.000775
1260.227428  -0.000097
1260.228109  -0.002324
1260.228790  -0.001531
1260.229471  -0.002107
1260.230152   0.000668
1260.230834   0.000108
1260.231515  -0.001843
1260.232196  -0.004218
1260.232877  -0.000053
1260.233558  -0.001324
1260.234239  -0.001283
1260.234920   0.000532
1260.235602  -0.000420
1260.236283  -0.002145
1260.236964   0.000149
1260.237645  -0.001716
1260.238326  -0.000628
1260.239007  -0.000765
1260.239688  -0.000227
1260.240370  -0.003564
1260.241051  -0.001058
1260.241732   0.001124
1260.242413  -0.000227
1260.243094   0.002530
1260.243775  -0.000907
1260.244456  -0.001298
1260.245137  -0.000086
1260.245819  -0.000768
1260.246500  -0.000692
1260.247181  -0.001693
1260.247862   0.000139
1260.248543  -0.001567
1260.249224  -0.000477
1260.249905  -0.002595
1260.250587  -0.001339
1260.251268  -0.000388
1260.251949   0.000039
1260.252630   0.000375
1260.253311  -0.002163
1260.253992  -0.004325
1260.254673   0.000072
1260.255355  -0.001107
1260.256036   0.000691
1260.256717  -0.001706
1260.257398  -0.000009
1260.258079   0.000457
1260.258760  -0.001422
1260.259441  -0.000322
1260.260123  -0.003782
1260.260804   0.000633
1260.261485   0.000437
1260.262166  -0.001962
1260.262847  -0.001252
1260.263528  -0.001502
1260.264209  -0.001639
1260.264890   0.000189
1260.265572  -0.000316
1260.266253  -0.000138
1260.266934   0.000326
1260.267615  -0.000255
1260.268296  -0.002684
1260.268977  -0.000470
1260.269659   0.000234
1260.270340   0.000317
1260.271021   0.000930
1260.271702  -0.000914
1260.272383  -0.001085
1260.273064   0.001521
1260.273745  -0.000673
1260.274427  -0.001545
1260.275108  -0.000043
1260.275789  -0.002481
1260.276470  -0.001729
1260.277151  -0.001745
1260.277832  -0.000718
1260.278513  -0.002166
1260.279194  -0.000662
1260.279876  -0.000345
1260.280557   0.000164
1260.281238   0.000242
1260.281919   0.000750
1260.282600  -0.000977
1260.283281   0.000285
1260.283962  -0.000958
1260.284644  -0.000650
1260.285325  -0.000807
1260.286006  -0.001582
1260.286687  -0.001066
1260.287368  -0.001029
1260.288049  -0.003380
1260.288730   0.000757
1260.289412  -0.001122
1260.290093  -0.000141
1260.290774  -0.000217
1260.291455   0.000546
1260.292136   0.000158
1260.292817   0.000548
1260.293498   0.000044
1260.294180  -0.002391
1260.294861  -0.000314
1260.295542   0.000213
1260.296223  -0.000949
1260.296904  -0.000772
1260.297585  -0.002065
1260.298266  -0.001181
1260.298948   0.001203
1260.299629  -0.001605
1260.300310  -0.000526
1260.300991  -0.001195
1260.301672  -0.001401
1260.302353  -0.000179
1260.303034  -0.000967
1260.303716  -0.002203
1260.304397  -0.000529
1260.305078  -0.000491
1260.305759  -0.001086
1260.306440   0.000240
1260.307121  -0.002878
1260.307802  -0.001606
1260.308484   0.001192
1260.309165  -0.000835
1260.309846  -0.000626
1260.310527  -0.000312
1260.311208  -0.000106
1260.311889  -0.001799
1260.312570  -0.000351
1260.313252  -0.000499
1260.313933   0.000162
1260.314614   0.000848
1260.315295   0.000486
1260.315976  -0.000994
1260.316657   0.001260
1260.317338  -0.001328
1260.318020   0.000667
1260.318701  -0.000650
1260.319382   0.001179
1260.320063  -0.001100
1260.320744   0.000556
1260.321425  -0.000019
1260.322106  -0.001484
1260.322787  -0.000924
1260.323469  -0.000078
1260.324150  -0.001593
1260.324831  -0.000324
1260.325512  -0.001321
1260.326193  -0.000651
1260.326874   0.000477
1260.327555  -0.000635
1260.328237  -0.000477
1260.328918  -0.001903
1260.329599  -0.000615
1260.330280  -0.002484
1260.330961  -0.000300
1260.331642  -0.003033
1260.332323  -0.001774
1260.333005   0.000280
1260.333686   0.001586
1260.334367  -0.001036
1260.335048  -0.001096
1260.335729  -0.000562
1260.336410  -0.000682
1260.337091  -0.001857
1260.337773  -0.000199
1260.338454  -0.000122
1260.339135  -0.001939
1260.339816  -0.000659
1260.340497   0.000350
1260.341178  -0.004102
1260.341859   0.000143
1260.342540  -0.000060
1260.343222  -0.001904
1260.343903  -0.000357
1260.344584  -0.002963
1260.345265  -0.000297
1260.345946  -0.000931
1260.346627   0.000627
1260.347309   0.000159
1260.347990   0.001370
1260.348671  -0.000145
1260.349352   0.000402
1260.350033   0.000479
1260.350714   0.000018
1260.351395   0.001191
1260.352077   0.000205
1260.352758  -0.000906
1260.353439   0.000709
1260.354120   0.000574
1260.354801  -0.000355
1260.355482  -0.000147
1260.356163   0.000262
1260.356844  -0.000669
1260.357526  -0.001556
1260.358207   0.000073
1260.358888   0.000108
1260.359569   0.000208
1260.360250  -0.000243
1260.360931  -0.000831
1260.361612  -0.001670
1260.362294   0.000793
1260.362975  -0.000993
1260.363656  -0.000064
1260.364337  -0.002124
1260.365018   0.000340
1260.365699   0.000734
1260.366380  -0.000241
1260.367062   0.002148
1260.367743   0.001829
1260.368424  -0.001235
1260.369105  -0.000997
1260.369786  -0.000773
1260.370467  -0.000607
1260.371148  -0.000693
1260.371830   0.000015
1260.372511   0.000850
1260.373192  -0.001137
1260.373873  -0.000580
1260.374554   0.000298
1260.375235  -0.000666
1260.375916  -0.001234
1260.376597   0.000927
1260.377279  -0.001280
1260.377960  -0.001472
1260.378641  -0.002382
1260.379322  -0.002090
1260.380003  -0.002619
1260.380684   0.000067
1260.381365  -0.002654
1260.382047  -0.001716
1260.382728  -0.001744
1260.383409  -0.000469
1260.384090  -0.000747
1260.384771  -0.001650
1260.385452   0.000760
1260.386134  -0.001029
1260.386815  -0.000225
1260.387496  -0.001804
1260.388177   0.001156
1260.388858  -0.001696
1260.389539  -0.000023
1260.390220  -0.000563
1260.390901  -0.001587
1260.391583  -0.000366
1260.392264  -0.000439
1260.392945  -0.000371
1260.393626  -0.002329
1260.394307   0.000342
1260.394988  -0.002235
1260.395669  -0.000341
1260.396351  -0.001658
1260.397032   0.001294
1260.397713  -0.003465
1260.398394  -0.000092
1260.399075  -0.000821
1260.399756  -0.000945
1260.400437  -0.000272
1260.401119   0.002722
1260.401800  -0.000335
1260.402481  -0.000646
1260.403162  -0.000407
1260.403843  -0.000057
1260.404524  -0.000209
1260.405205   0.002016
1260.405887   0.000747
1260.406568  -0.001803
1260.407249   0.000628
1260.407930  -0.001194
1260.408611  -0.003459
1260.409292   0.000090
1260.409973  -0.002193
1260.410655   0.000369
1260.411336  -0.001968
1260.412017  -0.000753
1260.412698   0.000519
1260.413379  -0.000585
1260.414060  -0.001893
1260.414741  -0.001785
1260.415423  -0.002106
1260.416104  -0.002224
1260.416785  -0.001937
1260.417466  -0.000351
1260.418147   0.001659
1260.418828  -0.001210
1260.419509  -0.002484
1260.420190  -0.000476
1260.420872  -0.001397
1260.421553  -0.002662
1260.422234   0.001436
1260.422915  -0.001863
1260.423596   0.000741
1260.424277  -0.001021
1260.424959  -0.002262
1260.425640  -0.001070
1260.426321  -0.002472
1260.427002  -0.000210
1260.427683  -0.001648
1260.428364  -0.001961
1260.429045   0.000671
1260.429726  -0.001245
1260.430408  -0.000312
1260.431089   0.001182
1260.431770  -0.001612
1260.432451  -0.000784
1260.433132  -0.000285
1260.433813   0.000153
1260.434494  -0.002131
1260.435176  -0.001209
1260.435857  -0.001523
1260.436538  -0.001537
1260.437219   0.000003
1260.437900  -0.000079
1260.438581  -0.001185
1260.439262  -0.001231
1260.439944  -0.001223
1260.440625   0.001289
1260.441306  -0.000804
1260.441987  -0.001262
1260.442668  -0.001605
1260.443349  -0.001087
1260.444030  -0.000428
1260.444712  -0.001740
1260.445393  -0.002761
1260.446074  -0.000251
1260.446755  -0.001739
1260.447436  -0.001942
1260.448117  -0.000687
1260.448798   0.000148
1260.449480  -0.001551
1260.450161  -0.000131
1260.450842  -0.001773
1260.451523  -0.000658
1260.452204   0.001894
1260.452885  -0.001340
1260.453566   0.000245
1260.454247  -0.000964
1260.454929  -0.002111
1260.455610  -0.002639
1260.456291  -0.001144
1260.456972   0.000294
1260.457653  -0.000622
1260.458334   0.000699
1260.459015   0.001507
1260.459697   0.000222
1260.460378   0.001820
1260.461059   0.003254
1260.461740   0.002149
1260.462421   0.004136
1260.463102   0.003047
1260.463784   0.004139
1260.464465   0.004261
1260.465146   0.002236
1260.465827   0.004363
1260.466508   0.005691
1260.467189   0.005226
1260.467870   0.007053
1260.468551   0.006280
1260.469233   0.007870
1260.469914   0.006345
1260.470595   0.008177
1260.471276   0.007945
1260.471957   0.008196
1260.472638   0.006377
1260.473319   0.005694
1260.474001   0.009640
1260.474682   0.007474
1260.475363   0.007606
1260.476044   0.007010
1260.476725   0.010422
1260.477406   0.009724
1260.478087   0.006236
1260.478769   0.008146
1260.479450   0.005743
1260.480131   0.010653
1260.480812   0.008042
1260.481493   0.006134
1260.482174   0.008548
1260.482855   0.009979
1260.483537   0.008716
1260.484218   0.009128
1260.484899   0.008509
1260.485580   0.009891
1260.486261   0.006347
1260.486942   0.008830
1260.487623   0.008398
1260.488304   0.007659
1260.488986   0.010007
1260.489667   0.009803
1260.490348   0.010066
1260.491029   0.010361
1260.491710   0.010059
1260.492391   0.011508
1260.493072   0.008950
1260.493754   0.008752
1260.494435   0.009291
1260.495116   0.006720
1260.495797   0.009539
1260.496478   0.008639
1260.497159   0.008295
1260.497840   0.009751
1260.498522   0.010070
1260.499203   0.009780
1260.499884   0.009517
1260.500565   0.010672
1260.501246   0.009079
1260.501927   0.011288
1260.502609   0.009646
1260.503290   0.009509
1260.503971   0.010523
1260.504652   0.009918
1260.505333   0.009710
1260.506014   0.010320
1260.506695   0.010366
1260.507376   0.009713
1260.508058   0.010992
1260.508739   0.009226
1260.509420   0.009266
1260.510101   0.009950
1260.510782   0.008933
1260.511463   0.010909
1260.512144   0.010388
1260.512826   0.008090
1260.513507   0.010550
1260.514188   0.009387
1260.514869   0.009683
1260.515550   0.010028
1260.516231   0.009674
1260.516912   0.013010
1260.517594   0.011278
1260.518275   0.009888
1260.518956   0.009522
1260.519637   0.009508
1260.520318   0.010175
1260.520999   0.009588
1260.521680   0.009998
1260.522361   0.010932
1260.523043   0.011365
1260.523724   0.012099
1260.524405   0.011950
1260.525086   0.010071
1260.525767   0.010380
1260.526448   0.009951
1260.527130   0.011086
1260.527811   0.008994
1260.528492   0.010401
1260.529173   0.009776
1260.529854   0.010234
1260.530535   0.011044
1260.531216   0.014152
1260.531897   0.012451
1260.532579   0.010945
1260.533260   0.010462
1260.533941   0.007722
1260.534622   0.009897
1260.535303   0.011800
1260.535984   0.011566
1260.536665   0.011274
1260.537347   0.011631
1260.538028   0.013075
1260.538709   0.007037
1260.539390   0.010662
1260.540071   0.012038
1260.540752   0.011479
1260.541433   0.011825
1260.542115   0.009569
1260.542796   0.010297
1260.543477   0.010317
1260.544158   0.011325
1260.544839   0.010825
1260.545520   0.009430
1260.546201   0.011129
1260.546883   0.011399
1260.547564   0.013535
1260.548245   0.010337
1260.548926   0.012510
1260.549607   0.011015
1260.550288   0.011616
1260.550969   0.011880
1260.551651   0.013601
1260.552332   0.010660
1260.553013   0.010947
1260.553694   0.012119
1260.554375   0.011387
1260.555056   0.008649
1260.555737   0.011448
1260.556419   0.010504
1260.557100   0.009832
1260.557781   0.009423
1260.558462   0.009590
1260.559143   0.011336
1260.559824   0.011244
1260.560505   0.009982
1260.561187   0.010641
1260.561868   0.011924
1260.562549   0.011331
1260.563230   0.009837
1260.563911   0.010093
1260.564592   0.009538
1260.565273   0.007994
1260.565954   0.009640
1260.566636   0.008284
1260.567317   0.008740
1260.567998   0.010042
1260.568679   0.007998
1260.569360   0.010357
1260.570041   0.009060
1260.570722   0.009187
1260.571404   0.011016
1260.572085   0.009788
1260.572766   0.010437
1260.573447   0.010187
1260.574128   0.009199
1260.574809   0.009451
1260.575490   0.009631
1260.576172   0.009449
1260.576853   0.010919
1260.577534   0.008067
1260.578215   0.009207
1260.578896   0.009056
1260.579577   0.008678
1260.580259   0.009365
1260.580940   0.008412
1260.581621   0.008352
1260.582302   0.008256
1260.582983   0.010167
1260.583664   0.009006
1260.584345   0.009278
1260.585026   0.009112
1260.585708   0.010804
1260.586389   0.010224
1260.587070   0.009404
1260.587751   0.010194
1260.588432   0.009093
1260.589113   0.006225
1260.589794   0.008980
1260.590476   0.005717
1260.591157   0.009405
1260.591838   0.010035
1260.592519   0.008477
1260.593200   0.005764
1260.593881   0.007164
1260.594562   0.009242
1260.595244   0.008991
1260.595925   0.007357
1260.596606   0.007068
1260.597287   0.007305
1260.597968   0.007016
1260.598649   0.006028
1260.599330   0.006453
1260.600011   0.006790
1260.600693   0.009023
1260.601374   0.007822
1260.602055   0.008605
1260.602736   0.006364
1260.603417   0.002907
1260.604098   0.005368
1260.604779   0.005984
1260.605461   0.004672
1260.606142   0.004619
1260.606823   0.005140
1260.607504   0.005526
1260.608185   0.003667
1260.608866   0.003296
1260.609547   0.003724
1260.610229   0.004084
1260.610910   0.004041
1260.611591   0.000775
1260.612272  -0.000173
1260.612953   0.001320
1260.613634   0.001706
1260.614315   0.002687
1260.614997   0.001272
1260.615678   0.001747
1260.616359   0.001659
1260.617040   0.000815
1260.617721  -0.002217
1260.618402  -0.001168
1260.619083   0.000711
1260.619765   0.000614
1260.620446   0.000225
1260.621127   0.001796
1260.621808  -0.000878
1260.622489   0.000585
1260.623170  -0.000846
1260.623851  -0.001915
1260.624533  -0.001634
1260.625214   0.000025
1260.625895  -0.000079
1260.626576  -0.000667
1260.627257  -0.000365
1260.627938  -0.001254
1260.628619  -0.001054
1260.629301  -0.000672
1260.629982  -0.000878
1260.630663  -0.001397
1260.631344  -0.001595
1260.632025  -0.000432
1260.632706  -0.000802
1260.633387  -0.001211
1260.634069  -0.003589
1260.634750  -0.002122
1260.635431  -0.000734
1260.636112   0.000341
1260.636793   0.000247
1260.637474   0.001032
1260.638155   0.000512
1260.638837  -0.001678
1260.639518   0.001377
1260.640199  -0.001850
1260.640880   0.000790
1260.641561  -0.002549
1260.642242  -0.001604
1260.642923  -0.000738
1260.643604  -0.001221
1260.644286  -0.000284
1260.644967  -0.000312
1260.645648  -0.000859
1260.646329  -0.000750
1260.647010  -0.000096
1260.647691  -0.001370
1260.648372  -0.000399
1260.649054   0.000283
1260.649735  -0.002002
1260.650416   0.000558
1260.651097  -0.000998
1260.651778  -0.001971
1260.652459  -0.000350
1260.653140  -0.000209
1260.653822   0.000707
1260.654503   0.001651
1260.655184  -0.001858
1260.655865  -0.001010
1260.656546  -0.001899
1260.657227   0.000354
1260.657908   0.001954
1260.658590  -0.001984
1260.659271  -0.000785
1260.659952  -0.000568
1260.660633  -0.000635
1260.661314   0.000581
1260.661995  -0.000503
1260.662676  -0.002554
1260.663358  -0.002045
1260.664039  -0.000827
1260.664720  -0.001089
1260.665401  -0.000865
1260.666082  -0.001011
1260.666763   0.000476
1260.667444  -0.000794
1260.668126  -0.001277
1260.668807  -0.000211
1260.669488  -0.001253
1260.670169  -0.001622
1260.670850  -0.000770
1260.671531   0.000996
1260.672212  -0.000526
1260.672894  -0.000562
1260.673575  -0.000711
1260.674256   0.000353
1260.674937  -0.001404
1260.675618  -0.000963
1260.676299  -0.000330
1260.676980  -0.001025
1260.677662   0.000467
1260.678343  -0.001231
1260.679024  -0.001144
1260.679705  -0.001561
1260.680386  -0.000534
1260.681067  -0.000565
1260.681748  -0.000088
1260.682429  -0.001904
1260.683111  -0.000074
1260.683792   0.001019
1260.684473  -0.001466
1260.685154  -0.000582
1260.685835   0.000010
1260.686516  -0.002826
1260.687197   0.000243
1260.687879  -0.000657
1260.688560   0.000845
1260.689241  -0.001921
1260.689922  -0.002255
1260.690603  -0.002759
1260.691284  -0.002023
1260.691965  -0.000230
1260.692647  -0.000516
1260.693328  -0.000714
1260.694009   0.000632
1260.694690  -0.000919
1260.695371  -0.002421
1260.696052  -0.001968
1260.696733   0.001029
1260.697414   0.000472
1260.698096  -0.002178
1260.698777  -0.000375
1260.699458  -0.000690
1260.700139  -0.002133
1260.700820  -0.001855
1260.701501   0.000004
1260.702183   0.000981
1260.702864   0.000927
1260.703545  -0.000025
1260.704226  -0.001285
1260.704907   0.002121
1260.705588   0.001770
1260.706269  -0.003615
1260.706951  -0.000175
1260.707632  -0.001204
1260.708313  -0.000253
1260.708994  -0.001053
1260.709675  -0.000427
1260.710356  -0.000427
1260.711037  -0.001700
1260.711719   0.001387
1260.712400  -0.001584
1260.713081   0.000867
1260.713762  -0.000870
1260.714443  -0.003401
1260.715124  -0.000790
1260.715805  -0.000081
1260.716486   0.000950
1260.717168   0.000469
1260.717849  -0.001633
1260.718530  -0.003087
1260.719211  -0.001033
1260.719892  -0.000707
1260.720573  -0.000993
1260.721254   0.000899
1260.721936   0.001152
1260.722617  -0.001890
1260.723298   0.000457
1260.723979   0.000966
1260.724660  -0.000106
1260.725341  -0.000113
1260.726022  -0.001318
1260.726704  -0.000771
1260.727385  -0.001681
1260.728066  -0.001302
1260.728747  -0.001232
1260.729428  -0.000719
1260.730109  -0.001037
1260.730790  -0.001374
1260.731472   0.000057
1260.732153  -0.001852
1260.732834  -0.001373
1260.733515  -0.000567
1260.734196  -0.001236
1260.734877  -0.000372
1260.735558  -0.002016
1260.736240  -0.001081
1260.736921  -0.001037
1260.737602  -0.002767
1260.738283   0.000111
1260.738964  -0.002378
1260.739645   0.000235
1260.740326  -0.000672
1260.741008  -0.000326
1260.741689  -0.000304
1260.742370  -0.000216
1260.743051   0.000624
1260.743732  -0.001389
1260.744413   0.001285
1260.745094  -0.001750
1260.745776  -0.001827
1260.746457   0.001883
1260.747138  -0.000591
1260.747819  -0.001534
1260.748500  -0.000262
1260.749181  -0.000338
1260.749862  -0.001566
1260.750543  -0.000499
1260.751225  -0.000345
1260.751906   0.000578
1260.752587  -0.000560
1260.753268  -0.001988
1260.753949  -0.000848
1260.754630  -0.001765
1260.755312  -0.001274
1260.755993  -0.002042
1260.756674  -0.001073
1260.757355  -0.000899
1260.758036  -0.002158
1260.758717  -0.000451
1260.759398  -0.001257
1260.760079  -0.002552
1260.760761  -0.002214
1260.761442  -0.000565
1260.762123  -0.000508
1260.762804  -0.000330
1260.763485  -0.000392
1260.764166  -0.002541
1260.764847  -0.001728
1260.765529   0.001251
1260.766210   0.000387
1260.766891   0.000075
1260.767572   0.001099
1260.768253  -0.000484
1260.768934  -0.001183
1260.769615  -0.002768
1260.770297   0.000776
1260.770978  -0.002593
1260.771659  -0.000115
1260.772340  -0.001495
1260.773021  -0.000987
1260.773702   0.000494
1260.774383   0.000854
1260.775065   0.000146
1260.775746  -0.001482
1260.776427  -0.002515
1260.777108  -0.000025
1260.777789  -0.000446
1260.778470  -0.000902
1260.779151  -0.002373
1260.779833  -0.001184
1260.780514   0.000367
1260.781195  -0.001592
1260.781876  -0.002133
1260.782557   0.002420
1260.783238  -0.000174
1260.783919  -0.001235
1260.784601  -0.002655
1260.785282   0.001561
1260.785963  -0.001265
1260.786644  -0.000386
1260.787325   0.002608
1260.788006  -0.002745
1260.788687  -0.001196
1260.789369  -0.001203
1260.790050  -0.000996
1260.790731   0.000041
1260.791412  -0.000178
1260.792093  -0.000993
1260.792774  -0.000868
1260.793455  -0.001181
1260.794136  -0.001261
1260.794818   0.001169
1260.795499  -0.000352
1260.796180  -0.001033
1260.796861  -0.000453
1260.797542   0.001163
1260.798223  -0.000971
1260.798904   0.001412
1260.799586  -0.001583
1260.800267  -0.000567
1260.800948  -0.000943
1260.801629  -0.001488
1260.802310  -0.000643
1260.802991  -0.000998
1260.803672  -0.000321
1260.804354   0.000049
1260.805035  -0.000362
1260.805716  -0.000001
1260.806397  -0.002023
1260.807078  -0.000370
1260.807759  -0.000472
1260.808440  -0.000504
1260.809122  -0.000842
1260.809803  -0.000281
1260.810484   0.000093
1260.811165  -0.000373
1260.811846   0.000859
1260.812527  -0.000050
1260.813208  -0.001693
1260.813889  -0.000905
1260.814571  -0.001726
1260.815252  -0.003225
1260.815933  -0.001272
1260.816614  -0.002907
1260.817295  -0.000284
1260.817976  -0.000919
1260.818658  -0.002454
1260.819339  -0.002154
1260.820020  -0.001859
1260.820701  -0.001861
1260.821382  -0.001251
1260.822063  -0.000425
1260.822744  -0.002470
1260.823426  -0.001403
1260.824107  -0.000512
1260.824788  -0.002571
1260.825469   0.000468
1260.826150  -0.000291
1260.826831  -0.000594
1260.827512  -0.002515
1260.828193  -0.001708
1260.828875  -0.000755
1260.829556  -0.001307
1260.830237   0.000067
1260.830918  -0.000246
1260.831599   0.000432
1260.832280  -0.000464
1260.832961  -0.001130
1260.833643  -0.001558
1260.834324  -0.000542
1260.835005  -0.001510
1260.835686  -0.001739
1260.836367  -0.001476
1260.837048   0.001122
1260.837729  -0.001191
1260.838411  -0.000771
1260.839092   0.000460
1260.839773   0.000847
1260.840454  -0.000943
1260.841135  -0.002082
1260.841816  -0.002337
1260.842497  -0.000611
1260.843179  -0.000341
1260.843860  -0.001335
1260.844541  -0.002736
1260.845222   0.001562
1260.845903   0.000142
1260.846584  -0.002031
1260.847265  -0.000362
1260.847947  -0.002226
1260.848628   0.001232
1260.849309   0.000377
1260.849990  -0.001521
1260.850671  -0.000716
1260.851352  -0.001781
1260.852034  -0.003679
1260.852715  -0.001166
1260.853396  -0.000101
1260.854077  -0.000562
1260.854758  -0.000609
1260.855439   0.000841
1260.856120  -0.003012
1260.856801  -0.002515
1260.857483  -0.001849
1260.858164  -0.000140
1260.858845  -0.000066
1260.859526  -0.000549
1260.860207  -0.000832
1260.860888  -0.001496
1260.861569  -0.001121
1260.862251   0.001812
1260.862932  -0.000261
1260.863613  -0.000352
1260.864294  -0.000106
1260.864975  -0.000731
1260.865656  -0.000758
1260.866337  -0.001007
1260.867018  -0.001098
1260.867700   0.000363
1260.868381  -0.003554
1260.869062   0.000619
1260.869743  -0.001539
1260.870424  -0.001591
1260.871105   0.000268
1260.871786  -0.000868
1260.872468  -0.001299
1260.873149   0.001480
1260.873830   0.000186
1260.874511  -0.001849
1260.875192   0.000545
1260.875873  -0.000296
1260.876554   0.000096
1260.877236  -0.000873
1260.877917   0.000374
1260.878598   0.002549
1260.879279  -0.001065
1260.879960   0.000591
1260.880641  -0.000158
1260.881322   0.000069
1260.882004   0.001930
1260.882685  -0.000686
1260.883366  -0.000391
1260.884047  -0.001433
1260.884728   0.000363
1260.885409  -0.000346
1260.886090  -0.001340
1260.886772  -0.002187
1260.887453   0.000452
1260.888134  -0.001815
1260.888815  -0.000669
1260.889496  -0.000725
1260.890177  -0.001952
1260.890858  -0.000501
1260.891539   0.000634
1260.892221  -0.000715
1260.892902  -0.000711
1260.893583  -0.000262
1260.894264   0.000005
1260.894945  -0.000858
1260.895626  -0.001297
1260.896308  -0.000616
1260.896989  -0.001277
1260.897670   0.000077
1260.898351   0.001937
1260.899032  -0.000408
1260.899713   0.000656
1260.900394  -0.000869
1260.901076   0.000556
1260.901757  -0.000087
1260.902438   0.000968
1260.903119  -0.000255
1260.903800   0.000435
1260.904481  -0.000158
1260.905162   0.001913
1260.905844  -0.001434
1260.906525  -0.001044
1260.907206   0.000263
1260.907887  -0.001333
1260.908568  -0.000306
1260.909249   0.000683
1260.909930  -0.001831
1260.910611  -0.000748
1260.911293  -0.000466
1260.911974  -0.000608
1260.912655   0.001052
1260.913336  -0.001493
1260.914017   0.000504
1260.914698  -0.001287
1260.915379  -0.001109
1260.916061   0.000468
1260.916742  -0.003189
1260.917423  -0.001646
1260.918104  -0.000518
1260.918785  -0.000822
1260.919466  -0.000932
1260.920147  -0.000544
1260.920829  -0.001164
1260.921510  -0.000483
1260.922191  -0.000116
1260.922872  -0.002652
1260.923553   0.000495
1260.924234   0.001136
1260.924915  -0.001348
1260.925597  -0.001638
1260.926278  -0.001023
1260.926959  -0.002412
1260.927640  -0.002036
1260.928321  -0.000046
1260.929002   0.000739
1260.929683   0.000127
1260.930364  -0.002187
1260.931046  -0.001329
1260.931727   0.000179
1260.932408  -0.000702
1260.933089  -0.001031
1260.933770  -0.000386
1260.934451  -0.001511
1260.935133  -0.000948
1260.935814  -0.001270
1260.936495  -0.001935
1260.937176  -0.000436
1260.937857   0.000315
1260.938538  -0.001891
1260.939219  -0.000712
1260.939901  -0.003016
1260.940582  -0.000678
1260.941263  -0.000498
1260.941944  -0.001165
1260.942625  -0.003082
1260.943306   0.000888
1260.943987  -0.000861
1260.944668  -0.003227
1260.945350  -0.002302
1260.946031  -0.001678
1260.946712  -0.001740
1260.947393  -0.000742
1260.948074  -0.001872
1260.948755  -0.001442
1260.949436   0.001461
1260.950118   0.000708
1260.950799   0.000451
1260.951480  -0.001003
1260.952161  -0.001342
1260.952842  -0.000265
1260.953523  -0.002180
1260.954204  -0.000984
1260.954886  -0.000188
1260.955567  -0.001554
1260.956248  -0.000625
1260.956929  -0.002010
1260.957610  -0.000298
1260.958291   0.000213
1260.958972  -0.000607
1260.959654  -0.000455
1260.960335   0.000575
1260.961016  -0.001314
1260.961697   0.001463
1260.962378   0.000625
1260.963059  -0.000559
1260.963740  -0.002099
1260.964422  -0.000712
1260.965103   0.000678
1260.965784   0.001375
1260.966465   0.000370
1260.967146  -0.002134
1260.967827  -0.000404
1260.968508  -0.000190
1260.969190  -0.001114
1260.969871  -0.003925
1260.970552   0.001414
1260.971233   0.001524
1260.971914   0.001215
1260.972595  -0.000765
1260.973276   0.000631
1260.973958  -0.002796
1260.974639  -0.000946
1260.975320  -0.000522
1260.976001  -0.001020
1260.976682   0.000753
1260.977363  -0.000084
1260.978044  -0.000235
1260.978725  -0.000343
1260.979407  -0.003039
1260.980088   0.000126
1260.980769  -0.002418
1260.981450   0.000053
1260.982131  -0.001842
1260.982812   0.000099
1260.983494   0.001505
1260.984175   0.000115
1260.984856   0.000402
1260.985537  -0.001140
1260.986218  -0.001382
1260.986899  -0.001739
1260.987580  -0.000264
1260.988261  -0.000001
1260.988943  -0.001839
1260.989624   0.001167
1260.990305   0.000035
1260.990986  -0.001060
1260.991667  -0.000241
1260.992348  -0.001155
1260.993029  -0.003250
1260.993711   0.000149
1260.994392  -0.004578
1260.995073   0.001069
1260.995754  -0.000484
1260.996435  -0.001041
1260.997116  -0.001499
1260.997797  -0.002039
1260.998479   0.001352
1260.999160  -0.001404
1260.999841   0.001292
1261.000522  -0.000160
1261.001203  -0.001524
1261.001884   0.000651
1261.002565  -0.001934
1261.003247  -0.001101
1261.003928  -0.001192
1261.004609  -0.003003
1261.005290  -0.001692
1261.005971  -0.000337
1261.006652  -0.002195
1261.007333   0.000240
1261.008014  -0.002083
1261.008696  -0.001604
1261.009377  -0.002159
1261.010058  -0.001126
1261.010739  -0.001888
1261.011420  -0.000688
1261.012101  -0.002034
1261.012783  -0.001084
1261.013464  -0.001168
1261.014145  -0.002458
1261.014826   0.000505
1261.015507  -0.002063
1261.016188   0.000306
1261.016869   0.000248
1261.017551  -0.000352
1261.018232  -0.000703
1261.018913   0.001080
1261.019594  -0.000749
1261.020275  -0.000725
1261.020956  -0.001108
1261.021637  -0.001513
1261.022319  -0.001597
1261.023000   0.000966
1261.023681  -0.001214
1261.024362  -0.001036
1261.025043  -0.000449
1261.025724   0.001220
1261.026405   0.000568
1261.027086  -0.003149
1261.027768  -0.000758
1261.028449   0.000669
1261.029130  -0.000512
1261.029811   0.001057
1261.030492  -0.001406
1261.031173   0.000553
1261.031854  -0.001084
1261.032536  -0.003042
1261.033217  -0.000977
1261.033898  -0.000458
1261.034579  -0.001648
1261.035260  -0.001315
1261.035941   0.000648
1261.036622  -0.002612
1261.037304  -0.001252
1261.037985  -0.001120
1261.038666   0.000399
1261.039347  -0.001037
1261.040028  -0.001203
1261.040709  -0.001318
1261.041390  -0.002200
1261.042071   0.000158
1261.042753  -0.002337
1261.043434  -0.002564
1261.044115   0.000925
1261.044796   0.000913
1261.045477   0.000513
1261.046159  -0.000898
1261.046840  -0.000606
1261.047521   0.000011
1261.048202  -0.001519
1261.048883  -0.001390
1261.049564  -0.000268
1261.050245  -0.002878
1261.050926   0.000073
1261.051608  -0.001283
1261.052289   0.001058
1261.052970   0.000982
1261.053651  -0.000407
1261.054332   0.000262
1261.055013   0.000190
1261.055694   0.001999
1261.056376  -0.000399
1261.057057  -0.000050
1261.057738   0.000970
1261.058419  -0.001600
1261.059100  -0.000871
1261.059781  -0.002133
1261.060462  -0.000211
1261.061143  -0.001851
1261.061825   0.000408
1261.062506  -0.000045
1261.063187  -0.002573
1261.063868  -0.001482
1261.064549  -0.000794
1261.065230   0.000356
1261.065912  -0.002437
1261.066593  -0.001106
1261.067274  -0.002744
1261.067955  -0.000112
1261.068636   0.001258
1261.069317   0.000551
1261.069998   0.002616
1261.070679  -0.000649
1261.071361  -0.001016
1261.072042  -0.000393
1261.072723  -0.002285
1261.073404  -0.001549
1261.074085  -0.001172
1261.074766  -0.000647
1261.075447  -0.002385
1261.076129   0.002705
1261.076810  -0.001212
1261.077491  -0.000858
1261.078172   0.001924
1261.078853   0.001070
1261.079534  -0.000947
1261.080215  -0.000555
1261.080897  -0.001772
1261.081578  -0.002611
1261.082259   0.000118
1261.082940  -0.001824
1261.083621   0.001172
1261.084302  -0.000595
1261.084983  -0.000124
1261.085665  -0.000810
1261.086346  -0.000626
1261.087027  -0.000438
1261.087708  -0.001595
1261.088389  -0.002211
1261.089070   0.000188
1261.089751   0.000260
1261.090433   0.001914
1261.091114  -0.001759
1261.091795  -0.001184
1261.092476   0.000219
1261.093157  -0.001222
1261.093838  -0.000516
1261.094519  -0.001607
1261.095200   0.000157
1261.095882   0.000564
1261.096563   0.000124
1261.097244  -0.001930
1261.097925   0.000603
1261.098606   0.000090
1261.099287  -0.001684
1261.099969  -0.002030
1261.100650   0.000328
1261.101331  -0.001803
1261.102012  -0.000682
1261.102693   0.000504
1261.103374   0.000162
1261.104055  -0.003029
1261.104736   0.000204
1261.105418   0.002263
1261.106099  -0.000237
1261.106780  -0.001314
1261.107461  -0.002211
1261.108142   0.001188
1261.108823   0.000163
1261.109504  -0.001400
1261.110186  -0.000327
1261.110867  -0.000888
1261.111548  -0.002539
1261.112229  -0.001729
1261.112910  -0.000946
1261.113591  -0.001616
1261.114272   0.000194
1261.114954  -0.001688
1261.115635  -0.002921
1261.116316   0.000095
1261.116997  -0.000964
1261.117678  -0.000696
1261.118359  -0.001005
1261.119040  -0.002191
1261.119722  -0.000730
1261.120403   0.001024
1261.121084   0.001426
1261.121765  -0.001428
1261.122446  -0.000865
1261.123127   0.000744
1261.123808   0.000015
1261.124489  -0.001659
1261.125171  -0.001821
1261.125852  -0.001251
1261.126533  -0.001083
1261.127214   0.000596
1261.127895  -0.003073
1261.128576   0.000079
1261.129258  -0.001212
1261.129939  -0.001411
1261.130620  -0.000301
1261.131301  -0.001027
1261.131982  -0.000925
1261.132663  -0.000567
1261.133344  -0.000052
1261.134026   0.000237
1261.134707  -0.002752
1261.135388  -0.000555
1261.136069  -0.000027
1261.136750  -0.000646
1261.137431  -0.000182
1261.138112   0.001184
1261.138793   0.000466
1261.139475   0.000922
1261.140156  -0.002064
1261.140837  -0.000699
1261.141518  -0.000341
1261.142199  -0.000689
1261.142880  -0.000524
1261.143562  -0.000087
1261.144243  -0.000639
1261.144924  -0.002750
1261.145605   0.001292
1261.146286   0.001041
1261.146967  -0.000910
1261.147648  -0.000190
1261.148329  -0.000846
1261.149011   0.001171
1261.149692  -0.000431
1261.150373  -0.000477
1261.151054   0.001501
1261.151735  -0.000196
1261.152416  -0.000339
1261.153097   0.000536
1261.153779   0.000423
1261.154460  -0.001690
1261.155141  -0.000800
1261.155822  -0.001066
1261.156503  -0.000049
1261.157184  -0.000516
1261.157865   0.000528
1261.158546   0.000463
1261.159228   0.000125
1261.159909  -0.000375
1261.160590  -0.001893
1261.161271   0.001067
1261.161952  -0.001358
1261.162634  -0.001206
1261.163315  -0.002745
1261.163996  -0.002033
1261.164677  -0.001468
1261.165358  -0.002620
1261.166039  -0.003240
1261.166720  -0.000786
1261.167401  -0.000638
1261.168083  -0.000607
1261.168764  -0.001810
1261.169445  -0.002298
1261.170126  -0.001454
1261.170807   0.000112
1261.171488  -0.002473
1261.172169   0.001713
1261.172851  -0.000247
1261.173532  -0.001337
1261.174213   0.000039
1261.174894  -0.001355
1261.175575  -0.001468
1261.176256   0.000847
1261.176937  -0.000890
1261.177619  -0.001210
1261.178300   0.000345
1261.178981  -0.001370
1261.179662  -0.002907
1261.180343  -0.001095
1261.181024   0.000303
1261.181705  -0.001468
1261.182387  -0.001441
1261.183068  -0.001302
1261.183749  -0.001866
1261.184430  -0.000492
1261.185111   0.000300
1261.185792   0.000316
1261.186473  -0.000834
1261.187154   0.000433
1261.187836  -0.000943
1261.188517  -0.000047
1261.189198  -0.001308
1261.189879  -0.000631
1261.190560  -0.001235
1261.191241  -0.000128
1261.191922  -0.001651
1261.192604  -0.000305
1261.193285  -0.001662
1261.193966  -0.002155
1261.194647  -0.001858
1261.195328   0.000574
1261.196009   0.000302
1261.196690  -0.000122
1261.197372   0.000116
1261.198053  -0.000438
1261.198734   0.000904
1261.199415  -0.000044
1261.200096  -0.000952
1261.200777  -0.001747
1261.201458   0.002246
1261.202140   0.000502
1261.202821   0.001309
1261.203502  -0.001642
1261.204183  -0.001000
1261.204864   0.000092
1261.205545  -0.000344
1261.206226  -0.000998
1261.206908  -0.000658
1261.207589  -0.000435
1261.208270  -0.001570
1261.208951   0.000294
1261.209632   0.000108
1261.210313  -0.001845
1261.210994   0.000556
1261.211676   0.000219
1261.212357  -0.000751
1261.213038  -0.003750
1261.213719  -0.001214
1261.214400  -0.001564
1261.215081  -0.000515
1261.215762  -0.001152
1261.216444  -0.001184
1261.217125  -0.000448
1261.217806   0.000117
1261.218487  -0.000388
1261.219168  -0.001335
1261.219849  -0.002733
1261.220530   0.000931
1261.221211   0.000822
1261.221893  -0.000265
1261.222574  -0.000863
1261.223255   0.000503
1261.223936  -0.001835
1261.224617   0.000374
1261.225298  -0.002090
1261.225980  -0.000709
1261.226661  -0.000969
1261.227342   0.001271
1261.228023   0.001185
1261.228704   0.000383
1261.229385  -0.001719
1261.230066  -0.002183
1261.230747  -0.000802
1261.231429  -0.000857
1261.232110  -0.002480
1261.232791   0.000099
1261.233472  -0.001279
1261.234153  -0.000702
1261.234834   0.000024
1261.235515  -0.001112
1261.236197  -0.000211
1261.236878  -0.001711
1261.237559   0.000696
1261.238240   0.000040
1261.238921   0.000137
1261.239602  -0.001656
1261.240283  -0.000962
1261.240965  -0.000694
1261.241646   0.000655
1261.242327  -0.001284
1261.243008   0.001244
1261.243689  -0.000711
1261.244370  -0.000474
1261.245052  -0.001665
1261.245733  -0.001225
1261.246414  -0.001035
1261.247095  -0.000884
1261.247776  -0.000757
1261.248457   0.000445
1261.249138  -0.000434
1261.249819  -0.000279
1261.250501  -0.001317
1261.251182  -0.000377
1261.251863  -0.000398
1261.252544   0.000070
1261.253225  -0.001186
1261.253906  -0.001090
1261.254587  -0.002073
1261.255269  -0.000041
1261.255950  -0.001042
1261.256631  -0.002613
1261.257312  -0.001955
1261.257993  -0.001330
1261.258674  -0.001391
1261.259355  -0.001050
1261.260037  -0.002186
1261.260718  -0.002183
1261.261399  -0.000834
1261.262080  -0.000480
1261.262761  -0.000363
1261.263442  -0.001798
1261.264123  -0.001954
1261.264804  -0.002634
1261.265486  -0.000359
1261.266167  -0.001299
1261.266848  -0.001722
1261.267529   0.000207
1261.268210   0.000579
1261.268891  -0.000702
1261.269572  -0.001911
1261.270254  -0.000643
1261.270935  -0.002345
1261.271616  -0.001652
1261.272297  -0.001973
1261.272978  -0.001174
1261.273659  -0.001537
1261.274340  -0.002101
1261.275022  -0.000221
1261.275703  -0.001044
1261.276384  -0.000226
1261.277065   0.001095
1261.277746   0.000014
1261.278427  -0.001983
1261.279109   0.000809
1261.279790  -0.001068
1261.280471   0.001379
1261.281152   0.000776
1261.281833   0.001200
1261.282514   0.000379
1261.283195  -0.001194
1261.283876   0.000719
1261.284558  -0.000387
1261.285239  -0.001544
1261.285920  -0.000328
1261.286601   0.000490
1261.287282   0.000997
1261.287963  -0.000743
1261.288644  -0.001468
1261.289326  -0.000554
1261.290007  -0.000805
1261.290688  -0.000837
1261.291369  -0.001006
1261.292050  -0.001558
1261.292731  -0.000984
1261.293412  -0.001087
1261.294094  -0.000852
1261.294775  -0.003397
1261.295456   0.000404
1261.296137  -0.001361
1261.296818   0.002698
1261.297499  -0.000527
1261.298180  -0.001535
1261.298862  -0.000133
1261.299543   0.003138
1261.300224  -0.000159
1261.300905  -0.000776
1261.301586  -0.000311
1261.302267  -0.000973
1261.302948   0.001473
1261.303629  -0.000971
1261.304311  -0.001794
1261.304992  -0.000997
1261.305673  -0.000177
1261.306354  -0.000853
1261.307035   0.001029
1261.307716  -0.001218
1261.308397  -0.001077
1261.309079   0.001655
1261.309760  -0.000431
1261.310441  -0.001922
1261.311122   0.000048
1261.311803   0.000380
1261.312484  -0.002306
1261.313165  -0.000547
1261.313847  -0.000068
1261.314528  -0.000500
1261.315209  -0.000364
1261.315890  -0.000611
1261.316571  -0.001049
1261.317252   0.000026
1261.317934  -0.001874
1261.318615  -0.001985
1261.319296  -0.001783
1261.319977   0.001423
1261.320658  -0.004252
1261.321339   0.001334
1261.322020  -0.000632
1261.322701  -0.000038
1261.323383  -0.001037
1261.324064  -0.002084
1261.324745  -0.002162
1261.325426  -0.000984
1261.326107  -0.003362
1261.326788  -0.001445
1261.327469   0.000113
1261.328151  -0.001145
1261.328832  -0.002413
1261.329513  -0.000943
1261.330194   0.000421
1261.330875  -0.000347
1261.331556  -0.000437
1261.332237  -0.001768
1261.332919  -0.002074
1261.333600  -0.001469
1261.334281  -0.000836
1261.334962   0.000670
1261.335643  -0.000082
1261.336324  -0.001569
1261.337005   0.000609
1261.337686  -0.001128
1261.338368  -0.002529
1261.339049  -0.000505
1261.339730   0.000435
1261.340411   0.000431
1261.341092  -0.002297
1261.341773   0.000299
1261.342455   0.000715
1261.343136  -0.000652
1261.343817  -0.000218
1261.344498  -0.000702
1261.345179   0.000393
1261.345860  -0.001013
1261.346541   0.001694
1261.347222   0.000065
1261.347904  -0.002451
1261.348585  -0.000544
1261.349266  -0.001617
1261.349947  -0.001556
1261.350628  -0.001693
1261.351309  -0.003305
1261.351990  -0.000650
1261.352672  -0.000462
1261.353353  -0.000837
1261.354034   0.000442
1261.354715   0.000527
1261.355396   0.000175
1261.356077   0.000227
1261.356758   0.000392
1261.357440  -0.000874
1261.358121  -0.000335
1261.358802  -0.001440
1261.359483  -0.000122
1261.360164  -0.000401
1261.360845   0.000708
1261.361527  -0.000304
1261.362208   0.001262
1261.362889  -0.000055
1261.363570  -0.000000
1261.364251  -0.001024
1261.364932  -0.000450
1261.365613   0.001461
1261.366294   0.000042
1261.366976  -0.002123
1261.367657  -0.000277
1261.368338   0.000653
1261.369019  -0.002372
1261.369700  -0.001701
1261.370381  -0.000896
1261.371062  -0.000013
1261.371744  -0.001824
1261.372425  -0.000147
1261.373106  -0.001478
1261.373787  -0.000052
1261.374468  -0.002506
1261.375149  -0.003033
1261.375830  -0.000060
1261.376512   0.000531
1261.377193   0.000500
1261.377874  -0.001555
1261.378555  -0.001654
1261.379236  -0.002060
1261.379917  -0.001118
1261.380598  -0.001739
1261.381280  -0.002163
1261.381961  -0.001182
1261.382642  -0.000331
1261.383323   0.001707
1261.384004  -0.002013
1261.384685  -0.002104
1261.385366  -0.000885
1261.386047  -0.000720
1261.386729  -0.001152
1261.387410  -0.001203
1261.388091  -0.000901
1261.388772  -0.001351
1261.389453  -0.002959
1261.390134  -0.001538
1261.390815  -0.000950
1261.391497   0.000268
1261.392178   0.000071
1261.392859  -0.001967
1261.393540  -0.000393
1261.394221  -0.002557
1261.394902  -0.001165
1261.395584  -0.000965
1261.396265   0.001964
1261.396946  -0.000349
1261.397627  -0.000714
1261.398308   0.000672
1261.398989   0.001247
1261.399670  -0.000740
1261.400351   0.000809
1261.401033  -0.001721
1261.401714   0.001184
1261.402395  -0.000161
1261.403076  -0.002029
1261.403757   0.000459
1261.404438  -0.001076
1261.405119   0.000426
1261.405801   0.000239
1261.406482  -0.000713
1261.407163  -0.001152
1261.407844  -0.001820
1261.408525  -0.000862
1261.409206  -0.003114
1261.409887  -0.002464
1261.410569   0.000168
1261.411250   0.000982
1261.411931  -0.000976
1261.412612   0.001034
1261.413293  -0.001474
1261.413974  -0.001091
1261.414655  -0.001462
1261.415337  -0.001355
1261.416018  -0.000841
1261.416699   0.000495
1261.417380   0.000172
1261.418061  -0.000744
1261.418742   0.000292
1261.419423  -0.000893
1261.420104  -0.001764
1261.420786  -0.000094
1261.421467   0.000626
1261.422148   0.000097
1261.422829  -0.004375
1261.423510  -0.000381
1261.424191   0.000765
1261.424873  -0.000868
1261.425554  -0.000293
1261.426235  -0.000083
1261.426916  -0.000641
1261.427597   0.001495
1261.428278  -0.000884
1261.428959  -0.000993
1261.429640  -0.000820
1261.430322  -0.002108
1261.431003  -0.000664
1261.431684   0.001460
1261.432365  -0.000658
1261.433046  -0.000061
1261.433727  -0.002623
1261.434409  -0.000302
1261.435090   0.000012
1261.435771  -0.001152
1261.436452  -0.002691
1261.437133  -0.000217
1261.437814   0.000225
1261.438495  -0.001350
1261.439177  -0.001304
1261.439858  -0.003443
1261.440539  -0.001841
1261.441220  -0.003905
1261.441901  -0.000692
1261.442582  -0.000647
1261.443263  -0.001012
1261.443945  -0.003150
1261.444626  -0.000691
1261.445307  -0.001849
1261.445988   0.001055
1261.446669  -0.001499
1261.447350  -0.001074
1261.448031  -0.001603
1261.448712  -0.001794
1261.449394   0.000205
1261.450075   0.001675
1261.450756  -0.000310
1261.451437  -0.002156
1261.452118   0.000341
1261.452799  -0.000575
1261.453480  -0.001690
1261.454162   0.000816
1261.454843   0.000535
1261.455524  -0.001196
1261.456205   0.000118
1261.456886   0.000566
1261.457567  -0.001605
1261.458248   0.001099
1261.458930   0.000891
1261.459611   0.000420
1261.460292   0.000164
1261.460973  -0.001805
1261.461654  -0.002507
1261.462335  -0.000787
1261.463016  -0.000525
1261.463698   0.001484
1261.464379  -0.001006
1261.465060  -0.002297
1261.465741  -0.002407
1261.466422  -0.000409
1261.467103  -0.000596
1261.467784   0.000360
1261.468465  -0.000316
1261.469147  -0.001492
1261.469828   0.000778
1261.470509   0.000851
1261.471190  -0.000934
1261.471871   0.001429
1261.472552  -0.000747
1261.473234  -0.001608
1261.473915   0.000425
1261.474596  -0.000975
1261.475277   0.000274
1261.475958  -0.000182
1261.476639  -0.000911
1261.477320   0.000364
1261.478002  -0.000598
1261.478683  -0.001135
1261.479364  -0.000751
1261.480045  -0.000304
1261.480726  -0.000566
1261.481407  -0.001198
1261.482088  -0.000450
1261.482769   0.000161
1261.483451  -0.000183
1261.484132   0.001986
1261.484813  -0.001840
1261.485494  -0.000728
1261.486175   0.000160
1261.486856  -0.001256
1261.487538  -0.003105
1261.488219  -0.000710
1261.488900  -0.000596
1261.489581  -0.000695
1261.490262  -0.000233
1261.490943   0.000682
1261.491624  -0.001351
1261.492305  -0.000669
1261.492987  -0.001283
1261.493668  -0.000758
1261.494349  -0.001555
1261.495030  -0.000742
1261.495711  -0.000576
1261.496392   0.000112
1261.497073  -0.000561
1261.497755  -0.000622
1261.498436  -0.000313
1261.499117  -0.000708
1261.499798  -0.000403
1261.500479  -0.000183
1261.501160   0.000259
1261.501841   0.000182
1261.502522   0.000959
1261.503204  -0.001183
1261.503885  -0.002518
1261.504566  -0.000519
1261.505247   0.000245
1261.505928   0.000124
1261.506609   0.000520
1261.507291  -0.001128
1261.507972  -0.000089
1261.508653   0.000198
1261.509334   0.000031
1261.510015   0.001302
1261.510696  -0.000703
1261.511377   0.000828
1261.512059  -0.000453
1261.512740  -0.000959
1261.513421  -0.002613
1261.514102  -0.001901
1261.514783  -0.001014
1261.515464  -0.002768
1261.516145  -0.000203
1261.516827  -0.001680
1261.517508   0.001436
1261.518189  -0.001267
1261.518870  -0.001624
1261.519551  -0.000321
1261.520232  -0.001448
1261.520913  -0.001563
1261.521595  -0.000013
1261.522276   0.001300
1261.522957  -0.000799
1261.523638   0.000945
1261.524319  -0.001364
1261.525000  -0.000371
1261.525681  -0.000579
1261.526363  -0.002458
1261.527044   0.000070
1261.527725  -0.002613
1261.528406  -0.001685
1261.529087  -0.000874
1261.529768  -0.000679
1261.530449   0.000167
1261.531130  -0.002058
1261.531812  -0.002157
1261.532493   0.000204
1261.533174  -0.003582
1261.533855  -0.001541
1261.534536  -0.001074
1261.535217  -0.003045
1261.535898  -0.001905
1261.536580  -0.002154
1261.537261   0.001545
1261.537942  -0.001117
1261.538623  -0.000409
1261.539304  -0.001873
1261.539985  -0.000946
1261.540666  -0.000894
1261.541348   0.000865
1261.542029   0.000343
1261.542710  -0.000364
1261.543391  -0.000774
1261.544072  -0.001689
1261.544753   0.000867
1261.545434  -0.002111
1261.546116  -0.000173
1261.546797   0.000205
1261.547478  -0.001931
1261.548159   0.000419
1261.548840   0.000111
1261.549521   0.000566
1261.550202  -0.001586
1261.550884  -0.001565
1261.551565  -0.000172
1261.552246   0.000853
1261.552927  -0.002453
1261.553608  -0.001139
1261.554289   0.000172
1261.554970   0.000386
1261.555652  -0.000723
1261.556333   0.000455
1261.557014  -0.000938
1261.557695  -0.001248
1261.558376  -0.000815
1261.559057  -0.001331
1261.559738  -0.000714
1261.560420  -0.001872
1261.561101   0.000766
1261.561782  -0.000369
1261.562463  -0.000632
1261.563144   0.001052
1261.563825  -0.000503
1261.564506   0.000787
1261.565187   0.000622
1261.565869   0.000727
1261.566550  -0.001256
1261.567231  -0.002889
1261.567912  -0.001247
1261.568593   0.000859
1261.569274  -0.002932
1261.569955  -0.001342
1261.570637  -0.001147
1261.571318   0.000755
1261.571999  -0.000980
1261.572680   0.000135
1261.573361   0.000887
1261.574042  -0.001553
1261.574723   0.000004
1261.575405  -0.001647
1261.576086  -0.000142
1261.576767  -0.001079
1261.577448  -0.000219
1261.578129   0.000221
1261.578810  -0.000656
1261.579491  -0.000939
1261.580173  -0.000471
1261.580854  -0.001632
1261.581535  -0.001604
1261.582216   0.000562
1261.582897  -0.003779
1261.583578   0.000675
1261.584259   0.001215
1261.584941  -0.001254
1261.585622  -0.001175
1261.586303  -0.000219
1261.586984   0.000378
1261.587665  -0.002514
1261.588346   0.000325
1261.589027  -0.000359
1261.589709  -0.003878
1261.590390  -0.001463
1261.591071   0.000509
1261.591752  -0.001353
1261.592433  -0.000930
1261.593114  -0.000161
1261.593795  -0.000948
1261.594477  -0.000044
1261.595158  -0.001974
1261.595839  -0.000023
1261.596520  -0.002789
1261.597201  -0.001852
1261.597882  -0.001453
1261.598563  -0.000663
1261.599245  -0.000910
1261.599926  -0.001258
1261.600607   0.000169
1261.601288  -0.002410
1261.601969  -0.001901
1261.602650  -0.000334
1261.603331   0.001034
1261.604013  -0.001800
1261.604694  -0.000036
1261.605375  -0.001646
1261.606056  -0.000025
1261.606737  -0.000291
1261.607418  -0.001995
1261.608099   0.000264
1261.608781   0.002279
1261.609462   0.000476
1261.610143  -0.000014
1261.610824  -0.000541
1261.611505   0.000151
1261.612186  -0.001646
1261.612867  -0.001970
1261.613548  -0.000013
1261.614230   0.000348
1261.614911  -0.001873
1261.615592  -0.000294
1261.616273  -0.000867
1261.616954  -0.000172
