2455906.131306  11.178296 1.000000 
2455906.151739  11.178244 1.000000 
2455906.172172  11.178118 1.000000 
2455906.192604  11.178060 1.000000 
2455906.213037  11.177989 1.000000 
2455906.233469  11.177971 1.000000 
2455906.253902  11.177992 1.000000 
2455906.274335  11.177913 1.000000 
2455906.294767  11.177851 1.000000 
2455906.315200  11.178102 1.000000 
2455906.335632  11.178017 1.000000 
2455906.356065  11.178041 1.000000 
2455906.376498  11.178076 1.000000 
2455906.396930  11.178134 1.000000 
2455906.417363  11.178115 1.000000 
2455906.437795  11.177933 1.000000 
2455906.458228  11.177966 1.000000 
2455906.478661  11.178048 1.000000 
2455906.499093  11.177895 1.000000 
2455906.519526  11.177940 1.000000 
2455906.539958  11.177827 1.000000 
2455906.560391  11.177647 1.000000 
2455906.580824  11.177608 1.000000 
2455906.601256  11.177731 1.000000 
2455906.621689  11.177683 1.000000 
2455906.642122  11.177659 1.000000 
2455906.662554  11.177716 1.000000 
2455906.682987  11.177647 1.000000 
2455906.703419  11.177609 1.000000 
2455906.723852  11.177618 1.000000 
2455906.744285  11.177723 1.000000 
2455906.764717  11.177806 1.000000 
2455906.785150  11.177640 1.000000 
2455906.805582  11.177701 1.000000 
2455906.826015  11.177645 1.000000 
2455906.846448  11.177847 1.000000 
2455906.866880  11.177586 1.000000 
2455906.887313  11.177745 1.000000 
2455906.907746  11.177594 1.000000 
2455906.928178  11.177741 1.000000 
2455906.948611  11.177669 1.000000 
2455906.969043  11.177836 1.000000 
2455906.989476  11.177818 1.000000 
2455907.009909  11.177731 1.000000 
2455907.030341  11.177804 1.000000 
2455907.050774  11.177764 1.000000 
2455907.071206  11.177826 1.000000 
2455907.091639  11.177693 1.000000 
2455907.112072  11.177703 1.000000 
2455907.132504  11.177746 1.000000 
2455907.152937  11.177618 1.000000 
2455907.173369  11.177731 1.000000 
2455907.193802  11.177844 1.000000 
2455907.214235  11.177823 1.000000 
2455907.234667  11.177872 1.000000 
2455907.255100  11.177777 1.000000 
2455907.275532  11.177768 1.000000 
2455907.295965  11.177680 1.000000 
2455907.316398  11.177799 1.000000 
2455907.336830  11.177765 1.000000 
2455907.357263  11.177951 1.000000 
2455907.377695  11.177876 1.000000 
2455907.398128  11.178009 1.000000 
2455907.418561  11.178018 1.000000 
2455907.438993  11.178142 1.000000 
2455907.459426  11.178149 1.000000 
2455907.479859  11.178176 1.000000 
2455907.500291  11.178108 1.000000 
2455907.520724  11.177882 1.000000 
2455907.541157  11.177943 1.000000 
2455907.561589  11.177837 1.000000 
2455907.582022  11.177811 1.000000 
2455907.602454  11.177650 1.000000 
2455907.622887  11.177698 1.000000 
2455907.643320  11.177688 1.000000 
2455907.663752  11.177679 1.000000 
2455907.684185  11.177673 1.000000 
2455907.704617  11.177704 1.000000 
2455907.725050  11.177636 1.000000 
2455907.745483  11.177601 1.000000 
2455907.765915  11.177668 1.000000 
2455907.786348  11.177500 1.000000 
2455907.806780  11.177571 1.000000 
2455907.827213  11.177636 1.000000 
2455907.847646  11.177596 1.000000 
2455907.868078  11.177521 1.000000 
2455907.888511  11.177463 1.000000 
2455907.908943  11.177568 1.000000 
2455907.929376  11.181671 1.000000 
2455907.949809  11.185467 1.000000 
2455907.970241  11.186332 1.000000 
2455907.990674  11.186791 1.000000 
2455908.011106  11.187115 1.000000 
2455908.031539  11.187317 1.000000 
2455908.051972  11.187469 1.000000 
2455908.072405  11.187597 1.000000 
2455908.092837  11.187620 1.000000 
2455908.113270  11.187478 1.000000 
2455908.133702  11.187193 1.000000 
2455908.154135  11.186967 1.000000 
2455908.174568  11.186541 1.000000 
2455908.195000  11.184761 1.000000 
2455908.215433  11.179410 1.000000 
2455908.235865  11.177844 1.000000 
2455908.256298  11.177849 1.000000 
2455908.276731  11.177981 1.000000 
2455908.297163  11.177778 1.000000 
2455908.317596  11.177661 1.000000 
2455908.338028  11.177682 1.000000 
2455908.358461  11.177606 1.000000 
2455908.378894  11.177447 1.000000 
2455908.399326  11.177369 1.000000 
2455908.419759  11.177408 1.000000 
2455908.440192  11.177440 1.000000 
2455908.460624  11.177519 1.000000 
2455908.481057  11.177695 1.000000 
2455908.501489  11.177761 1.000000 
2455908.521922  11.177749 1.000000 
2455908.542355  11.177789 1.000000 
2455908.562787  11.177783 1.000000 
2455908.583220  11.177755 1.000000 
2455908.603653  11.177731 1.000000 
2455908.624085  11.177785 1.000000 
2455908.644518  11.177793 1.000000 
2455908.664950  11.177902 1.000000 
2455908.685383  11.177931 1.000000 
2455908.726248  11.177912 1.000000 
2455908.746681  11.177723 1.000000 
2455908.767113  11.177767 1.000000 
2455908.787546  11.177571 1.000000 
2455908.807979  11.177456 1.000000 
2455908.828411  11.177425 1.000000 
2455908.848844  11.177293 1.000000 
2455908.869277  11.177150 1.000000 
2455908.889709  11.177002 1.000000 
2455908.910142  11.177138 1.000000 
2455908.930575  11.177301 1.000000 
2455908.951007  11.177245 1.000000 
2455908.971440  11.177291 1.000000 
2455908.991872  11.177462 1.000000 
2455909.012305  11.177552 1.000000 
2455909.032738  11.177836 1.000000 
2455909.053170  11.177733 1.000000 
2455909.073603  11.177785 1.000000 
2455909.094036  11.177822 1.000000 
2455909.114468  11.177904 1.000000 
2455909.134901  11.177792 1.000000 
2455909.155333  11.177806 1.000000 
2455909.175766  11.177842 1.000000 
2455909.196199  11.177846 1.000000 
2455909.216631  11.177815 1.000000 
2455909.237064  11.177825 1.000000 
2455909.257496  11.177779 1.000000 
2455909.277929  11.177822 1.000000 
2455909.298362  11.177840 1.000000 
2455909.318794  11.177955 1.000000 
2455909.339227  11.177765 1.000000 
2455909.359659  11.177806 1.000000 
2455909.380092  11.177884 1.000000 
2455909.400525  11.178029 1.000000 
2455909.420958  11.178057 1.000000 
2455909.441390  11.177923 1.000000 
2455909.461823  11.177991 1.000000 
2455909.482255  11.177917 1.000000 
2455909.502688  11.177832 1.000000 
2455909.523121  11.177698 1.000000 
2455909.543553  11.177549 1.000000 
2455909.563986  11.177774 1.000000 
2455909.584418  11.177573 1.000000 
2455909.604851  11.177521 1.000000 
2455909.625284  11.177503 1.000000 
2455909.645716  11.177454 1.000000 
2455909.666149  11.177451 1.000000 
2455909.686582  11.177477 1.000000 
2455909.707014  11.177469 1.000000 
2455909.727447  11.177446 1.000000 
2455909.747879  11.177464 1.000000 
2455909.768312  11.177463 1.000000 
2455909.788745  11.177368 1.000000 
2455909.809177  11.177312 1.000000 
2455909.829610  11.177352 1.000000 
2455909.850043  11.177394 1.000000 
2455909.870475  11.177389 1.000000 
2455909.890908  11.177402 1.000000 
2455909.911340  11.177428 1.000000 
2455909.931773  11.177409 1.000000 
2455909.952206  11.177368 1.000000 
2455909.972638  11.177473 1.000000 
2455909.993071  11.177512 1.000000 
