2455352.627883  11.173376 1.000000 
2455352.648318  11.173479 1.000000 
2455352.668752  11.173697 1.000000 
2455352.689187  11.173593 1.000000 
2455352.709621  11.173691 1.000000 
2455352.730056  11.173888 1.000000 
2455352.750490  11.173924 1.000000 
2455352.770925  11.174063 1.000000 
2455352.791359  11.174166 1.000000 
2455352.811794  11.174268 1.000000 
2455352.832228  11.174191 1.000000 
2455352.852663  11.174206 1.000000 
2455352.873097  11.174253 1.000000 
2455352.893532  11.174315 1.000000 
2455352.913966  11.174271 1.000000 
2455352.934401  11.174244 1.000000 
2455352.954835  11.174227 1.000000 
2455352.975270  11.174184 1.000000 
2455352.995704  11.174140 1.000000 
2455353.016139  11.173994 1.000000 
2455353.036573  11.174083 1.000000 
2455353.057008  11.174153 1.000000 
2455353.077442  11.174143 1.000000 
2455353.097877  11.174232 1.000000 
2455353.118311  11.174394 1.000000 
2455353.138746  11.174410 1.000000 
2455353.159180  11.174474 1.000000 
2455353.179615  11.174623 1.000000 
2455353.200049  11.174649 1.000000 
2455353.220484  11.174784 1.000000 
2455353.240918  11.174683 1.000000 
2455353.261353  11.174530 1.000000 
2455353.281787  11.174384 1.000000 
2455353.302222  11.174416 1.000000 
2455353.322656  11.174301 1.000000 
2455353.343091  11.174131 1.000000 
2455353.363525  11.174050 1.000000 
2455353.383960  11.174001 1.000000 
2455353.404394  11.174021 1.000000 
2455353.424829  11.174039 1.000000 
2455353.445263  11.173949 1.000000 
2455353.465698  11.173925 1.000000 
2455353.486132  11.174010 1.000000 
2455353.506567  11.174038 1.000000 
2455353.527001  11.174003 1.000000 
2455353.547436  11.174015 1.000000 
2455353.567870  11.173879 1.000000 
2455353.588305  11.173935 1.000000 
2455353.608739  11.173994 1.000000 
2455353.629174  11.174080 1.000000 
2455353.649608  11.173888 1.000000 
2455353.670043  11.173830 1.000000 
2455353.690477  11.174010 1.000000 
2455353.710912  11.173920 1.000000 
2455353.731346  11.173946 1.000000 
2455353.751781  11.174069 1.000000 
2455353.772215  11.174032 1.000000 
2455353.792650  11.173994 1.000000 
2455353.813084  11.173936 1.000000 
2455353.833519  11.173935 1.000000 
2455353.853953  11.173882 1.000000 
2455353.874388  11.173963 1.000000 
2455353.894822  11.173841 1.000000 
2455353.915257  11.173851 1.000000 
2455353.935691  11.173944 1.000000 
2455353.956126  11.173948 1.000000 
2455353.976560  11.173997 1.000000 
2455353.996995  11.174109 1.000000 
2455354.017429  11.174216 1.000000 
2455354.037864  11.174260 1.000000 
2455354.058298  11.174343 1.000000 
2455354.078733  11.174404 1.000000 
2455354.099167  11.174347 1.000000 
2455354.119602  11.174407 1.000000 
2455354.140036  11.174257 1.000000 
2455354.160471  11.174375 1.000000 
2455354.180905  11.174076 1.000000 
2455354.201340  11.174079 1.000000 
2455354.221774  11.173870 1.000000 
2455354.242209  11.173945 1.000000 
2455354.262643  11.173817 1.000000 
2455354.283078  11.173996 1.000000 
2455354.303512  11.174073 1.000000 
2455354.323947  11.174042 1.000000 
2455354.344381  11.174172 1.000000 
2455354.364816  11.174308 1.000000 
2455354.385250  11.174406 1.000000 
2455354.405685  11.175608 1.000000 
2455354.426119  11.181283 1.000000 
2455354.446554  11.183376 1.000000 
2455354.466988  11.184049 1.000000 
2455354.487423  11.184331 1.000000 
2455354.507857  11.184689 1.000000 
2455354.528292  11.184797 1.000000 
2455354.548726  11.184580 1.000000 
2455354.569161  11.184675 1.000000 
2455354.589595  11.184381 1.000000 
2455354.610030  11.184216 1.000000 
2455354.630464  11.183947 1.000000 
2455354.650898  11.183523 1.000000 
2455354.671333  11.182714 1.000000 
2455354.691768  11.179285 1.000000 
2455354.712202  11.174755 1.000000 
2455354.732637  11.174610 1.000000 
2455354.773506  11.174607 1.000000 
2455354.793940  11.174671 1.000000 
2455354.814374  11.174667 1.000000 
2455354.834809  11.174650 1.000000 
2455354.855243  11.174592 1.000000 
2455354.875678  11.174557 1.000000 
2455354.896112  11.174562 1.000000 
2455354.916547  11.174278 1.000000 
2455354.936981  11.174302 1.000000 
2455354.957416  11.174231 1.000000 
2455354.977850  11.174069 1.000000 
2455354.998285  11.174031 1.000000 
2455355.018719  11.174159 1.000000 
2455355.039154  11.173950 1.000000 
2455355.059588  11.173930 1.000000 
2455355.080023  11.173923 1.000000 
2455355.100457  11.173955 1.000000 
2455355.120892  11.174050 1.000000 
2455355.141326  11.174042 1.000000 
2455355.161761  11.173974 1.000000 
2455355.182195  11.174080 1.000000 
2455355.202630  11.174034 1.000000 
2455355.223064  11.173944 1.000000 
2455355.243499  11.174251 1.000000 
2455355.263933  11.174341 1.000000 
2455355.284368  11.174337 1.000000 
2455355.304802  11.174372 1.000000 
2455355.325237  11.174422 1.000000 
2455355.345671  11.174359 1.000000 
2455355.366106  11.174252 1.000000 
2455355.386540  11.174252 1.000000 
2455355.406975  11.174307 1.000000 
2455355.427409  11.174315 1.000000 
2455355.447844  11.174330 1.000000 
2455355.468278  11.174230 1.000000 
2455355.488713  11.174239 1.000000 
2455355.509147  11.174225 1.000000 
2455355.529582  11.174385 1.000000 
2455355.550016  11.174394 1.000000 
2455355.570451  11.174629 1.000000 
2455355.590885  11.174635 1.000000 
2455355.611320  11.174582 1.000000 
2455355.631754  11.174712 1.000000 
2455355.652189  11.174608 1.000000 
2455355.672623  11.174622 1.000000 
2455355.693057  11.174718 1.000000 
2455355.713492  11.174686 1.000000 
2455355.733926  11.174623 1.000000 
2455355.754361  11.174749 1.000000 
2455355.774796  11.174536 1.000000 
2455355.795230  11.174547 1.000000 
2455355.815664  11.174574 1.000000 
2455355.836099  11.174535 1.000000 
2455355.856533  11.174580 1.000000 
2455355.876968  11.174537 1.000000 
2455355.897402  11.174686 1.000000 
2455355.917837  11.174606 1.000000 
2455355.938271  11.174694 1.000000 
2455355.958706  11.174660 1.000000 
2455355.979140  11.174620 1.000000 
2455355.999575  11.174837 1.000000 
2455356.020009  11.174784 1.000000 
2455356.040444  11.174906 1.000000 
2455356.060878  11.174861 1.000000 
2455356.081313  11.174932 1.000000 
2455356.101747  11.174649 1.000000 
2455356.122182  11.174807 1.000000 
2455356.142616  11.174801 1.000000 
2455356.163051  11.174792 1.000000 
2455356.183485  11.174846 1.000000 
2455356.203920  11.175030 1.000000 
2455356.224354  11.174993 1.000000 
2455356.244789  11.175068 1.000000 
2455356.265223  11.175056 1.000000 
2455356.285657  11.174866 1.000000 
2455356.306092  11.174936 1.000000 
2455356.326526  11.174874 1.000000 
2455356.346961  11.174789 1.000000 
2455356.367395  11.174839 1.000000 
2455356.387830  11.174808 1.000000 
2455356.408265  11.174810 1.000000 
2455356.428699  11.174700 1.000000 
2455356.449133  11.174644 1.000000 
2455356.469568  11.174603 1.000000 
2455356.490002  11.174541 1.000000 
