2455641.514561  11.175233 1.000000 
2455641.534995  11.175011 1.000000 
2455641.555429  11.174990 1.000000 
2455641.575864  11.175045 1.000000 
2455641.596298  11.175221 1.000000 
2455641.616732  11.175321 1.000000 
2455641.637166  11.175206 1.000000 
2455641.657600  11.175259 1.000000 
2455641.678034  11.175148 1.000000 
2455641.698468  11.175046 1.000000 
2455641.718902  11.175045 1.000000 
2455641.739337  11.175101 1.000000 
2455641.759771  11.175107 1.000000 
2455641.780205  11.175003 1.000000 
2455641.800639  11.174996 1.000000 
2455641.821073  11.174936 1.000000 
2455641.841508  11.174976 1.000000 
2455641.861942  11.175098 1.000000 
2455641.882376  11.175003 1.000000 
2455641.902810  11.174894 1.000000 
2455641.923244  11.175009 1.000000 
2455641.943678  11.174744 1.000000 
2455641.964113  11.174638 1.000000 
2455641.984547  11.174486 1.000000 
2455642.004981  11.174410 1.000000 
2455642.025415  11.174389 1.000000 
2455642.045849  11.174489 1.000000 
2455642.066283  11.174560 1.000000 
2455642.086717  11.174611 1.000000 
2455642.107152  11.174659 1.000000 
2455642.127586  11.174687 1.000000 
2455642.148020  11.174749 1.000000 
2455642.168454  11.174657 1.000000 
