2455263.349794  11.168485 1.000000 
2455263.370228  11.168540 1.000000 
2455263.390662  11.168664 1.000000 
2455263.411096  11.168778 1.000000 
2455263.431530  11.168729 1.000000 
2455263.451964  11.168902 1.000000 
2455263.472398  11.169060 1.000000 
2455263.492832  11.169076 1.000000 
2455263.513266  11.168972 1.000000 
2455263.533700  11.168996 1.000000 
2455263.554134  11.168933 1.000000 
2455263.574568  11.168967 1.000000 
2455263.595002  11.168837 1.000000 
2455263.615436  11.168915 1.000000 
2455263.635871  11.169014 1.000000 
2455263.656305  11.168986 1.000000 
2455263.676739  11.169010 1.000000 
2455263.697173  11.168936 1.000000 
2455263.717607  11.169323 1.000000 
2455263.738041  11.169360 1.000000 
2455263.758475  11.169528 1.000000 
2455263.778909  11.169286 1.000000 
2455263.799343  11.169291 1.000000 
2455263.819777  11.169278 1.000000 
2455263.840211  11.169261 1.000000 
2455263.860645  11.169207 1.000000 
2455263.881079  11.169178 1.000000 
2455263.901513  11.169438 1.000000 
2455263.921948  11.169430 1.000000 
2455263.942381  11.169301 1.000000 
2455263.962816  11.169398 1.000000 
2455263.983250  11.169236 1.000000 
2455264.003684  11.169409 1.000000 
2455264.024118  11.169304 1.000000 
2455264.044552  11.169226 1.000000 
2455264.064986  11.169309 1.000000 
2455264.085420  11.169146 1.000000 
2455264.105854  11.169081 1.000000 
2455264.126288  11.168869 1.000000 
2455264.146722  11.168752 1.000000 
2455264.167156  11.168658 1.000000 
2455264.187590  11.168793 1.000000 
2455264.208024  11.168557 1.000000 
2455264.228458  11.168729 1.000000 
2455264.248892  11.168669 1.000000 
2455264.269327  11.168778 1.000000 
2455264.289761  11.168837 1.000000 
2455264.310195  11.168882 1.000000 
2455264.330629  11.169014 1.000000 
2455264.351063  11.168860 1.000000 
2455264.371497  11.168860 1.000000 
2455264.391931  11.168708 1.000000 
2455264.412365  11.168705 1.000000 
2455264.432799  11.168766 1.000000 
2455264.453233  11.168583 1.000000 
2455264.473667  11.168777 1.000000 
2455264.494101  11.168568 1.000000 
2455264.514535  11.168381 1.000000 
2455264.534969  11.168486 1.000000 
2455264.555403  11.168213 1.000000 
2455264.575838  11.168047 1.000000 
2455264.596272  11.168141 1.000000 
2455264.616706  11.168104 1.000000 
2455264.637140  11.168174 1.000000 
2455264.657574  11.168231 1.000000 
2455264.678008  11.168181 1.000000 
2455264.698442  11.168303 1.000000 
2455264.718876  11.168524 1.000000 
2455264.739310  11.168613 1.000000 
2455264.759744  11.168622 1.000000 
2455264.780178  11.168765 1.000000 
2455264.800612  11.168785 1.000000 
2455264.821047  11.168876 1.000000 
2455264.841481  11.168686 1.000000 
2455264.861915  11.168850 1.000000 
2455264.882349  11.168510 1.000000 
2455264.902783  11.168537 1.000000 
2455264.923217  11.168711 1.000000 
2455264.943651  11.168770 1.000000 
2455264.964085  11.168845 1.000000 
2455264.984519  11.168759 1.000000 
2455265.004953  11.168766 1.000000 
2455265.025387  11.168559 1.000000 
2455265.045822  11.168742 1.000000 
2455265.066255  11.168677 1.000000 
2455265.086690  11.168466 1.000000 
2455265.107124  11.168652 1.000000 
2455265.127558  11.169566 1.000000 
2455265.147992  11.175084 1.000000 
2455265.168426  11.177348 1.000000 
2455265.188860  11.177631 1.000000 
2455265.209294  11.178029 1.000000 
2455265.229728  11.178305 1.000000 
2455265.250162  11.178492 1.000000 
2455265.270596  11.178432 1.000000 
2455265.291030  11.178445 1.000000 
2455265.311464  11.178056 1.000000 
2455265.331899  11.177924 1.000000 
2455265.352333  11.177390 1.000000 
2455265.372767  11.176896 1.000000 
2455265.393201  11.175987 1.000000 
2455265.413635  11.172887 1.000000 
2455265.434069  11.167933 1.000000 
2455265.454503  11.167418 1.000000 
2455265.474937  11.167417 1.000000 
2455265.495371  11.167526 1.000000 
2455265.515805  11.167602 1.000000 
2455265.536239  11.167758 1.000000 
2455265.556674  11.167517 1.000000 
2455265.577108  11.167659 1.000000 
2455265.597542  11.167943 1.000000 
2455265.617976  11.168013 1.000000 
2455265.638410  11.168050 1.000000 
2455265.658844  11.168219 1.000000 
2455265.679278  11.168297 1.000000 
2455265.699712  11.168155 1.000000 
2455265.720146  11.168205 1.000000 
2455265.740580  11.168366 1.000000 
2455265.761014  11.168129 1.000000 
2455265.781449  11.168128 1.000000 
2455265.801883  11.167936 1.000000 
2455265.822317  11.167894 1.000000 
2455265.842751  11.168074 1.000000 
2455265.863185  11.167971 1.000000 
2455265.883619  11.167821 1.000000 
2455265.904053  11.167960 1.000000 
2455265.924487  11.168150 1.000000 
2455265.944921  11.168244 1.000000 
2455265.965355  11.168477 1.000000 
2455265.985789  11.168755 1.000000 
2455266.006223  11.168699 1.000000 
2455266.047092  11.168799 1.000000 
2455266.067526  11.168780 1.000000 
2455266.087960  11.168832 1.000000 
2455266.108394  11.168753 1.000000 
2455266.128828  11.168547 1.000000 
2455266.149262  11.168491 1.000000 
2455266.169696  11.168622 1.000000 
2455266.210565  11.168634 1.000000 
2455266.230999  11.168571 1.000000 
2455266.251433  11.168543 1.000000 
2455266.271867  11.168599 1.000000 
2455266.292301  11.168695 1.000000 
2455266.312735  11.168714 1.000000 
2455266.333169  11.168698 1.000000 
2455266.353603  11.168519 1.000000 
2455266.374037  11.168339 1.000000 
2455266.394471  11.168389 1.000000 
2455266.414906  11.168386 1.000000 
2455266.435340  11.168352 1.000000 
2455266.455774  11.168597 1.000000 
2455266.476208  11.168522 1.000000 
2455266.496642  11.168419 1.000000 
2455266.517076  11.168557 1.000000 
2455266.537510  11.168543 1.000000 
2455266.557944  11.168537 1.000000 
2455266.578378  11.168472 1.000000 
2455266.598812  11.168575 1.000000 
2455266.619247  11.168458 1.000000 
2455266.639681  11.168322 1.000000 
2455266.660115  11.168469 1.000000 
2455266.680549  11.168398 1.000000 
2455266.700983  11.168460 1.000000 
2455266.721417  11.168496 1.000000 
2455266.741851  11.168538 1.000000 
2455266.762285  11.168427 1.000000 
2455266.782719  11.168379 1.000000 
2455266.803153  11.168604 1.000000 
2455266.823588  11.168314 1.000000 
2455266.844022  11.168348 1.000000 
2455266.864456  11.168348 1.000000 
2455266.884890  11.168329 1.000000 
2455266.905324  11.168653 1.000000 
2455266.925758  11.168757 1.000000 
2455266.946192  11.168877 1.000000 
2455266.966626  11.168638 1.000000 
2455266.987060  11.168610 1.000000 
2455267.007494  11.168839 1.000000 
2455267.027929  11.168746 1.000000 
2455267.048363  11.168746 1.000000 
2455267.068797  11.168835 1.000000 
2455267.089231  11.168875 1.000000 
2455267.109665  11.168862 1.000000 
2455267.130099  11.168875 1.000000 
2455267.150533  11.168968 1.000000 
2455267.170967  11.168885 1.000000 
2455267.191401  11.168872 1.000000 
2455267.211836  11.169191 1.000000 
