2455459.742148  11.176064 1.000000 
2455459.762582  11.175955 1.000000 
2455459.783015  11.175909 1.000000 
2455459.803448  11.176001 1.000000 
2455459.823881  11.175991 1.000000 
2455459.844314  11.175775 1.000000 
2455459.864747  11.175735 1.000000 
2455459.885180  11.175738 1.000000 
2455459.905613  11.175730 1.000000 
2455459.926046  11.175475 1.000000 
2455459.946479  11.175495 1.000000 
2455459.966912  11.175494 1.000000 
2455459.987345  11.175409 1.000000 
2455460.007778  11.175312 1.000000 
2455460.028211  11.175275 1.000000 
2455460.048644  11.175392 1.000000 
2455460.069077  11.175714 1.000000 
2455460.089510  11.175481 1.000000 
2455460.109943  11.175562 1.000000 
2455460.130377  11.175527 1.000000 
2455460.150810  11.175504 1.000000 
2455460.171243  11.175460 1.000000 
2455460.191676  11.175444 1.000000 
2455460.212109  11.175249 1.000000 
2455460.232542  11.175357 1.000000 
2455460.252975  11.175295 1.000000 
2455460.273408  11.175381 1.000000 
2455460.293841  11.175489 1.000000 
2455460.314274  11.175430 1.000000 
2455460.334707  11.175558 1.000000 
2455460.355140  11.175360 1.000000 
2455460.375573  11.175243 1.000000 
2455460.396006  11.175457 1.000000 
2455460.416439  11.175428 1.000000 
2455460.436872  11.175640 1.000000 
2455460.457305  11.175723 1.000000 
2455460.477738  11.175949 1.000000 
2455460.498171  11.175853 1.000000 
2455460.518605  11.176003 1.000000 
2455460.539038  11.175794 1.000000 
2455460.559471  11.175932 1.000000 
2455460.579904  11.175936 1.000000 
2455460.600337  11.175945 1.000000 
2455460.620770  11.175748 1.000000 
2455460.641203  11.176369 1.000000 
2455460.661636  11.176228 1.000000 
2455460.682069  11.176245 1.000000 
2455460.702502  11.176162 1.000000 
2455460.722935  11.176350 1.000000 
2455460.743368  11.176207 1.000000 
2455460.763801  11.176271 1.000000 
2455460.784234  11.176178 1.000000 
2455460.804667  11.175940 1.000000 
2455460.825100  11.175957 1.000000 
2455460.845533  11.176171 1.000000 
2455460.865966  11.176148 1.000000 
2455460.886399  11.175903 1.000000 
2455460.906832  11.175957 1.000000 
2455460.927266  11.176153 1.000000 
2455460.947699  11.176117 1.000000 
2455460.968132  11.176066 1.000000 
2455460.988565  11.175838 1.000000 
2455461.008998  11.175739 1.000000 
2455461.029431  11.175657 1.000000 
2455461.049864  11.175690 1.000000 
2455461.090730  11.175591 1.000000 
2455461.111163  11.175547 1.000000 
2455461.131596  11.175584 1.000000 
2455461.152029  11.175634 1.000000 
2455461.172462  11.175774 1.000000 
2455461.192895  11.175590 1.000000 
2455461.213328  11.175497 1.000000 
2455461.233761  11.175494 1.000000 
2455461.254194  11.175280 1.000000 
2455461.274627  11.175289 1.000000 
2455461.295060  11.175243 1.000000 
2455461.315493  11.175240 1.000000 
2455461.335926  11.175287 1.000000 
2455461.356359  11.175393 1.000000 
2455461.376792  11.175278 1.000000 
2455461.397225  11.175304 1.000000 
2455461.417658  11.175414 1.000000 
2455461.438092  11.175375 1.000000 
2455461.458525  11.175392 1.000000 
2455461.478958  11.175351 1.000000 
2455461.499391  11.175414 1.000000 
2455461.519824  11.175409 1.000000 
2455461.540257  11.177456 1.000000 
2455461.560690  11.182692 1.000000 
2455461.581123  11.183906 1.000000 
2455461.601556  11.184296 1.000000 
2455461.621989  11.184887 1.000000 
2455461.642422  11.185144 1.000000 
2455461.662855  11.185235 1.000000 
2455461.683288  11.185412 1.000000 
2455461.703721  11.185268 1.000000 
2455461.724154  11.185198 1.000000 
2455461.744587  11.185284 1.000000 
2455461.765020  11.185104 1.000000 
2455461.785453  11.184550 1.000000 
2455461.805886  11.183798 1.000000 
2455461.826319  11.179238 1.000000 
2455461.846752  11.175767 1.000000 
2455461.867185  11.175710 1.000000 
2455461.887618  11.175859 1.000000 
2455461.908051  11.175806 1.000000 
2455461.928484  11.175758 1.000000 
2455461.948917  11.175867 1.000000 
2455461.969350  11.175962 1.000000 
2455461.989783  11.175949 1.000000 
2455462.010216  11.175997 1.000000 
2455462.030649  11.175942 1.000000 
2455462.051082  11.175976 1.000000 
2455462.071516  11.175940 1.000000 
2455462.091949  11.175866 1.000000 
2455462.112382  11.175741 1.000000 
2455462.132815  11.175673 1.000000 
2455462.153248  11.175546 1.000000 
2455462.173681  11.175729 1.000000 
2455462.194114  11.175690 1.000000 
2455462.214547  11.175768 1.000000 
2455462.234980  11.175612 1.000000 
2455462.255413  11.175589 1.000000 
2455462.296279  11.175684 1.000000 
