2456013.263033  11.178512 1.000000 
2456013.283467  11.178553 1.000000 
2456013.303901  11.178633 1.000000 
2456013.324336  11.178644 1.000000 
2456013.344770  11.178740 1.000000 
2456013.365204  11.178635 1.000000 
2456013.385638  11.178637 1.000000 
2456013.406072  11.178544 1.000000 
2456013.426506  11.178430 1.000000 
2456013.446940  11.178325 1.000000 
2456013.467375  11.178382 1.000000 
2456013.487809  11.178383 1.000000 
2456013.508243  11.178411 1.000000 
2456013.528677  11.178267 1.000000 
2456013.549111  11.178218 1.000000 
2456013.569545  11.178301 1.000000 
2456013.589980  11.178226 1.000000 
2456013.610414  11.178188 1.000000 
2456013.630848  11.178351 1.000000 
2456013.651282  11.178383 1.000000 
2456013.671716  11.178474 1.000000 
2456013.692150  11.178496 1.000000 
2456013.712584  11.178526 1.000000 
2456013.733019  11.178439 1.000000 
2456013.753453  11.178277 1.000000 
2456013.773887  11.178325 1.000000 
2456013.794321  11.178249 1.000000 
2456013.814755  11.178115 1.000000 
2456013.835189  11.178088 1.000000 
2456013.855623  11.178097 1.000000 
2456013.896492  11.178112 1.000000 
2456013.916926  11.178173 1.000000 
2456013.937360  11.178196 1.000000 
2456013.957794  11.178290 1.000000 
2456013.978228  11.178193 1.000000 
2456013.998663  11.178326 1.000000 
2456014.019097  11.178325 1.000000 
2456014.039531  11.178293 1.000000 
2456014.059965  11.178351 1.000000 
2456014.080399  11.178406 1.000000 
2456014.100833  11.178436 1.000000 
2456014.121268  11.178382 1.000000 
2456014.141702  11.178500 1.000000 
2456014.162136  11.178554 1.000000 
2456014.182570  11.178558 1.000000 
2456014.203004  11.178230 1.000000 
2456014.223438  11.178311 1.000000 
2456014.243873  11.178258 1.000000 
2456014.264307  11.178100 1.000000 
2456014.284741  11.178162 1.000000 
2456014.305175  11.178159 1.000000 
2456014.325609  11.178125 1.000000 
2456014.346043  11.178267 1.000000 
2456014.366478  11.178126 1.000000 
2456014.386912  11.178278 1.000000 
2456014.407346  11.178326 1.000000 
2456014.427780  11.178509 1.000000 
2456014.448214  11.178349 1.000000 
2456014.468648  11.178341 1.000000 
2456014.489082  11.178506 1.000000 
2456014.509517  11.178331 1.000000 
2456014.529951  11.178349 1.000000 
2456014.550385  11.178376 1.000000 
2456014.570819  11.178195 1.000000 
2456014.591253  11.178297 1.000000 
2456014.611688  11.178115 1.000000 
2456014.632122  11.177905 1.000000 
2456014.652556  11.178219 1.000000 
2456014.672990  11.178206 1.000000 
2456014.693424  11.178181 1.000000 
2456014.713858  11.178317 1.000000 
2456014.734293  11.178282 1.000000 
2456014.754727  11.178478 1.000000 
2456014.775161  11.178598 1.000000 
2456014.795595  11.178726 1.000000 
2456014.816029  11.178744 1.000000 
2456014.836463  11.178818 1.000000 
2456014.856898  11.178564 1.000000 
2456014.877332  11.178484 1.000000 
2456014.897766  11.178424 1.000000 
2456014.918200  11.178602 1.000000 
2456014.938634  11.178469 1.000000 
2456014.959068  11.178478 1.000000 
2456014.979503  11.178935 1.000000 
2456014.999937  11.178799 1.000000 
2456015.020371  11.179049 1.000000 
2456016.144218  11.178057 1.000000 
2456016.164653  11.177948 1.000000 
2456016.185087  11.177737 1.000000 
2456016.205521  11.177780 1.000000 
2456016.225955  11.177814 1.000000 
2456016.246389  11.177869 1.000000 
2456016.266824  11.177858 1.000000 
2456016.287258  11.177899 1.000000 
2456016.307692  11.177882 1.000000 
2456016.328126  11.178057 1.000000 
2456016.348560  11.177853 1.000000 
2456016.368995  11.177978 1.000000 
2456016.389429  11.177980 1.000000 
2456016.409863  11.177990 1.000000 
2456016.430297  11.177928 1.000000 
2456016.450731  11.177906 1.000000 
2456016.471166  11.177812 1.000000 
2456016.491600  11.177809 1.000000 
2456016.512034  11.177687 1.000000 
2456016.532468  11.177814 1.000000 
2456016.552902  11.177726 1.000000 
2456016.573337  11.177787 1.000000 
2456016.593771  11.177729 1.000000 
2456016.614205  11.177710 1.000000 
2456016.634639  11.177631 1.000000 
2456016.655073  11.177684 1.000000 
2456016.675508  11.177591 1.000000 
2456016.695942  11.177495 1.000000 
2456016.716376  11.177549 1.000000 
2456016.736810  11.177487 1.000000 
2456016.757244  11.177589 1.000000 
2456016.777678  11.177572 1.000000 
2456016.798113  11.177499 1.000000 
2456016.818547  11.177582 1.000000 
2456016.838981  11.177531 1.000000 
2456016.859415  11.177657 1.000000 
2456016.879849  11.177691 1.000000 
2456016.900284  11.177763 1.000000 
2456016.920718  11.177668 1.000000 
2456016.941152  11.177742 1.000000 
2456016.961586  11.177737 1.000000 
2456016.982021  11.177909 1.000000 
2456017.002455  11.177748 1.000000 
2456017.022889  11.177729 1.000000 
2456017.043323  11.177619 1.000000 
2456017.063757  11.177710 1.000000 
2456017.084192  11.177609 1.000000 
2456017.104626  11.177709 1.000000 
2456017.125060  11.177720 1.000000 
