2455998.060111  11.177005 1.000000 
2455998.080545  11.177028 1.000000 
2455998.100979  11.177024 1.000000 
2455998.121413  11.176924 1.000000 
2455998.141847  11.177003 1.000000 
2455998.162281  11.176952 1.000000 
2455998.182715  11.177008 1.000000 
2455998.203149  11.177107 1.000000 
2455998.223583  11.177177 1.000000 
2455998.244016  11.177182 1.000000 
2455998.264450  11.177127 1.000000 
2455998.284884  11.177323 1.000000 
2455998.305318  11.177215 1.000000 
2455998.325752  11.177306 1.000000 
2455998.346186  11.177238 1.000000 
2455998.366620  11.177245 1.000000 
2455998.387054  11.177441 1.000000 
2455998.407488  11.177275 1.000000 
2455998.427922  11.177348 1.000000 
2455998.448356  11.177449 1.000000 
2455998.468790  11.177500 1.000000 
2455998.489223  11.177486 1.000000 
2455998.509657  11.177573 1.000000 
2455998.530091  11.177754 1.000000 
2455998.550525  11.177982 1.000000 
2455998.570959  11.178130 1.000000 
2455998.591393  11.178048 1.000000 
2455998.775298  11.178129 1.000000 
2455998.795732  11.178054 1.000000 
2455998.816166  11.178340 1.000000 
2455998.836600  11.178334 1.000000 
2455998.857034  11.178443 1.000000 
2455998.877468  11.178406 1.000000 
2455998.897902  11.178322 1.000000 
2455998.918336  11.178416 1.000000 
2455998.938770  11.178373 1.000000 
2455998.979638  11.178044 1.000000 
2455999.000072  11.177938 1.000000 
2455999.020506  11.177777 1.000000 
2455999.040939  11.177790 1.000000 
2455999.061373  11.177699 1.000000 
2455999.081807  11.177644 1.000000 
2455999.102241  11.177530 1.000000 
2455999.143109  11.177516 1.000000 
2455999.163543  11.177460 1.000000 
2455999.204411  11.177058 1.000000 
2455999.224845  11.176986 1.000000 
2455999.245279  11.177042 1.000000 
2455999.265713  11.176928 1.000000 
