2456049.901812  11.177745 1.000000 
2456049.922246  11.178012 1.000000 
2456049.942680  11.177867 1.000000 
2456049.963115  11.177850 1.000000 
2456049.983549  11.177659 1.000000 
2456050.003984  11.177446 1.000000 
2456050.024419  11.177318 1.000000 
2456050.044853  11.177106 1.000000 
2456050.065288  11.177170 1.000000 
2456050.085722  11.177121 1.000000 
2456050.106157  11.177106 1.000000 
2456050.126591  11.177056 1.000000 
2456050.147026  11.176990 1.000000 
2456050.167460  11.177163 1.000000 
2456050.187895  11.177259 1.000000 
2456050.208329  11.177243 1.000000 
2456050.228764  11.177381 1.000000 
2456050.249198  11.177394 1.000000 
2456050.269633  11.177446 1.000000 
2456050.290067  11.177417 1.000000 
2456050.310502  11.177437 1.000000 
2456050.330936  11.177388 1.000000 
2456050.351371  11.177587 1.000000 
2456050.371805  11.177496 1.000000 
2456050.392240  11.177462 1.000000 
2456050.412675  11.177341 1.000000 
2456050.433109  11.177401 1.000000 
2456050.453544  11.177499 1.000000 
2456050.473978  11.177424 1.000000 
2456050.494413  11.177196 1.000000 
2456050.514847  11.177243 1.000000 
2456050.535282  11.177242 1.000000 
2456050.555716  11.177281 1.000000 
2456050.617020  11.177285 1.000000 
2456050.637454  11.177176 1.000000 
2456050.657889  11.177506 1.000000 
2456050.678323  11.177456 1.000000 
2456050.698758  11.177493 1.000000 
2456050.719192  11.177476 1.000000 
2456050.739627  11.177415 1.000000 
2456050.760062  11.178689 1.000000 
2456050.780496  11.184185 1.000000 
2456050.821365  11.186779 1.000000 
2456050.841800  11.187102 1.000000 
2456050.862234  11.187331 1.000000 
2456050.882669  11.187358 1.000000 
2456050.903103  11.187219 1.000000 
2456050.923538  11.187167 1.000000 
2456050.943972  11.186951 1.000000 
2456050.964407  11.186859 1.000000 
2456050.984841  11.186392 1.000000 
2456051.005276  11.186112 1.000000 
2456051.025710  11.185428 1.000000 
2456051.046145  11.181609 1.000000 
2456051.066579  11.177523 1.000000 
2456051.087014  11.177302 1.000000 
2456051.107449  11.177275 1.000000 
2456051.148318  11.177222 1.000000 
2456051.168752  11.177339 1.000000 
2456051.189187  11.177297 1.000000 
2456051.209621  11.177241 1.000000 
2456051.230056  11.177335 1.000000 
2456051.250490  11.177266 1.000000 
2456051.270925  11.177286 1.000000 
2456051.291359  11.177308 1.000000 
2456051.311794  11.177239 1.000000 
2456051.332228  11.177365 1.000000 
2456051.352663  11.177324 1.000000 
2456051.373097  11.177436 1.000000 
2456051.393532  11.177398 1.000000 
2456051.413966  11.177347 1.000000 
2456051.434401  11.177375 1.000000 
2456051.454836  11.177401 1.000000 
2456051.475270  11.177428 1.000000 
2456051.495705  11.177481 1.000000 
2456051.516139  11.177390 1.000000 
2456051.536573  11.177572 1.000000 
2456051.557008  11.177535 1.000000 
2456051.577443  11.177533 1.000000 
2456051.597877  11.177585 1.000000 
2456051.618312  11.177580 1.000000 
2456051.638746  11.177415 1.000000 
2456051.659181  11.177471 1.000000 
2456051.679615  11.177419 1.000000 
2456051.700050  11.177369 1.000000 
2456051.720484  11.177274 1.000000 
2456051.740919  11.177141 1.000000 
2456051.761353  11.177066 1.000000 
2456051.781788  11.177166 1.000000 
2456051.802223  11.177103 1.000000 
2456051.822657  11.177141 1.000000 
2456051.843092  11.177247 1.000000 
2456051.863526  11.177261 1.000000 
2456051.883961  11.177243 1.000000 
2456051.904395  11.177286 1.000000 
2456051.924830  11.177348 1.000000 
2456051.945264  11.177210 1.000000 
2456051.965699  11.177201 1.000000 
2456051.986133  11.177297 1.000000 
2456052.006568  11.177234 1.000000 
2456052.027002  11.177211 1.000000 
2456052.047437  11.177190 1.000000 
2456052.067871  11.177310 1.000000 
2456052.088306  11.177414 1.000000 
2456052.108741  11.177494 1.000000 
2456052.129175  11.177465 1.000000 
2456052.149610  11.177398 1.000000 
2456052.170044  11.177426 1.000000 
2456052.190479  11.177277 1.000000 
2456052.210913  11.177266 1.000000 
2456052.231348  11.177086 1.000000 
2456052.251782  11.177210 1.000000 
2456052.272217  11.177095 1.000000 
2456052.292651  11.177026 1.000000 
2456052.313086  11.176986 1.000000 
2456052.333520  11.176974 1.000000 
2456052.353955  11.176967 1.000000 
2456052.374389  11.177119 1.000000 
2456052.394824  11.177038 1.000000 
2456052.415258  11.177124 1.000000 
2456052.435693  11.177159 1.000000 
2456052.456128  11.177266 1.000000 
2456052.476562  11.177453 1.000000 
2456052.496997  11.177426 1.000000 
2456052.517431  11.177672 1.000000 
2456052.537866  11.177528 1.000000 
2456052.558300  11.177570 1.000000 
2456052.578735  11.177652 1.000000 
2456052.599169  11.177503 1.000000 
2456052.619604  11.177487 1.000000 
2456052.640039  11.177315 1.000000 
2456052.660473  11.177172 1.000000 
2456052.680907  11.177270 1.000000 
2456052.701342  11.177204 1.000000 
2456052.721777  11.177281 1.000000 
2456052.742211  11.177276 1.000000 
2456052.762646  11.177255 1.000000 
2456052.783080  11.177261 1.000000 
2456052.803515  11.177129 1.000000 
2456052.823949  11.177151 1.000000 
2456052.844384  11.177203 1.000000 
