2455388.326675  11.175775 1.000000 
2455388.347110  11.175978 1.000000 
2455388.367544  11.176054 1.000000 
2455388.387978  11.175945 1.000000 
2455388.408412  11.175966 1.000000 
2455388.428846  11.176039 1.000000 
2455388.449280  11.176155 1.000000 
2455388.469715  11.176058 1.000000 
2455388.490149  11.176401 1.000000 
2455388.510583  11.176151 1.000000 
2455388.531017  11.176283 1.000000 
2455388.551451  11.176188 1.000000 
2455388.571885  11.176190 1.000000 
2455388.592320  11.176127 1.000000 
2455388.612754  11.176162 1.000000 
2455388.633188  11.176038 1.000000 
2455388.653622  11.175962 1.000000 
2455388.674056  11.176118 1.000000 
2455388.694490  11.176540 1.000000 
2455388.714924  11.176155 1.000000 
2455388.735359  11.175819 1.000000 
2455388.755793  11.175981 1.000000 
2455388.776227  11.175920 1.000000 
2455388.796661  11.175920 1.000000 
2455388.817095  11.176024 1.000000 
2455388.837529  11.175949 1.000000 
2455388.857963  11.175880 1.000000 
2455388.878398  11.175701 1.000000 
2455388.898832  11.175900 1.000000 
2455388.919266  11.175937 1.000000 
2455388.939700  11.175796 1.000000 
2455388.960134  11.175880 1.000000 
2455388.980568  11.175758 1.000000 
2455389.001002  11.175619 1.000000 
2455389.041871  11.175618 1.000000 
2455389.062305  11.175612 1.000000 
2455389.082739  11.175631 1.000000 
2455389.103173  11.176027 1.000000 
2455389.123607  11.175757 1.000000 
2455389.144042  11.175846 1.000000 
2455389.164476  11.175733 1.000000 
2455389.184910  11.175580 1.000000 
2455389.205344  11.175665 1.000000 
2455389.225778  11.175539 1.000000 
2455389.246212  11.175493 1.000000 
2455389.266646  11.175251 1.000000 
2455389.287080  11.175366 1.000000 
2455389.307515  11.175221 1.000000 
2455389.327949  11.175301 1.000000 
2455389.348383  11.175581 1.000000 
2455389.368817  11.175389 1.000000 
2455389.389251  11.175640 1.000000 
2455389.409685  11.175697 1.000000 
2455389.430120  11.175579 1.000000 
2455389.450554  11.175652 1.000000 
2455389.470988  11.175652 1.000000 
2455389.491422  11.175537 1.000000 
2455389.511856  11.175369 1.000000 
2455389.532290  11.175452 1.000000 
2455389.552724  11.175376 1.000000 
2455389.573159  11.175520 1.000000 
2455389.593593  11.175565 1.000000 
2455389.614027  11.175494 1.000000 
2455389.634461  11.175482 1.000000 
2455389.654895  11.175527 1.000000 
2455389.675329  11.175545 1.000000 
2455389.695763  11.175545 1.000000 
2455389.716198  11.175451 1.000000 
2455389.736632  11.175714 1.000000 
2455389.757066  11.175574 1.000000 
2455389.777500  11.175695 1.000000 
2455389.797934  11.175711 1.000000 
2455389.818368  11.175680 1.000000 
2455389.838802  11.175587 1.000000 
2455389.859237  11.175549 1.000000 
2455389.879671  11.175716 1.000000 
2455389.900105  11.175762 1.000000 
2455389.920539  11.175730 1.000000 
2455389.940973  11.175814 1.000000 
2455389.961407  11.175903 1.000000 
2455389.981841  11.175991 1.000000 
2455390.002275  11.175995 1.000000 
2455390.022710  11.175859 1.000000 
2455390.043144  11.176098 1.000000 
2455390.063578  11.175994 1.000000 
2455390.084012  11.176039 1.000000 
2455390.104446  11.175993 1.000000 
2455390.124880  11.179599 1.000000 
2455390.145314  11.184095 1.000000 
2455390.165748  11.184598 1.000000 
2455390.186182  11.185154 1.000000 
2455390.206617  11.184764 1.000000 
2455390.227051  11.185900 1.000000 
2455390.247485  11.185873 1.000000 
2455390.267919  11.185823 1.000000 
2455390.288353  11.186010 1.000000 
2455390.308787  11.185951 1.000000 
2455390.329222  11.185680 1.000000 
2455390.349656  11.185518 1.000000 
2455390.370090  11.184932 1.000000 
2455390.390524  11.183569 1.000000 
2455390.410958  11.178267 1.000000 
2455390.431392  11.176148 1.000000 
2455390.451826  11.176052 1.000000 
2455390.472260  11.176108 1.000000 
2455390.492695  11.176125 1.000000 
2455390.513129  11.176203 1.000000 
2455390.533563  11.176162 1.000000 
2455390.553997  11.176207 1.000000 
2455390.574431  11.176057 1.000000 
2455390.594865  11.176018 1.000000 
2455390.615299  11.175946 1.000000 
2455390.635733  11.175942 1.000000 
2455390.656168  11.176184 1.000000 
2455390.676602  11.175709 1.000000 
2455390.697036  11.175881 1.000000 
2455390.717470  11.175682 1.000000 
2455390.737904  11.175774 1.000000 
2455390.758338  11.175682 1.000000 
2455390.778772  11.175873 1.000000 
2455390.799206  11.175667 1.000000 
2455390.819641  11.175609 1.000000 
2455390.840075  11.175573 1.000000 
2455390.860509  11.175915 1.000000 
2455390.880943  11.175574 1.000000 
2455390.901377  11.175701 1.000000 
2455390.921811  11.175510 1.000000 
2455390.942245  11.175472 1.000000 
2455390.962679  11.175400 1.000000 
2455390.983113  11.175591 1.000000 
2455391.003548  11.175411 1.000000 
2455391.023982  11.175428 1.000000 
2455391.044416  11.175288 1.000000 
2455391.064850  11.175081 1.000000 
2455391.085284  11.175384 1.000000 
2455391.105718  11.175499 1.000000 
2455391.126152  11.175527 1.000000 
2455391.146587  11.175523 1.000000 
2455391.167021  11.175531 1.000000 
2455391.187455  11.175663 1.000000 
2455391.207889  11.175634 1.000000 
2455391.228323  11.175971 1.000000 
2455391.248757  11.175837 1.000000 
2455391.269191  11.175842 1.000000 
2455391.289625  11.175905 1.000000 
2455391.310059  11.175856 1.000000 
2455391.330493  11.175873 1.000000 
2455391.350928  11.175993 1.000000 
2455391.371362  11.176027 1.000000 
2455391.391796  11.176189 1.000000 
2455391.412230  11.176009 1.000000 
2455391.432664  11.175970 1.000000 
2455391.453098  11.175959 1.000000 
2455391.473532  11.176023 1.000000 
2455391.493966  11.176139 1.000000 
2455391.514401  11.176209 1.000000 
2455391.534835  11.176296 1.000000 
2455391.555269  11.176391 1.000000 
2455391.575703  11.176277 1.000000 
2455391.596137  11.176510 1.000000 
2455391.616571  11.176251 1.000000 
2455391.637005  11.176420 1.000000 
2455391.657439  11.176491 1.000000 
2455391.677873  11.176409 1.000000 
2455391.698308  11.176296 1.000000 
2455391.718742  11.176283 1.000000 
2455391.739176  11.176213 1.000000 
2455391.759610  11.176199 1.000000 
2455391.780044  11.176186 1.000000 
2455391.800478  11.176193 1.000000 
2455391.820912  11.176241 1.000000 
2455391.841346  11.176043 1.000000 
2455391.861781  11.176203 1.000000 
2455391.882215  11.176289 1.000000 
2455391.902649  11.176161 1.000000 
2455391.923083  11.175861 1.000000 
2455391.943517  11.176081 1.000000 
2455391.963951  11.175888 1.000000 
2455391.984385  11.175808 1.000000 
2455392.025253  11.175962 1.000000 
2455392.045687  11.175817 1.000000 
2455392.066121  11.175710 1.000000 
2455392.086556  11.175598 1.000000 
2455392.106990  11.175634 1.000000 
2455392.127424  11.175424 1.000000 
2455392.147858  11.175539 1.000000 
2455392.168292  11.175455 1.000000 
2455392.188726  11.175373 1.000000 
2455392.209160  11.175306 1.000000 
