2455781.142609  11.178315 1.000000 
2455781.163042  11.178254 1.000000 
2455781.183476  11.178242 1.000000 
2455781.203910  11.178027 1.000000 
2455781.224344  11.177985 1.000000 
2455781.244778  11.178073 1.000000 
2455781.265212  11.177995 1.000000 
2455781.285645  11.177976 1.000000 
2455781.306079  11.177945 1.000000 
2455781.326513  11.177954 1.000000 
2455781.346947  11.178097 1.000000 
2455781.367381  11.178041 1.000000 
2455781.387815  11.178040 1.000000 
2455781.408249  11.178084 1.000000 
2455781.428683  11.178172 1.000000 
2455781.449116  11.178113 1.000000 
2455781.469550  11.178204 1.000000 
2455781.489984  11.178094 1.000000 
2455781.510418  11.178059 1.000000 
2455781.530852  11.177951 1.000000 
2455781.551286  11.177724 1.000000 
2455781.571719  11.177748 1.000000 
2455781.592153  11.177736 1.000000 
2455781.612587  11.177987 1.000000 
2455781.633021  11.177946 1.000000 
2455781.653455  11.177958 1.000000 
2455781.673889  11.177966 1.000000 
2455781.694323  11.177909 1.000000 
2455781.714756  11.177899 1.000000 
2455781.735190  11.177729 1.000000 
2455781.755624  11.177691 1.000000 
2455781.776058  11.177744 1.000000 
2455781.796492  11.177675 1.000000 
2455781.816926  11.177679 1.000000 
2455781.837360  11.177758 1.000000 
2455781.857793  11.177638 1.000000 
2455781.878227  11.177559 1.000000 
2455781.898661  11.177545 1.000000 
2455781.939529  11.177588 1.000000 
2455781.959963  11.177642 1.000000 
2455781.980396  11.177585 1.000000 
2455782.000830  11.177795 1.000000 
2455782.021264  11.177760 1.000000 
2455782.041698  11.177647 1.000000 
2455782.062132  11.177554 1.000000 
2455782.082566  11.177503 1.000000 
2455782.103000  11.177694 1.000000 
2455782.123433  11.177750 1.000000 
2455782.143867  11.177636 1.000000 
2455782.164301  11.177718 1.000000 
2455782.184735  11.177574 1.000000 
2455782.205169  11.177626 1.000000 
2455782.225603  11.177474 1.000000 
2455782.246036  11.177504 1.000000 
2455782.266470  11.177619 1.000000 
2455782.286904  11.177939 1.000000 
2455782.307338  11.177928 1.000000 
2455782.327772  11.178167 1.000000 
2455782.348206  11.178094 1.000000 
2455782.368639  11.178057 1.000000 
2455782.389073  11.178084 1.000000 
2455782.409507  11.178002 1.000000 
2455782.429941  11.178080 1.000000 
2455782.450375  11.178094 1.000000 
2455782.470809  11.178072 1.000000 
2455782.491243  11.178094 1.000000 
2455782.511676  11.177945 1.000000 
2455782.532110  11.177937 1.000000 
2455782.552544  11.177837 1.000000 
2455782.572978  11.177840 1.000000 
2455782.593412  11.177784 1.000000 
2455782.613846  11.177909 1.000000 
2455782.634279  11.177971 1.000000 
2455782.654713  11.178004 1.000000 
2455782.675147  11.178069 1.000000 
2455782.695581  11.178130 1.000000 
2455782.716015  11.178113 1.000000 
2455782.736449  11.178149 1.000000 
2455782.756882  11.178067 1.000000 
2455782.777316  11.178052 1.000000 
2455782.797750  11.177936 1.000000 
2455782.818184  11.177766 1.000000 
2455782.838618  11.177731 1.000000 
2455782.859051  11.177428 1.000000 
2455782.879485  11.177485 1.000000 
2455782.899919  11.177269 1.000000 
2455782.920353  11.177408 1.000000 
2455782.940787  11.181085 1.000000 
2455782.961221  11.185470 1.000000 
2455782.981655  11.186414 1.000000 
2455783.002088  11.186902 1.000000 
2455783.022522  11.187348 1.000000 
2455783.042956  11.187630 1.000000 
2455783.063390  11.187810 1.000000 
2455783.083824  11.187625 1.000000 
2455783.104257  11.187664 1.000000 
2455783.124691  11.187589 1.000000 
2455783.145125  11.187278 1.000000 
2455783.165559  11.186953 1.000000 
2455783.185993  11.186443 1.000000 
2455783.206427  11.184924 1.000000 
2455783.226860  11.179562 1.000000 
2455783.247294  11.177580 1.000000 
2455783.267728  11.177827 1.000000 
2455783.288162  11.177900 1.000000 
2455783.308596  11.177862 1.000000 
2455783.329030  11.178013 1.000000 
2455783.349463  11.178114 1.000000 
2455783.369897  11.177933 1.000000 
2455783.390331  11.178103 1.000000 
2455783.410765  11.178101 1.000000 
2455783.431199  11.178152 1.000000 
2455783.451633  11.178174 1.000000 
2455783.472066  11.178139 1.000000 
2455783.492500  11.178127 1.000000 
2455783.512934  11.178062 1.000000 
2455783.533368  11.177987 1.000000 
2455783.553802  11.178050 1.000000 
2455783.574235  11.177920 1.000000 
2455783.594669  11.177836 1.000000 
2455783.615103  11.177908 1.000000 
2455783.635537  11.177594 1.000000 
2455783.655971  11.177589 1.000000 
2455783.676404  11.177540 1.000000 
2455783.696838  11.177638 1.000000 
2455783.717272  11.177736 1.000000 
2455783.737706  11.177947 1.000000 
2455783.758140  11.178025 1.000000 
2455783.778574  11.177860 1.000000 
2455783.799007  11.177807 1.000000 
2455783.819441  11.177691 1.000000 
2455783.839875  11.177784 1.000000 
2455783.860309  11.177580 1.000000 
2455783.880743  11.177618 1.000000 
2455783.901177  11.177681 1.000000 
2455783.921610  11.177599 1.000000 
2455783.942044  11.177497 1.000000 
2455783.962478  11.177445 1.000000 
2455783.982912  11.177618 1.000000 
2455784.003346  11.177589 1.000000 
2455784.023779  11.177657 1.000000 
2455784.044213  11.177659 1.000000 
2455784.064647  11.177754 1.000000 
2455784.085081  11.177665 1.000000 
2455784.105515  11.177609 1.000000 
2455784.125948  11.177602 1.000000 
2455784.146382  11.177703 1.000000 
2455784.166816  11.177594 1.000000 
2455784.187250  11.177653 1.000000 
2455784.207684  11.177619 1.000000 
2455784.228118  11.177622 1.000000 
2455784.248551  11.177475 1.000000 
2455784.268985  11.177439 1.000000 
2455784.289419  11.177535 1.000000 
2455784.309853  11.177475 1.000000 
2455784.330287  11.177369 1.000000 
2455784.350720  11.177374 1.000000 
2455784.371154  11.177580 1.000000 
2455784.391588  11.177498 1.000000 
2455784.412022  11.177535 1.000000 
2455784.432456  11.177678 1.000000 
2455784.452889  11.177550 1.000000 
2455784.473323  11.177728 1.000000 
2455784.493757  11.177683 1.000000 
2455784.514191  11.177649 1.000000 
2455784.534625  11.177737 1.000000 
2455784.555058  11.177741 1.000000 
2455784.575492  11.177637 1.000000 
2455784.595926  11.177722 1.000000 
2455784.616360  11.177765 1.000000 
2455784.636794  11.177697 1.000000 
2455784.657227  11.177913 1.000000 
2455784.677661  11.177918 1.000000 
2455784.698095  11.177924 1.000000 
2455784.718529  11.178024 1.000000 
2455784.738963  11.178146 1.000000 
2455784.759396  11.178042 1.000000 
2455784.779830  11.178085 1.000000 
2455784.800264  11.177904 1.000000 
2455784.820698  11.177773 1.000000 
2455784.841132  11.177750 1.000000 
2455784.861566  11.177612 1.000000 
2455784.881999  11.177333 1.000000 
2455784.922867  11.177363 1.000000 
2455784.943301  11.177451 1.000000 
2455784.963735  11.177453 1.000000 
2455784.984168  11.177689 1.000000 
2455785.004602  11.177683 1.000000 
