2455531.174931  11.176072 1.000000 
2455531.195363  11.176211 1.000000 
2455531.215796  11.176262 1.000000 
2455531.236229  11.176002 1.000000 
2455531.256661  11.175977 1.000000 
2455531.277094  11.176089 1.000000 
2455531.297526  11.175955 1.000000 
2455531.317959  11.175948 1.000000 
2455531.338392  11.175947 1.000000 
2455531.358824  11.176007 1.000000 
2455531.379257  11.175926 1.000000 
2455531.399689  11.175833 1.000000 
2455531.420122  11.175798 1.000000 
2455531.440555  11.175830 1.000000 
2455531.460987  11.175761 1.000000 
2455531.481420  11.175532 1.000000 
2455531.501852  11.175642 1.000000 
2455531.522285  11.175550 1.000000 
2455531.542718  11.175715 1.000000 
2455531.563150  11.175707 1.000000 
2455531.583583  11.175522 1.000000 
2455531.604015  11.175519 1.000000 
2455531.624448  11.175687 1.000000 
2455531.644881  11.175499 1.000000 
2455531.665313  11.175426 1.000000 
2455531.685746  11.175241 1.000000 
2455531.706178  11.175135 1.000000 
2455531.726611  11.175035 1.000000 
2455531.747043  11.175113 1.000000 
2455531.767476  11.175073 1.000000 
2455531.787909  11.175054 1.000000 
2455531.808341  11.175122 1.000000 
2455531.828774  11.175118 1.000000 
2455531.849207  11.175144 1.000000 
2455531.869639  11.175055 1.000000 
2455531.890072  11.175166 1.000000 
2455531.910504  11.175136 1.000000 
2455531.930937  11.175138 1.000000 
2455531.951369  11.175111 1.000000 
2455531.971802  11.175143 1.000000 
2455532.012667  11.175204 1.000000 
2455532.033100  11.175218 1.000000 
2455532.053532  11.175347 1.000000 
2455532.073965  11.175401 1.000000 
2455532.094398  11.175312 1.000000 
2455532.114830  11.175441 1.000000 
2455532.135263  11.175575 1.000000 
2455532.155696  11.175719 1.000000 
2455532.176128  11.175707 1.000000 
2455532.196561  11.175759 1.000000 
2455532.216993  11.175653 1.000000 
2455532.237426  11.175717 1.000000 
2455532.257858  11.175735 1.000000 
2455532.278291  11.175617 1.000000 
2455532.298724  11.175807 1.000000 
2455532.319156  11.175849 1.000000 
2455532.339589  11.175798 1.000000 
2455532.360021  11.175761 1.000000 
2455532.380454  11.175773 1.000000 
2455532.400887  11.175604 1.000000 
2455532.421319  11.175713 1.000000 
2455532.441752  11.175702 1.000000 
2455532.462184  11.175779 1.000000 
2455532.482617  11.175974 1.000000 
2455532.503050  11.176038 1.000000 
2455532.523482  11.176177 1.000000 
2455532.543915  11.176297 1.000000 
2455532.564347  11.176205 1.000000 
2455532.584780  11.176290 1.000000 
2455532.605213  11.176269 1.000000 
2455532.625645  11.176213 1.000000 
2455532.646078  11.175865 1.000000 
2455532.666510  11.175840 1.000000 
2455532.686943  11.175881 1.000000 
2455532.707376  11.175707 1.000000 
2455532.727808  11.175508 1.000000 
2455532.748241  11.175487 1.000000 
2455532.768674  11.175261 1.000000 
2455532.789106  11.175289 1.000000 
2455532.809539  11.175263 1.000000 
2455532.829971  11.175418 1.000000 
2455532.850404  11.175431 1.000000 
2455532.870837  11.175435 1.000000 
2455532.891269  11.175426 1.000000 
2455532.911702  11.175392 1.000000 
2455532.932134  11.175342 1.000000 
2455532.952567  11.175805 1.000000 
2455532.973000  11.180662 1.000000 
2455532.993432  11.183767 1.000000 
2455533.013865  11.184300 1.000000 
2455533.034297  11.184682 1.000000 
2455533.054730  11.184852 1.000000 
2455533.075163  11.185079 1.000000 
2455533.095595  11.185150 1.000000 
2455533.116028  11.185339 1.000000 
2455533.136460  11.185210 1.000000 
2455533.156893  11.185061 1.000000 
2455533.177326  11.184979 1.000000 
2455533.197758  11.184611 1.000000 
2455533.218191  11.184079 1.000000 
2455533.238623  11.181645 1.000000 
2455533.259056  11.176533 1.000000 
2455533.279489  11.175809 1.000000 
2455533.299921  11.175655 1.000000 
2455533.320354  11.175817 1.000000 
2455533.340786  11.175947 1.000000 
2455533.361219  11.175885 1.000000 
2455533.381652  11.175839 1.000000 
2455533.402084  11.175713 1.000000 
2455533.422517  11.175646 1.000000 
2455533.442949  11.175769 1.000000 
2455533.463382  11.175548 1.000000 
2455533.483814  11.175513 1.000000 
2455533.504247  11.175544 1.000000 
2455533.524680  11.175485 1.000000 
2455533.545112  11.175432 1.000000 
2455533.565545  11.175553 1.000000 
2455533.585977  11.175578 1.000000 
2455533.606410  11.175678 1.000000 
2455533.626843  11.175609 1.000000 
2455533.647275  11.175508 1.000000 
2455533.667708  11.175529 1.000000 
2455533.688140  11.175633 1.000000 
2455533.708573  11.175716 1.000000 
2455533.729006  11.175899 1.000000 
2455533.749438  11.175878 1.000000 
2455533.769871  11.175929 1.000000 
2455533.790304  11.175945 1.000000 
2455533.810736  11.175845 1.000000 
2455533.831169  11.175815 1.000000 
2455533.851601  11.175775 1.000000 
2455533.872034  11.175699 1.000000 
2455533.892467  11.175612 1.000000 
2455533.912899  11.175662 1.000000 
2455533.933332  11.175537 1.000000 
2455533.953765  11.175446 1.000000 
2455533.974197  11.175408 1.000000 
2455533.994630  11.175492 1.000000 
2455534.015062  11.175507 1.000000 
2455534.035495  11.175447 1.000000 
2455534.055928  11.175557 1.000000 
2455534.076360  11.175507 1.000000 
2455534.096793  11.175523 1.000000 
2455534.117225  11.175570 1.000000 
2455534.137658  11.175677 1.000000 
2455534.158091  11.175551 1.000000 
2455534.178523  11.175632 1.000000 
2455534.198956  11.175691 1.000000 
2455534.219388  11.175570 1.000000 
2455534.239821  11.175684 1.000000 
2455534.260254  11.175554 1.000000 
2455534.280686  11.175402 1.000000 
2455534.301119  11.175411 1.000000 
2455534.321551  11.175332 1.000000 
2455534.341984  11.175328 1.000000 
2455534.362417  11.175324 1.000000 
2455534.382849  11.175324 1.000000 
2455534.403282  11.175417 1.000000 
2455534.423714  11.175582 1.000000 
2455534.444147  11.175594 1.000000 
2455534.464580  11.175608 1.000000 
2455534.485012  11.175685 1.000000 
2455534.505445  11.175789 1.000000 
2455534.525877  11.175754 1.000000 
2455534.546310  11.175996 1.000000 
2455534.566743  11.176072 1.000000 
2455534.587175  11.175923 1.000000 
2455534.607608  11.175922 1.000000 
2455534.628040  11.175888 1.000000 
2455534.648473  11.175764 1.000000 
2455534.668906  11.175914 1.000000 
2455534.689338  11.176110 1.000000 
2455534.709771  11.175895 1.000000 
2455534.730204  11.175773 1.000000 
2455534.750636  11.175710 1.000000 
2455534.771069  11.175528 1.000000 
2455534.791502  11.175603 1.000000 
2455534.811934  11.175598 1.000000 
2455534.832367  11.175569 1.000000 
2455534.852799  11.175759 1.000000 
2455534.873232  11.175790 1.000000 
2455534.893665  11.175684 1.000000 
2455534.914097  11.175744 1.000000 
2455534.934530  11.175798 1.000000 
2455534.954962  11.175902 1.000000 
2455534.995827  11.175900 1.000000 
2455535.016260  11.175998 1.000000 
2455535.036693  11.175817 1.000000 
