2455281.209269  11.167798 1.000000 
2455281.229703  11.167734 1.000000 
2455281.250137  11.167843 1.000000 
2455281.270572  11.167741 1.000000 
2455281.291006  11.167887 1.000000 
2455281.311440  11.168110 1.000000 
2455281.331874  11.168021 1.000000 
2455281.352309  11.168279 1.000000 
2455281.372743  11.168261 1.000000 
2455281.393177  11.168433 1.000000 
2455281.413612  11.168438 1.000000 
2455281.434046  11.168500 1.000000 
2455281.454480  11.168714 1.000000 
2455281.474915  11.168722 1.000000 
2455281.495349  11.168686 1.000000 
2455281.515783  11.168742 1.000000 
2455281.536217  11.168579 1.000000 
2455281.556652  11.168613 1.000000 
2455281.577086  11.168520 1.000000 
2455281.597520  11.168428 1.000000 
2455281.617955  11.168542 1.000000 
2455281.638389  11.168652 1.000000 
2455281.658823  11.168710 1.000000 
2455281.679257  11.168840 1.000000 
2455281.699692  11.168881 1.000000 
2455281.720126  11.168809 1.000000 
2455281.740560  11.168707 1.000000 
2455281.760995  11.168714 1.000000 
2455281.781429  11.168612 1.000000 
2455281.801863  11.168581 1.000000 
2455281.822298  11.168491 1.000000 
2455281.842732  11.168237 1.000000 
2455281.863166  11.168226 1.000000 
2455281.883601  11.168228 1.000000 
2455281.904035  11.168319 1.000000 
2455281.924469  11.168151 1.000000 
2455281.944903  11.168045 1.000000 
2455281.965338  11.168053 1.000000 
2455281.985772  11.168030 1.000000 
2455282.006206  11.168036 1.000000 
2455282.026641  11.167877 1.000000 
2455282.047075  11.167817 1.000000 
2455282.067509  11.167737 1.000000 
2455282.087944  11.167746 1.000000 
2455282.108378  11.167707 1.000000 
2455282.128812  11.167757 1.000000 
2455282.149246  11.167804 1.000000 
2455282.169681  11.167890 1.000000 
2455282.190115  11.167950 1.000000 
2455282.210549  11.167953 1.000000 
2455282.230984  11.168027 1.000000 
2455282.251418  11.168145 1.000000 
2455282.271852  11.168036 1.000000 
2455282.292287  11.168161 1.000000 
2455282.312721  11.167976 1.000000 
2455282.333155  11.168046 1.000000 
2455282.353590  11.168015 1.000000 
2455282.374024  11.167965 1.000000 
2455282.394458  11.167971 1.000000 
2455282.414893  11.167913 1.000000 
2455282.435327  11.167721 1.000000 
2455282.455761  11.167780 1.000000 
2455282.476196  11.167849 1.000000 
2455282.496630  11.168094 1.000000 
2455282.517064  11.168075 1.000000 
2455282.537498  11.168165 1.000000 
2455282.557933  11.168260 1.000000 
2455282.578367  11.168271 1.000000 
2455282.598802  11.168358 1.000000 
2455282.619236  11.168476 1.000000 
2455282.639670  11.168621 1.000000 
2455282.660104  11.168505 1.000000 
2455282.680539  11.168717 1.000000 
2455282.700973  11.168951 1.000000 
2455282.721407  11.168781 1.000000 
2455282.741842  11.168894 1.000000 
2455282.762276  11.168870 1.000000 
2455282.782710  11.168946 1.000000 
2455282.803145  11.168894 1.000000 
2455282.823579  11.168839 1.000000 
2455282.844013  11.168768 1.000000 
2455282.864448  11.168652 1.000000 
2455282.884882  11.168760 1.000000 
2455282.905316  11.168736 1.000000 
2455282.925751  11.168593 1.000000 
2455282.946185  11.168701 1.000000 
2455282.966619  11.168590 1.000000 
2455282.987053  11.170124 1.000000 
2455283.007488  11.175529 1.000000 
2455283.027922  11.176967 1.000000 
2455283.048356  11.177616 1.000000 
2455283.068791  11.177835 1.000000 
2455283.089225  11.178196 1.000000 
2455283.109659  11.178076 1.000000 
2455283.130094  11.178106 1.000000 
2455283.150528  11.177989 1.000000 
2455283.170962  11.177932 1.000000 
2455283.191397  11.177902 1.000000 
2455283.211831  11.177414 1.000000 
2455283.232265  11.177141 1.000000 
2455283.252700  11.176414 1.000000 
2455283.273134  11.172467 1.000000 
2455283.293568  11.168580 1.000000 
2455283.314003  11.168681 1.000000 
2455283.334437  11.168499 1.000000 
2455283.354871  11.168478 1.000000 
2455283.375306  11.168442 1.000000 
2455283.395740  11.168481 1.000000 
2455283.416174  11.168440 1.000000 
2455283.436609  11.168323 1.000000 
2455283.457043  11.168268 1.000000 
2455283.477477  11.168283 1.000000 
2455283.497911  11.168249 1.000000 
2455283.518346  11.168209 1.000000 
2455283.538780  11.168369 1.000000 
2455283.559214  11.168604 1.000000 
2455283.579649  11.168738 1.000000 
2455283.600083  11.168796 1.000000 
2455283.620517  11.168894 1.000000 
2455283.640952  11.168978 1.000000 
2455283.661386  11.168962 1.000000 
2455283.681820  11.168882 1.000000 
2455283.702255  11.168726 1.000000 
2455283.722689  11.168705 1.000000 
2455283.743123  11.168507 1.000000 
2455283.763558  11.168324 1.000000 
2455283.783992  11.168167 1.000000 
2455283.804426  11.168190 1.000000 
2455283.824861  11.167995 1.000000 
2455283.845295  11.168097 1.000000 
2455283.865729  11.168180 1.000000 
2455283.886164  11.168442 1.000000 
2455283.927032  11.168694 1.000000 
2455283.947467  11.168803 1.000000 
2455283.967901  11.168903 1.000000 
2455283.988335  11.168983 1.000000 
2455284.008770  11.168834 1.000000 
2455284.029204  11.168876 1.000000 
2455284.049638  11.168700 1.000000 
2455284.070073  11.168599 1.000000 
2455284.090507  11.168491 1.000000 
2455284.110941  11.168348 1.000000 
2455284.131376  11.168213 1.000000 
2455284.151810  11.168298 1.000000 
2455284.172244  11.168284 1.000000 
2455284.192679  11.168319 1.000000 
2455284.213113  11.168427 1.000000 
2455284.233547  11.168475 1.000000 
2455284.253982  11.168663 1.000000 
2455284.274416  11.168446 1.000000 
2455284.294850  11.168584 1.000000 
2455284.315285  11.168609 1.000000 
2455284.335719  11.168665 1.000000 
2455284.356153  11.168748 1.000000 
2455284.376588  11.168770 1.000000 
2455284.397022  11.168789 1.000000 
2455284.417456  11.168905 1.000000 
2455284.437891  11.168674 1.000000 
2455284.458325  11.168723 1.000000 
2455284.478759  11.168760 1.000000 
2455284.499194  11.168701 1.000000 
2455284.519628  11.168673 1.000000 
2455284.540062  11.168827 1.000000 
2455284.560497  11.168941 1.000000 
2455284.580931  11.168909 1.000000 
2455284.601365  11.168841 1.000000 
2455284.621800  11.168898 1.000000 
2455284.642234  11.168919 1.000000 
2455284.662668  11.168888 1.000000 
2455284.683103  11.168909 1.000000 
2455284.703537  11.168871 1.000000 
2455284.723972  11.169004 1.000000 
2455284.744406  11.169054 1.000000 
2455284.764840  11.169037 1.000000 
2455284.785275  11.169000 1.000000 
2455284.805709  11.168866 1.000000 
2455284.826143  11.168818 1.000000 
2455284.846577  11.168852 1.000000 
2455284.867012  11.168937 1.000000 
2455284.887446  11.168923 1.000000 
2455284.907880  11.168816 1.000000 
2455284.928315  11.168853 1.000000 
2455284.948749  11.168814 1.000000 
2455284.969183  11.168699 1.000000 
2455284.989618  11.168580 1.000000 
2455285.010052  11.168519 1.000000 
2455285.030486  11.168652 1.000000 
2455285.050921  11.168573 1.000000 
2455285.071355  11.168567 1.000000 
