2455495.458754  11.175487 1.000000 
2455495.479186  11.175229 1.000000 
2455495.499619  11.175225 1.000000 
2455495.520051  11.175197 1.000000 
2455495.540484  11.175061 1.000000 
2455495.560917  11.175229 1.000000 
2455495.581349  11.175042 1.000000 
2455495.601782  11.175029 1.000000 
2455495.622215  11.174939 1.000000 
2455495.642648  11.174935 1.000000 
2455495.663080  11.175050 1.000000 
2455495.683513  11.174966 1.000000 
2455495.703945  11.175111 1.000000 
2455495.724378  11.175137 1.000000 
2455495.744811  11.175115 1.000000 
2455495.765244  11.175218 1.000000 
2455495.785676  11.175251 1.000000 
2455495.806109  11.175395 1.000000 
2455495.826542  11.175473 1.000000 
2455495.846974  11.175550 1.000000 
2455495.867407  11.175477 1.000000 
2455495.887839  11.175492 1.000000 
2455495.908272  11.175354 1.000000 
2455495.928705  11.175248 1.000000 
2455495.949137  11.175279 1.000000 
2455495.969570  11.175164 1.000000 
2455495.990003  11.175239 1.000000 
2455496.010435  11.175366 1.000000 
2455496.030868  11.175432 1.000000 
2455496.051301  11.175490 1.000000 
2455496.071733  11.175594 1.000000 
2455496.092166  11.175632 1.000000 
2455496.112599  11.175805 1.000000 
2455496.133031  11.175690 1.000000 
2455496.153464  11.175699 1.000000 
2455496.173897  11.175727 1.000000 
2455496.194329  11.175785 1.000000 
2455496.235195  11.175494 1.000000 
2455496.255627  11.175354 1.000000 
2455496.276060  11.175422 1.000000 
2455496.296493  11.175290 1.000000 
2455496.316925  11.175308 1.000000 
2455496.337358  11.175168 1.000000 
2455496.357791  11.175210 1.000000 
2455496.378223  11.175101 1.000000 
2455496.398656  11.175175 1.000000 
2455496.419089  11.175246 1.000000 
2455496.439521  11.175281 1.000000 
2455496.459954  11.175398 1.000000 
2455496.480386  11.175519 1.000000 
2455496.500819  11.175408 1.000000 
2455496.521252  11.175418 1.000000 
2455496.541684  11.175337 1.000000 
2455496.562117  11.175508 1.000000 
2455496.582550  11.175485 1.000000 
2455496.602982  11.175326 1.000000 
2455496.623415  11.175344 1.000000 
2455496.643848  11.175289 1.000000 
2455496.664280  11.175241 1.000000 
2455496.684713  11.175050 1.000000 
2455496.705146  11.175092 1.000000 
2455496.725578  11.175151 1.000000 
2455496.746011  11.175079 1.000000 
2455496.766444  11.175007 1.000000 
2455496.786876  11.175027 1.000000 
2455496.807309  11.175208 1.000000 
2455496.827741  11.175221 1.000000 
2455496.848174  11.175322 1.000000 
2455496.868607  11.175241 1.000000 
2455496.889039  11.175555 1.000000 
2455496.909472  11.175405 1.000000 
2455496.929905  11.175498 1.000000 
2455496.950337  11.175470 1.000000 
2455496.970770  11.175391 1.000000 
2455496.991203  11.175294 1.000000 
2455497.011635  11.175057 1.000000 
2455497.032068  11.175194 1.000000 
2455497.052501  11.175231 1.000000 
2455497.072933  11.175163 1.000000 
2455497.093366  11.175103 1.000000 
2455497.113799  11.175251 1.000000 
2455497.134231  11.175389 1.000000 
2455497.154664  11.175412 1.000000 
2455497.175097  11.175570 1.000000 
2455497.195529  11.175508 1.000000 
2455497.215962  11.175447 1.000000 
2455497.236394  11.175578 1.000000 
2455497.256827  11.179193 1.000000 
2455497.277260  11.183526 1.000000 
2455497.297693  11.184325 1.000000 
2455497.318125  11.184791 1.000000 
2455497.338558  11.185078 1.000000 
2455497.358990  11.185102 1.000000 
2455497.379423  11.185226 1.000000 
2455497.399856  11.185345 1.000000 
2455497.420288  11.185425 1.000000 
2455497.440721  11.185068 1.000000 
2455497.461154  11.184969 1.000000 
2455497.481586  11.184610 1.000000 
2455497.502019  11.184072 1.000000 
2455497.522452  11.182448 1.000000 
2455497.542884  11.177025 1.000000 
2455497.563317  11.175267 1.000000 
2455497.583750  11.175015 1.000000 
2455497.604182  11.175143 1.000000 
2455497.624615  11.175198 1.000000 
2455497.645048  11.175260 1.000000 
2455497.665480  11.175252 1.000000 
2455497.685913  11.175263 1.000000 
2455497.706345  11.175173 1.000000 
2455497.726778  11.175282 1.000000 
2455497.747211  11.175364 1.000000 
2455497.767644  11.175255 1.000000 
2455497.788076  11.175240 1.000000 
2455497.808509  11.175322 1.000000 
2455497.828941  11.175353 1.000000 
2455497.849374  11.175436 1.000000 
2455497.869807  11.175456 1.000000 
2455497.890239  11.175366 1.000000 
2455497.910672  11.175300 1.000000 
2455497.931105  11.175268 1.000000 
2455497.951537  11.175337 1.000000 
2455497.971970  11.175374 1.000000 
2455497.992403  11.175156 1.000000 
2455498.012835  11.175256 1.000000 
2455498.033268  11.175259 1.000000 
2455498.053701  11.175317 1.000000 
2455498.074133  11.175334 1.000000 
2455498.094566  11.175250 1.000000 
2455498.114998  11.175327 1.000000 
2455498.135431  11.175259 1.000000 
2455498.155864  11.175032 1.000000 
2455498.176296  11.175021 1.000000 
2455498.196729  11.174994 1.000000 
2455498.217162  11.174959 1.000000 
2455498.237594  11.174998 1.000000 
2455498.258027  11.175057 1.000000 
2455498.278460  11.175031 1.000000 
2455498.298892  11.175089 1.000000 
2455498.319325  11.175097 1.000000 
2455498.339758  11.175092 1.000000 
2455498.360190  11.175223 1.000000 
2455498.380623  11.175350 1.000000 
2455498.401055  11.175364 1.000000 
2455498.421488  11.175383 1.000000 
2455498.441921  11.175319 1.000000 
2455498.462353  11.175376 1.000000 
2455498.482786  11.175338 1.000000 
2455498.503219  11.175446 1.000000 
2455498.523651  11.175426 1.000000 
2455498.544084  11.175479 1.000000 
2455498.564517  11.175437 1.000000 
2455498.584949  11.175364 1.000000 
2455498.605382  11.175284 1.000000 
2455498.625814  11.175150 1.000000 
2455498.646247  11.175143 1.000000 
2455498.666680  11.175035 1.000000 
2455498.687112  11.175281 1.000000 
2455498.707545  11.175311 1.000000 
2455498.727978  11.175225 1.000000 
2455498.748410  11.175282 1.000000 
2455498.768843  11.175299 1.000000 
2455498.789276  11.175229 1.000000 
2455498.809708  11.175294 1.000000 
2455498.830141  11.175218 1.000000 
2455498.850574  11.175073 1.000000 
2455498.871006  11.175097 1.000000 
2455498.891439  11.174956 1.000000 
2455498.911871  11.175016 1.000000 
2455498.932304  11.174925 1.000000 
2455498.952737  11.175227 1.000000 
2455498.973169  11.174951 1.000000 
2455498.993602  11.175222 1.000000 
2455499.014035  11.175281 1.000000 
2455499.034467  11.175251 1.000000 
2455499.054900  11.175268 1.000000 
2455499.075333  11.175277 1.000000 
2455499.095765  11.175193 1.000000 
2455499.116198  11.175222 1.000000 
2455499.136631  11.175146 1.000000 
2455499.157063  11.175269 1.000000 
2455499.177496  11.175201 1.000000 
2455499.218361  11.174902 1.000000 
2455499.238794  11.174947 1.000000 
2455499.259226  11.175071 1.000000 
2455499.279659  11.175063 1.000000 
2455499.300092  11.175046 1.000000 
2455499.320524  11.174993 1.000000 
