2455656.165919  11.176414 1.000000 
2455656.186354  11.176341 1.000000 
2455656.206788  11.176336 1.000000 
2455656.227222  11.176254 1.000000 
2455656.247657  11.176395 1.000000 
2455656.268091  11.176414 1.000000 
2455656.288525  11.176391 1.000000 
2455656.308960  11.176430 1.000000 
2455656.329394  11.176541 1.000000 
2455656.349828  11.176656 1.000000 
2455656.370263  11.176553 1.000000 
2455656.390697  11.176536 1.000000 
2455656.411131  11.176593 1.000000 
2455656.431566  11.176530 1.000000 
2455656.452000  11.176528 1.000000 
2455656.472435  11.176423 1.000000 
2455656.492869  11.176454 1.000000 
2455656.513303  11.176670 1.000000 
2455656.533738  11.176658 1.000000 
2455656.554172  11.176574 1.000000 
2455656.574606  11.176681 1.000000 
2455656.595041  11.176713 1.000000 
2455656.615475  11.176782 1.000000 
2455656.635909  11.176824 1.000000 
2455656.656344  11.176726 1.000000 
2455656.676778  11.176799 1.000000 
2455656.697212  11.176852 1.000000 
2455656.717647  11.176843 1.000000 
2455656.738081  11.176870 1.000000 
2455656.758515  11.176719 1.000000 
2455656.778950  11.176574 1.000000 
2455656.799384  11.176509 1.000000 
2455656.819818  11.176403 1.000000 
2455656.840253  11.176421 1.000000 
2455656.860687  11.176528 1.000000 
2455656.881121  11.176374 1.000000 
2455656.901556  11.176322 1.000000 
2455656.921990  11.176346 1.000000 
2455656.942425  11.176350 1.000000 
2455656.962859  11.176580 1.000000 
2455656.983293  11.176450 1.000000 
2455657.003728  11.176374 1.000000 
2455657.024162  11.176410 1.000000 
2455657.044596  11.176265 1.000000 
2455657.065031  11.176244 1.000000 
2455657.085465  11.176383 1.000000 
2455657.105899  11.176364 1.000000 
2455657.126334  11.176478 1.000000 
2455657.146768  11.176603 1.000000 
2455657.167202  11.176563 1.000000 
2455657.187637  11.176795 1.000000 
2455657.208071  11.176769 1.000000 
2455657.228505  11.176736 1.000000 
2455657.248940  11.176747 1.000000 
2455657.269374  11.176547 1.000000 
2455657.289808  11.176518 1.000000 
2455657.310243  11.176553 1.000000 
2455657.330677  11.176567 1.000000 
2455657.351112  11.176764 1.000000 
2455657.371546  11.176621 1.000000 
2455657.391980  11.176776 1.000000 
2455657.412415  11.176821 1.000000 
2455657.432849  11.176970 1.000000 
2455657.453283  11.177082 1.000000 
2455657.473718  11.177094 1.000000 
2455657.494152  11.177018 1.000000 
2455657.514586  11.176974 1.000000 
2455657.535021  11.176836 1.000000 
2455657.555455  11.176697 1.000000 
2455657.575889  11.176665 1.000000 
2455657.596324  11.176623 1.000000 
2455657.616758  11.176536 1.000000 
2455657.657627  11.176575 1.000000 
2455657.678061  11.176639 1.000000 
2455657.698495  11.176542 1.000000 
2455657.718930  11.176522 1.000000 
2455657.739364  11.176521 1.000000 
2455657.759799  11.176455 1.000000 
2455657.780233  11.176594 1.000000 
2455657.800667  11.176696 1.000000 
2455657.821102  11.176697 1.000000 
2455657.841536  11.176808 1.000000 
2455657.861970  11.176684 1.000000 
2455657.882405  11.176736 1.000000 
2455657.902839  11.176654 1.000000 
2455657.923273  11.176518 1.000000 
2455657.943708  11.177666 1.000000 
2455657.964142  11.183254 1.000000 
2455657.984577  11.185184 1.000000 
2455658.005011  11.185874 1.000000 
2455658.025445  11.186265 1.000000 
2455658.045880  11.186481 1.000000 
2455658.066314  11.186596 1.000000 
2455658.086748  11.186750 1.000000 
2455658.107183  11.186786 1.000000 
2455658.127617  11.186669 1.000000 
2455658.148051  11.186534 1.000000 
2455658.168486  11.186210 1.000000 
2455658.188920  11.185874 1.000000 
2455658.209354  11.184953 1.000000 
2455658.229789  11.181252 1.000000 
2455658.250223  11.176939 1.000000 
2455658.270658  11.176530 1.000000 
2455658.291092  11.176335 1.000000 
2455658.311526  11.176249 1.000000 
2455658.331961  11.176283 1.000000 
2455658.352395  11.176149 1.000000 
2455658.372830  11.176300 1.000000 
2455658.393264  11.176545 1.000000 
2455658.413698  11.176418 1.000000 
2455658.434133  11.176521 1.000000 
2455658.454567  11.176479 1.000000 
2455658.475001  11.176582 1.000000 
2455658.495436  11.176516 1.000000 
2455658.515870  11.176518 1.000000 
2455658.536304  11.176503 1.000000 
2455658.577173  11.176614 1.000000 
2455658.597607  11.176655 1.000000 
2455658.618042  11.176443 1.000000 
2455658.638476  11.176576 1.000000 
2455658.658910  11.176531 1.000000 
2455658.679345  11.176452 1.000000 
2455658.699779  11.176554 1.000000 
2455658.720214  11.176573 1.000000 
2455658.740648  11.176425 1.000000 
2455658.761082  11.176471 1.000000 
2455658.781517  11.176268 1.000000 
2455658.801951  11.176588 1.000000 
2455658.822385  11.176490 1.000000 
2455658.842820  11.176548 1.000000 
2455658.863254  11.176551 1.000000 
2455658.883689  11.176707 1.000000 
2455658.904123  11.176445 1.000000 
2455658.924557  11.176421 1.000000 
2455658.944992  11.176319 1.000000 
2455658.965426  11.176202 1.000000 
2455658.985860  11.176105 1.000000 
2455659.006295  11.176342 1.000000 
2455659.026729  11.176331 1.000000 
2455659.047163  11.176383 1.000000 
2455659.067598  11.176544 1.000000 
2455659.088032  11.176322 1.000000 
2455659.108467  11.176477 1.000000 
2455659.128901  11.176578 1.000000 
2455659.149335  11.176569 1.000000 
2455659.169770  11.176557 1.000000 
2455659.190204  11.176421 1.000000 
2455659.210638  11.176412 1.000000 
2455659.231073  11.176502 1.000000 
2455659.251507  11.176446 1.000000 
2455659.271942  11.176523 1.000000 
2455659.292376  11.176603 1.000000 
2455659.312810  11.176651 1.000000 
2455659.333245  11.176679 1.000000 
2455659.353679  11.176713 1.000000 
2455659.374114  11.176809 1.000000 
2455659.394548  11.176718 1.000000 
2455659.414982  11.176691 1.000000 
2455659.435417  11.176731 1.000000 
2455659.455851  11.176811 1.000000 
2455659.476285  11.176765 1.000000 
2455659.496720  11.176748 1.000000 
2455659.517154  11.176775 1.000000 
2455659.537588  11.176726 1.000000 
2455659.558023  11.176612 1.000000 
2455659.578457  11.176379 1.000000 
2455659.598892  11.176393 1.000000 
2455659.619326  11.176280 1.000000 
2455659.639760  11.175851 1.000000 
2455659.660195  11.176214 1.000000 
2455659.680629  11.176030 1.000000 
2455659.701064  11.176102 1.000000 
2455659.721498  11.176226 1.000000 
2455659.741932  11.176220 1.000000 
2455659.762367  11.176334 1.000000 
2455659.782801  11.176424 1.000000 
2455659.803235  11.176530 1.000000 
2455659.823670  11.176474 1.000000 
2455659.844104  11.176504 1.000000 
2455659.864539  11.176335 1.000000 
2455659.884973  11.176251 1.000000 
2455659.905407  11.176334 1.000000 
2455659.925842  11.176195 1.000000 
2455659.946276  11.176374 1.000000 
2455659.966710  11.176321 1.000000 
2455659.987145  11.176220 1.000000 
2455660.007579  11.176267 1.000000 
2455660.028014  11.176250 1.000000 
