2455816.860497  11.176081 1.000000 
2455816.880930  11.176239 1.000000 
2455816.901363  11.176373 1.000000 
2455816.942230  11.176291 1.000000 
2455816.962663  11.176508 1.000000 
2455816.983096  11.176502 1.000000 
2455817.003530  11.176445 1.000000 
2455817.023963  11.176479 1.000000 
2455817.044396  11.176544 1.000000 
2455817.064830  11.176652 1.000000 
2455817.085263  11.176846 1.000000 
2455817.105696  11.176530 1.000000 
2455817.126129  11.176591 1.000000 
2455817.146563  11.176661 1.000000 
2455817.166996  11.176697 1.000000 
2455817.187429  11.176864 1.000000 
2455817.207863  11.176956 1.000000 
2455817.228296  11.176979 1.000000 
2455817.248729  11.177064 1.000000 
2455817.269162  11.177112 1.000000 
2455817.289596  11.177250 1.000000 
2455817.310029  11.177226 1.000000 
2455817.330462  11.177172 1.000000 
2455817.350895  11.177191 1.000000 
2455817.371329  11.177126 1.000000 
2455817.391762  11.177210 1.000000 
2455817.412195  11.177250 1.000000 
2455817.432629  11.177113 1.000000 
2455817.453062  11.177132 1.000000 
2455817.473495  11.177203 1.000000 
2455817.493928  11.177068 1.000000 
2455817.514362  11.177163 1.000000 
2455817.534795  11.177100 1.000000 
2455817.555228  11.177153 1.000000 
2455817.575662  11.177003 1.000000 
2455817.596095  11.177064 1.000000 
2455817.616528  11.176909 1.000000 
2455817.636962  11.176819 1.000000 
2455817.657395  11.176795 1.000000 
2455817.677828  11.176730 1.000000 
2455817.698261  11.176850 1.000000 
2455817.718695  11.176903 1.000000 
2455817.739128  11.176696 1.000000 
2455817.759561  11.176902 1.000000 
2455817.779994  11.176762 1.000000 
2455817.800428  11.176764 1.000000 
2455817.820861  11.176692 1.000000 
2455817.841294  11.176695 1.000000 
2455817.861727  11.176725 1.000000 
2455817.882161  11.176610 1.000000 
2455817.902594  11.176531 1.000000 
2455817.923027  11.176511 1.000000 
2455817.943460  11.176549 1.000000 
2455817.963894  11.176468 1.000000 
2455817.984327  11.176526 1.000000 
2455818.004760  11.176478 1.000000 
2455818.025194  11.176371 1.000000 
2455818.045627  11.176364 1.000000 
2455818.066060  11.176484 1.000000 
2455818.086494  11.176520 1.000000 
2455818.106927  11.176653 1.000000 
2455818.127360  11.176679 1.000000 
2455818.147793  11.176797 1.000000 
2455818.168227  11.177085 1.000000 
2455818.188660  11.176915 1.000000 
2455818.209093  11.176859 1.000000 
2455818.229526  11.176760 1.000000 
2455818.249960  11.176633 1.000000 
2455818.270393  11.176501 1.000000 
2455818.290826  11.176386 1.000000 
2455818.311259  11.176260 1.000000 
2455818.331693  11.176388 1.000000 
2455818.352126  11.176436 1.000000 
2455818.372559  11.176423 1.000000 
2455818.392992  11.176702 1.000000 
2455818.413426  11.176693 1.000000 
2455818.433859  11.176864 1.000000 
2455818.454292  11.177049 1.000000 
2455818.474725  11.177237 1.000000 
2455818.495159  11.177428 1.000000 
2455818.515592  11.177458 1.000000 
2455818.536025  11.177384 1.000000 
2455818.556459  11.177399 1.000000 
2455818.576892  11.177450 1.000000 
2455818.597325  11.177366 1.000000 
2455818.617758  11.177316 1.000000 
2455818.638192  11.178044 1.000000 
2455818.658625  11.183119 1.000000 
2455818.679058  11.185883 1.000000 
2455818.699491  11.186663 1.000000 
2455818.719925  11.186995 1.000000 
2455818.740358  11.187253 1.000000 
2455818.760791  11.187628 1.000000 
2455818.781224  11.187434 1.000000 
2455818.801658  11.187417 1.000000 
2455818.822091  11.187256 1.000000 
2455818.842524  11.186978 1.000000 
2455818.862957  11.186683 1.000000 
2455818.883391  11.186321 1.000000 
2455818.903824  11.185675 1.000000 
2455818.924257  11.183096 1.000000 
2455818.944690  11.178072 1.000000 
2455818.965124  11.177394 1.000000 
2455818.985557  11.177497 1.000000 
2455819.005990  11.177414 1.000000 
2455819.026423  11.177456 1.000000 
2455819.046857  11.177331 1.000000 
2455819.067290  11.177232 1.000000 
2455819.087723  11.177230 1.000000 
2455819.108156  11.177208 1.000000 
2455819.128590  11.177275 1.000000 
2455819.149023  11.177135 1.000000 
2455819.169456  11.177149 1.000000 
2455819.189889  11.177203 1.000000 
2455819.210323  11.177077 1.000000 
2455819.230756  11.176974 1.000000 
2455819.251189  11.176762 1.000000 
2455819.271622  11.176770 1.000000 
2455819.292056  11.176705 1.000000 
2455819.312489  11.176756 1.000000 
2455819.332922  11.176863 1.000000 
2455819.353355  11.176936 1.000000 
2455819.373789  11.176911 1.000000 
2455819.394222  11.176839 1.000000 
2455819.414655  11.176980 1.000000 
2455819.435088  11.177059 1.000000 
2455819.455522  11.177033 1.000000 
2455819.475955  11.177136 1.000000 
2455819.496388  11.176983 1.000000 
2455819.516821  11.176928 1.000000 
2455819.537255  11.176864 1.000000 
2455819.557688  11.176768 1.000000 
2455819.578121  11.176758 1.000000 
2455819.598554  11.176690 1.000000 
2455819.618988  11.176486 1.000000 
2455819.639421  11.176727 1.000000 
2455819.659854  11.176922 1.000000 
2455819.680287  11.177153 1.000000 
2455819.700721  11.177259 1.000000 
2455819.721154  11.177452 1.000000 
2455819.741587  11.177556 1.000000 
2455819.762020  11.177490 1.000000 
2455819.782454  11.177574 1.000000 
2455819.802887  11.177603 1.000000 
2455819.823320  11.177737 1.000000 
2455819.843753  11.177617 1.000000 
2455819.864187  11.177703 1.000000 
2455819.884620  11.177649 1.000000 
2455819.925486  11.177710 1.000000 
2455819.945920  11.177754 1.000000 
2455819.966353  11.177710 1.000000 
2455819.986786  11.177657 1.000000 
2455820.007219  11.177798 1.000000 
2455820.027653  11.177732 1.000000 
2455820.048086  11.177695 1.000000 
2455820.068519  11.177685 1.000000 
2455820.088952  11.177780 1.000000 
2455820.109386  11.177737 1.000000 
2455820.129819  11.177790 1.000000 
2455820.150252  11.177627 1.000000 
2455820.170685  11.177559 1.000000 
2455820.191118  11.177554 1.000000 
2455820.211552  11.177533 1.000000 
2455820.231985  11.177361 1.000000 
2455820.252418  11.177230 1.000000 
2455820.272851  11.177246 1.000000 
2455820.293285  11.177056 1.000000 
2455820.313718  11.177065 1.000000 
2455820.334151  11.176912 1.000000 
2455820.354584  11.176814 1.000000 
2455820.375018  11.176801 1.000000 
2455820.395451  11.176802 1.000000 
2455820.415884  11.176775 1.000000 
2455820.436317  11.176713 1.000000 
2455820.456751  11.176716 1.000000 
2455820.477184  11.176693 1.000000 
2455820.497617  11.176668 1.000000 
2455820.518050  11.176859 1.000000 
2455820.538483  11.176868 1.000000 
2455820.558916  11.176882 1.000000 
2455820.579350  11.176887 1.000000 
2455820.599783  11.176854 1.000000 
2455820.620216  11.176787 1.000000 
2455820.640649  11.176802 1.000000 
2455820.661083  11.176591 1.000000 
2455820.681516  11.176631 1.000000 
2455820.701949  11.176554 1.000000 
2455820.722382  11.176476 1.000000 
