2455191.934892  11.168227 1.000000 
2455191.955325  11.168177 1.000000 
2455191.975758  11.168279 1.000000 
2455191.996191  11.168152 1.000000 
2455192.016624  11.168244 1.000000 
2455192.037057  11.168295 1.000000 
2455192.057490  11.168467 1.000000 
2455192.077923  11.168418 1.000000 
2455192.098356  11.168406 1.000000 
2455192.118788  11.168428 1.000000 
2455192.139221  11.168545 1.000000 
2455192.159654  11.168561 1.000000 
2455192.180087  11.168365 1.000000 
2455192.200520  11.168524 1.000000 
2455192.220953  11.168672 1.000000 
2455192.241385  11.168648 1.000000 
2455192.261818  11.168723 1.000000 
2455192.282251  11.168768 1.000000 
2455192.302684  11.168694 1.000000 
2455192.323117  11.168826 1.000000 
2455192.343550  11.168727 1.000000 
2455192.363983  11.168828 1.000000 
2455192.384416  11.168679 1.000000 
2455192.404848  11.168688 1.000000 
2455192.425281  11.168530 1.000000 
2455192.445714  11.168765 1.000000 
2455192.466147  11.168713 1.000000 
2455192.486580  11.168519 1.000000 
2455192.507013  11.168356 1.000000 
2455192.527446  11.168360 1.000000 
2455192.547879  11.168434 1.000000 
2455192.568311  11.168456 1.000000 
2455192.588744  11.168596 1.000000 
2455192.609177  11.168529 1.000000 
2455192.629610  11.168335 1.000000 
2455192.650043  11.168586 1.000000 
2455192.670476  11.168472 1.000000 
2455192.690909  11.168803 1.000000 
2455192.711342  11.168828 1.000000 
2455192.731774  11.168448 1.000000 
2455192.752207  11.168807 1.000000 
2455192.772640  11.169020 1.000000 
2455192.793073  11.168990 1.000000 
2455192.813506  11.168952 1.000000 
2455192.833939  11.168880 1.000000 
2455192.854372  11.168751 1.000000 
2455192.874805  11.168917 1.000000 
2455192.895237  11.168523 1.000000 
2455192.915670  11.168572 1.000000 
2455192.936103  11.168604 1.000000 
2455192.956536  11.168415 1.000000 
2455192.976969  11.168408 1.000000 
2455192.997402  11.168619 1.000000 
2455193.017835  11.168489 1.000000 
2455193.038268  11.168520 1.000000 
2455193.058700  11.168656 1.000000 
2455193.079133  11.168623 1.000000 
2455193.099566  11.168600 1.000000 
2455193.119999  11.168555 1.000000 
2455193.140432  11.168431 1.000000 
2455193.160865  11.168515 1.000000 
2455193.181298  11.168476 1.000000 
2455193.201731  11.168424 1.000000 
2455193.222163  11.168644 1.000000 
2455193.242596  11.168670 1.000000 
2455193.263029  11.168711 1.000000 
2455193.283462  11.168704 1.000000 
2455193.303895  11.168946 1.000000 
2455193.324328  11.168869 1.000000 
2455193.344761  11.168877 1.000000 
2455193.365194  11.168711 1.000000 
2455193.385627  11.168908 1.000000 
2455193.406059  11.168804 1.000000 
2455193.426492  11.168694 1.000000 
2455193.446925  11.168509 1.000000 
2455193.467358  11.168633 1.000000 
2455193.487791  11.168545 1.000000 
2455193.508224  11.168570 1.000000 
2455193.528657  11.168581 1.000000 
2455193.549090  11.168486 1.000000 
2455193.569523  11.168448 1.000000 
2455193.589955  11.168559 1.000000 
2455193.610388  11.168466 1.000000 
2455193.630821  11.168635 1.000000 
2455193.651254  11.168654 1.000000 
2455193.671687  11.168719 1.000000 
2455193.692120  11.168600 1.000000 
2455193.712553  11.170569 1.000000 
2455193.732986  11.176033 1.000000 
2455193.753419  11.177353 1.000000 
2455193.773851  11.177878 1.000000 
2455193.794284  11.178259 1.000000 
2455193.814717  11.178450 1.000000 
2455193.835150  11.178581 1.000000 
2455193.855583  11.178724 1.000000 
2455193.876016  11.178679 1.000000 
2455193.896449  11.178612 1.000000 
2455193.916882  11.178389 1.000000 
2455193.937315  11.178317 1.000000 
2455193.957747  11.177731 1.000000 
2455193.978180  11.176867 1.000000 
2455193.998613  11.172401 1.000000 
2455194.019046  11.168710 1.000000 
2455194.039479  11.168580 1.000000 
2455194.059912  11.168332 1.000000 
2455194.080345  11.168252 1.000000 
2455194.100778  11.168205 1.000000 
2455194.121211  11.168247 1.000000 
2455194.141643  11.168067 1.000000 
2455194.162076  11.168280 1.000000 
2455194.182509  11.168167 1.000000 
2455194.202942  11.168018 1.000000 
2455194.223375  11.168400 1.000000 
2455194.243808  11.168217 1.000000 
2455194.264241  11.168533 1.000000 
2455194.284674  11.168725 1.000000 
2455194.305107  11.168654 1.000000 
2455194.325539  11.168710 1.000000 
2455194.345972  11.168721 1.000000 
2455194.386838  11.168858 1.000000 
2455194.407271  11.168581 1.000000 
2455194.427704  11.168619 1.000000 
2455194.448137  11.168572 1.000000 
2455194.468570  11.168772 1.000000 
2455194.489003  11.168507 1.000000 
2455194.509436  11.168719 1.000000 
2455194.529868  11.168639 1.000000 
2455194.550302  11.168555 1.000000 
2455194.570734  11.168576 1.000000 
2455194.591167  11.168587 1.000000 
2455194.611600  11.168709 1.000000 
2455194.632033  11.168652 1.000000 
2455194.652466  11.168906 1.000000 
2455194.672899  11.168622 1.000000 
2455194.693332  11.168695 1.000000 
2455194.713765  11.168637 1.000000 
2455194.734198  11.168719 1.000000 
2455194.754630  11.168661 1.000000 
2455194.775063  11.168629 1.000000 
2455194.795496  11.168599 1.000000 
2455194.815929  11.168669 1.000000 
2455194.836362  11.168644 1.000000 
2455194.856795  11.168795 1.000000 
2455194.877228  11.168680 1.000000 
2455194.897661  11.168620 1.000000 
2455194.918094  11.168452 1.000000 
2455194.938527  11.168526 1.000000 
2455194.958959  11.168466 1.000000 
2455194.979393  11.168398 1.000000 
2455194.999825  11.168424 1.000000 
2455195.020258  11.168478 1.000000 
2455195.040691  11.168323 1.000000 
2455195.061124  11.168328 1.000000 
2455195.081557  11.168567 1.000000 
2455195.101990  11.168477 1.000000 
2455195.122423  11.168303 1.000000 
2455195.142856  11.168334 1.000000 
2455195.163289  11.168390 1.000000 
2455195.183721  11.168618 1.000000 
2455195.204154  11.168465 1.000000 
2455195.224587  11.168501 1.000000 
2455195.245020  11.168690 1.000000 
2455195.265453  11.168711 1.000000 
2455195.285886  11.168768 1.000000 
2455195.306319  11.168532 1.000000 
2455195.326752  11.168495 1.000000 
2455195.347185  11.168513 1.000000 
2455195.367618  11.168317 1.000000 
2455195.388051  11.168456 1.000000 
2455195.408484  11.168628 1.000000 
2455195.428916  11.168476 1.000000 
2455195.449349  11.168419 1.000000 
2455195.469782  11.168327 1.000000 
2455195.490215  11.168583 1.000000 
2455195.510648  11.168543 1.000000 
2455195.531081  11.168555 1.000000 
2455195.551514  11.168606 1.000000 
2455195.571947  11.168413 1.000000 
2455195.592380  11.168421 1.000000 
2455195.612813  11.168601 1.000000 
2455195.633246  11.168696 1.000000 
2455195.653679  11.168816 1.000000 
2455195.674111  11.168732 1.000000 
2455195.694544  11.168675 1.000000 
2455195.714977  11.168758 1.000000 
2455195.735410  11.168724 1.000000 
2455195.755843  11.168914 1.000000 
2455195.776276  11.168724 1.000000 
2455195.796709  11.168809 1.000000 
