2455977.544638  11.177067 1.000000 
2455977.565071  11.177088 1.000000 
2455977.585505  11.177196 1.000000 
2455977.605938  11.177238 1.000000 
2455977.626372  11.177378 1.000000 
2455977.646806  11.177394 1.000000 
2455977.667239  11.177500 1.000000 
2455977.687673  11.177505 1.000000 
2455977.708106  11.177498 1.000000 
2455977.728540  11.177566 1.000000 
2455977.748973  11.177623 1.000000 
2455977.769407  11.177587 1.000000 
2455977.789840  11.177696 1.000000 
2455977.810274  11.177687 1.000000 
2455977.830708  11.177763 1.000000 
2455977.851141  11.177693 1.000000 
2455977.871575  11.177791 1.000000 
2455977.892008  11.177878 1.000000 
2455977.912442  11.177964 1.000000 
2455977.932875  11.178179 1.000000 
2455977.953309  11.178215 1.000000 
2455977.973743  11.178145 1.000000 
2455977.994176  11.178206 1.000000 
2455978.014610  11.178235 1.000000 
2455978.035043  11.178294 1.000000 
2455978.055477  11.178262 1.000000 
2455978.075910  11.178284 1.000000 
2455978.096344  11.178360 1.000000 
2455978.116778  11.178377 1.000000 
2455978.137211  11.178345 1.000000 
2455978.157645  11.178478 1.000000 
2455978.178078  11.178219 1.000000 
2455978.198512  11.178107 1.000000 
2455978.218945  11.178224 1.000000 
2455978.239379  11.177968 1.000000 
2455978.259812  11.177842 1.000000 
2455978.280246  11.177572 1.000000 
2455978.300680  11.177420 1.000000 
2455978.321113  11.177250 1.000000 
2455978.341547  11.177043 1.000000 
2455978.361980  11.176962 1.000000 
2455978.382414  11.176943 1.000000 
2455978.402848  11.177024 1.000000 
2455978.423281  11.176953 1.000000 
2455978.443715  11.176945 1.000000 
2455978.464148  11.177034 1.000000 
2455978.484582  11.177142 1.000000 
2455978.505015  11.177314 1.000000 
2455978.525449  11.177386 1.000000 
2455978.545883  11.177479 1.000000 
2455978.566316  11.177369 1.000000 
2455978.586750  11.177271 1.000000 
2455978.607183  11.177416 1.000000 
2455978.627617  11.177119 1.000000 
2455978.648050  11.176991 1.000000 
2455978.668484  11.176751 1.000000 
2455978.688918  11.176657 1.000000 
2455978.709351  11.176509 1.000000 
2455978.729785  11.176678 1.000000 
2455978.750218  11.176873 1.000000 
2455978.770652  11.176753 1.000000 
2455978.791085  11.176832 1.000000 
2455978.811519  11.176852 1.000000 
2455978.831953  11.176882 1.000000 
2455978.852386  11.177024 1.000000 
2455978.872820  11.177206 1.000000 
2455978.893253  11.177161 1.000000 
2455978.913687  11.177365 1.000000 
2455978.934121  11.177413 1.000000 
2455978.954554  11.177584 1.000000 
2455978.974988  11.177711 1.000000 
2455978.995421  11.177681 1.000000 
2455979.015855  11.177758 1.000000 
2455979.036288  11.177611 1.000000 
2455979.056722  11.177771 1.000000 
2455979.077156  11.177798 1.000000 
2455979.097589  11.177645 1.000000 
2455979.118023  11.177896 1.000000 
2455979.138456  11.177893 1.000000 
2455979.158890  11.177893 1.000000 
2455979.179324  11.178092 1.000000 
2455979.199757  11.177896 1.000000 
2455979.220191  11.178084 1.000000 
2455979.240624  11.178094 1.000000 
2455979.261058  11.178074 1.000000 
2455979.281491  11.177982 1.000000 
2455979.301925  11.178001 1.000000 
2455979.322359  11.178048 1.000000 
2455979.342792  11.180458 1.000000 
2455979.363226  11.185655 1.000000 
2455979.383660  11.186888 1.000000 
2455979.404093  11.187312 1.000000 
2455979.424527  11.187827 1.000000 
2455979.444960  11.187880 1.000000 
2455979.465394  11.188049 1.000000 
2455979.485827  11.188183 1.000000 
2455979.506261  11.188019 1.000000 
2455979.526695  11.187852 1.000000 
2455979.547128  11.187704 1.000000 
2455979.567562  11.187265 1.000000 
2455979.587995  11.186874 1.000000 
2455979.608429  11.185769 1.000000 
2455979.628863  11.180982 1.000000 
2455979.649296  11.177682 1.000000 
2455979.669730  11.177547 1.000000 
2455979.690163  11.177333 1.000000 
2455979.710597  11.177437 1.000000 
2455979.731031  11.177419 1.000000 
2455979.751464  11.177218 1.000000 
2455979.771898  11.177098 1.000000 
2455979.792331  11.176991 1.000000 
2455979.833198  11.176797 1.000000 
2455979.853632  11.176809 1.000000 
2455979.874066  11.176790 1.000000 
2455979.894499  11.176798 1.000000 
2455979.914933  11.176806 1.000000 
2455979.935367  11.176764 1.000000 
2455979.955800  11.176753 1.000000 
2455979.976234  11.176729 1.000000 
2455979.996667  11.176695 1.000000 
2455980.017101  11.176865 1.000000 
2455980.037535  11.176858 1.000000 
2455980.057968  11.176968 1.000000 
2455980.078402  11.177110 1.000000 
2455980.098835  11.177132 1.000000 
2455980.119269  11.177340 1.000000 
2455980.139702  11.177462 1.000000 
2455980.160136  11.177606 1.000000 
2455980.180570  11.177740 1.000000 
2455980.201003  11.177802 1.000000 
2455980.221437  11.177881 1.000000 
2455980.241871  11.177948 1.000000 
2455980.262304  11.178118 1.000000 
2455980.282738  11.178115 1.000000 
2455980.303171  11.178094 1.000000 
2455980.323605  11.177886 1.000000 
2455980.344038  11.177924 1.000000 
2455980.364472  11.177982 1.000000 
2455980.384906  11.177890 1.000000 
2455980.405339  11.178024 1.000000 
2455980.425773  11.178029 1.000000 
2455980.446207  11.178122 1.000000 
2455980.466640  11.178119 1.000000 
2455980.487074  11.178240 1.000000 
2455980.507507  11.178363 1.000000 
2455980.527941  11.178183 1.000000 
2455980.548375  11.178183 1.000000 
2455980.568808  11.178144 1.000000 
2455980.589242  11.178212 1.000000 
2455980.609676  11.178244 1.000000 
2455980.630109  11.178154 1.000000 
2455980.650543  11.178036 1.000000 
2455980.670976  11.177848 1.000000 
2455980.691410  11.177911 1.000000 
2455980.711844  11.177802 1.000000 
2455980.732277  11.177712 1.000000 
2455980.752711  11.177647 1.000000 
2455980.773144  11.177498 1.000000 
2455980.793578  11.177492 1.000000 
2455980.814012  11.177486 1.000000 
2455980.834445  11.177343 1.000000 
2455980.854879  11.177276 1.000000 
2455980.875313  11.177149 1.000000 
2455980.895746  11.177102 1.000000 
2455980.916180  11.176957 1.000000 
2455980.936613  11.177090 1.000000 
2455980.957047  11.177051 1.000000 
2455980.977481  11.177000 1.000000 
2455980.997914  11.177172 1.000000 
2455981.018348  11.177155 1.000000 
2455981.038781  11.177038 1.000000 
2455981.059215  11.176844 1.000000 
2455981.079649  11.176729 1.000000 
2455981.100082  11.176700 1.000000 
2455981.120516  11.176606 1.000000 
2455981.140950  11.176565 1.000000 
2455981.161383  11.176537 1.000000 
2455981.181817  11.176699 1.000000 
2455981.202251  11.176781 1.000000 
2455981.222684  11.176745 1.000000 
2455981.243118  11.176894 1.000000 
2455981.263551  11.177023 1.000000 
2455981.283985  11.177034 1.000000 
2455981.304419  11.177016 1.000000 
2455981.324852  11.177105 1.000000 
2455981.345286  11.177022 1.000000 
2455981.365719  11.177191 1.000000 
2455981.386153  11.177110 1.000000 
2455981.406587  11.177438 1.000000 
2455981.427020  11.177567 1.000000 
