2455602.588103  11.175423 1.000000 
2455602.608537  11.175313 1.000000 
2455602.628970  11.175390 1.000000 
2455602.649404  11.175512 1.000000 
2455602.669837  11.175457 1.000000 
2455602.690271  11.175416 1.000000 
2455602.710704  11.175399 1.000000 
2455602.731138  11.175420 1.000000 
2455602.751571  11.175584 1.000000 
2455602.772005  11.175452 1.000000 
2455602.792438  11.175621 1.000000 
2455602.812872  11.175485 1.000000 
2455602.833305  11.175423 1.000000 
2455602.853739  11.175348 1.000000 
2455602.874172  11.175308 1.000000 
2455602.894606  11.175262 1.000000 
2455602.915039  11.175147 1.000000 
2455602.935473  11.175094 1.000000 
2455602.955906  11.175066 1.000000 
2455602.976340  11.174867 1.000000 
2455602.996773  11.174828 1.000000 
2455603.017207  11.174689 1.000000 
2455603.037640  11.174751 1.000000 
2455603.058074  11.174798 1.000000 
2455603.078507  11.174949 1.000000 
2455603.098941  11.174999 1.000000 
2455603.119375  11.174937 1.000000 
2455603.139808  11.174927 1.000000 
2455603.160241  11.174858 1.000000 
2455603.180675  11.174913 1.000000 
2455603.201109  11.174812 1.000000 
2455603.221542  11.174613 1.000000 
2455603.241976  11.174670 1.000000 
2455603.262409  11.174587 1.000000 
2455603.282843  11.174632 1.000000 
2455603.303276  11.174784 1.000000 
2455603.323710  11.174921 1.000000 
2455603.344143  11.174922 1.000000 
2455603.364577  11.175069 1.000000 
2455603.385010  11.175161 1.000000 
2455603.405444  11.175180 1.000000 
2455603.425877  11.175350 1.000000 
2455603.446311  11.175385 1.000000 
2455603.466744  11.175352 1.000000 
2455603.487178  11.175375 1.000000 
2455603.507611  11.175302 1.000000 
2455603.528045  11.175255 1.000000 
2455603.548478  11.175281 1.000000 
2455603.568912  11.175190 1.000000 
2455603.589345  11.175108 1.000000 
2455603.609779  11.175028 1.000000 
2455603.630213  11.175112 1.000000 
2455603.650646  11.175037 1.000000 
2455603.671080  11.175108 1.000000 
2455603.691513  11.175052 1.000000 
2455603.711947  11.175076 1.000000 
2455603.732380  11.175151 1.000000 
2455603.752814  11.175056 1.000000 
2455603.773247  11.175122 1.000000 
2455603.793681  11.174947 1.000000 
2455603.814114  11.175128 1.000000 
2455603.834548  11.175251 1.000000 
2455603.854981  11.175271 1.000000 
2455603.875415  11.175508 1.000000 
2455603.895848  11.175442 1.000000 
2455603.916282  11.175663 1.000000 
2455603.936715  11.175642 1.000000 
2455603.957149  11.175478 1.000000 
2455603.977582  11.175388 1.000000 
2455603.998016  11.175411 1.000000 
2455604.018450  11.175372 1.000000 
2455604.038883  11.175351 1.000000 
2455604.059317  11.175275 1.000000 
2455604.079750  11.175076 1.000000 
2455604.100184  11.175052 1.000000 
2455604.120617  11.174968 1.000000 
2455604.141051  11.174712 1.000000 
2455604.161484  11.174657 1.000000 
2455604.181918  11.174695 1.000000 
2455604.202351  11.174647 1.000000 
2455604.222785  11.174724 1.000000 
2455604.243219  11.174828 1.000000 
2455604.263652  11.174990 1.000000 
2455604.284086  11.174957 1.000000 
2455604.304519  11.175267 1.000000 
2455604.324952  11.175398 1.000000 
2455604.345386  11.175388 1.000000 
2455604.365820  11.175334 1.000000 
2455604.386253  11.178697 1.000000 
2455604.406687  11.183210 1.000000 
2455604.427120  11.184032 1.000000 
2455604.447554  11.184330 1.000000 
2455604.467987  11.184544 1.000000 
2455604.488421  11.184644 1.000000 
2455604.508855  11.184680 1.000000 
2455604.529288  11.184698 1.000000 
2455604.549722  11.184565 1.000000 
2455604.570155  11.184306 1.000000 
2455604.590589  11.184088 1.000000 
2455604.611022  11.183755 1.000000 
2455604.631456  11.183406 1.000000 
2455604.651889  11.182274 1.000000 
2455604.672323  11.177239 1.000000 
2455604.692756  11.174877 1.000000 
2455604.713190  11.174860 1.000000 
2455604.733623  11.174911 1.000000 
2455604.754057  11.174900 1.000000 
2455604.774490  11.174940 1.000000 
2455604.794924  11.174827 1.000000 
2455604.815358  11.174825 1.000000 
2455604.835791  11.174814 1.000000 
2455604.856225  11.174888 1.000000 
2455604.876658  11.174726 1.000000 
2455604.917525  11.174707 1.000000 
2455604.937959  11.174799 1.000000 
2455604.958392  11.174995 1.000000 
2455604.978826  11.175080 1.000000 
2455604.999260  11.175341 1.000000 
2455605.019693  11.175419 1.000000 
2455605.040127  11.175638 1.000000 
2455605.060560  11.175710 1.000000 
2455605.080994  11.175764 1.000000 
2455605.101427  11.175771 1.000000 
2455605.121861  11.175504 1.000000 
2455605.142294  11.175317 1.000000 
2455605.162728  11.175251 1.000000 
2455605.183161  11.175104 1.000000 
2455605.203595  11.174985 1.000000 
2455605.224029  11.174915 1.000000 
2455605.244462  11.174826 1.000000 
2455605.264896  11.174609 1.000000 
2455605.285329  11.174780 1.000000 
2455605.305763  11.174778 1.000000 
2455605.326197  11.175083 1.000000 
2455605.346630  11.175147 1.000000 
2455605.367064  11.175248 1.000000 
2455605.387497  11.175333 1.000000 
2455605.407931  11.175475 1.000000 
2455605.428364  11.175651 1.000000 
2455605.448798  11.175375 1.000000 
2455605.469231  11.175539 1.000000 
2455605.489665  11.175655 1.000000 
2455605.510099  11.175452 1.000000 
2455605.530532  11.175407 1.000000 
2455605.550966  11.175303 1.000000 
2455605.571399  11.175481 1.000000 
2455605.591833  11.175325 1.000000 
2455605.612266  11.175386 1.000000 
2455605.632700  11.175287 1.000000 
2455605.653133  11.175315 1.000000 
2455605.673567  11.175585 1.000000 
2455605.694000  11.175619 1.000000 
2455605.714434  11.175700 1.000000 
2455605.734868  11.175623 1.000000 
2455605.755301  11.175589 1.000000 
2455605.775735  11.175546 1.000000 
2455605.796168  11.175504 1.000000 
2455605.816602  11.175392 1.000000 
2455605.837035  11.175389 1.000000 
2455605.877903  11.175238 1.000000 
2455605.898336  11.175128 1.000000 
2455605.918770  11.174913 1.000000 
2455605.939203  11.174911 1.000000 
2455605.959637  11.174823 1.000000 
2455605.980070  11.174863 1.000000 
2455606.000504  11.174866 1.000000 
2455606.020938  11.174734 1.000000 
2455606.041371  11.174772 1.000000 
2455606.061805  11.174531 1.000000 
2455606.082238  11.174587 1.000000 
2455606.102672  11.174541 1.000000 
2455606.123105  11.174312 1.000000 
2455606.143539  11.174227 1.000000 
2455606.163973  11.174126 1.000000 
2455606.184406  11.174073 1.000000 
2455606.204840  11.174170 1.000000 
2455606.225273  11.174152 1.000000 
2455606.245707  11.174301 1.000000 
2455606.266141  11.174351 1.000000 
2455606.286574  11.174371 1.000000 
2455606.307007  11.174407 1.000000 
2455606.327441  11.174537 1.000000 
2455606.347875  11.174612 1.000000 
2455606.368308  11.174800 1.000000 
2455606.388742  11.174765 1.000000 
2455606.409175  11.175017 1.000000 
2455606.429609  11.174976 1.000000 
2455606.450043  11.175050 1.000000 
2455606.470476  11.175238 1.000000 
