2455923.989456  11.177237 1.000000 
2455924.009889  11.177145 1.000000 
2455924.030321  11.177063 1.000000 
2455924.050754  11.176962 1.000000 
2455924.071187  11.177078 1.000000 
2455924.091620  11.177015 1.000000 
2455924.112052  11.177058 1.000000 
2455924.132485  11.177068 1.000000 
2455924.152918  11.177256 1.000000 
2455924.173350  11.177329 1.000000 
2455924.193783  11.177291 1.000000 
2455924.214216  11.177348 1.000000 
2455924.234649  11.177420 1.000000 
2455924.255081  11.177474 1.000000 
2455924.275514  11.177568 1.000000 
2455924.295947  11.177426 1.000000 
2455924.316380  11.177485 1.000000 
2455924.336812  11.177288 1.000000 
2455924.357245  11.177342 1.000000 
2455924.377678  11.177388 1.000000 
2455924.398111  11.177493 1.000000 
2455924.418543  11.177603 1.000000 
2455924.438976  11.177895 1.000000 
2455924.459409  11.177846 1.000000 
2455924.479842  11.177895 1.000000 
2455924.500274  11.177807 1.000000 
2455924.520707  11.177817 1.000000 
2455924.541140  11.177679 1.000000 
2455924.561573  11.177718 1.000000 
2455924.582005  11.177670 1.000000 
2455924.602438  11.177785 1.000000 
2455924.622871  11.177806 1.000000 
2455924.643304  11.177950 1.000000 
2455924.663736  11.178059 1.000000 
2455924.684169  11.178007 1.000000 
2455924.704602  11.178145 1.000000 
2455924.725035  11.178161 1.000000 
2455924.745467  11.178004 1.000000 
2455924.765900  11.178122 1.000000 
2455924.786333  11.178132 1.000000 
2455924.806766  11.178063 1.000000 
2455924.827198  11.177958 1.000000 
2455924.847631  11.178010 1.000000 
2455924.868064  11.178063 1.000000 
2455924.888496  11.177921 1.000000 
2455924.908929  11.177912 1.000000 
2455924.929362  11.177960 1.000000 
2455924.949795  11.177758 1.000000 
2455924.970228  11.177646 1.000000 
2455924.990660  11.177695 1.000000 
2455925.011093  11.177789 1.000000 
2455925.031526  11.178021 1.000000 
2455925.051959  11.178046 1.000000 
2455925.072391  11.178160 1.000000 
2455925.092824  11.178160 1.000000 
2455925.113257  11.178135 1.000000 
2455925.133690  11.178023 1.000000 
2455925.154122  11.177914 1.000000 
2455925.174555  11.177910 1.000000 
2455925.194988  11.177860 1.000000 
2455925.215421  11.177697 1.000000 
2455925.235853  11.177560 1.000000 
2455925.256286  11.177517 1.000000 
2455925.276719  11.177462 1.000000 
2455925.297152  11.177463 1.000000 
2455925.317584  11.177384 1.000000 
2455925.338017  11.177199 1.000000 
2455925.358450  11.177254 1.000000 
2455925.378883  11.177254 1.000000 
2455925.399315  11.177401 1.000000 
2455925.419748  11.177526 1.000000 
2455925.440181  11.177716 1.000000 
2455925.460613  11.177650 1.000000 
2455925.481046  11.177727 1.000000 
2455925.501479  11.177775 1.000000 
2455925.521912  11.177742 1.000000 
2455925.542345  11.177741 1.000000 
2455925.562777  11.177712 1.000000 
2455925.583210  11.177621 1.000000 
2455925.603643  11.177544 1.000000 
2455925.624076  11.177475 1.000000 
2455925.644509  11.177428 1.000000 
2455925.664941  11.177462 1.000000 
2455925.685374  11.177300 1.000000 
2455925.705807  11.177313 1.000000 
2455925.726239  11.177269 1.000000 
2455925.746672  11.177256 1.000000 
2455925.767105  11.177739 1.000000 
2455925.787538  11.182894 1.000000 
2455925.807971  11.186129 1.000000 
2455925.828403  11.186968 1.000000 
2455925.848836  11.187672 1.000000 
2455925.869269  11.187817 1.000000 
2455925.889702  11.188153 1.000000 
2455925.910134  11.188193 1.000000 
2455925.930567  11.188170 1.000000 
2455925.951000  11.187987 1.000000 
2455925.971433  11.187924 1.000000 
2455925.991865  11.187753 1.000000 
2455926.012298  11.187308 1.000000 
2455926.032731  11.186802 1.000000 
2455926.053164  11.184351 1.000000 
2455926.073596  11.178995 1.000000 
2455926.094029  11.177928 1.000000 
2455926.114462  11.177823 1.000000 
2455926.237058  11.177615 1.000000 
2455926.257491  11.177707 1.000000 
2455926.277924  11.177872 1.000000 
2455926.298357  11.177863 1.000000 
2455926.318789  11.177931 1.000000 
2455926.339222  11.177945 1.000000 
2455926.461819  11.177408 1.000000 
2455926.482252  11.177227 1.000000 
2455926.502684  11.177296 1.000000 
2455926.523117  11.177243 1.000000 
2455926.543550  11.177264 1.000000 
2455926.563983  11.177249 1.000000 
2455926.584416  11.177128 1.000000 
2455926.625281  11.176797 1.000000 
2455926.666147  11.177393 1.000000 
2455926.686579  11.177526 1.000000 
2455926.707012  11.177587 1.000000 
2455926.727445  11.177660 1.000000 
2455926.747878  11.177754 1.000000 
2455926.768310  11.177717 1.000000 
2455926.788743  11.177774 1.000000 
2455926.809176  11.177752 1.000000 
2455926.829609  11.177636 1.000000 
2455926.850041  11.177664 1.000000 
2455926.890907  11.177508 1.000000 
2455926.911340  11.177422 1.000000 
2455926.931772  11.177376 1.000000 
2455926.952205  11.177447 1.000000 
2455926.972638  11.177500 1.000000 
2455926.993071  11.177567 1.000000 
2455927.013504  11.177694 1.000000 
2455927.033936  11.177835 1.000000 
2455927.054369  11.177735 1.000000 
2455927.074802  11.177965 1.000000 
2455927.095235  11.177912 1.000000 
2455927.115667  11.177964 1.000000 
2455927.136100  11.178012 1.000000 
2455927.156533  11.177785 1.000000 
2455927.176966  11.177885 1.000000 
2455927.197399  11.177885 1.000000 
2455927.217831  11.177907 1.000000 
2455927.238264  11.177910 1.000000 
2455927.258697  11.178031 1.000000 
2455927.279130  11.178056 1.000000 
2455927.299562  11.178123 1.000000 
2455927.319995  11.178197 1.000000 
2455927.340428  11.178112 1.000000 
2455927.360861  11.178107 1.000000 
2455927.381293  11.178050 1.000000 
2455927.401726  11.177945 1.000000 
2455927.422159  11.177943 1.000000 
2455927.442592  11.178041 1.000000 
2455927.463025  11.177850 1.000000 
2455927.483457  11.177930 1.000000 
2455927.503890  11.177874 1.000000 
2455927.524323  11.177818 1.000000 
2455927.544756  11.177724 1.000000 
2455927.565189  11.177854 1.000000 
2455927.585621  11.177786 1.000000 
2455927.606054  11.177713 1.000000 
2455927.626487  11.177659 1.000000 
2455927.646920  11.177797 1.000000 
2455927.667352  11.177781 1.000000 
2455927.687785  11.177893 1.000000 
2455927.708218  11.177988 1.000000 
2455927.728651  11.178003 1.000000 
2455927.749084  11.177993 1.000000 
2455927.769516  11.178061 1.000000 
2455927.789949  11.177996 1.000000 
2455927.810382  11.177780 1.000000 
2455927.830815  11.177739 1.000000 
2455927.851248  11.177641 1.000000 
