2455424.106432  11.175739 1.000000 
2455424.126865  11.175917 1.000000 
2455424.147299  11.175669 1.000000 
2455424.167732  11.175629 1.000000 
2455424.188166  11.175587 1.000000 
2455424.208599  11.175535 1.000000 
2455424.229033  11.175580 1.000000 
2455424.249467  11.175508 1.000000 
2455424.269900  11.175526 1.000000 
2455424.290334  11.175672 1.000000 
2455424.310768  11.175869 1.000000 
2455424.331201  11.175694 1.000000 
2455424.351635  11.175786 1.000000 
2455424.372069  11.175802 1.000000 
2455424.392502  11.175819 1.000000 
2455424.412936  11.175758 1.000000 
2455424.433369  11.175793 1.000000 
2455424.453803  11.175922 1.000000 
2455424.474237  11.175768 1.000000 
2455424.515104  11.175751 1.000000 
2455424.535537  11.175665 1.000000 
2455424.555971  11.175504 1.000000 
2455424.576405  11.175217 1.000000 
2455424.596838  11.175447 1.000000 
2455424.617272  11.175298 1.000000 
2455424.637706  11.175508 1.000000 
2455424.658139  11.175427 1.000000 
2455424.678573  11.175403 1.000000 
2455424.699006  11.175531 1.000000 
2455424.719440  11.175571 1.000000 
2455424.739874  11.175737 1.000000 
2455424.760307  11.175542 1.000000 
2455424.780741  11.175488 1.000000 
2455424.801175  11.175573 1.000000 
2455424.821608  11.175495 1.000000 
2455424.842042  11.175475 1.000000 
2455424.862475  11.175617 1.000000 
2455424.882909  11.175507 1.000000 
2455424.903342  11.175822 1.000000 
2455424.923776  11.175583 1.000000 
2455424.944210  11.175705 1.000000 
2455424.964643  11.175686 1.000000 
2455424.985077  11.175757 1.000000 
2455425.005511  11.175735 1.000000 
2455425.025944  11.175730 1.000000 
2455425.046378  11.175838 1.000000 
2455425.066811  11.175733 1.000000 
2455425.087245  11.175738 1.000000 
2455425.107679  11.175825 1.000000 
2455425.128112  11.175673 1.000000 
2455425.148546  11.175558 1.000000 
2455425.168979  11.175589 1.000000 
2455425.189413  11.175657 1.000000 
2455425.209847  11.175600 1.000000 
2455425.230280  11.175719 1.000000 
2455425.250714  11.175564 1.000000 
2455425.271147  11.175529 1.000000 
2455425.291581  11.175665 1.000000 
2455425.312015  11.175688 1.000000 
2455425.332448  11.175562 1.000000 
2455425.352882  11.175700 1.000000 
2455425.373315  11.175623 1.000000 
2455425.393749  11.175566 1.000000 
2455425.414182  11.175737 1.000000 
2455425.434616  11.175642 1.000000 
2455425.455050  11.175602 1.000000 
2455425.475483  11.175518 1.000000 
2455425.495917  11.175770 1.000000 
2455425.516351  11.175816 1.000000 
2455425.536784  11.175850 1.000000 
2455425.557218  11.175923 1.000000 
2455425.577651  11.175938 1.000000 
2455425.598085  11.175756 1.000000 
2455425.618519  11.175781 1.000000 
2455425.638952  11.175791 1.000000 
2455425.659386  11.175567 1.000000 
2455425.679820  11.175480 1.000000 
2455425.700253  11.175403 1.000000 
2455425.720687  11.175361 1.000000 
2455425.741120  11.175379 1.000000 
2455425.761554  11.175399 1.000000 
2455425.781987  11.175395 1.000000 
2455425.802421  11.175411 1.000000 
2455425.822854  11.176231 1.000000 
2455425.843288  11.181592 1.000000 
2455425.863722  11.184249 1.000000 
2455425.884155  11.184977 1.000000 
2455425.904589  11.185447 1.000000 
2455425.925022  11.185966 1.000000 
2455425.945456  11.185987 1.000000 
2455425.965890  11.186328 1.000000 
2455425.986323  11.186287 1.000000 
2455426.006757  11.186286 1.000000 
2455426.027190  11.186264 1.000000 
2455426.047624  11.186036 1.000000 
2455426.068058  11.185651 1.000000 
2455426.088491  11.184828 1.000000 
2455426.108925  11.182157 1.000000 
2455426.129358  11.176747 1.000000 
2455426.149792  11.176301 1.000000 
2455426.170226  11.176156 1.000000 
2455426.190659  11.176067 1.000000 
2455426.211093  11.175974 1.000000 
2455426.231526  11.176058 1.000000 
2455426.251960  11.176151 1.000000 
2455426.272393  11.176035 1.000000 
2455426.292827  11.176233 1.000000 
2455426.313261  11.175961 1.000000 
2455426.354128  11.175942 1.000000 
2455426.374561  11.175798 1.000000 
2455426.394995  11.175699 1.000000 
2455426.415429  11.175600 1.000000 
2455426.435862  11.175399 1.000000 
2455426.456296  11.175527 1.000000 
2455426.476729  11.175385 1.000000 
2455426.497163  11.175323 1.000000 
2455426.517597  11.175274 1.000000 
2455426.538030  11.174950 1.000000 
2455426.558464  11.174902 1.000000 
2455426.578897  11.175069 1.000000 
2455426.599331  11.175001 1.000000 
2455426.619764  11.175132 1.000000 
2455426.640198  11.175231 1.000000 
2455426.660632  11.175256 1.000000 
2455426.681065  11.175376 1.000000 
2455426.701499  11.175114 1.000000 
2455426.721932  11.175217 1.000000 
2455426.742366  11.175174 1.000000 
2455426.762800  11.175095 1.000000 
2455426.783233  11.175117 1.000000 
2455426.803667  11.175167 1.000000 
2455426.824100  11.175079 1.000000 
2455426.844534  11.175137 1.000000 
2455426.864967  11.175192 1.000000 
2455426.885401  11.175301 1.000000 
2455426.905835  11.175147 1.000000 
2455426.926268  11.175106 1.000000 
2455426.946702  11.175320 1.000000 
2455426.967135  11.175529 1.000000 
2455426.987569  11.175711 1.000000 
2455427.008003  11.175853 1.000000 
2455427.028436  11.176004 1.000000 
2455427.048869  11.176156 1.000000 
2455427.069303  11.176149 1.000000 
2455427.089737  11.176225 1.000000 
2455427.110170  11.176199 1.000000 
2455427.130604  11.176281 1.000000 
2455427.151037  11.176353 1.000000 
2455427.171471  11.176372 1.000000 
2455427.191905  11.176400 1.000000 
2455427.212338  11.176562 1.000000 
2455427.232772  11.176329 1.000000 
2455427.253205  11.176203 1.000000 
2455427.273639  11.176243 1.000000 
2455427.294072  11.176400 1.000000 
2455427.314506  11.176127 1.000000 
2455427.334940  11.176034 1.000000 
2455427.355373  11.176158 1.000000 
2455427.375807  11.175952 1.000000 
2455427.396240  11.176123 1.000000 
2455427.416674  11.175995 1.000000 
2455427.437107  11.176060 1.000000 
2455427.457541  11.176105 1.000000 
2455427.477975  11.176098 1.000000 
2455427.498408  11.176330 1.000000 
2455427.518842  11.176171 1.000000 
2455427.539275  11.176057 1.000000 
2455427.559709  11.176009 1.000000 
2455427.580142  11.176003 1.000000 
2455427.600576  11.176047 1.000000 
2455427.621010  11.175752 1.000000 
2455427.641443  11.175512 1.000000 
2455427.661877  11.175430 1.000000 
2455427.682310  11.175270 1.000000 
2455427.702744  11.175173 1.000000 
2455427.723177  11.174948 1.000000 
2455427.743611  11.174802 1.000000 
2455427.764044  11.174804 1.000000 
2455427.784478  11.174788 1.000000 
2455427.804912  11.174887 1.000000 
2455427.825345  11.175014 1.000000 
2455427.845779  11.175035 1.000000 
2455427.866212  11.175020 1.000000 
2455427.886646  11.175100 1.000000 
2455427.907079  11.175323 1.000000 
