2455691.864966  11.175563 1.000000 
2455691.885401  11.175600 1.000000 
2455691.905836  11.175624 1.000000 
2455691.926270  11.175714 1.000000 
2455691.946705  11.175784 1.000000 
2455691.967139  11.175716 1.000000 
2455691.987574  11.175754 1.000000 
2455692.008009  11.175769 1.000000 
2455692.028443  11.175797 1.000000 
2455692.048878  11.175830 1.000000 
2455692.069312  11.175920 1.000000 
2455692.089747  11.176027 1.000000 
2455692.110181  11.175915 1.000000 
2455692.130616  11.175863 1.000000 
2455692.151051  11.175828 1.000000 
2455692.171485  11.175691 1.000000 
2455692.191920  11.175549 1.000000 
2455692.212354  11.175693 1.000000 
2455692.232789  11.175635 1.000000 
2455692.253223  11.175743 1.000000 
2455692.273658  11.175822 1.000000 
2455692.294093  11.175854 1.000000 
2455692.314527  11.175782 1.000000 
2455692.334962  11.175869 1.000000 
2455692.355396  11.175939 1.000000 
2455692.375831  11.176077 1.000000 
2455692.396266  11.176076 1.000000 
2455692.416700  11.175928 1.000000 
2455692.437135  11.175734 1.000000 
2455692.457569  11.175927 1.000000 
2455692.478004  11.175828 1.000000 
2455692.498438  11.175889 1.000000 
2455692.518873  11.175838 1.000000 
2455692.539307  11.175845 1.000000 
2455692.559742  11.175860 1.000000 
2455692.580177  11.175911 1.000000 
2455692.600611  11.176077 1.000000 
2455692.621046  11.176140 1.000000 
2455692.641480  11.176231 1.000000 
2455692.661915  11.176290 1.000000 
2455692.682349  11.176269 1.000000 
2455692.702784  11.176211 1.000000 
2455692.723219  11.176225 1.000000 
2455692.743653  11.176346 1.000000 
2455692.764088  11.176270 1.000000 
2455692.784522  11.176289 1.000000 
2455692.804957  11.176176 1.000000 
2455692.825392  11.176111 1.000000 
2455692.845826  11.176011 1.000000 
2455692.886695  11.175879 1.000000 
2455692.907130  11.175909 1.000000 
2455692.927564  11.175880 1.000000 
2455692.947999  11.175663 1.000000 
2455692.968434  11.175628 1.000000 
2455692.988868  11.175654 1.000000 
2455693.009303  11.175658 1.000000 
2455693.029737  11.175806 1.000000 
2455693.050172  11.175835 1.000000 
2455693.070607  11.175877 1.000000 
2455693.091041  11.176003 1.000000 
2455693.111476  11.176116 1.000000 
2455693.131910  11.176250 1.000000 
2455693.152345  11.176159 1.000000 
2455693.172780  11.176097 1.000000 
2455693.193214  11.175988 1.000000 
2455693.213649  11.175895 1.000000 
2455693.234083  11.175905 1.000000 
2455693.254518  11.175935 1.000000 
2455693.274952  11.175973 1.000000 
2455693.295387  11.176130 1.000000 
2455693.315822  11.176044 1.000000 
2455693.336256  11.175940 1.000000 
2455693.356691  11.175895 1.000000 
2455693.377125  11.175838 1.000000 
2455693.397560  11.175992 1.000000 
2455693.417994  11.175896 1.000000 
2455693.438429  11.176021 1.000000 
2455693.458864  11.175997 1.000000 
2455693.479298  11.175822 1.000000 
2455693.499733  11.175773 1.000000 
2455693.520167  11.175760 1.000000 
2455693.540602  11.175791 1.000000 
2455693.561037  11.175712 1.000000 
2455693.581471  11.175858 1.000000 
2455693.601906  11.175905 1.000000 
2455693.622340  11.176002 1.000000 
2455693.642775  11.176049 1.000000 
2455693.663209  11.179513 1.000000 
2455693.683644  11.183849 1.000000 
2455693.704079  11.184692 1.000000 
2455693.724513  11.185060 1.000000 
2455693.744948  11.185515 1.000000 
2455693.765382  11.185735 1.000000 
2455693.785817  11.185997 1.000000 
2455693.806251  11.186006 1.000000 
2455693.826686  11.186136 1.000000 
2455693.847121  11.185983 1.000000 
2455693.867555  11.185766 1.000000 
2455693.887990  11.185623 1.000000 
2455693.908424  11.185171 1.000000 
2455693.928859  11.183706 1.000000 
2455693.949294  11.178277 1.000000 
2455693.969728  11.176260 1.000000 
2455693.990163  11.176194 1.000000 
2455694.010597  11.175966 1.000000 
2455694.031032  11.175817 1.000000 
2455694.051466  11.175689 1.000000 
2455694.071901  11.175683 1.000000 
2455694.092336  11.175688 1.000000 
2455694.112770  11.175748 1.000000 
2455694.133205  11.175892 1.000000 
2455694.153639  11.175955 1.000000 
2455694.174074  11.176021 1.000000 
2455694.194508  11.176002 1.000000 
2455694.214943  11.176136 1.000000 
2455694.235378  11.176044 1.000000 
2455694.255812  11.175924 1.000000 
2455694.276247  11.175820 1.000000 
2455694.296681  11.175685 1.000000 
2455694.317116  11.175714 1.000000 
2455694.337551  11.175688 1.000000 
2455694.357985  11.175506 1.000000 
2455694.378420  11.175555 1.000000 
2455694.398854  11.175655 1.000000 
2455694.419289  11.175711 1.000000 
2455694.439723  11.175815 1.000000 
2455694.460158  11.175832 1.000000 
2455694.480593  11.175782 1.000000 
2455694.501027  11.175877 1.000000 
2455694.521462  11.175784 1.000000 
2455694.541896  11.175838 1.000000 
2455694.562331  11.175914 1.000000 
2455694.582766  11.176017 1.000000 
2455694.603200  11.175991 1.000000 
2455694.623635  11.175945 1.000000 
2455694.644069  11.175762 1.000000 
2455694.664504  11.175827 1.000000 
2455694.684939  11.175698 1.000000 
2455694.705373  11.175769 1.000000 
2455694.725808  11.175680 1.000000 
2455694.746242  11.175643 1.000000 
2455694.766677  11.175802 1.000000 
2455694.787111  11.175782 1.000000 
2455694.807546  11.175635 1.000000 
2455694.827981  11.175764 1.000000 
2455694.848415  11.175820 1.000000 
2455694.868850  11.175655 1.000000 
2455694.889284  11.175773 1.000000 
2455694.909719  11.175842 1.000000 
2455694.930153  11.175896 1.000000 
2455694.950588  11.175940 1.000000 
2455694.971023  11.176106 1.000000 
2455694.991457  11.176055 1.000000 
2455695.011892  11.176035 1.000000 
2455695.032326  11.176303 1.000000 
2455695.052761  11.176256 1.000000 
2455695.073195  11.175781 1.000000 
2455695.093630  11.175868 1.000000 
2455695.114065  11.175983 1.000000 
2455695.134499  11.175810 1.000000 
2455695.154934  11.175431 1.000000 
2455695.175368  11.175435 1.000000 
2455695.195803  11.175291 1.000000 
2455695.216238  11.175568 1.000000 
2455695.236672  11.175811 1.000000 
2455695.257107  11.175792 1.000000 
2455695.277541  11.175763 1.000000 
2455695.297976  11.175855 1.000000 
2455695.318410  11.175931 1.000000 
2455695.338845  11.175928 1.000000 
2455695.359280  11.176041 1.000000 
2455695.379714  11.176134 1.000000 
2455695.400149  11.175997 1.000000 
2455695.420583  11.176145 1.000000 
2455695.441018  11.176178 1.000000 
2455695.461453  11.176082 1.000000 
2455695.481887  11.175988 1.000000 
2455695.502322  11.175781 1.000000 
2455695.522756  11.175826 1.000000 
2455695.543191  11.175812 1.000000 
2455695.563626  11.175864 1.000000 
2455695.584060  11.175830 1.000000 
2455695.604495  11.175868 1.000000 
2455695.624929  11.175845 1.000000 
2455695.645364  11.175744 1.000000 
2455695.665798  11.175973 1.000000 
2455695.686233  11.175682 1.000000 
2455695.706668  11.175679 1.000000 
2455695.727102  11.175811 1.000000 
