2455941.847753  11.177746 1.000000 
2455941.868186  11.177884 1.000000 
2455941.888619  11.177815 1.000000 
2455941.909052  11.177864 1.000000 
2455941.929485  11.177839 1.000000 
2455941.949918  11.177844 1.000000 
2455941.970351  11.177804 1.000000 
2455941.990784  11.177796 1.000000 
2455942.011217  11.177636 1.000000 
2455942.031650  11.177677 1.000000 
2455942.052083  11.177821 1.000000 
2455942.072516  11.177801 1.000000 
2455942.092949  11.177759 1.000000 
2455942.113382  11.177625 1.000000 
2455942.133815  11.177485 1.000000 
2455942.154248  11.177600 1.000000 
2455942.174681  11.177492 1.000000 
2455942.195114  11.177600 1.000000 
2455942.215547  11.177609 1.000000 
2455942.235980  11.177724 1.000000 
2455942.256413  11.177479 1.000000 
2455942.276845  11.177405 1.000000 
2455942.297279  11.177452 1.000000 
2455942.317711  11.177501 1.000000 
2455942.338144  11.177424 1.000000 
2455942.358578  11.177245 1.000000 
2455942.379010  11.177234 1.000000 
2455942.399443  11.177248 1.000000 
2455942.419876  11.177137 1.000000 
2455942.440309  11.177086 1.000000 
2455942.460742  11.177275 1.000000 
2455942.481175  11.177178 1.000000 
2455942.501608  11.177250 1.000000 
2455942.522041  11.177406 1.000000 
2455942.542474  11.177426 1.000000 
2455942.562907  11.177339 1.000000 
2455942.583340  11.177607 1.000000 
2455942.603773  11.177634 1.000000 
2455942.624206  11.177697 1.000000 
2455942.644639  11.177633 1.000000 
2455942.665072  11.177573 1.000000 
2455942.685505  11.177567 1.000000 
2455942.705938  11.177436 1.000000 
2455942.726371  11.177587 1.000000 
2455942.746804  11.177413 1.000000 
2455942.767237  11.177487 1.000000 
2455942.787670  11.177531 1.000000 
2455942.808103  11.177663 1.000000 
2455942.848969  11.177746 1.000000 
2455942.869402  11.177858 1.000000 
2455942.889835  11.178050 1.000000 
2455942.910268  11.177918 1.000000 
2455942.930701  11.177958 1.000000 
2455942.951133  11.177991 1.000000 
2455942.971567  11.177758 1.000000 
2455942.991999  11.177868 1.000000 
2455943.012432  11.177764 1.000000 
2455943.032866  11.177691 1.000000 
2455943.053298  11.177919 1.000000 
2455943.073732  11.177873 1.000000 
2455943.094164  11.177893 1.000000 
2455943.114597  11.177947 1.000000 
2455943.135030  11.177957 1.000000 
2455943.155463  11.178015 1.000000 
2455943.175896  11.177967 1.000000 
2455943.196329  11.177849 1.000000 
2455943.216762  11.177800 1.000000 
2455943.237195  11.177758 1.000000 
2455943.257628  11.177782 1.000000 
2455943.278061  11.177775 1.000000 
2455943.359793  11.177089 1.000000 
2455943.380226  11.177224 1.000000 
2455943.400659  11.177289 1.000000 
2455943.421092  11.177137 1.000000 
2455943.441525  11.177153 1.000000 
2455943.461958  11.177170 1.000000 
2455943.482391  11.177323 1.000000 
2455943.502824  11.177433 1.000000 
2455943.523257  11.177569 1.000000 
2455943.543690  11.177699 1.000000 
2455943.564123  11.177788 1.000000 
2455943.584556  11.177824 1.000000 
2455943.604989  11.177778 1.000000 
2455943.625422  11.178770 1.000000 
2455943.645855  11.183993 1.000000 
2455943.666288  11.186489 1.000000 
2455943.686721  11.186946 1.000000 
2455943.707154  11.187480 1.000000 
2455943.727587  11.187794 1.000000 
2455943.748020  11.187958 1.000000 
2455943.768453  11.187901 1.000000 
2455943.788886  11.187896 1.000000 
2455943.809319  11.187628 1.000000 
2455943.829752  11.187371 1.000000 
2455943.850185  11.186788 1.000000 
2455943.870618  11.186844 1.000000 
2455943.891051  11.186284 1.000000 
2455943.911484  11.183373 1.000000 
2455943.931917  11.178458 1.000000 
2455943.952350  11.177792 1.000000 
2455943.972783  11.177977 1.000000 
2455943.993216  11.177914 1.000000 
2455944.013649  11.177909 1.000000 
2455944.034082  11.177922 1.000000 
2455944.054515  11.177897 1.000000 
2455944.074948  11.177810 1.000000 
2455944.095381  11.177772 1.000000 
2455944.115814  11.177817 1.000000 
2455944.136247  11.177783 1.000000 
2455944.156680  11.177772 1.000000 
2455944.177113  11.177720 1.000000 
2455944.197546  11.177734 1.000000 
2455944.217979  11.177823 1.000000 
2455944.238412  11.177777 1.000000 
2455944.258845  11.177584 1.000000 
2455944.279278  11.177697 1.000000 
2455944.299711  11.177697 1.000000 
2455944.320143  11.177737 1.000000 
2455944.340577  11.177600 1.000000 
2455944.361010  11.177384 1.000000 
2455944.381442  11.177387 1.000000 
2455944.401876  11.177295 1.000000 
2455944.422308  11.177153 1.000000 
2455944.442742  11.177194 1.000000 
2455944.463175  11.177066 1.000000 
2455944.483607  11.177161 1.000000 
2455944.504041  11.177270 1.000000 
2455944.524474  11.177347 1.000000 
2455944.544906  11.177311 1.000000 
2455944.565340  11.177349 1.000000 
2455944.585772  11.177289 1.000000 
2455944.606206  11.177168 1.000000 
2455944.626639  11.177349 1.000000 
2455944.647071  11.177319 1.000000 
2455944.667505  11.177244 1.000000 
2455944.687937  11.177248 1.000000 
2455944.708370  11.177184 1.000000 
2455944.728804  11.177273 1.000000 
2455944.749237  11.177286 1.000000 
2455944.769670  11.177314 1.000000 
2455944.790103  11.177445 1.000000 
2455944.810536  11.177460 1.000000 
2455944.830969  11.177394 1.000000 
2455944.851402  11.177481 1.000000 
2455944.871835  11.177514 1.000000 
2455944.892268  11.177518 1.000000 
2455944.912701  11.177538 1.000000 
2455944.933134  11.177801 1.000000 
2455944.953567  11.177933 1.000000 
2455944.974000  11.177963 1.000000 
2455944.994433  11.178007 1.000000 
2455945.014866  11.178178 1.000000 
2455945.035299  11.178147 1.000000 
2455945.055732  11.177971 1.000000 
2455945.076165  11.178148 1.000000 
2455945.096598  11.177958 1.000000 
2455945.117031  11.177905 1.000000 
2455945.137464  11.177978 1.000000 
2455945.157897  11.177973 1.000000 
2455945.178330  11.178035 1.000000 
2455945.198763  11.178205 1.000000 
2455945.219196  11.178208 1.000000 
2455945.239629  11.178250 1.000000 
2455945.260062  11.178263 1.000000 
2455945.280495  11.178010 1.000000 
2455945.300928  11.177918 1.000000 
2455945.321361  11.177843 1.000000 
2455945.341794  11.177844 1.000000 
2455945.362227  11.177752 1.000000 
2455945.382660  11.177814 1.000000 
2455945.403093  11.178036 1.000000 
2455945.423526  11.177989 1.000000 
2455945.443959  11.177978 1.000000 
2455945.464392  11.178073 1.000000 
2455945.484825  11.178059 1.000000 
2455945.505258  11.177810 1.000000 
2455945.525691  11.177859 1.000000 
2455945.546124  11.177724 1.000000 
2455945.566557  11.177566 1.000000 
2455945.586990  11.177528 1.000000 
2455945.607423  11.177366 1.000000 
2455945.627856  11.177344 1.000000 
2455945.648289  11.177219 1.000000 
2455945.668722  11.177128 1.000000 
2455945.689155  11.177065 1.000000 
