2455745.444220  11.176784 1.000000 
2455745.464654  11.176755 1.000000 
2455745.485089  11.176865 1.000000 
2455745.505523  11.176736 1.000000 
2455745.525957  11.176859 1.000000 
2455745.546392  11.177002 1.000000 
2455745.566826  11.176983 1.000000 
2455745.587260  11.176898 1.000000 
2455745.607695  11.176875 1.000000 
2455745.628129  11.176880 1.000000 
2455745.648563  11.176858 1.000000 
2455745.668998  11.176841 1.000000 
2455745.689432  11.176814 1.000000 
2455745.709866  11.176736 1.000000 
2455745.730301  11.176855 1.000000 
2455745.750735  11.176892 1.000000 
2455745.771169  11.176817 1.000000 
2455745.791604  11.176966 1.000000 
2455745.812038  11.177006 1.000000 
2455745.832472  11.177180 1.000000 
2455745.852907  11.177220 1.000000 
2455745.873341  11.177279 1.000000 
2455745.893775  11.177383 1.000000 
2455745.914210  11.177462 1.000000 
2455745.934644  11.177380 1.000000 
2455745.955078  11.177300 1.000000 
2455745.975513  11.177378 1.000000 
2455745.995947  11.177230 1.000000 
2455746.016381  11.177134 1.000000 
2455746.036815  11.176991 1.000000 
2455746.057250  11.177127 1.000000 
2455746.077684  11.177011 1.000000 
2455746.098119  11.177113 1.000000 
2455746.118553  11.177007 1.000000 
2455746.138987  11.177071 1.000000 
2455746.159421  11.177236 1.000000 
2455746.179856  11.177108 1.000000 
2455746.200290  11.177288 1.000000 
2455746.220724  11.177333 1.000000 
2455746.241159  11.177340 1.000000 
2455746.261593  11.177297 1.000000 
2455746.282027  11.177352 1.000000 
2455746.302462  11.177290 1.000000 
2455746.322896  11.177035 1.000000 
2455746.343330  11.176909 1.000000 
2455746.363765  11.176892 1.000000 
2455746.384199  11.177060 1.000000 
2455746.404633  11.177096 1.000000 
2455746.425068  11.177075 1.000000 
2455746.445502  11.177125 1.000000 
2455746.465936  11.177052 1.000000 
2455746.486371  11.176822 1.000000 
2455746.506805  11.176678 1.000000 
2455746.527239  11.176604 1.000000 
2455746.547674  11.176489 1.000000 
2455746.568108  11.176633 1.000000 
2455746.588542  11.176581 1.000000 
2455746.608977  11.176782 1.000000 
2455746.629411  11.176661 1.000000 
2455746.649845  11.176807 1.000000 
2455746.670280  11.176957 1.000000 
2455746.690714  11.176878 1.000000 
2455746.711148  11.176956 1.000000 
2455746.731583  11.176944 1.000000 
2455746.752017  11.176926 1.000000 
2455746.772451  11.176801 1.000000 
2455746.792885  11.176645 1.000000 
2455746.813320  11.176558 1.000000 
2455746.833754  11.176530 1.000000 
2455746.854188  11.176709 1.000000 
2455746.874623  11.176800 1.000000 
2455746.895057  11.174435 1.000000 
2455746.915491  11.177154 1.000000 
2455746.935926  11.177331 1.000000 
2455746.956360  11.177394 1.000000 
2455746.976794  11.177430 1.000000 
2455746.997228  11.177449 1.000000 
2455747.017663  11.177360 1.000000 
2455747.038097  11.177445 1.000000 
2455747.058532  11.177323 1.000000 
2455747.078966  11.177538 1.000000 
2455747.099400  11.177354 1.000000 
2455747.119834  11.177402 1.000000 
2455747.140269  11.177203 1.000000 
2455747.160703  11.177293 1.000000 
2455747.181137  11.177297 1.000000 
2455747.201572  11.177303 1.000000 
2455747.222006  11.179016 1.000000 
2455747.242440  11.184455 1.000000 
2455747.262875  11.186120 1.000000 
2455747.283309  11.186802 1.000000 
2455747.303743  11.187209 1.000000 
2455747.324178  11.187456 1.000000 
2455747.344612  11.187599 1.000000 
2455747.365046  11.187657 1.000000 
2455747.385480  11.187846 1.000000 
2455747.405915  11.187641 1.000000 
2455747.426349  11.187437 1.000000 
2455747.446783  11.187100 1.000000 
2455747.467218  11.186585 1.000000 
2455747.487652  11.185691 1.000000 
2455747.508086  11.181468 1.000000 
2455747.528521  11.177432 1.000000 
2455747.548955  11.177416 1.000000 
2455747.569389  11.177469 1.000000 
2455747.589824  11.177622 1.000000 
2455747.610258  11.177655 1.000000 
2455747.630692  11.177576 1.000000 
2455747.651127  11.177662 1.000000 
2455747.671561  11.177547 1.000000 
2455747.691995  11.177521 1.000000 
2455747.712429  11.177470 1.000000 
2455747.732864  11.177414 1.000000 
2455747.753298  11.177436 1.000000 
2455747.773732  11.177379 1.000000 
2455747.794167  11.177532 1.000000 
2455747.814601  11.177643 1.000000 
2455747.835035  11.177666 1.000000 
2455747.855470  11.177576 1.000000 
2455747.875904  11.177571 1.000000 
2455747.896338  11.177628 1.000000 
2455747.937207  11.177510 1.000000 
2455747.957641  11.177552 1.000000 
2455747.978075  11.177468 1.000000 
2455747.998510  11.177283 1.000000 
2455748.018944  11.177176 1.000000 
2455748.039378  11.177179 1.000000 
2455748.059813  11.177254 1.000000 
2455748.080247  11.177209 1.000000 
2455748.100681  11.177138 1.000000 
2455748.121116  11.177165 1.000000 
2455748.141550  11.177233 1.000000 
2455748.161984  11.177202 1.000000 
2455748.182418  11.177252 1.000000 
2455748.202853  11.177284 1.000000 
2455748.223287  11.177328 1.000000 
2455748.243721  11.177168 1.000000 
2455748.264156  11.177144 1.000000 
2455748.284590  11.177217 1.000000 
2455748.305024  11.177093 1.000000 
2455748.325459  11.177058 1.000000 
2455748.345893  11.177230 1.000000 
2455748.366327  11.177261 1.000000 
2455748.386762  11.177226 1.000000 
2455748.407196  11.177285 1.000000 
2455748.427630  11.177329 1.000000 
2455748.448064  11.177208 1.000000 
2455748.468499  11.177369 1.000000 
2455748.488933  11.177411 1.000000 
2455748.509367  11.177479 1.000000 
2455748.529802  11.177537 1.000000 
2455748.550236  11.177436 1.000000 
2455748.570670  11.177533 1.000000 
2455748.591104  11.177512 1.000000 
2455748.631973  11.177485 1.000000 
2455748.652407  11.177342 1.000000 
2455748.672842  11.177251 1.000000 
2455748.693276  11.177344 1.000000 
2455748.713710  11.177433 1.000000 
2455748.734144  11.177743 1.000000 
2455748.754579  11.177588 1.000000 
2455748.775013  11.177665 1.000000 
2455748.795447  11.177643 1.000000 
2455748.815882  11.177861 1.000000 
2455748.836316  11.177765 1.000000 
2455748.856750  11.177825 1.000000 
2455748.877185  11.177851 1.000000 
2455748.897619  11.177742 1.000000 
2455748.918053  11.177805 1.000000 
2455748.938487  11.177898 1.000000 
2455748.958922  11.177819 1.000000 
2455748.979356  11.177888 1.000000 
2455748.999790  11.177723 1.000000 
2455749.020225  11.177765 1.000000 
2455749.040659  11.177751 1.000000 
2455749.061093  11.177886 1.000000 
2455749.081527  11.178056 1.000000 
2455749.101962  11.178073 1.000000 
2455749.122396  11.177943 1.000000 
2455749.142830  11.177995 1.000000 
2455749.163265  11.177912 1.000000 
2455749.183699  11.177913 1.000000 
2455749.204133  11.177834 1.000000 
2455749.224568  11.177881 1.000000 
2455749.245002  11.177773 1.000000 
2455749.265436  11.177655 1.000000 
2455749.285870  11.177729 1.000000 
2455749.306305  11.177674 1.000000 
