2455209.772896  11.168110 1.000000 
2455209.793329  11.168257 1.000000 
2455209.813762  11.168472 1.000000 
2455209.834195  11.168553 1.000000 
2455209.854628  11.168466 1.000000 
2455209.875061  11.168475 1.000000 
2455209.895495  11.168561 1.000000 
2455209.915928  11.168501 1.000000 
2455209.936361  11.168514 1.000000 
2455209.956794  11.168609 1.000000 
2455209.977227  11.168730 1.000000 
2455209.997660  11.168628 1.000000 
2455210.018093  11.168620 1.000000 
2455210.038527  11.168696 1.000000 
2455210.058960  11.168669 1.000000 
2455210.079393  11.168362 1.000000 
2455210.099826  11.168526 1.000000 
2455210.120259  11.168734 1.000000 
2455210.140692  11.168782 1.000000 
2455210.161125  11.168718 1.000000 
2455210.181558  11.168805 1.000000 
2455210.201991  11.168740 1.000000 
2455210.222425  11.168738 1.000000 
2455210.242858  11.168997 1.000000 
2455210.263291  11.168807 1.000000 
2455210.283724  11.169005 1.000000 
2455210.304157  11.168946 1.000000 
2455210.324590  11.169051 1.000000 
2455210.345024  11.169167 1.000000 
2455210.365457  11.169038 1.000000 
2455210.385890  11.168952 1.000000 
2455210.406323  11.168740 1.000000 
2455210.426756  11.168682 1.000000 
2455210.447189  11.168523 1.000000 
2455210.467622  11.168556 1.000000 
2455210.488056  11.168405 1.000000 
2455210.508489  11.168300 1.000000 
2455210.528922  11.168217 1.000000 
2455210.549355  11.168179 1.000000 
2455210.569788  11.168269 1.000000 
2455210.590221  11.168156 1.000000 
2455210.610654  11.168212 1.000000 
2455210.631088  11.168161 1.000000 
2455210.651521  11.168177 1.000000 
2455210.671954  11.167952 1.000000 
2455210.692387  11.167938 1.000000 
2455210.712820  11.167973 1.000000 
2455210.733253  11.167970 1.000000 
2455210.753687  11.167883 1.000000 
2455210.774120  11.167884 1.000000 
2455210.794553  11.167709 1.000000 
2455210.814986  11.167652 1.000000 
2455210.835419  11.167713 1.000000 
2455210.855852  11.167808 1.000000 
2455210.876285  11.167732 1.000000 
2455210.896719  11.167799 1.000000 
2455210.917152  11.167960 1.000000 
2455210.937585  11.168103 1.000000 
2455210.958018  11.168203 1.000000 
2455210.978451  11.168240 1.000000 
2455210.998884  11.168301 1.000000 
2455211.019317  11.168349 1.000000 
2455211.039751  11.168673 1.000000 
2455211.060184  11.168803 1.000000 
2455211.080617  11.168784 1.000000 
2455211.101050  11.168724 1.000000 
2455211.121483  11.168808 1.000000 
2455211.141916  11.168867 1.000000 
2455211.162350  11.169034 1.000000 
2455211.182783  11.168782 1.000000 
2455211.203216  11.168816 1.000000 
2455211.223649  11.168671 1.000000 
2455211.244082  11.168663 1.000000 
2455211.264515  11.168847 1.000000 
2455211.284948  11.168677 1.000000 
2455211.305382  11.168799 1.000000 
2455211.325815  11.168673 1.000000 
2455211.346248  11.168677 1.000000 
2455211.366681  11.168721 1.000000 
2455211.387114  11.168646 1.000000 
2455211.407547  11.168698 1.000000 
2455211.427981  11.168694 1.000000 
2455211.448414  11.168662 1.000000 
2455211.468847  11.168816 1.000000 
2455211.489280  11.169014 1.000000 
2455211.509713  11.168906 1.000000 
2455211.530146  11.168949 1.000000 
2455211.550579  11.168736 1.000000 
2455211.571013  11.171669 1.000000 
2455211.591446  11.176601 1.000000 
2455211.611879  11.177641 1.000000 
2455211.632312  11.178113 1.000000 
2455211.652745  11.178155 1.000000 
2455211.673179  11.178477 1.000000 
2455211.693612  11.178317 1.000000 
2455211.714045  11.178433 1.000000 
2455211.734478  11.178321 1.000000 
2455211.754911  11.178193 1.000000 
2455211.775344  11.177849 1.000000 
2455211.795778  11.177527 1.000000 
2455211.816211  11.177130 1.000000 
2455211.836644  11.176150 1.000000 
2455211.857077  11.170945 1.000000 
2455211.877510  11.168208 1.000000 
2455211.897943  11.168214 1.000000 
2455211.918376  11.168272 1.000000 
2455211.938810  11.168503 1.000000 
2455211.959243  11.168460 1.000000 
2455211.979676  11.168596 1.000000 
2455212.000109  11.168456 1.000000 
2455212.020542  11.168541 1.000000 
2455212.040975  11.168552 1.000000 
2455212.061409  11.168591 1.000000 
2455212.081842  11.168606 1.000000 
2455212.102275  11.168700 1.000000 
2455212.122708  11.168551 1.000000 
2455212.143141  11.168651 1.000000 
2455212.163575  11.168685 1.000000 
2455212.184008  11.168704 1.000000 
2455212.204441  11.168608 1.000000 
2455212.224874  11.168575 1.000000 
2455212.245307  11.168793 1.000000 
2455212.286174  11.169039 1.000000 
2455212.306607  11.168955 1.000000 
2455212.327040  11.168892 1.000000 
2455212.347473  11.169053 1.000000 
2455212.367906  11.168997 1.000000 
2455212.388339  11.168787 1.000000 
2455212.408773  11.168873 1.000000 
2455212.429206  11.168868 1.000000 
2455212.449639  11.168777 1.000000 
2455212.470072  11.168963 1.000000 
2455212.490505  11.168986 1.000000 
2455212.510938  11.168985 1.000000 
2455212.531372  11.168952 1.000000 
2455212.551805  11.168793 1.000000 
2455212.572238  11.168818 1.000000 
2455212.592671  11.168768 1.000000 
2455212.613104  11.168734 1.000000 
2455212.633538  11.168676 1.000000 
2455212.653971  11.168540 1.000000 
2455212.674404  11.168361 1.000000 
2455212.694837  11.168442 1.000000 
2455212.715270  11.168419 1.000000 
2455212.735703  11.168446 1.000000 
2455212.756137  11.168472 1.000000 
2455212.776570  11.168616 1.000000 
2455212.797003  11.168605 1.000000 
2455212.817436  11.168486 1.000000 
2455212.837869  11.168330 1.000000 
2455212.858303  11.168548 1.000000 
2455212.878736  11.168505 1.000000 
2455212.899169  11.168596 1.000000 
2455212.919602  11.168547 1.000000 
2455212.940035  11.168732 1.000000 
2455212.960468  11.168816 1.000000 
2455212.980902  11.168746 1.000000 
2455213.001335  11.168826 1.000000 
2455213.021768  11.168714 1.000000 
2455213.042201  11.168810 1.000000 
2455213.062634  11.168913 1.000000 
2455213.083068  11.168890 1.000000 
2455213.103501  11.168995 1.000000 
2455213.123934  11.168828 1.000000 
2455213.144367  11.168701 1.000000 
2455213.164800  11.168660 1.000000 
2455213.185233  11.168710 1.000000 
2455213.205667  11.168643 1.000000 
2455213.226100  11.168583 1.000000 
2455213.246533  11.168662 1.000000 
2455213.266966  11.168578 1.000000 
2455213.287400  11.168415 1.000000 
2455213.307833  11.168510 1.000000 
2455213.328266  11.168490 1.000000 
2455213.348699  11.168437 1.000000 
2455213.369132  11.168355 1.000000 
2455213.389565  11.168423 1.000000 
2455213.409999  11.168546 1.000000 
2455213.430432  11.168328 1.000000 
2455213.450865  11.168461 1.000000 
2455213.471298  11.168317 1.000000 
2455213.491731  11.168323 1.000000 
2455213.512165  11.168310 1.000000 
2455213.532598  11.168242 1.000000 
2455213.553031  11.168251 1.000000 
2455213.573464  11.168150 1.000000 
2455213.593897  11.168342 1.000000 
2455213.614331  11.168368 1.000000 
2455213.634764  11.168405 1.000000 
2455213.655197  11.168313 1.000000 
