2456102.541221  11.176990 1.000000 
2456102.561655  11.176947 1.000000 
2456102.582089  11.176804 1.000000 
2456102.602524  11.176728 1.000000 
2456102.622958  11.176793 1.000000 
2456102.643393  11.176808 1.000000 
2456102.663827  11.176933 1.000000 
2456102.684262  11.176948 1.000000 
2456102.704696  11.177081 1.000000 
2456102.725131  11.177222 1.000000 
2456102.745565  11.177257 1.000000 
2456102.766000  11.177316 1.000000 
2456102.786434  11.177398 1.000000 
2456102.806869  11.177486 1.000000 
2456102.827303  11.177436 1.000000 
2456102.847737  11.177493 1.000000 
2456102.868172  11.177531 1.000000 
2456102.888606  11.177667 1.000000 
2456102.909041  11.177722 1.000000 
2456102.929475  11.177567 1.000000 
2456102.949910  11.177432 1.000000 
2456102.970344  11.177475 1.000000 
2456102.990779  11.177495 1.000000 
2456103.011213  11.177560 1.000000 
2456103.031648  11.177723 1.000000 
2456103.052082  11.177756 1.000000 
2456103.072517  11.177878 1.000000 
2456103.092951  11.177884 1.000000 
2456103.113386  11.178035 1.000000 
2456103.133820  11.178090 1.000000 
2456103.154254  11.178078 1.000000 
2456103.174689  11.178172 1.000000 
2456103.195123  11.178075 1.000000 
2456103.215558  11.178190 1.000000 
2456103.235992  11.178107 1.000000 
2456103.256427  11.178115 1.000000 
2456103.276861  11.178035 1.000000 
2456103.297296  11.177878 1.000000 
2456103.317730  11.177743 1.000000 
2456103.338165  11.177599 1.000000 
2456103.358599  11.177433 1.000000 
2456103.379033  11.177310 1.000000 
2456103.399468  11.177268 1.000000 
2456103.419902  11.177305 1.000000 
2456103.440337  11.177274 1.000000 
2456103.460771  11.177123 1.000000 
2456103.481206  11.177038 1.000000 
2456103.501640  11.176925 1.000000 
2456103.542509  11.176931 1.000000 
2456103.562944  11.176780 1.000000 
2456103.603813  11.176770 1.000000 
2456103.624247  11.176807 1.000000 
2456103.644681  11.176869 1.000000 
2456103.665116  11.176896 1.000000 
2456103.685551  11.176885 1.000000 
2456103.705985  11.176982 1.000000 
2456103.726420  11.177065 1.000000 
2456103.746854  11.177013 1.000000 
2456103.767288  11.177074 1.000000 
2456103.787723  11.177071 1.000000 
2456103.808157  11.177005 1.000000 
2456103.828592  11.176904 1.000000 
2456103.849026  11.177020 1.000000 
2456103.869460  11.177147 1.000000 
2456103.889895  11.177157 1.000000 
2456103.910330  11.177156 1.000000 
2456103.930764  11.177188 1.000000 
2456103.951198  11.177045 1.000000 
2456103.971633  11.177156 1.000000 
2456103.992067  11.177196 1.000000 
2456104.012502  11.177322 1.000000 
2456104.032936  11.177176 1.000000 
2456104.053371  11.177514 1.000000 
2456104.073805  11.177541 1.000000 
2456104.094240  11.177633 1.000000 
2456104.114674  11.177722 1.000000 
2456104.135108  11.177688 1.000000 
2456104.155543  11.177801 1.000000 
2456104.175978  11.177920 1.000000 
2456104.196412  11.177799 1.000000 
2456104.216846  11.177734 1.000000 
2456104.237281  11.177656 1.000000 
2456104.257715  11.177871 1.000000 
2456104.278150  11.177892 1.000000 
2456104.298584  11.178018 1.000000 
2456104.319019  11.178577 1.000000 
2456104.339453  11.183170 1.000000 
2456104.359887  11.186536 1.000000 
2456104.380322  11.187174 1.000000 
2456104.400756  11.187748 1.000000 
2456104.421191  11.187876 1.000000 
2456104.441625  11.187802 1.000000 
2456104.482494  11.187723 1.000000 
2456104.502929  11.187695 1.000000 
2456104.523363  11.187362 1.000000 
2456104.543798  11.187024 1.000000 
2456104.564232  11.186669 1.000000 
2456104.584666  11.186220 1.000000 
2456104.605101  11.183909 1.000000 
2456104.625535  11.178667 1.000000 
2456104.645970  11.177620 1.000000 
2456104.666404  11.177587 1.000000 
2456104.686839  11.177665 1.000000 
2456104.707273  11.177573 1.000000 
2456104.727708  11.177538 1.000000 
2456104.748142  11.177382 1.000000 
2456104.768577  11.177247 1.000000 
2456104.789011  11.177083 1.000000 
2456104.809445  11.177013 1.000000 
2456104.829880  11.177019 1.000000 
2456104.850314  11.176782 1.000000 
2456104.870749  11.176753 1.000000 
2456104.891183  11.176741 1.000000 
2456104.911618  11.176774 1.000000 
2456104.932052  11.176937 1.000000 
2456104.952487  11.176999 1.000000 
2456104.972921  11.177020 1.000000 
2456104.993356  11.177241 1.000000 
2456105.013790  11.177188 1.000000 
2456105.034224  11.177352 1.000000 
2456105.054659  11.177389 1.000000 
2456105.075093  11.177508 1.000000 
2456105.095528  11.177577 1.000000 
2456105.115962  11.177485 1.000000 
2456105.136397  11.177568 1.000000 
2456105.156831  11.177350 1.000000 
2456105.177266  11.177306 1.000000 
2456105.197700  11.177309 1.000000 
2456105.218135  11.177347 1.000000 
2456105.238569  11.177383 1.000000 
2456105.259003  11.177425 1.000000 
2456105.279438  11.177449 1.000000 
2456105.299872  11.177496 1.000000 
2456105.320307  11.177652 1.000000 
2456105.340741  11.177771 1.000000 
2456105.361175  11.178011 1.000000 
2456105.381610  11.177905 1.000000 
2456105.402044  11.177877 1.000000 
2456105.422479  11.177847 1.000000 
2456105.442913  11.177926 1.000000 
2456105.463348  11.178092 1.000000 
2456105.483782  11.178059 1.000000 
2456105.504217  11.178152 1.000000 
2456105.524651  11.178037 1.000000 
2456105.545086  11.178041 1.000000 
2456105.565520  11.178162 1.000000 
2456105.585954  11.178069 1.000000 
2456105.606389  11.178050 1.000000 
2456105.626823  11.178241 1.000000 
2456105.647258  11.178298 1.000000 
2456105.667692  11.178239 1.000000 
2456105.688127  11.178125 1.000000 
2456105.708561  11.178128 1.000000 
2456105.728996  11.178109 1.000000 
2456105.749430  11.177881 1.000000 
2456105.769864  11.177945 1.000000 
2456105.790299  11.178068 1.000000 
2456105.810733  11.177798 1.000000 
2456105.831168  11.177796 1.000000 
2456105.851602  11.177829 1.000000 
2456105.872036  11.177710 1.000000 
2456105.892471  11.177779 1.000000 
2456105.912905  11.177713 1.000000 
2456105.933340  11.177691 1.000000 
2456105.953774  11.177829 1.000000 
2456105.974209  11.177906 1.000000 
2456105.994643  11.177791 1.000000 
2456106.015078  11.177919 1.000000 
2456106.035512  11.177878 1.000000 
2456106.055947  11.177871 1.000000 
