2455888.273253  11.177888 1.000000 
2455888.293685  11.177889 1.000000 
2455888.314118  11.177926 1.000000 
2455888.334551  11.177949 1.000000 
2455888.354983  11.177854 1.000000 
2455888.375416  11.177970 1.000000 
2455888.395848  11.177888 1.000000 
2455888.416281  11.177940 1.000000 
2455888.436713  11.178107 1.000000 
2455888.457146  11.177846 1.000000 
2455888.477579  11.177828 1.000000 
2455888.498011  11.177807 1.000000 
2455888.518444  11.177647 1.000000 
2455888.538876  11.177548 1.000000 
2455888.559309  11.177593 1.000000 
2455888.579741  11.177627 1.000000 
2455888.600174  11.177578 1.000000 
2455888.620607  11.177612 1.000000 
2455888.641039  11.177647 1.000000 
2455888.661472  11.177743 1.000000 
2455888.681904  11.177819 1.000000 
2455888.702337  11.177811 1.000000 
2455888.722770  11.177882 1.000000 
2455888.743202  11.177818 1.000000 
2455888.763635  11.177923 1.000000 
2455888.784067  11.177891 1.000000 
2455888.804500  11.177894 1.000000 
2455888.824932  11.177917 1.000000 
2455888.845365  11.177892 1.000000 
2455888.865798  11.178042 1.000000 
2455888.886230  11.178035 1.000000 
2455888.906663  11.178032 1.000000 
2455888.927095  11.178076 1.000000 
2455888.947528  11.178188 1.000000 
2455888.967960  11.178122 1.000000 
2455888.988393  11.178156 1.000000 
2455889.008826  11.178071 1.000000 
2455889.029258  11.178227 1.000000 
2455889.049691  11.178170 1.000000 
2455889.070123  11.178149 1.000000 
2455889.090556  11.178009 1.000000 
2455889.110989  11.177973 1.000000 
2455889.151854  11.177984 1.000000 
2455889.192719  11.177748 1.000000 
2455889.213151  11.177784 1.000000 
2455889.233584  11.178010 1.000000 
2455889.254016  11.178059 1.000000 
2455889.274449  11.178179 1.000000 
2455889.294882  11.178332 1.000000 
2455889.315314  11.178521 1.000000 
2455889.335747  11.178368 1.000000 
2455889.356179  11.178514 1.000000 
2455889.376612  11.178498 1.000000 
2455889.397044  11.178423 1.000000 
2455889.417477  11.178471 1.000000 
2455889.437910  11.178381 1.000000 
2455889.458342  11.178408 1.000000 
2455889.478775  11.178307 1.000000 
2455889.499207  11.178327 1.000000 
2455889.519640  11.178370 1.000000 
2455889.540072  11.178511 1.000000 
2455889.560505  11.178513 1.000000 
2455889.580938  11.178445 1.000000 
2455889.601370  11.178471 1.000000 
2455889.621803  11.178407 1.000000 
2455889.642235  11.178300 1.000000 
2455889.662668  11.178368 1.000000 
2455889.683101  11.178328 1.000000 
2455889.703533  11.178255 1.000000 
2455889.723966  11.178292 1.000000 
2455889.744398  11.178207 1.000000 
2455889.764831  11.178131 1.000000 
2455889.785264  11.178027 1.000000 
2455889.805696  11.177918 1.000000 
2455889.826129  11.177868 1.000000 
2455889.846561  11.177854 1.000000 
2455889.866994  11.177792 1.000000 
2455889.887426  11.177661 1.000000 
2455889.907859  11.177674 1.000000 
2455889.928292  11.177646 1.000000 
2455889.948724  11.177665 1.000000 
2455889.969157  11.177793 1.000000 
2455889.989589  11.177733 1.000000 
2455890.010022  11.177806 1.000000 
2455890.030454  11.177717 1.000000 
2455890.050887  11.177638 1.000000 
2455890.071319  11.180968 1.000000 
2455890.091752  11.185594 1.000000 
2455890.112185  11.186631 1.000000 
2455890.132617  11.186933 1.000000 
2455890.153050  11.187221 1.000000 
2455890.173482  11.187531 1.000000 
2455890.193915  11.187734 1.000000 
2455890.214347  11.187735 1.000000 
2455890.234780  11.187746 1.000000 
2455890.255213  11.187660 1.000000 
2455890.275645  11.187510 1.000000 
2455890.296078  11.187257 1.000000 
2455890.316510  11.186811 1.000000 
2455890.336943  11.185461 1.000000 
2455890.357375  11.180392 1.000000 
2455890.377808  11.178094 1.000000 
2455890.398241  11.178158 1.000000 
2455890.418673  11.178121 1.000000 
2455890.439106  11.178241 1.000000 
2455890.459538  11.178112 1.000000 
2455890.479971  11.178242 1.000000 
2455890.500404  11.178070 1.000000 
2455890.520836  11.178064 1.000000 
2455890.541269  11.178187 1.000000 
2455890.561701  11.178198 1.000000 
2455890.582134  11.178136 1.000000 
2455890.602566  11.178283 1.000000 
2455890.622999  11.178302 1.000000 
2455890.643432  11.178135 1.000000 
2455890.663864  11.178241 1.000000 
2455890.684297  11.178134 1.000000 
2455890.704729  11.178309 1.000000 
2455890.725162  11.178045 1.000000 
2455890.745594  11.178189 1.000000 
2455890.766027  11.178385 1.000000 
2455890.786459  11.178284 1.000000 
2455890.806892  11.178270 1.000000 
2455890.827325  11.178254 1.000000 
2455890.847757  11.178225 1.000000 
2455890.868190  11.178179 1.000000 
2455890.888622  11.177910 1.000000 
2455890.909055  11.177987 1.000000 
2455890.929488  11.177956 1.000000 
2455890.949920  11.177899 1.000000 
2455890.970353  11.177861 1.000000 
2455890.990785  11.177670 1.000000 
2455891.011218  11.177609 1.000000 
2455891.031650  11.177560 1.000000 
2455891.052083  11.177587 1.000000 
2455891.072516  11.177476 1.000000 
2455891.092948  11.177588 1.000000 
2455891.113381  11.177497 1.000000 
2455891.133813  11.177556 1.000000 
2455891.154246  11.177542 1.000000 
2455891.174678  11.177502 1.000000 
2455891.195111  11.177345 1.000000 
2455891.215544  11.177330 1.000000 
2455891.235976  11.177415 1.000000 
2455891.256409  11.177368 1.000000 
2455891.276841  11.177556 1.000000 
2455891.297274  11.177476 1.000000 
2455891.317707  11.177500 1.000000 
2455891.338139  11.177580 1.000000 
2455891.358572  11.177479 1.000000 
2455891.379004  11.177542 1.000000 
2455891.399437  11.177624 1.000000 
2455891.419869  11.177807 1.000000 
2455891.440302  11.177827 1.000000 
2455891.460735  11.177922 1.000000 
2455891.481167  11.178177 1.000000 
2455891.501600  11.178314 1.000000 
2455891.522032  11.178209 1.000000 
2455891.542465  11.178301 1.000000 
2455891.562897  11.178498 1.000000 
2455891.583330  11.178484 1.000000 
2455891.603762  11.178474 1.000000 
2455891.624195  11.178651 1.000000 
2455891.644628  11.178662 1.000000 
2455891.665060  11.178574 1.000000 
2455891.685493  11.178446 1.000000 
2455891.705925  11.178317 1.000000 
2455891.726358  11.178280 1.000000 
2455891.746790  11.178245 1.000000 
2455891.767223  11.178176 1.000000 
2455891.787656  11.178197 1.000000 
2455891.808088  11.178142 1.000000 
2455891.828521  11.178210 1.000000 
2455891.848953  11.178227 1.000000 
2455891.869386  11.178174 1.000000 
2455891.889819  11.178161 1.000000 
2455891.910251  11.178140 1.000000 
2455891.930684  11.178016 1.000000 
2455891.951116  11.178078 1.000000 
2455891.971549  11.178057 1.000000 
2455891.991981  11.178178 1.000000 
2455892.012414  11.178153 1.000000 
2455892.032847  11.178136 1.000000 
2455892.053279  11.178302 1.000000 
2455892.073712  11.178347 1.000000 
2455892.094144  11.178293 1.000000 
2455892.114577  11.178326 1.000000 
2455892.135009  11.178178 1.000000 
