2456066.821626  11.177628 1.000000 
2456066.842060  11.177653 1.000000 
2456066.862495  11.177548 1.000000 
2456066.882930  11.177503 1.000000 
2456066.903364  11.177475 1.000000 
2456066.923799  11.177350 1.000000 
2456066.944233  11.177259 1.000000 
2456066.964668  11.177398 1.000000 
2456066.985103  11.177510 1.000000 
2456067.005537  11.177567 1.000000 
2456067.025972  11.177726 1.000000 
2456067.046406  11.177735 1.000000 
2456067.066841  11.177856 1.000000 
2456067.087276  11.177710 1.000000 
2456067.107710  11.177513 1.000000 
2456067.128145  11.177487 1.000000 
2456067.148579  11.177409 1.000000 
2456067.169014  11.177320 1.000000 
2456067.189449  11.177276 1.000000 
2456067.209883  11.177338 1.000000 
2456067.230317  11.177226 1.000000 
2456067.250752  11.177343 1.000000 
2456067.271187  11.177280 1.000000 
2456067.291621  11.177365 1.000000 
2456067.312056  11.177222 1.000000 
2456067.332490  11.177367 1.000000 
2456067.352925  11.177442 1.000000 
2456067.373360  11.177564 1.000000 
2456067.393794  11.177512 1.000000 
2456067.414229  11.177343 1.000000 
2456067.434663  11.177411 1.000000 
2456067.455098  11.177264 1.000000 
2456067.475533  11.177205 1.000000 
2456067.495967  11.177253 1.000000 
2456067.516402  11.177161 1.000000 
2456067.536836  11.177156 1.000000 
2456067.557271  11.177191 1.000000 
2456067.577706  11.177075 1.000000 
2456067.598140  11.176985 1.000000 
2456067.618575  11.177104 1.000000 
2456067.639009  11.177033 1.000000 
2456067.659444  11.177057 1.000000 
2456067.679878  11.177106 1.000000 
2456067.700313  11.177072 1.000000 
2456067.720748  11.177035 1.000000 
2456067.741182  11.177028 1.000000 
2456067.761617  11.177129 1.000000 
2456067.782051  11.177137 1.000000 
2456067.802486  11.177138 1.000000 
2456067.822920  11.177204 1.000000 
2456067.843355  11.177166 1.000000 
2456067.863790  11.177024 1.000000 
2456067.884224  11.177072 1.000000 
2456067.904659  11.177077 1.000000 
2456067.925093  11.177083 1.000000 
2456067.945528  11.177030 1.000000 
2456067.986397  11.177122 1.000000 
2456068.006832  11.177080 1.000000 
2456068.027266  11.177238 1.000000 
2456068.047701  11.177188 1.000000 
2456068.068135  11.177222 1.000000 
2456068.088570  11.177342 1.000000 
2456068.109005  11.177284 1.000000 
2456068.129439  11.177322 1.000000 
2456068.149874  11.177214 1.000000 
2456068.170308  11.177245 1.000000 
2456068.190743  11.177196 1.000000 
2456068.211178  11.177207 1.000000 
2456068.231612  11.177310 1.000000 
2456068.252047  11.177151 1.000000 
2456068.333785  11.177560 1.000000 
2456068.354220  11.177550 1.000000 
2456068.374654  11.177520 1.000000 
2456068.395089  11.177705 1.000000 
2456068.415523  11.177771 1.000000 
2456068.435958  11.177805 1.000000 
2456068.456393  11.177878 1.000000 
2456068.476827  11.177873 1.000000 
2456068.497262  11.177810 1.000000 
2456068.517696  11.177789 1.000000 
2456068.538131  11.177808 1.000000 
2456068.558566  11.177829 1.000000 
2456068.579000  11.177885 1.000000 
2456068.599435  11.177932 1.000000 
2456068.619869  11.180089 1.000000 
2456068.640304  11.185174 1.000000 
2456068.660738  11.186404 1.000000 
2456068.681173  11.186881 1.000000 
2456068.722042  11.187162 1.000000 
2456068.742477  11.187108 1.000000 
2456068.762911  11.187122 1.000000 
2456068.783346  11.186822 1.000000 
2456068.803780  11.186544 1.000000 
2456068.824215  11.186299 1.000000 
2456068.844650  11.186002 1.000000 
2456068.865084  11.185701 1.000000 
2456068.885519  11.184840 1.000000 
2456068.905953  11.180366 1.000000 
2456068.926388  11.177240 1.000000 
2456068.946823  11.177324 1.000000 
2456068.967257  11.177278 1.000000 
2456068.987692  11.177305 1.000000 
2456069.008126  11.177224 1.000000 
2456069.028561  11.177276 1.000000 
2456069.048995  11.177163 1.000000 
2456069.069430  11.177157 1.000000 
2456069.089865  11.177061 1.000000 
2456069.110299  11.177013 1.000000 
2456069.130734  11.177090 1.000000 
2456069.151169  11.177128 1.000000 
2456069.171603  11.177277 1.000000 
2456069.192038  11.177437 1.000000 
2456069.212472  11.177542 1.000000 
2456069.232907  11.177500 1.000000 
2456069.253341  11.177512 1.000000 
2456069.273776  11.177421 1.000000 
2456069.294211  11.177525 1.000000 
2456069.314645  11.177329 1.000000 
2456069.335080  11.177508 1.000000 
2456069.355514  11.177561 1.000000 
2456069.375949  11.177564 1.000000 
2456069.396384  11.177631 1.000000 
2456069.416818  11.177613 1.000000 
2456069.437253  11.177544 1.000000 
2456069.457687  11.177611 1.000000 
2456069.478122  11.177585 1.000000 
2456069.498556  11.177523 1.000000 
2456069.518991  11.177528 1.000000 
2456069.539426  11.177669 1.000000 
2456069.559860  11.177553 1.000000 
2456069.580295  11.177572 1.000000 
2456069.600729  11.177658 1.000000 
2456069.621164  11.177767 1.000000 
2456069.641598  11.177611 1.000000 
2456069.662033  11.177693 1.000000 
2456069.682468  11.177632 1.000000 
2456069.702902  11.177725 1.000000 
2456069.723337  11.177859 1.000000 
2456069.743771  11.177823 1.000000 
2456069.764206  11.177814 1.000000 
2456069.784641  11.177722 1.000000 
2456069.805075  11.177796 1.000000 
2456069.825510  11.177745 1.000000 
2456069.845944  11.177631 1.000000 
2456069.866379  11.177541 1.000000 
2456069.886813  11.177515 1.000000 
2456069.907248  11.177553 1.000000 
2456069.927683  11.177459 1.000000 
2456069.948117  11.177293 1.000000 
2456069.968552  11.177526 1.000000 
2456069.988986  11.177343 1.000000 
2456070.009421  11.177227 1.000000 
2456070.029856  11.177339 1.000000 
2456070.050290  11.177329 1.000000 
2456070.070725  11.177310 1.000000 
2456070.091159  11.177201 1.000000 
2456070.111594  11.177433 1.000000 
2456070.132029  11.177487 1.000000 
2456070.152463  11.177500 1.000000 
2456070.172898  11.177476 1.000000 
2456070.193332  11.177320 1.000000 
2456070.213767  11.177169 1.000000 
2456070.234202  11.177324 1.000000 
2456070.254636  11.177466 1.000000 
2456070.275071  11.177614 1.000000 
2456070.295505  11.177681 1.000000 
2456070.315940  11.177637 1.000000 
2456070.336374  11.177734 1.000000 
2456070.356809  11.177732 1.000000 
2456070.377244  11.177747 1.000000 
2456070.397678  11.177849 1.000000 
2456070.418113  11.177776 1.000000 
2456070.438547  11.177866 1.000000 
2456070.458982  11.177790 1.000000 
2456070.479416  11.177619 1.000000 
2456070.499851  11.177572 1.000000 
2456070.520286  11.177621 1.000000 
2456070.540720  11.177682 1.000000 
2456070.561155  11.177631 1.000000 
2456070.581589  11.177629 1.000000 
2456070.602024  11.177465 1.000000 
2456070.622459  11.177499 1.000000 
2456070.642893  11.177476 1.000000 
2456070.663328  11.177614 1.000000 
2456070.683762  11.177735 1.000000 
2456070.704197  11.177716 1.000000 
