2455370.467148  11.176385 1.000000 
2455370.487583  11.176060 1.000000 
2455370.508017  11.176096 1.000000 
2455370.528452  11.176242 1.000000 
2455370.548886  11.176178 1.000000 
2455370.569320  11.176279 1.000000 
2455370.589755  11.176466 1.000000 
2455370.610189  11.176481 1.000000 
2455370.630623  11.176546 1.000000 
2455370.651058  11.176444 1.000000 
2455370.671492  11.176499 1.000000 
2455370.691926  11.176620 1.000000 
2455370.712361  11.176529 1.000000 
2455370.732795  11.176548 1.000000 
2455370.753229  11.176516 1.000000 
2455370.773664  11.176620 1.000000 
2455370.794098  11.176740 1.000000 
2455370.814533  11.176148 1.000000 
2455370.834967  11.176930 1.000000 
2455370.855401  11.177053 1.000000 
2455370.875836  11.177073 1.000000 
2455370.896270  11.177126 1.000000 
2455370.916704  11.177129 1.000000 
2455370.937139  11.177040 1.000000 
2455370.957573  11.177134 1.000000 
2455370.978007  11.176943 1.000000 
2455370.998442  11.177010 1.000000 
2455371.018876  11.177100 1.000000 
2455371.039310  11.177112 1.000000 
2455371.059745  11.177234 1.000000 
2455371.080179  11.177238 1.000000 
2455371.100613  11.177187 1.000000 
2455371.121048  11.177264 1.000000 
2455371.161917  11.177271 1.000000 
2455372.469696  11.183308 1.000000 
2455372.490130  11.183063 1.000000 
2455372.510565  11.182688 1.000000 
2455372.530999  11.181761 1.000000 
2455372.551433  11.177250 1.000000 
2455372.571867  11.174145 1.000000 
2455372.592302  11.174118 1.000000 
2455372.612736  11.173982 1.000000 
2455372.633170  11.174098 1.000000 
2455372.653605  11.174127 1.000000 
2455372.674039  11.174268 1.000000 
2455372.694473  11.174251 1.000000 
2455372.714908  11.174410 1.000000 
2455372.735342  11.174622 1.000000 
2455372.755776  11.174667 1.000000 
2455372.776211  11.174612 1.000000 
2455372.796645  11.174779 1.000000 
2455372.817079  11.174768 1.000000 
2455372.837514  11.174643 1.000000 
2455372.857948  11.174753 1.000000 
2455372.878382  11.174879 1.000000 
2455372.898817  11.174999 1.000000 
2455372.919251  11.174778 1.000000 
2455372.939686  11.174883 1.000000 
2455372.960120  11.174921 1.000000 
2455372.980554  11.174945 1.000000 
2455373.000989  11.175013 1.000000 
2455373.021423  11.174942 1.000000 
2455373.041857  11.174910 1.000000 
2455373.062292  11.174855 1.000000 
2455373.082726  11.174973 1.000000 
2455373.103160  11.174960 1.000000 
2455373.123595  11.174967 1.000000 
2455373.144029  11.174887 1.000000 
2455373.164463  11.174963 1.000000 
2455373.184898  11.174890 1.000000 
2455373.205332  11.175097 1.000000 
2455373.225766  11.175280 1.000000 
2455373.246201  11.175327 1.000000 
2455373.266635  11.175325 1.000000 
2455373.287069  11.175289 1.000000 
2455373.307504  11.175537 1.000000 
2455373.327938  11.175504 1.000000 
2455373.348372  11.175537 1.000000 
2455373.368806  11.175326 1.000000 
2455373.389241  11.175471 1.000000 
2455373.409675  11.175459 1.000000 
2455373.430109  11.175459 1.000000 
2455373.450544  11.175348 1.000000 
2455373.470978  11.175442 1.000000 
2455373.491412  11.175281 1.000000 
2455373.511847  11.175221 1.000000 
2455373.532281  11.175232 1.000000 
2455373.552715  11.175276 1.000000 
2455373.573150  11.175301 1.000000 
2455373.593584  11.175533 1.000000 
2455373.614018  11.175509 1.000000 
2455373.634453  11.175850 1.000000 
2455373.654887  11.175913 1.000000 
2455373.675321  11.175990 1.000000 
2455373.695756  11.176268 1.000000 
2455373.716190  11.176167 1.000000 
2455373.736624  11.176301 1.000000 
2455373.757059  11.176229 1.000000 
2455373.777493  11.176355 1.000000 
2455373.797928  11.176105 1.000000 
2455373.818362  11.176063 1.000000 
2455373.838796  11.175946 1.000000 
2455373.859231  11.176092 1.000000 
2455373.879665  11.176005 1.000000 
2455373.900099  11.175907 1.000000 
2455373.920533  11.176037 1.000000 
2455373.940968  11.176101 1.000000 
2455373.961402  11.176083 1.000000 
2455373.981836  11.176108 1.000000 
2455374.002271  11.176220 1.000000 
2455374.022705  11.176101 1.000000 
2455374.043139  11.176165 1.000000 
2455374.063574  11.176057 1.000000 
2455374.084008  11.176124 1.000000 
2455374.124877  11.175980 1.000000 
2455374.145311  11.175976 1.000000 
2455374.165745  11.176035 1.000000 
2455374.186180  11.175999 1.000000 
2455374.206614  11.175800 1.000000 
2455374.227048  11.175910 1.000000 
2455374.247483  11.175767 1.000000 
2455374.267917  11.175701 1.000000 
2455374.288351  11.175622 1.000000 
2455374.308786  11.175596 1.000000 
2455374.329220  11.175414 1.000000 
2455374.349654  11.175354 1.000000 
