2455299.048493  11.169806 1.000000 
2455299.068927  11.169791 1.000000 
2455299.089361  11.169772 1.000000 
2455299.109796  11.169764 1.000000 
2455299.130230  11.169687 1.000000 
2455299.150665  11.169777 1.000000 
2455299.171099  11.169682 1.000000 
2455299.191534  11.169540 1.000000 
2455299.211968  11.169382 1.000000 
2455299.232403  11.169387 1.000000 
2455299.252837  11.169312 1.000000 
2455299.273272  11.169355 1.000000 
2455299.293706  11.169342 1.000000 
2455299.314141  11.169378 1.000000 
2455299.334575  11.169361 1.000000 
2455299.355010  11.169434 1.000000 
2455299.375444  11.169419 1.000000 
2455299.395878  11.169418 1.000000 
2455299.416313  11.169323 1.000000 
2455299.436748  11.169218 1.000000 
2455299.457182  11.169168 1.000000 
2455299.477616  11.169051 1.000000 
2455299.498051  11.169073 1.000000 
2455299.518486  11.169128 1.000000 
2455299.538920  11.169195 1.000000 
2455299.559354  11.169167 1.000000 
2455299.579789  11.169190 1.000000 
2455299.600223  11.169257 1.000000 
2455299.620658  11.169230 1.000000 
2455299.641092  11.169346 1.000000 
2455299.661527  11.169401 1.000000 
2455299.681961  11.169413 1.000000 
2455299.702396  11.169497 1.000000 
2455299.722830  11.169497 1.000000 
2455299.743265  11.169594 1.000000 
2455299.763699  11.169561 1.000000 
2455299.784134  11.169591 1.000000 
2455299.804568  11.169622 1.000000 
2455299.825003  11.169695 1.000000 
2455299.845437  11.169638 1.000000 
2455299.865872  11.169616 1.000000 
2455299.886306  11.169626 1.000000 
2455299.906741  11.169366 1.000000 
2455299.927175  11.169499 1.000000 
2455299.947610  11.169462 1.000000 
2455299.968044  11.169418 1.000000 
2455299.988478  11.169308 1.000000 
2455300.008913  11.169298 1.000000 
2455300.029347  11.169257 1.000000 
2455300.049782  11.169222 1.000000 
2455300.070216  11.169294 1.000000 
2455300.090651  11.169191 1.000000 
2455300.111085  11.169094 1.000000 
2455300.131520  11.169155 1.000000 
2455300.151954  11.169146 1.000000 
2455300.172389  11.169053 1.000000 
2455300.192823  11.169090 1.000000 
2455300.213258  11.169147 1.000000 
2455300.233692  11.169317 1.000000 
2455300.254127  11.169300 1.000000 
2455300.274561  11.169329 1.000000 
2455300.294996  11.169124 1.000000 
2455300.315430  11.169172 1.000000 
2455300.335865  11.169102 1.000000 
2455300.356299  11.169027 1.000000 
2455300.376734  11.168813 1.000000 
2455300.397168  11.168831 1.000000 
2455300.417602  11.168848 1.000000 
2455300.438037  11.168766 1.000000 
2455300.458471  11.168780 1.000000 
2455300.478906  11.168985 1.000000 
2455300.499340  11.169083 1.000000 
2455300.519775  11.169175 1.000000 
2455300.540210  11.169186 1.000000 
2455300.560644  11.169497 1.000000 
2455300.581078  11.169414 1.000000 
2455300.601513  11.169510 1.000000 
2455300.621947  11.169467 1.000000 
2455300.642382  11.169605 1.000000 
2455300.662816  11.169524 1.000000 
2455300.683251  11.169554 1.000000 
2455300.703685  11.169525 1.000000 
2455300.724120  11.169722 1.000000 
2455300.744554  11.169434 1.000000 
2455300.764989  11.169483 1.000000 
2455300.785423  11.169550 1.000000 
2455300.805858  11.169576 1.000000 
2455300.826292  11.169773 1.000000 
2455300.846727  11.172680 1.000000 
2455300.867161  11.177726 1.000000 
2455300.887596  11.178661 1.000000 
2455300.908030  11.179318 1.000000 
2455300.928465  11.179707 1.000000 
2455300.948899  11.180063 1.000000 
2455300.969334  11.180063 1.000000 
2455300.989768  11.180042 1.000000 
2455301.010203  11.179815 1.000000 
2455301.030637  11.179741 1.000000 
2455301.051071  11.179599 1.000000 
2455301.071506  11.179439 1.000000 
2455301.091940  11.178762 1.000000 
2455301.112375  11.177637 1.000000 
2455301.132809  11.172707 1.000000 
2455301.153244  11.169843 1.000000 
2455301.173679  11.169662 1.000000 
2455301.194113  11.169573 1.000000 
2455301.214548  11.169347 1.000000 
2455301.234982  11.169176 1.000000 
2455301.255416  11.169206 1.000000 
2455301.275851  11.169143 1.000000 
2455301.296285  11.169016 1.000000 
2455301.316720  11.169052 1.000000 
2455301.337154  11.169079 1.000000 
2455301.357589  11.169115 1.000000 
2455301.378023  11.169050 1.000000 
2455301.398458  11.169291 1.000000 
2455301.418892  11.169266 1.000000 
2455301.439327  11.169323 1.000000 
2455301.459761  11.169299 1.000000 
2455301.480196  11.169209 1.000000 
2455301.500630  11.169147 1.000000 
2455301.521065  11.169124 1.000000 
2455301.541499  11.169099 1.000000 
2455301.561934  11.169098 1.000000 
2455301.582368  11.168953 1.000000 
2455301.602803  11.169209 1.000000 
2455301.623237  11.169050 1.000000 
2455301.643672  11.169193 1.000000 
2455301.664106  11.169219 1.000000 
2455301.684541  11.169315 1.000000 
2455301.704975  11.169315 1.000000 
2455301.725410  11.169407 1.000000 
2455301.745844  11.169384 1.000000 
2455301.766279  11.169388 1.000000 
2455301.786713  11.169186 1.000000 
2455301.827582  11.169104 1.000000 
2455301.848017  11.168951 1.000000 
2455301.868451  11.168907 1.000000 
2455301.888885  11.169060 1.000000 
2455301.909320  11.169146 1.000000 
2455301.929755  11.169174 1.000000 
2455301.950189  11.169121 1.000000 
2455301.970624  11.169209 1.000000 
2455301.991058  11.169318 1.000000 
2455302.011493  11.169372 1.000000 
2455302.031927  11.169447 1.000000 
2455302.052362  11.169362 1.000000 
2455302.072796  11.169243 1.000000 
2455302.093231  11.169260 1.000000 
2455302.113665  11.169250 1.000000 
2455302.134099  11.169219 1.000000 
2455302.154534  11.169299 1.000000 
2455302.174969  11.169205 1.000000 
2455302.195403  11.169156 1.000000 
2455302.215838  11.169275 1.000000 
2455302.236272  11.169458 1.000000 
2455302.256706  11.169466 1.000000 
2455302.277141  11.169443 1.000000 
2455302.297575  11.169495 1.000000 
2455302.318010  11.169582 1.000000 
2455302.338444  11.169482 1.000000 
2455302.358879  11.169470 1.000000 
2455302.379314  11.169428 1.000000 
2455302.399748  11.169346 1.000000 
2455302.420183  11.169291 1.000000 
2455302.440617  11.169404 1.000000 
2455302.461051  11.169339 1.000000 
2455302.481486  11.169347 1.000000 
2455302.501920  11.169424 1.000000 
2455302.522355  11.169309 1.000000 
2455302.542790  11.169091 1.000000 
2455302.563224  11.169248 1.000000 
2455302.583658  11.169287 1.000000 
2455302.604093  11.169309 1.000000 
2455302.624528  11.169161 1.000000 
2455302.644962  11.169052 1.000000 
2455302.665396  11.168974 1.000000 
2455302.685831  11.168898 1.000000 
2455302.706265  11.169057 1.000000 
2455302.726700  11.168946 1.000000 
2455302.747134  11.169060 1.000000 
2455302.767569  11.169146 1.000000 
2455302.788003  11.169175 1.000000 
2455302.808438  11.169245 1.000000 
2455302.828872  11.169224 1.000000 
2455302.849307  11.169353 1.000000 
2455302.869741  11.169470 1.000000 
2455302.890176  11.169328 1.000000 
2455302.910610  11.169457 1.000000 
2455302.931045  11.169395 1.000000 
