2455727.584574  11.176370 1.000000 
2455727.605009  11.176354 1.000000 
2455727.625443  11.176217 1.000000 
2455727.645878  11.176101 1.000000 
2455727.666312  11.176158 1.000000 
2455727.686747  11.176288 1.000000 
2455727.707181  11.176403 1.000000 
2455727.727616  11.176528 1.000000 
2455727.748050  11.176570 1.000000 
2455727.768485  11.176601 1.000000 
2455727.788919  11.176745 1.000000 
2455727.809354  11.176736 1.000000 
2455727.829788  11.176594 1.000000 
2455727.850223  11.176418 1.000000 
2455727.870657  11.176442 1.000000 
2455727.911526  11.176423 1.000000 
2455727.931960  11.176328 1.000000 
2455727.952395  11.176260 1.000000 
2455727.972830  11.176363 1.000000 
2455727.993264  11.176408 1.000000 
2455728.013699  11.176553 1.000000 
2455728.034133  11.176647 1.000000 
2455728.054567  11.176766 1.000000 
2455728.075002  11.176876 1.000000 
2455728.095436  11.177068 1.000000 
2455728.115871  11.177177 1.000000 
2455728.136305  11.177100 1.000000 
2455728.156740  11.177161 1.000000 
2455728.177174  11.177072 1.000000 
2455728.197609  11.177021 1.000000 
2455728.218043  11.176926 1.000000 
2455728.238478  11.176824 1.000000 
2455728.258912  11.176646 1.000000 
2455728.279347  11.176688 1.000000 
2455728.299781  11.176774 1.000000 
2455728.320216  11.176626 1.000000 
2455728.340650  11.176717 1.000000 
2455728.361085  11.176706 1.000000 
2455728.381519  11.176771 1.000000 
2455728.401954  11.176837 1.000000 
2455728.422388  11.176862 1.000000 
2455728.442823  11.176889 1.000000 
2455728.463257  11.176795 1.000000 
2455728.483692  11.176883 1.000000 
2455728.504126  11.176602 1.000000 
2455728.524561  11.176678 1.000000 
2455728.544995  11.176748 1.000000 
2455728.565429  11.176560 1.000000 
2455728.585864  11.176535 1.000000 
2455728.606299  11.176394 1.000000 
2455728.626733  11.176216 1.000000 
2455728.647167  11.176240 1.000000 
2455728.667602  11.176173 1.000000 
2455728.688036  11.176242 1.000000 
2455728.708471  11.176109 1.000000 
2455728.728905  11.176237 1.000000 
2455728.749340  11.176210 1.000000 
2455728.769774  11.176328 1.000000 
2455728.790209  11.176283 1.000000 
2455728.810643  11.176336 1.000000 
2455728.831078  11.176406 1.000000 
2455728.851512  11.176232 1.000000 
2455728.871947  11.176389 1.000000 
2455728.892381  11.176306 1.000000 
2455728.912816  11.176334 1.000000 
2455728.933250  11.176504 1.000000 
2455728.953684  11.176230 1.000000 
2455728.974119  11.176293 1.000000 
2455728.994554  11.176349 1.000000 
2455729.014988  11.176394 1.000000 
2455729.035422  11.176349 1.000000 
2455729.055857  11.176296 1.000000 
2455729.076291  11.176462 1.000000 
2455729.096726  11.176458 1.000000 
2455729.117160  11.176474 1.000000 
2455729.137595  11.176508 1.000000 
2455729.158029  11.176700 1.000000 
2455729.178464  11.176610 1.000000 
2455729.198898  11.176607 1.000000 
2455729.219333  11.176649 1.000000 
2455729.239767  11.176628 1.000000 
2455729.260202  11.176528 1.000000 
2455729.280636  11.176635 1.000000 
2455729.301071  11.176647 1.000000 
2455729.321505  11.176624 1.000000 
2455729.341940  11.176775 1.000000 
2455729.362374  11.177570 1.000000 
2455729.382809  11.183013 1.000000 
2455729.403243  11.185515 1.000000 
2455729.423677  11.186166 1.000000 
2455729.444112  11.186678 1.000000 
2455729.464546  11.186816 1.000000 
2455729.484981  11.186933 1.000000 
2455729.505415  11.187031 1.000000 
2455729.525850  11.186935 1.000000 
2455729.546284  11.186599 1.000000 
2455729.566719  11.186469 1.000000 
2455729.587153  11.186225 1.000000 
2455729.607588  11.185834 1.000000 
2455729.628022  11.185268 1.000000 
2455729.648457  11.182187 1.000000 
2455729.668891  11.177377 1.000000 
2455729.689326  11.176903 1.000000 
2455729.709760  11.176751 1.000000 
2455729.730195  11.176569 1.000000 
2455729.750629  11.176553 1.000000 
2455729.771064  11.176668 1.000000 
2455729.791498  11.176553 1.000000 
2455729.811932  11.176416 1.000000 
2455729.832367  11.176344 1.000000 
2455729.852801  11.176273 1.000000 
2455729.873236  11.176140 1.000000 
2455729.893670  11.176065 1.000000 
2455729.914105  11.175845 1.000000 
2455729.934539  11.175963 1.000000 
2455729.954974  11.175840 1.000000 
2455729.975408  11.175807 1.000000 
2455729.995843  11.175936 1.000000 
2455730.016277  11.175902 1.000000 
2455730.036712  11.176086 1.000000 
2455730.057146  11.176185 1.000000 
2455730.077581  11.176305 1.000000 
2455730.098015  11.176382 1.000000 
2455730.118449  11.176535 1.000000 
2455730.138884  11.176484 1.000000 
2455730.159319  11.176530 1.000000 
2455730.179753  11.176589 1.000000 
2455730.200187  11.176594 1.000000 
2455730.220622  11.176566 1.000000 
2455730.241056  11.176669 1.000000 
2455730.261491  11.176698 1.000000 
2455730.281925  11.176811 1.000000 
2455730.302360  11.176836 1.000000 
2455730.322794  11.176741 1.000000 
2455730.343229  11.176737 1.000000 
2455730.363663  11.176733 1.000000 
2455730.384098  11.176861 1.000000 
2455730.404532  11.176865 1.000000 
2455730.424967  11.176865 1.000000 
2455730.445401  11.177145 1.000000 
2455730.465836  11.177138 1.000000 
2455730.486270  11.177114 1.000000 
2455730.506704  11.177138 1.000000 
2455730.527139  11.177207 1.000000 
2455730.547573  11.177160 1.000000 
2455730.568008  11.177021 1.000000 
2455730.588442  11.177152 1.000000 
2455730.608877  11.177041 1.000000 
2455730.629311  11.176964 1.000000 
2455730.649746  11.177064 1.000000 
2455730.670180  11.177100 1.000000 
2455730.690615  11.177011 1.000000 
2455730.711049  11.177022 1.000000 
2455730.731483  11.177033 1.000000 
2455730.751918  11.177137 1.000000 
2455730.772352  11.177065 1.000000 
2455730.792787  11.177095 1.000000 
2455730.813221  11.176979 1.000000 
2455730.833656  11.176998 1.000000 
2455730.854090  11.176963 1.000000 
2455730.894959  11.176836 1.000000 
2455730.915394  11.176801 1.000000 
2455730.935828  11.176680 1.000000 
2455730.956263  11.176541 1.000000 
2455730.976697  11.176411 1.000000 
2455730.997132  11.176446 1.000000 
2455731.017566  11.176433 1.000000 
2455731.038000  11.176481 1.000000 
2455731.058435  11.176359 1.000000 
2455731.078869  11.176315 1.000000 
2455731.099304  11.176334 1.000000 
2455731.119738  11.176160 1.000000 
2455731.140173  11.176176 1.000000 
2455731.160607  11.176255 1.000000 
2455731.181042  11.176099 1.000000 
2455731.201476  11.176064 1.000000 
2455731.221911  11.176067 1.000000 
2455731.242345  11.176191 1.000000 
2455731.262780  11.176144 1.000000 
2455731.283214  11.176207 1.000000 
2455731.303648  11.176313 1.000000 
2455731.324083  11.176292 1.000000 
2455731.344518  11.176244 1.000000 
2455731.364952  11.176176 1.000000 
2455731.385387  11.176124 1.000000 
2455731.405821  11.176084 1.000000 
2455731.426255  11.176235 1.000000 
2455731.446690  11.176289 1.000000 
