2455174.076659  11.169006 1.000000 
2455174.097091  11.169192 1.000000 
2455174.117524  11.168995 1.000000 
2455174.137957  11.169086 1.000000 
2455174.158389  11.169146 1.000000 
2455174.178822  11.168897 1.000000 
2455174.199255  11.168868 1.000000 
2455174.219687  11.168897 1.000000 
2455174.240120  11.168896 1.000000 
2455174.260553  11.169060 1.000000 
2455174.280985  11.168972 1.000000 
2455174.301418  11.168978 1.000000 
2455174.321851  11.169244 1.000000 
2455174.342283  11.169259 1.000000 
2455174.362716  11.169270 1.000000 
2455174.383149  11.169134 1.000000 
2455174.403581  11.169172 1.000000 
2455174.424014  11.169194 1.000000 
2455174.444447  11.169362 1.000000 
2455174.464879  11.169250 1.000000 
2455174.485312  11.169257 1.000000 
2455174.505745  11.169178 1.000000 
2455174.526177  11.169181 1.000000 
2455174.546610  11.168982 1.000000 
2455174.567043  11.169082 1.000000 
2455174.587475  11.168942 1.000000 
2455174.607908  11.168946 1.000000 
2455174.628341  11.168952 1.000000 
2455174.648774  11.168835 1.000000 
2455174.669206  11.168927 1.000000 
2455174.689639  11.168762 1.000000 
2455174.710071  11.168806 1.000000 
2455174.730504  11.168896 1.000000 
2455174.750937  11.168945 1.000000 
2455174.771370  11.168814 1.000000 
2455174.791802  11.168662 1.000000 
2455174.812235  11.168812 1.000000 
2455174.832668  11.168881 1.000000 
2455174.853100  11.168808 1.000000 
2455174.873533  11.168955 1.000000 
2455174.893966  11.168983 1.000000 
2455174.914398  11.168869 1.000000 
2455174.934831  11.168867 1.000000 
2455174.955264  11.168972 1.000000 
2455174.975696  11.168902 1.000000 
2455174.996129  11.168564 1.000000 
2455175.016562  11.168621 1.000000 
2455175.036994  11.168675 1.000000 
2455175.057427  11.168634 1.000000 
2455175.077860  11.168621 1.000000 
2455175.098292  11.168725 1.000000 
2455175.118725  11.168711 1.000000 
2455175.139158  11.168916 1.000000 
2455175.159590  11.168911 1.000000 
2455175.180023  11.168810 1.000000 
2455175.200456  11.168877 1.000000 
2455175.220889  11.168860 1.000000 
2455175.241321  11.169076 1.000000 
2455175.261754  11.168818 1.000000 
2455175.282187  11.168896 1.000000 
2455175.302619  11.169019 1.000000 
2455175.323052  11.169260 1.000000 
2455175.363917  11.169260 1.000000 
2455175.384350  11.169302 1.000000 
2455175.404783  11.169569 1.000000 
2455175.425215  11.169463 1.000000 
2455175.445648  11.169505 1.000000 
2455175.466081  11.169318 1.000000 
2455175.486513  11.169625 1.000000 
2455175.506946  11.169445 1.000000 
2455175.527379  11.169455 1.000000 
2455175.547811  11.169251 1.000000 
2455175.568244  11.169211 1.000000 
2455175.588677  11.169244 1.000000 
2455175.609109  11.169030 1.000000 
2455175.629542  11.169938 1.000000 
2455175.649975  11.169058 1.000000 
2455175.670408  11.169117 1.000000 
2455175.690840  11.169025 1.000000 
2455175.711273  11.169013 1.000000 
2455175.731706  11.168982 1.000000 
2455175.752138  11.169006 1.000000 
2455175.772571  11.169015 1.000000 
2455175.793004  11.169194 1.000000 
2455175.813436  11.168980 1.000000 
2455175.833869  11.169142 1.000000 
2455175.854302  11.170261 1.000000 
2455175.874734  11.175697 1.000000 
2455175.895167  11.177418 1.000000 
2455175.915600  11.177894 1.000000 
2455175.936032  11.178327 1.000000 
2455175.956465  11.178618 1.000000 
2455175.976898  11.178811 1.000000 
2455175.997330  11.178946 1.000000 
2455176.017763  11.178931 1.000000 
2455176.038196  11.178909 1.000000 
2455176.058629  11.178767 1.000000 
2455176.079061  11.178628 1.000000 
2455176.099494  11.178199 1.000000 
2455176.119927  11.177506 1.000000 
2455176.140359  11.173661 1.000000 
2455176.160792  11.169220 1.000000 
2455176.181225  11.168957 1.000000 
2455176.201657  11.168973 1.000000 
2455176.222090  11.168901 1.000000 
2455176.242523  11.168964 1.000000 
2455176.262955  11.169073 1.000000 
2455176.283388  11.169327 1.000000 
2455176.303821  11.169257 1.000000 
2455176.324254  11.169398 1.000000 
2455176.344686  11.169514 1.000000 
2455176.365119  11.169553 1.000000 
2455176.385552  11.169528 1.000000 
2455176.405984  11.169539 1.000000 
2455176.426417  11.169589 1.000000 
2455176.446850  11.169528 1.000000 
2455176.467283  11.169411 1.000000 
2455176.487715  11.169386 1.000000 
2455176.508148  11.169487 1.000000 
2455176.528580  11.169455 1.000000 
2455176.549013  11.169516 1.000000 
2455176.569446  11.169562 1.000000 
2455176.589879  11.169671 1.000000 
2455176.610311  11.169463 1.000000 
2455176.630744  11.169373 1.000000 
2455176.651177  11.169348 1.000000 
2455176.671609  11.169272 1.000000 
2455176.692042  11.169201 1.000000 
2455176.712475  11.169321 1.000000 
2455176.732908  11.169279 1.000000 
2455176.753340  11.169322 1.000000 
2455176.773773  11.169320 1.000000 
2455176.794206  11.169422 1.000000 
2455176.814638  11.169597 1.000000 
2455176.835071  11.169579 1.000000 
2455176.855504  11.169569 1.000000 
2455176.875936  11.169678 1.000000 
2455176.896369  11.169646 1.000000 
2455176.916802  11.169559 1.000000 
2455176.937234  11.169563 1.000000 
2455176.957667  11.169308 1.000000 
2455176.978100  11.169108 1.000000 
2455176.998533  11.169048 1.000000 
2455177.018965  11.168845 1.000000 
2455177.039398  11.168814 1.000000 
2455177.059831  11.168873 1.000000 
2455177.080263  11.168812 1.000000 
2455177.100696  11.168802 1.000000 
2455177.121129  11.169010 1.000000 
2455177.141561  11.169219 1.000000 
2455177.161994  11.169296 1.000000 
2455177.182427  11.169388 1.000000 
2455177.202859  11.169394 1.000000 
2455177.223292  11.169573 1.000000 
2455177.243725  11.169661 1.000000 
2455177.264158  11.169584 1.000000 
2455177.284590  11.169527 1.000000 
2455177.305023  11.169423 1.000000 
2455177.325456  11.169287 1.000000 
2455177.345888  11.169194 1.000000 
2455177.366321  11.169182 1.000000 
2455177.386754  11.169224 1.000000 
2455177.407186  11.169221 1.000000 
2455177.427619  11.169097 1.000000 
2455177.448052  11.169269 1.000000 
2455177.468485  11.169276 1.000000 
2455177.488917  11.169321 1.000000 
2455177.509350  11.169654 1.000000 
2455177.529783  11.169601 1.000000 
2455177.550215  11.169617 1.000000 
2455177.570648  11.169371 1.000000 
2455177.591081  11.169301 1.000000 
2455177.611514  11.169221 1.000000 
2455177.631946  11.169072 1.000000 
2455177.652379  11.169044 1.000000 
2455177.672812  11.169026 1.000000 
2455177.693244  11.169062 1.000000 
2455177.713677  11.169068 1.000000 
2455177.734110  11.169164 1.000000 
2455177.754542  11.168961 1.000000 
2455177.774975  11.168986 1.000000 
2455177.795408  11.168977 1.000000 
2455177.815841  11.168872 1.000000 
2455177.836273  11.168887 1.000000 
2455177.856706  11.168656 1.000000 
2455177.877139  11.168782 1.000000 
2455177.897571  11.168592 1.000000 
2455177.918004  11.168654 1.000000 
2455177.938437  11.168687 1.000000 
