2455245.490556  11.168797 1.000000 
2455245.510990  11.168807 1.000000 
2455245.531423  11.168776 1.000000 
2455245.551857  11.168875 1.000000 
2455245.572291  11.168835 1.000000 
2455245.592725  11.168818 1.000000 
2455245.613158  11.168759 1.000000 
2455245.633592  11.168845 1.000000 
2455245.654026  11.168933 1.000000 
2455245.674460  11.168985 1.000000 
2455245.694894  11.168746 1.000000 
2455245.715327  11.168894 1.000000 
2455245.735761  11.169090 1.000000 
2455245.756195  11.168869 1.000000 
2455245.776628  11.168772 1.000000 
2455245.797062  11.168796 1.000000 
2455245.817496  11.168809 1.000000 
2455245.837930  11.168681 1.000000 
2455245.858364  11.168610 1.000000 
2455245.878797  11.168503 1.000000 
2455245.899231  11.168562 1.000000 
2455245.919665  11.168605 1.000000 
2455245.940099  11.168492 1.000000 
2455245.960532  11.168484 1.000000 
2455245.980966  11.168371 1.000000 
2455246.001400  11.168298 1.000000 
2455246.021834  11.168259 1.000000 
2455246.042267  11.168377 1.000000 
2455246.062701  11.168379 1.000000 
2455246.083135  11.168293 1.000000 
2455246.103569  11.168280 1.000000 
2455246.124003  11.168410 1.000000 
2455246.144437  11.168314 1.000000 
2455246.164870  11.168309 1.000000 
2455246.185304  11.168357 1.000000 
2455246.205738  11.168278 1.000000 
2455246.226172  11.168299 1.000000 
2455246.307907  11.168317 1.000000 
2455246.328340  11.168361 1.000000 
2455246.348774  11.168396 1.000000 
2455246.369208  11.168499 1.000000 
2455246.389642  11.168231 1.000000 
2455246.410075  11.168286 1.000000 
2455246.430509  11.168272 1.000000 
2455246.450943  11.168332 1.000000 
2455246.471377  11.168441 1.000000 
2455246.491811  11.168379 1.000000 
2455246.512244  11.168429 1.000000 
2455246.532678  11.168417 1.000000 
2455246.553112  11.168418 1.000000 
2455246.573546  11.168317 1.000000 
2455246.593979  11.168118 1.000000 
2455246.614413  11.168643 1.000000 
2455246.634847  11.168692 1.000000 
2455246.655281  11.168575 1.000000 
2455246.675715  11.168495 1.000000 
2455246.696148  11.168581 1.000000 
2455246.716582  11.168421 1.000000 
2455246.737016  11.168591 1.000000 
2455246.757450  11.168577 1.000000 
2455246.777884  11.168600 1.000000 
2455246.798317  11.168453 1.000000 
2455246.818751  11.168458 1.000000 
2455246.839185  11.168501 1.000000 
2455246.859619  11.168642 1.000000 
2455246.880052  11.168777 1.000000 
2455246.900486  11.169003 1.000000 
2455246.920920  11.169203 1.000000 
2455246.941354  11.169014 1.000000 
2455246.961788  11.169232 1.000000 
2455246.982221  11.169146 1.000000 
2455247.002655  11.168942 1.000000 
2455247.023089  11.169225 1.000000 
2455247.043523  11.169154 1.000000 
2455247.063957  11.169321 1.000000 
2455247.084390  11.169129 1.000000 
2455247.104824  11.168898 1.000000 
2455247.125258  11.168795 1.000000 
2455247.145692  11.168705 1.000000 
2455247.166125  11.168625 1.000000 
2455247.186559  11.168612 1.000000 
2455247.206993  11.168633 1.000000 
2455247.227427  11.168295 1.000000 
2455247.247861  11.168428 1.000000 
2455247.268294  11.168574 1.000000 
2455247.288728  11.173267 1.000000 
2455247.309162  11.176405 1.000000 
2455247.329596  11.177229 1.000000 
2455247.350030  11.177538 1.000000 
2455247.370463  11.177889 1.000000 
2455247.390897  11.177920 1.000000 
2455247.411331  11.177964 1.000000 
2455247.431765  11.177979 1.000000 
2455247.452198  11.178000 1.000000 
2455247.472632  11.178069 1.000000 
2455247.493066  11.177828 1.000000 
2455247.513500  11.177514 1.000000 
2455247.533934  11.176836 1.000000 
2455247.554367  11.174662 1.000000 
2455247.574801  11.169452 1.000000 
2455247.595235  11.168304 1.000000 
2455247.615669  11.168154 1.000000 
2455247.636103  11.168237 1.000000 
2455247.656536  11.168355 1.000000 
2455247.676970  11.168423 1.000000 
2455247.697404  11.168335 1.000000 
2455247.717838  11.168513 1.000000 
2455247.738272  11.168400 1.000000 
2455247.758706  11.168360 1.000000 
2455247.779139  11.168647 1.000000 
2455247.799573  11.168364 1.000000 
2455247.820007  11.168293 1.000000 
2455247.840441  11.168410 1.000000 
2455247.860874  11.168384 1.000000 
2455247.881308  11.168772 1.000000 
2455247.901742  11.168644 1.000000 
2455247.922176  11.168852 1.000000 
2455247.942610  11.169006 1.000000 
2455247.963044  11.168685 1.000000 
2455247.983477  11.168834 1.000000 
2455248.024345  11.168820 1.000000 
2455248.044779  11.168642 1.000000 
2455248.065212  11.168677 1.000000 
2455248.085646  11.168723 1.000000 
2455248.106080  11.168695 1.000000 
2455248.146948  11.168635 1.000000 
2455248.167382  11.168559 1.000000 
2455248.187815  11.168704 1.000000 
2455248.208249  11.168552 1.000000 
2455248.228683  11.168482 1.000000 
2455248.249117  11.168542 1.000000 
2455248.269551  11.168584 1.000000 
2455248.289984  11.168368 1.000000 
2455248.310418  11.168298 1.000000 
2455248.330852  11.168117 1.000000 
2455248.351286  11.168309 1.000000 
2455248.371720  11.168361 1.000000 
2455248.392154  11.168641 1.000000 
2455248.412587  11.168438 1.000000 
2455248.433021  11.168442 1.000000 
2455248.453455  11.168480 1.000000 
2455248.473889  11.168557 1.000000 
2455248.494323  11.168500 1.000000 
2455248.514756  11.168345 1.000000 
2455248.535190  11.168314 1.000000 
2455248.555624  11.168305 1.000000 
2455248.576058  11.167983 1.000000 
2455248.596492  11.168017 1.000000 
2455248.616925  11.167913 1.000000 
2455248.637359  11.167951 1.000000 
2455248.657793  11.168034 1.000000 
2455248.678227  11.168141 1.000000 
2455248.698661  11.168196 1.000000 
2455248.719094  11.168342 1.000000 
2455248.739528  11.168422 1.000000 
2455248.759962  11.168537 1.000000 
2455248.780396  11.168660 1.000000 
2455248.800830  11.168733 1.000000 
2455248.821264  11.168729 1.000000 
2455248.841697  11.168793 1.000000 
2455248.862131  11.168925 1.000000 
2455248.882565  11.169014 1.000000 
2455248.902999  11.168787 1.000000 
2455248.923433  11.168725 1.000000 
2455248.943866  11.168532 1.000000 
2455248.964300  11.168348 1.000000 
2455248.984734  11.168453 1.000000 
2455249.005168  11.168126 1.000000 
2455249.025602  11.168062 1.000000 
2455249.046036  11.168074 1.000000 
2455249.066469  11.168240 1.000000 
2455249.086903  11.168215 1.000000 
2455249.107337  11.168255 1.000000 
2455249.127771  11.168154 1.000000 
2455249.148205  11.168076 1.000000 
2455249.168638  11.168170 1.000000 
2455249.189072  11.168195 1.000000 
2455249.209506  11.167996 1.000000 
2455249.229940  11.168072 1.000000 
2455249.250374  11.168171 1.000000 
2455249.270808  11.168022 1.000000 
2455249.291241  11.168086 1.000000 
2455249.311675  11.168193 1.000000 
2455249.332109  11.168143 1.000000 
2455249.352543  11.168326 1.000000 
