2455709.724791  11.176646 1.000000 
2455709.745225  11.176502 1.000000 
2455709.765660  11.176575 1.000000 
2455709.786094  11.176721 1.000000 
2455709.806529  11.176801 1.000000 
2455709.826963  11.176722 1.000000 
2455709.847398  11.176833 1.000000 
2455709.867833  11.176992 1.000000 
2455709.888267  11.176744 1.000000 
2455709.908702  11.176713 1.000000 
2455709.929136  11.176639 1.000000 
2455709.949571  11.176564 1.000000 
2455709.970005  11.176389 1.000000 
2455710.010875  11.176025 1.000000 
2455710.031309  11.175996 1.000000 
2455710.051744  11.175982 1.000000 
2455710.072178  11.175898 1.000000 
2455710.092613  11.175958 1.000000 
2455710.113047  11.176120 1.000000 
2455710.133482  11.176120 1.000000 
2455710.153916  11.176082 1.000000 
2455710.174351  11.176017 1.000000 
2455710.194786  11.176067 1.000000 
2455710.215220  11.175921 1.000000 
2455710.235655  11.175898 1.000000 
2455710.256089  11.175873 1.000000 
2455710.276524  11.175972 1.000000 
2455710.296959  11.175827 1.000000 
2455710.317393  11.175819 1.000000 
2455710.337828  11.175695 1.000000 
2455710.358262  11.175717 1.000000 
2455710.378697  11.175716 1.000000 
2455710.399131  11.175664 1.000000 
2455710.419566  11.175794 1.000000 
2455710.440001  11.175886 1.000000 
2455710.460435  11.175947 1.000000 
2455710.480870  11.175845 1.000000 
2455710.501304  11.175772 1.000000 
2455710.521739  11.175759 1.000000 
2455710.542173  11.175790 1.000000 
2455710.562608  11.175791 1.000000 
2455710.583043  11.175815 1.000000 
2455710.603477  11.175910 1.000000 
2455710.623912  11.176010 1.000000 
2455710.644346  11.176111 1.000000 
2455710.664781  11.176279 1.000000 
2455710.685215  11.176452 1.000000 
2455710.705650  11.176484 1.000000 
2455710.726085  11.176470 1.000000 
2455710.746519  11.176494 1.000000 
2455710.766954  11.176440 1.000000 
2455710.787388  11.176321 1.000000 
2455710.807823  11.176408 1.000000 
2455710.828257  11.176318 1.000000 
2455710.848692  11.176336 1.000000 
2455710.869127  11.176460 1.000000 
2455710.889561  11.176550 1.000000 
2455710.909996  11.176679 1.000000 
2455710.930430  11.176717 1.000000 
2455710.950865  11.176818 1.000000 
2455710.991734  11.176740 1.000000 
2455711.012169  11.176594 1.000000 
2455711.032603  11.176626 1.000000 
2455711.053038  11.176713 1.000000 
2455711.073472  11.176766 1.000000 
2455711.093907  11.176626 1.000000 
2455711.114341  11.176561 1.000000 
2455711.134776  11.176432 1.000000 
2455711.155210  11.176412 1.000000 
2455711.175645  11.176259 1.000000 
2455711.196080  11.176149 1.000000 
2455711.216514  11.176437 1.000000 
2455711.236949  11.176302 1.000000 
2455711.257383  11.176251 1.000000 
2455711.277818  11.176118 1.000000 
2455711.298252  11.176211 1.000000 
2455711.318687  11.176086 1.000000 
2455711.339122  11.176178 1.000000 
2455711.359556  11.176098 1.000000 
2455711.379991  11.175817 1.000000 
2455711.400425  11.176128 1.000000 
2455711.420860  11.176090 1.000000 
2455711.441294  11.175888 1.000000 
2455711.461729  11.175813 1.000000 
2455711.482164  11.175762 1.000000 
2455711.502598  11.176202 1.000000 
2455711.523033  11.180854 1.000000 
2455711.543467  11.184394 1.000000 
2455711.563902  11.184898 1.000000 
2455711.584336  11.185438 1.000000 
2455711.604771  11.185836 1.000000 
2455711.625205  11.186178 1.000000 
2455711.645640  11.186148 1.000000 
2455711.666075  11.186107 1.000000 
2455711.686509  11.185966 1.000000 
2455711.706944  11.185819 1.000000 
2455711.727378  11.185508 1.000000 
2455711.747813  11.185260 1.000000 
2455711.768247  11.184651 1.000000 
2455711.788682  11.182778 1.000000 
2455711.809117  11.177242 1.000000 
2455711.829551  11.176181 1.000000 
2455711.849986  11.176150 1.000000 
2455711.870420  11.176192 1.000000 
2455711.890855  11.176240 1.000000 
2455711.911289  11.176274 1.000000 
2455711.931724  11.176373 1.000000 
2455711.952158  11.176308 1.000000 
2455711.972593  11.176421 1.000000 
2455711.993028  11.176540 1.000000 
2455712.013462  11.176421 1.000000 
2455712.033897  11.176481 1.000000 
2455712.054331  11.176475 1.000000 
2455712.074766  11.176580 1.000000 
2455712.095200  11.176750 1.000000 
2455712.115635  11.176735 1.000000 
2455712.136069  11.176745 1.000000 
2455712.156504  11.176692 1.000000 
2455712.176939  11.176831 1.000000 
2455712.197373  11.176977 1.000000 
2455712.217808  11.176925 1.000000 
2455712.238242  11.177019 1.000000 
2455712.258677  11.176899 1.000000 
2455712.279111  11.176877 1.000000 
2455712.299546  11.176704 1.000000 
2455712.319981  11.176716 1.000000 
2455712.340415  11.176713 1.000000 
2455712.360850  11.176869 1.000000 
2455712.381284  11.176725 1.000000 
2455712.401719  11.176718 1.000000 
2455712.422153  11.176746 1.000000 
2455712.442588  11.176779 1.000000 
2455712.463023  11.176544 1.000000 
2455712.483457  11.176684 1.000000 
2455712.503892  11.176535 1.000000 
2455712.524326  11.176612 1.000000 
2455712.544761  11.176569 1.000000 
2455712.565195  11.176372 1.000000 
2455712.585630  11.176132 1.000000 
2455712.606065  11.176239 1.000000 
2455712.626499  11.176321 1.000000 
2455712.646934  11.176149 1.000000 
2455712.667368  11.176159 1.000000 
2455712.687803  11.176010 1.000000 
2455712.708237  11.176130 1.000000 
2455712.728672  11.176089 1.000000 
2455712.749106  11.176166 1.000000 
2455712.769541  11.176204 1.000000 
2455712.789976  11.176103 1.000000 
2455712.810410  11.176127 1.000000 
2455712.830845  11.176210 1.000000 
2455712.851279  11.176131 1.000000 
2455712.871714  11.176061 1.000000 
2455712.892148  11.176057 1.000000 
2455712.912583  11.175943 1.000000 
2455712.933018  11.175877 1.000000 
2455712.953452  11.175822 1.000000 
2455712.994321  11.175883 1.000000 
2455713.014756  11.175983 1.000000 
2455713.035190  11.176101 1.000000 
2455713.055625  11.176038 1.000000 
2455713.076059  11.176035 1.000000 
2455713.096494  11.176157 1.000000 
2455713.116929  11.176098 1.000000 
2455713.137363  11.176251 1.000000 
2455713.157798  11.176198 1.000000 
2455713.178232  11.176325 1.000000 
2455713.198667  11.176305 1.000000 
2455713.219101  11.176170 1.000000 
2455713.239536  11.176350 1.000000 
2455713.259970  11.176424 1.000000 
2455713.280405  11.176461 1.000000 
2455713.300840  11.176512 1.000000 
2455713.321274  11.176499 1.000000 
2455713.341709  11.176391 1.000000 
2455713.362143  11.176429 1.000000 
2455713.382578  11.176439 1.000000 
2455713.403012  11.176461 1.000000 
2455713.423447  11.176546 1.000000 
2455713.443882  11.176752 1.000000 
2455713.464316  11.176706 1.000000 
2455713.484751  11.176811 1.000000 
2455713.505185  11.176837 1.000000 
2455713.525620  11.176824 1.000000 
2455713.546054  11.176798 1.000000 
2455713.566489  11.176650 1.000000 
2455713.586924  11.176685 1.000000 
