2455799.001678  11.177459 1.000000 
2455799.022112  11.177555 1.000000 
2455799.042545  11.177795 1.000000 
2455799.062979  11.177870 1.000000 
2455799.083412  11.177813 1.000000 
2455799.103846  11.177852 1.000000 
2455799.124279  11.178032 1.000000 
2455799.144713  11.177955 1.000000 
2455799.165147  11.177847 1.000000 
2455799.185580  11.177930 1.000000 
2455799.226447  11.177950 1.000000 
2455799.246881  11.177941 1.000000 
2455799.267315  11.177817 1.000000 
2455799.287748  11.177804 1.000000 
2455799.308182  11.178002 1.000000 
2455799.328615  11.177989 1.000000 
2455799.349049  11.177947 1.000000 
2455799.369482  11.177930 1.000000 
2455799.389916  11.178084 1.000000 
2455799.410349  11.178104 1.000000 
2455799.430783  11.178161 1.000000 
2455799.451217  11.178202 1.000000 
2455799.471650  11.178132 1.000000 
2455799.492084  11.178210 1.000000 
2455799.512517  11.178145 1.000000 
2455799.532951  11.178206 1.000000 
2455799.553384  11.178219 1.000000 
2455799.573818  11.178094 1.000000 
2455799.594252  11.178052 1.000000 
2455799.614685  11.177947 1.000000 
2455799.635119  11.177843 1.000000 
2455799.655552  11.177767 1.000000 
2455799.675986  11.177672 1.000000 
2455799.737287  11.177769 1.000000 
2455799.757720  11.177785 1.000000 
2455799.778154  11.177679 1.000000 
2455799.798587  11.177527 1.000000 
2455799.839454  11.177424 1.000000 
2455799.859888  11.177259 1.000000 
2455799.880321  11.177281 1.000000 
2455799.900755  11.177230 1.000000 
2455799.921189  11.177344 1.000000 
2455799.941622  11.177642 1.000000 
2455799.962056  11.177761 1.000000 
2455799.982489  11.177824 1.000000 
2455800.002923  11.177955 1.000000 
2455800.023356  11.177786 1.000000 
2455800.043790  11.177612 1.000000 
2455800.064223  11.177588 1.000000 
2455800.084657  11.177481 1.000000 
2455800.105091  11.177172 1.000000 
2455800.125524  11.177290 1.000000 
2455800.145958  11.177185 1.000000 
2455800.166391  11.177174 1.000000 
2455800.186825  11.177160 1.000000 
2455800.207258  11.176995 1.000000 
2455800.227692  11.176979 1.000000 
2455800.248126  11.177251 1.000000 
2455800.268559  11.177462 1.000000 
2455800.288993  11.177748 1.000000 
2455800.309426  11.177834 1.000000 
2455800.329860  11.178099 1.000000 
2455800.350293  11.178168 1.000000 
2455800.370727  11.178158 1.000000 
2455800.391160  11.178149 1.000000 
2455800.411594  11.178137 1.000000 
2455800.432028  11.178057 1.000000 
2455800.452461  11.178110 1.000000 
2455800.472895  11.177838 1.000000 
2455800.493328  11.177876 1.000000 
2455800.513762  11.177945 1.000000 
2455800.534195  11.177718 1.000000 
2455800.554629  11.177799 1.000000 
2455800.575062  11.177774 1.000000 
2455800.595496  11.177867 1.000000 
2455800.615929  11.177905 1.000000 
2455800.636363  11.177889 1.000000 
2455800.656797  11.177942 1.000000 
2455800.677230  11.177926 1.000000 
2455800.697664  11.177923 1.000000 
2455800.718097  11.177914 1.000000 
2455800.738531  11.177756 1.000000 
2455800.758964  11.177676 1.000000 
2455800.779398  11.177992 1.000000 
2455800.799831  11.182541 1.000000 
2455800.820265  11.185934 1.000000 
2455800.840698  11.186556 1.000000 
2455800.861132  11.186946 1.000000 
2455800.881566  11.187316 1.000000 
2455800.901999  11.187435 1.000000 
2455800.922433  11.187332 1.000000 
2455800.942866  11.187409 1.000000 
2455800.963300  11.187226 1.000000 
2455800.983733  11.187190 1.000000 
2455801.004167  11.186747 1.000000 
2455801.024600  11.186127 1.000000 
2455801.045034  11.185567 1.000000 
2455801.065467  11.183518 1.000000 
2455801.085901  11.178237 1.000000 
2455801.106335  11.176979 1.000000 
2455801.126768  11.177119 1.000000 
2455801.147202  11.177210 1.000000 
2455801.167635  11.177364 1.000000 
2455801.188069  11.177363 1.000000 
2455801.208502  11.177521 1.000000 
2455801.228936  11.177497 1.000000 
2455801.249369  11.177464 1.000000 
2455801.269803  11.177621 1.000000 
2455801.290236  11.177537 1.000000 
2455801.310670  11.177408 1.000000 
2455801.331103  11.177474 1.000000 
2455801.351537  11.177556 1.000000 
2455801.371970  11.177577 1.000000 
2455801.392404  11.177595 1.000000 
2455801.412838  11.177611 1.000000 
2455801.433271  11.177764 1.000000 
2455801.453705  11.177776 1.000000 
2455801.474138  11.177744 1.000000 
2455801.494572  11.177803 1.000000 
2455801.515005  11.177961 1.000000 
2455801.535439  11.177863 1.000000 
2455801.555872  11.178066 1.000000 
2455801.576306  11.177822 1.000000 
2455801.596739  11.177952 1.000000 
2455801.617173  11.177886 1.000000 
2455801.637607  11.177867 1.000000 
2455801.658040  11.177837 1.000000 
2455801.678474  11.177699 1.000000 
2455801.698907  11.177757 1.000000 
2455801.719341  11.177660 1.000000 
