2455961.483973  11.179743 1.000000 
2455961.504407  11.185299 1.000000 
2455961.524840  11.186782 1.000000 
2455961.545273  11.187404 1.000000 
2455961.565707  11.187808 1.000000 
2455961.586140  11.188047 1.000000 
2455961.606573  11.188336 1.000000 
2455961.627007  11.188424 1.000000 
2455961.647440  11.188405 1.000000 
2455961.667873  11.188209 1.000000 
2455961.688306  11.188076 1.000000 
2455961.708740  11.187939 1.000000 
2455961.729173  11.187294 1.000000 
2455961.749606  11.186540 1.000000 
2455961.770039  11.182608 1.000000 
2455961.790473  11.178405 1.000000 
2455961.810906  11.178354 1.000000 
2455961.831339  11.178362 1.000000 
2455961.851773  11.178360 1.000000 
2455961.872206  11.178335 1.000000 
2455961.892639  11.178141 1.000000 
2455961.933506  11.178507 1.000000 
2455961.953939  11.178567 1.000000 
2455961.974372  11.178555 1.000000 
2455961.994805  11.178549 1.000000 
2455962.015239  11.178669 1.000000 
2455962.035672  11.178481 1.000000 
2455962.056105  11.178449 1.000000 
2455962.076539  11.178331 1.000000 
2455962.096972  11.178179 1.000000 
2455962.117405  11.178149 1.000000 
2455962.137839  11.178347 1.000000 
2455962.158272  11.178207 1.000000 
2455962.178705  11.178465 1.000000 
2455962.199138  11.178359 1.000000 
2455962.219572  11.178341 1.000000 
2455962.240005  11.178403 1.000000 
2455962.260438  11.178492 1.000000 
2455962.280871  11.178586 1.000000 
2455962.301305  11.178565 1.000000 
2455962.321738  11.178685 1.000000 
2455962.342171  11.178490 1.000000 
2455962.362604  11.178568 1.000000 
2455962.383038  11.178601 1.000000 
2455962.403471  11.178357 1.000000 
2455962.423904  11.178139 1.000000 
2455962.444338  11.178216 1.000000 
2455962.464771  11.178287 1.000000 
2455962.485204  11.178235 1.000000 
2455962.505638  11.178305 1.000000 
2455962.526071  11.178377 1.000000 
2455962.546504  11.178372 1.000000 
2455962.566938  11.178532 1.000000 
2455962.689537  11.178380 1.000000 
2455962.709970  11.178563 1.000000 
2455962.730404  11.178265 1.000000 
2455962.750837  11.178301 1.000000 
2455962.771270  11.178382 1.000000 
2455962.791704  11.178177 1.000000 
2455962.812137  11.178078 1.000000 
2455962.832570  11.178178 1.000000 
2455962.853004  11.178227 1.000000 
2455962.873437  11.178188 1.000000 
2455962.893870  11.178250 1.000000 
2455962.914304  11.178198 1.000000 
2455962.934737  11.178326 1.000000 
2455962.955170  11.178331 1.000000 
2455962.975603  11.178424 1.000000 
2455962.996037  11.178412 1.000000 
2455963.016470  11.178534 1.000000 
2455963.036903  11.178608 1.000000 
2455963.057336  11.178523 1.000000 
2455963.098203  11.178348 1.000000 
2455963.118637  11.178250 1.000000 
2455963.139070  11.178312 1.000000 
2455963.159503  11.178223 1.000000 
2455963.179936  11.178264 1.000000 
2455963.200370  11.178367 1.000000 
2455963.220803  11.178399 1.000000 
2455963.241236  11.178434 1.000000 
2455963.261669  11.178449 1.000000 
2455963.282103  11.178491 1.000000 
2455963.302536  11.178611 1.000000 
2455963.322969  11.178624 1.000000 
2455963.343403  11.178634 1.000000 
2455963.363836  11.178689 1.000000 
2455963.384269  11.178548 1.000000 
2455963.404703  11.178347 1.000000 
2455963.425136  11.178487 1.000000 
2455963.445569  11.178397 1.000000 
2455963.466003  11.178412 1.000000 
2455963.486436  11.178231 1.000000 
2455963.506869  11.178433 1.000000 
2455963.527303  11.178610 1.000000 
2455963.547736  11.178730 1.000000 
2455963.568169  11.178917 1.000000 
