2456084.681449  11.177840 1.000000 
2456084.701883  11.177795 1.000000 
2456084.722318  11.177700 1.000000 
2456084.742752  11.177613 1.000000 
2456084.763187  11.177685 1.000000 
2456084.783621  11.177604 1.000000 
2456084.804056  11.177648 1.000000 
2456084.824491  11.177366 1.000000 
2456084.844925  11.177241 1.000000 
2456084.865360  11.177018 1.000000 
2456084.885794  11.177090 1.000000 
2456084.906229  11.177189 1.000000 
2456084.926663  11.177369 1.000000 
2456084.947098  11.177238 1.000000 
2456084.967533  11.177257 1.000000 
2456084.987967  11.177352 1.000000 
2456085.008402  11.177365 1.000000 
2456085.028836  11.177286 1.000000 
2456085.049271  11.177360 1.000000 
2456085.069705  11.177415 1.000000 
2456085.090140  11.177629 1.000000 
2456085.110575  11.177661 1.000000 
2456085.131009  11.177743 1.000000 
2456085.151444  11.177745 1.000000 
2456085.171878  11.177856 1.000000 
2456085.192313  11.177869 1.000000 
2456085.212747  11.177869 1.000000 
2456085.233182  11.177861 1.000000 
2456085.253617  11.177896 1.000000 
2456085.274051  11.177911 1.000000 
2456085.294486  11.177970 1.000000 
2456085.314920  11.177992 1.000000 
2456085.335355  11.178134 1.000000 
2456085.355789  11.178214 1.000000 
2456085.376224  11.178269 1.000000 
2456085.396659  11.178264 1.000000 
2456085.417093  11.178290 1.000000 
2456085.437528  11.178371 1.000000 
2456085.457962  11.178304 1.000000 
2456085.478397  11.178363 1.000000 
2456085.498831  11.178332 1.000000 
2456085.519266  11.178429 1.000000 
2456085.539700  11.178372 1.000000 
2456085.560135  11.178311 1.000000 
2456085.580570  11.178458 1.000000 
2456085.601004  11.178269 1.000000 
2456085.621439  11.178229 1.000000 
2456085.641873  11.178206 1.000000 
2456085.662308  11.178149 1.000000 
2456085.682742  11.178139 1.000000 
2456085.703177  11.178050 1.000000 
2456085.723611  11.178028 1.000000 
2456085.744046  11.177882 1.000000 
2456085.764481  11.177761 1.000000 
2456085.784915  11.177838 1.000000 
2456085.805350  11.177669 1.000000 
2456085.825784  11.177763 1.000000 
2456085.846219  11.177738 1.000000 
2456085.866653  11.177838 1.000000 
2456085.887088  11.177923 1.000000 
2456085.907522  11.177634 1.000000 
2456085.927957  11.177610 1.000000 
2456085.948391  11.177594 1.000000 
2456085.968826  11.177539 1.000000 
2456085.989261  11.177744 1.000000 
2456086.009695  11.177747 1.000000 
2456086.030130  11.177869 1.000000 
2456086.050564  11.177755 1.000000 
2456086.070999  11.177802 1.000000 
2456086.091433  11.177830 1.000000 
2456086.111868  11.177783 1.000000 
2456086.132302  11.177792 1.000000 
2456086.152737  11.177640 1.000000 
2456086.173172  11.177647 1.000000 
2456086.193606  11.177649 1.000000 
2456086.214041  11.177390 1.000000 
2456086.234475  11.177410 1.000000 
2456086.254910  11.177400 1.000000 
2456086.275344  11.177482 1.000000 
2456086.295779  11.177429 1.000000 
2456086.316214  11.177602 1.000000 
2456086.336648  11.177461 1.000000 
2456086.357083  11.177730 1.000000 
2456086.377517  11.177596 1.000000 
2456086.397952  11.177627 1.000000 
2456086.418386  11.177677 1.000000 
2456086.438821  11.177772 1.000000 
2456086.459255  11.177949 1.000000 
2456086.479690  11.181263 1.000000 
2456086.500125  11.185696 1.000000 
2456086.520559  11.186527 1.000000 
2456086.540994  11.187104 1.000000 
2456086.561428  11.187338 1.000000 
2456086.602297  11.187813 1.000000 
2456086.622732  11.187867 1.000000 
2456086.643167  11.187924 1.000000 
2456086.684036  11.187739 1.000000 
2456086.704470  11.187286 1.000000 
2456086.724905  11.186785 1.000000 
2456086.745339  11.185381 1.000000 
2456086.765774  11.180300 1.000000 
2456086.786208  11.178211 1.000000 
2456086.806643  11.178125 1.000000 
2456086.827077  11.178287 1.000000 
2456086.847512  11.178295 1.000000 
2456086.867947  11.178212 1.000000 
2456086.888381  11.178327 1.000000 
2456086.908816  11.178177 1.000000 
2456086.929250  11.178357 1.000000 
2456086.949685  11.178282 1.000000 
2456086.970120  11.178272 1.000000 
2456086.990554  11.178104 1.000000 
2456087.010988  11.178048 1.000000 
2456087.031423  11.178234 1.000000 
2456087.051858  11.178256 1.000000 
2456087.072292  11.178302 1.000000 
2456087.092727  11.178419 1.000000 
2456087.113161  11.178488 1.000000 
2456087.133596  11.178498 1.000000 
2456087.154030  11.178458 1.000000 
2456087.174465  11.178354 1.000000 
2456087.194899  11.178313 1.000000 
2456087.215334  11.178258 1.000000 
2456087.235768  11.178130 1.000000 
2456087.256203  11.178027 1.000000 
2456087.276638  11.177960 1.000000 
2456087.297072  11.178050 1.000000 
2456087.317507  11.178041 1.000000 
2456087.337941  11.178037 1.000000 
2456087.358376  11.178058 1.000000 
2456087.378810  11.177719 1.000000 
2456087.399245  11.177680 1.000000 
2456087.419680  11.177466 1.000000 
2456087.440114  11.177315 1.000000 
2456087.460549  11.177224 1.000000 
2456087.480983  11.177218 1.000000 
2456087.501418  11.177188 1.000000 
2456087.521852  11.177215 1.000000 
2456087.542287  11.177408 1.000000 
2456087.562721  11.177518 1.000000 
2456087.583156  11.177402 1.000000 
2456087.603591  11.177463 1.000000 
2456087.624025  11.177583 1.000000 
2456087.644460  11.177605 1.000000 
2456087.664894  11.177804 1.000000 
2456087.685329  11.177722 1.000000 
2456087.705763  11.177637 1.000000 
2456087.726198  11.177627 1.000000 
2456087.746632  11.177448 1.000000 
2456087.767067  11.177440 1.000000 
2456087.787502  11.177366 1.000000 
2456087.807936  11.177471 1.000000 
2456087.828371  11.177444 1.000000 
2456087.848805  11.177529 1.000000 
2456087.869240  11.177520 1.000000 
2456087.889674  11.177693 1.000000 
2456087.910109  11.177741 1.000000 
2456087.930543  11.177739 1.000000 
2456087.950978  11.177905 1.000000 
2456087.971412  11.177920 1.000000 
2456087.991847  11.178050 1.000000 
2456088.012282  11.178092 1.000000 
2456088.032716  11.178088 1.000000 
2456088.053151  11.178219 1.000000 
2456088.073585  11.178247 1.000000 
2456088.094020  11.178359 1.000000 
2456088.114454  11.178377 1.000000 
2456088.134889  11.178535 1.000000 
2456088.155323  11.178481 1.000000 
2456088.175758  11.178529 1.000000 
2456088.196193  11.178357 1.000000 
2456088.216627  11.178295 1.000000 
2456088.237062  11.178225 1.000000 
2456088.257496  11.178392 1.000000 
2456088.277931  11.178459 1.000000 
2456088.298365  11.178346 1.000000 
2456088.318800  11.178250 1.000000 
2456088.339234  11.178240 1.000000 
2456088.359669  11.178136 1.000000 
2456088.380104  11.178005 1.000000 
2456088.400538  11.178035 1.000000 
2456088.420973  11.177983 1.000000 
2456088.441407  11.177995 1.000000 
2456088.461842  11.178087 1.000000 
2456088.482276  11.178018 1.000000 
2456088.502711  11.178161 1.000000 
2456088.523145  11.178012 1.000000 
2456088.543580  11.177997 1.000000 
