2455156.954126  11.168971 1.000000 
2455156.974559  11.169068 1.000000 
2455156.994991  11.168943 1.000000 
2455157.015424  11.169295 1.000000 
2455157.035856  11.169321 1.000000 
2455157.056289  11.169477 1.000000 
2455157.076722  11.169449 1.000000 
2455157.097154  11.169554 1.000000 
2455157.117587  11.169571 1.000000 
2455157.138019  11.169573 1.000000 
2455157.158452  11.169501 1.000000 
2455157.178884  11.169520 1.000000 
2455157.199317  11.169510 1.000000 
2455157.219750  11.169641 1.000000 
2455157.240182  11.169650 1.000000 
2455157.260615  11.169363 1.000000 
2455157.281047  11.169412 1.000000 
2455157.301480  11.169363 1.000000 
2455157.321912  11.169192 1.000000 
2455157.342345  11.169034 1.000000 
2455157.362777  11.168887 1.000000 
2455157.383210  11.168800 1.000000 
2455157.403643  11.168831 1.000000 
2455157.424075  11.168812 1.000000 
2455157.464940  11.168906 1.000000 
2455157.485373  11.168868 1.000000 
2455157.505806  11.168914 1.000000 
2455157.526238  11.169058 1.000000 
2455157.546671  11.169073 1.000000 
2455157.567103  11.169040 1.000000 
2455157.587536  11.168965 1.000000 
2455157.607968  11.168927 1.000000 
2455157.628401  11.168784 1.000000 
2455157.648834  11.168848 1.000000 
2455157.669266  11.169016 1.000000 
2455157.689699  11.169131 1.000000 
2455157.710131  11.169142 1.000000 
2455157.730564  11.169236 1.000000 
2455157.750997  11.169127 1.000000 
2455157.771429  11.169431 1.000000 
2455157.791862  11.169325 1.000000 
2455157.812294  11.169197 1.000000 
2455157.832727  11.169060 1.000000 
2455157.853159  11.169150 1.000000 
2455157.873592  11.169044 1.000000 
2455157.894025  11.168939 1.000000 
2455157.914457  11.169104 1.000000 
2455157.934890  11.169021 1.000000 
2455157.955322  11.169104 1.000000 
2455157.975755  11.169091 1.000000 
2455157.996188  11.169831 1.000000 
2455158.016620  11.175202 1.000000 
2455158.037053  11.177916 1.000000 
2455158.057485  11.178305 1.000000 
2455158.077918  11.178662 1.000000 
2455158.098351  11.178679 1.000000 
2455158.118783  11.178737 1.000000 
2455158.139216  11.178829 1.000000 
2455158.159648  11.178900 1.000000 
2455158.180081  11.179073 1.000000 
2455158.200513  11.178959 1.000000 
2455158.220946  11.178694 1.000000 
2455158.241379  11.178352 1.000000 
2455158.261811  11.177674 1.000000 
2455158.282244  11.174855 1.000000 
2455158.302676  11.169902 1.000000 
2455158.323109  11.169659 1.000000 
2455158.343542  11.169556 1.000000 
2455158.363974  11.169636 1.000000 
2455158.384407  11.169873 1.000000 
2455158.404839  11.169782 1.000000 
2455158.425272  11.169957 1.000000 
2455158.445704  11.169915 1.000000 
2455158.466137  11.169911 1.000000 
2455158.486570  11.169992 1.000000 
2455158.507002  11.169937 1.000000 
2455158.527434  11.169940 1.000000 
2455158.547867  11.169893 1.000000 
2455158.568300  11.169677 1.000000 
2455158.588732  11.169445 1.000000 
2455158.609165  11.169498 1.000000 
2455158.629597  11.169384 1.000000 
2455158.650030  11.169423 1.000000 
2455158.670463  11.169316 1.000000 
2455158.690895  11.169276 1.000000 
2455158.711328  11.169257 1.000000 
2455158.731760  11.169297 1.000000 
2455158.752193  11.169259 1.000000 
2455158.772626  11.169221 1.000000 
2455158.793058  11.169210 1.000000 
2455158.813491  11.169302 1.000000 
2455158.833923  11.169343 1.000000 
2455158.854356  11.169325 1.000000 
2455158.874789  11.169216 1.000000 
2455158.895221  11.169162 1.000000 
2455158.915654  11.169177 1.000000 
2455158.936086  11.169216 1.000000 
2455158.956519  11.169382 1.000000 
2455158.976951  11.169171 1.000000 
2455158.997384  11.169325 1.000000 
2455159.017817  11.169238 1.000000 
2455159.038249  11.169264 1.000000 
2455159.058682  11.169254 1.000000 
2455159.079114  11.169088 1.000000 
2455159.099547  11.169146 1.000000 
2455159.119979  11.169037 1.000000 
2455159.140412  11.168934 1.000000 
2455159.160845  11.169015 1.000000 
2455159.181277  11.168972 1.000000 
2455159.201710  11.168996 1.000000 
2455159.222142  11.169241 1.000000 
2455159.242575  11.169138 1.000000 
2455159.263008  11.169153 1.000000 
2455159.283440  11.169037 1.000000 
2455159.303873  11.168953 1.000000 
2455159.324305  11.168622 1.000000 
2455159.344738  11.168738 1.000000 
2455159.365171  11.168802 1.000000 
2455159.385603  11.168696 1.000000 
2455159.406036  11.168816 1.000000 
2455159.426468  11.168768 1.000000 
2455159.446901  11.168856 1.000000 
2455159.467333  11.168871 1.000000 
2455159.487766  11.168959 1.000000 
2455159.508199  11.169005 1.000000 
2455159.528631  11.169102 1.000000 
2455159.549064  11.169091 1.000000 
2455159.569496  11.169070 1.000000 
2455159.589929  11.169257 1.000000 
2455159.610362  11.169205 1.000000 
2455159.630794  11.169403 1.000000 
2455159.651227  11.169506 1.000000 
2455159.671659  11.169489 1.000000 
2455159.692092  11.169435 1.000000 
2455159.712525  11.169616 1.000000 
2455159.732957  11.169402 1.000000 
2455159.753390  11.169640 1.000000 
2455159.773822  11.169397 1.000000 
2455159.794255  11.169453 1.000000 
2455159.814687  11.169497 1.000000 
2455159.835120  11.169639 1.000000 
2455159.855553  11.169412 1.000000 
2455159.875985  11.169493 1.000000 
2455159.896418  11.169397 1.000000 
2455159.916850  11.169699 1.000000 
2455159.937283  11.169642 1.000000 
2455159.957716  11.169706 1.000000 
2455159.978148  11.169556 1.000000 
2455159.998581  11.169697 1.000000 
2455160.019013  11.169454 1.000000 
2455160.039446  11.169515 1.000000 
2455160.059879  11.169445 1.000000 
2455160.080311  11.169499 1.000000 
