2455334.768088  11.171535 1.000000 
2455334.788523  11.171437 1.000000 
2455334.808957  11.171448 1.000000 
2455334.829392  11.171520 1.000000 
2455334.849826  11.171591 1.000000 
2455334.870261  11.171606 1.000000 
2455334.890696  11.171712 1.000000 
2455334.911130  11.171722 1.000000 
2455334.931565  11.171794 1.000000 
2455334.951999  11.171713 1.000000 
2455334.972434  11.171549 1.000000 
2455334.992868  11.171636 1.000000 
2455335.013303  11.171559 1.000000 
2455335.033738  11.171356 1.000000 
2455335.054172  11.171207 1.000000 
2455335.074607  11.171213 1.000000 
2455335.095041  11.171428 1.000000 
2455335.115476  11.171404 1.000000 
2455335.135910  11.171402 1.000000 
2455335.156345  11.171461 1.000000 
2455335.176780  11.171457 1.000000 
2455335.197214  11.171215 1.000000 
2455335.217649  11.171247 1.000000 
2455335.238083  11.171219 1.000000 
2455335.258518  11.171350 1.000000 
2455335.278952  11.171196 1.000000 
2455335.299387  11.171242 1.000000 
2455335.319822  11.171301 1.000000 
2455335.340256  11.171343 1.000000 
2455335.360691  11.171504 1.000000 
2455335.381125  11.171428 1.000000 
2455335.401560  11.171475 1.000000 
2455335.421994  11.171446 1.000000 
2455335.442429  11.171299 1.000000 
2455335.462864  11.171189 1.000000 
2455335.483298  11.171332 1.000000 
2455335.503733  11.171170 1.000000 
2455335.524167  11.171352 1.000000 
2455335.544602  11.171392 1.000000 
2455335.565036  11.171390 1.000000 
2455335.585471  11.171400 1.000000 
2455335.605906  11.171471 1.000000 
2455335.626340  11.171507 1.000000 
2455335.646775  11.171603 1.000000 
2455335.667209  11.171534 1.000000 
2455335.687644  11.171709 1.000000 
2455335.708078  11.171869 1.000000 
2455335.728513  11.171930 1.000000 
2455335.748948  11.171947 1.000000 
2455335.769382  11.172066 1.000000 
2455335.789817  11.172110 1.000000 
2455335.810251  11.171984 1.000000 
2455335.830686  11.172067 1.000000 
2455335.851120  11.171994 1.000000 
2455335.871555  11.172174 1.000000 
2455335.891990  11.171998 1.000000 
2455335.912424  11.171864 1.000000 
2455335.932859  11.171832 1.000000 
2455335.953293  11.171740 1.000000 
2455335.973728  11.171723 1.000000 
2455335.994163  11.171733 1.000000 
2455336.014597  11.171518 1.000000 
2455336.035032  11.171453 1.000000 
2455336.055466  11.171602 1.000000 
2455336.075901  11.171498 1.000000 
2455336.096335  11.171591 1.000000 
2455336.116770  11.171450 1.000000 
2455336.137204  11.171426 1.000000 
2455336.157639  11.171351 1.000000 
2455336.178074  11.171379 1.000000 
2455336.198508  11.171312 1.000000 
2455336.218943  11.171326 1.000000 
2455336.239377  11.171354 1.000000 
2455336.259812  11.171314 1.000000 
2455336.280247  11.171280 1.000000 
2455336.300681  11.171337 1.000000 
2455336.321116  11.171412 1.000000 
2455336.341550  11.171399 1.000000 
2455336.361985  11.171368 1.000000 
2455336.382419  11.171454 1.000000 
2455336.402854  11.171410 1.000000 
2455336.423289  11.171518 1.000000 
2455336.443723  11.171651 1.000000 
2455336.464158  11.171644 1.000000 
2455336.484592  11.171804 1.000000 
2455336.505027  11.171782 1.000000 
2455336.525462  11.171545 1.000000 
2455336.545896  11.172024 1.000000 
2455336.566331  11.177168 1.000000 
2455336.586765  11.179998 1.000000 
2455336.607200  11.180734 1.000000 
2455336.627634  11.181045 1.000000 
2455336.648069  11.181416 1.000000 
2455336.668504  11.181562 1.000000 
2455336.688938  11.181618 1.000000 
2455336.709373  11.181643 1.000000 
2455336.729807  11.181692 1.000000 
2455336.750242  11.181487 1.000000 
2455336.770676  11.181326 1.000000 
2455336.811546  11.180476 1.000000 
2455336.831980  11.177862 1.000000 
2455336.852415  11.172785 1.000000 
2455336.893284  11.172070 1.000000 
2455338.037620  11.172043 1.000000 
2455338.058054  11.172050 1.000000 
2455338.078489  11.172169 1.000000 
2455338.098924  11.172067 1.000000 
2455338.119358  11.171947 1.000000 
2455338.139793  11.172028 1.000000 
2455338.160227  11.172123 1.000000 
2455338.180662  11.171988 1.000000 
2455338.201096  11.171906 1.000000 
2455338.221531  11.171927 1.000000 
2455338.241966  11.172019 1.000000 
2455338.262400  11.171991 1.000000 
2455338.282835  11.172099 1.000000 
2455338.303269  11.172125 1.000000 
2455338.323704  11.172303 1.000000 
2455338.344138  11.172305 1.000000 
2455338.364573  11.172153 1.000000 
2455338.385008  11.172153 1.000000 
2455338.405442  11.172071 1.000000 
2455338.425877  11.171959 1.000000 
2455338.446311  11.171679 1.000000 
2455338.466746  11.171683 1.000000 
2455338.487180  11.171635 1.000000 
2455338.507615  11.171701 1.000000 
2455338.528049  11.171762 1.000000 
2455338.548484  11.171848 1.000000 
2455338.568919  11.171906 1.000000 
2455338.589353  11.172099 1.000000 
2455338.609788  11.172104 1.000000 
2455338.630222  11.172099 1.000000 
