2455834.719041  11.177092 1.000000 
2455834.739474  11.177069 1.000000 
2455834.759907  11.176962 1.000000 
2455834.780340  11.176988 1.000000 
2455834.800773  11.176959 1.000000 
2455834.821206  11.177001 1.000000 
2455834.841639  11.176969 1.000000 
2455834.862072  11.177092 1.000000 
2455834.882505  11.177169 1.000000 
2455834.902938  11.177209 1.000000 
2455834.923371  11.177149 1.000000 
2455834.943804  11.177128 1.000000 
2455834.964237  11.177129 1.000000 
2455834.984670  11.177359 1.000000 
2455835.005104  11.177169 1.000000 
2455835.025536  11.177336 1.000000 
2455835.045970  11.177371 1.000000 
2455835.066403  11.177478 1.000000 
2455835.086835  11.177542 1.000000 
2455835.107269  11.177606 1.000000 
2455835.127701  11.177545 1.000000 
2455835.148135  11.177673 1.000000 
2455835.168568  11.177519 1.000000 
2455835.189000  11.177596 1.000000 
2455835.209434  11.177536 1.000000 
2455835.229867  11.177567 1.000000 
2455835.250299  11.177659 1.000000 
2455835.270733  11.177554 1.000000 
2455835.291166  11.177466 1.000000 
2455835.311599  11.177397 1.000000 
2455835.332032  11.177395 1.000000 
2455835.352465  11.177259 1.000000 
2455835.372898  11.177239 1.000000 
2455835.393331  11.177224 1.000000 
2455835.413764  11.177315 1.000000 
2455835.434197  11.177454 1.000000 
2455835.454630  11.177370 1.000000 
2455835.475063  11.177340 1.000000 
2455835.495496  11.177228 1.000000 
2455835.515929  11.177228 1.000000 
2455835.536362  11.177140 1.000000 
2455835.556795  11.176944 1.000000 
2455835.577228  11.177074 1.000000 
2455835.597661  11.176938 1.000000 
2455835.618094  11.176982 1.000000 
2455835.638527  11.176997 1.000000 
2455835.658960  11.177116 1.000000 
2455835.679393  11.177184 1.000000 
2455835.699826  11.177093 1.000000 
2455835.720259  11.177154 1.000000 
2455835.740692  11.177113 1.000000 
2455835.761125  11.177262 1.000000 
2455835.781558  11.177368 1.000000 
2455835.801991  11.177312 1.000000 
2455835.822424  11.177367 1.000000 
2455835.842857  11.177326 1.000000 
2455835.863290  11.177365 1.000000 
2455835.883723  11.177479 1.000000 
2455835.904156  11.177497 1.000000 
2455835.924589  11.177570 1.000000 
2455835.945022  11.177637 1.000000 
2455835.965455  11.177605 1.000000 
2455835.985888  11.177641 1.000000 
2455836.006321  11.177703 1.000000 
2455836.026754  11.177742 1.000000 
2455836.047187  11.177785 1.000000 
2455836.067620  11.177733 1.000000 
2455836.088053  11.177846 1.000000 
2455836.108486  11.177892 1.000000 
2455836.128919  11.177793 1.000000 
2455836.149352  11.178107 1.000000 
2455836.169785  11.177889 1.000000 
2455836.190218  11.177794 1.000000 
2455836.210651  11.177769 1.000000 
2455836.231084  11.177602 1.000000 
2455836.251517  11.177825 1.000000 
2455836.271950  11.177577 1.000000 
2455836.312816  11.177491 1.000000 
2455836.333249  11.177321 1.000000 
2455836.353682  11.177288 1.000000 
2455836.374115  11.177178 1.000000 
2455836.394548  11.176883 1.000000 
2455836.414981  11.176888 1.000000 
2455836.435414  11.176850 1.000000 
2455836.455847  11.176877 1.000000 
2455836.476280  11.176854 1.000000 
2455836.496713  11.177888 1.000000 
2455836.517146  11.183268 1.000000 
2455836.537579  11.185387 1.000000 
2455836.558012  11.185938 1.000000 
2455836.578445  11.186533 1.000000 
2455836.598878  11.186883 1.000000 
2455836.619311  11.186981 1.000000 
2455836.639744  11.187116 1.000000 
2455836.660177  11.187081 1.000000 
2455836.680610  11.187126 1.000000 
2455836.701043  11.186859 1.000000 
2455836.721476  11.186633 1.000000 
2455836.741909  11.186345 1.000000 
2455836.762342  11.185570 1.000000 
2455836.782775  11.182150 1.000000 
2455836.823641  11.177151 1.000000 
2455836.844074  11.177168 1.000000 
2455836.864507  11.177100 1.000000 
2455836.884940  11.177237 1.000000 
2455836.905373  11.177456 1.000000 
2455836.925806  11.177489 1.000000 
2455836.946239  11.177369 1.000000 
2455836.966672  11.177365 1.000000 
2455836.987105  11.177622 1.000000 
2455837.007538  11.177636 1.000000 
2455837.027971  11.177649 1.000000 
2455837.048404  11.177643 1.000000 
2455837.068837  11.177722 1.000000 
2455837.089270  11.177507 1.000000 
2455837.109703  11.177603 1.000000 
2455837.130136  11.177555 1.000000 
2455837.171002  11.177473 1.000000 
2455837.191435  11.177464 1.000000 
2455837.211868  11.177580 1.000000 
2455837.232301  11.177559 1.000000 
2455837.252734  11.177626 1.000000 
2455837.273167  11.177612 1.000000 
2455837.334465  11.177630 1.000000 
2455837.354898  11.177561 1.000000 
2455837.375332  11.177475 1.000000 
2455837.395764  11.177387 1.000000 
2455837.416197  11.177492 1.000000 
2455837.436631  11.177336 1.000000 
2455837.457063  11.177332 1.000000 
2455837.477497  11.177246 1.000000 
2455837.497929  11.177353 1.000000 
2455837.518362  11.177470 1.000000 
2455837.538795  11.177322 1.000000 
2455837.559228  11.177169 1.000000 
2455837.579661  11.177335 1.000000 
2455837.600094  11.177339 1.000000 
2455837.620527  11.177259 1.000000 
2455837.640960  11.177165 1.000000 
2455837.661393  11.177167 1.000000 
2455837.681826  11.177207 1.000000 
2455837.702259  11.177164 1.000000 
2455837.722692  11.177260 1.000000 
2455837.743125  11.177109 1.000000 
2455837.763558  11.177098 1.000000 
2455837.783991  11.177012 1.000000 
2455837.804424  11.176921 1.000000 
2455837.824857  11.176921 1.000000 
2455837.845290  11.176995 1.000000 
2455837.865723  11.177031 1.000000 
2455837.886156  11.177081 1.000000 
2455837.906589  11.177123 1.000000 
2455837.927022  11.177184 1.000000 
2455837.947455  11.177195 1.000000 
2455837.967888  11.177271 1.000000 
2455837.988321  11.177521 1.000000 
2455838.008754  11.177374 1.000000 
2455838.029187  11.177434 1.000000 
2455838.049620  11.177487 1.000000 
2455838.070053  11.177580 1.000000 
2455838.090486  11.177716 1.000000 
2455838.110919  11.177730 1.000000 
2455838.131352  11.177682 1.000000 
2455838.151785  11.177822 1.000000 
2455838.172218  11.177888 1.000000 
2455838.192651  11.177808 1.000000 
2455838.213084  11.177706 1.000000 
2455838.233517  11.177663 1.000000 
2455838.253950  11.177649 1.000000 
2455838.274383  11.177485 1.000000 
2455838.294816  11.177616 1.000000 
2455838.315249  11.177617 1.000000 
2455838.335681  11.177680 1.000000 
2455838.356115  11.177737 1.000000 
2455838.376547  11.177784 1.000000 
2455838.396980  11.177860 1.000000 
2455838.417413  11.177867 1.000000 
2455838.437846  11.177739 1.000000 
2455838.458279  11.177653 1.000000 
2455838.478712  11.177641 1.000000 
2455838.499145  11.177755 1.000000 
2455838.519578  11.177646 1.000000 
2455838.540011  11.177549 1.000000 
2455838.560444  11.177692 1.000000 
2455838.580877  11.177596 1.000000 
