2455568.832446  11.183943 1.000000 
2455568.852879  11.183822 1.000000 
2455568.873312  11.183726 1.000000 
2455568.893745  11.183471 1.000000 
2455568.914178  11.183110 1.000000 
2455568.934611  11.182369 1.000000 
2455568.955044  11.178566 1.000000 
2455568.975477  11.174513 1.000000 
2455568.995910  11.174342 1.000000 
2455569.016343  11.174472 1.000000 
2455569.036776  11.174270 1.000000 
2455569.057209  11.174469 1.000000 
2455569.077642  11.174461 1.000000 
2455569.098075  11.174646 1.000000 
2455569.118508  11.174646 1.000000 
2455569.138941  11.174683 1.000000 
2455569.159373  11.174540 1.000000 
2455569.179806  11.174638 1.000000 
2455569.200239  11.174663 1.000000 
2455569.220672  11.174445 1.000000 
2455569.241105  11.174510 1.000000 
2455569.261538  11.174572 1.000000 
2455569.281971  11.174715 1.000000 
2455569.302404  11.174892 1.000000 
2455569.322837  11.174922 1.000000 
2455569.343270  11.174951 1.000000 
2455569.363703  11.174981 1.000000 
2455569.384136  11.174883 1.000000 
2455569.404569  11.175057 1.000000 
2455569.425002  11.174913 1.000000 
2455569.445435  11.174933 1.000000 
2455569.465868  11.175006 1.000000 
2455569.486301  11.174976 1.000000 
2455569.506734  11.174997 1.000000 
2455569.527167  11.174937 1.000000 
2455569.547600  11.174889 1.000000 
2455569.568033  11.174784 1.000000 
2455569.588466  11.174803 1.000000 
2455569.608898  11.174785 1.000000 
2455569.629331  11.174798 1.000000 
2455569.649764  11.174808 1.000000 
2455569.670197  11.174768 1.000000 
2455569.690630  11.174686 1.000000 
2455569.711063  11.174656 1.000000 
2455569.731496  11.174561 1.000000 
2455569.751929  11.174810 1.000000 
2455569.772362  11.174776 1.000000 
2455569.792795  11.174775 1.000000 
2455569.813228  11.174886 1.000000 
2455569.833661  11.174876 1.000000 
2455569.854094  11.174697 1.000000 
2455569.874527  11.174678 1.000000 
2455569.894960  11.174590 1.000000 
2455569.915393  11.174569 1.000000 
2455569.935826  11.174473 1.000000 
2455569.956259  11.174503 1.000000 
2455569.976692  11.174531 1.000000 
2455569.997125  11.174561 1.000000 
2455570.017558  11.174390 1.000000 
2455570.037991  11.174416 1.000000 
2455570.058424  11.174291 1.000000 
2455570.078857  11.174364 1.000000 
2455570.099290  11.174343 1.000000 
2455570.119722  11.174346 1.000000 
2455570.140155  11.174387 1.000000 
2455570.160588  11.174492 1.000000 
2455570.181021  11.174421 1.000000 
2455570.201454  11.174450 1.000000 
2455570.221887  11.174578 1.000000 
2455570.242320  11.174771 1.000000 
2455570.262753  11.174769 1.000000 
2455570.283186  11.174720 1.000000 
2455570.324052  11.174780 1.000000 
2455570.344485  11.174775 1.000000 
2455570.364918  11.174766 1.000000 
2455570.385351  11.174728 1.000000 
2455570.405784  11.174771 1.000000 
2455570.426217  11.174787 1.000000 
2455570.446650  11.174644 1.000000 
2455570.467083  11.174543 1.000000 
2455570.487516  11.174547 1.000000 
2455570.507949  11.173952 1.000000 
2455570.528382  11.174656 1.000000 
2455570.548815  11.174758 1.000000 
2455570.569248  11.174783 1.000000 
2455570.589681  11.174903 1.000000 
2455570.610114  11.174899 1.000000 
2455570.630547  11.174968 1.000000 
2455570.650980  11.174938 1.000000 
2455570.671413  11.175032 1.000000 
2455570.691846  11.174915 1.000000 
2455570.712279  11.174998 1.000000 
2455570.732712  11.174909 1.000000 
2455570.753145  11.175008 1.000000 
