2455620.447127  11.175479 1.000000 
2455620.467561  11.175567 1.000000 
2455620.487995  11.175720 1.000000 
2455620.508429  11.175671 1.000000 
2455620.528863  11.175750 1.000000 
2455620.549297  11.175515 1.000000 
2455620.569730  11.175620 1.000000 
2455620.590164  11.175573 1.000000 
2455620.610598  11.175719 1.000000 
2455620.631032  11.175599 1.000000 
2455620.651466  11.175687 1.000000 
2455620.671899  11.175657 1.000000 
2455620.692333  11.175668 1.000000 
2455620.712767  11.175694 1.000000 
2455620.733201  11.175694 1.000000 
2455620.753635  11.175746 1.000000 
2455620.774069  11.175699 1.000000 
2455620.794503  11.175639 1.000000 
2455620.814936  11.175685 1.000000 
2455620.835370  11.175682 1.000000 
2455620.855804  11.175519 1.000000 
2455620.876238  11.175699 1.000000 
2455620.896672  11.175827 1.000000 
2455620.917106  11.175811 1.000000 
2455620.937539  11.175543 1.000000 
2455620.957973  11.175527 1.000000 
2455620.978407  11.175458 1.000000 
2455620.998841  11.175453 1.000000 
2455621.019275  11.175457 1.000000 
2455621.039708  11.175452 1.000000 
2455621.060142  11.175484 1.000000 
2455621.080576  11.175581 1.000000 
2455621.101010  11.175561 1.000000 
2455621.121444  11.175551 1.000000 
2455621.141878  11.175719 1.000000 
2455621.162311  11.175531 1.000000 
2455621.182745  11.175729 1.000000 
2455621.203179  11.175594 1.000000 
2455621.223613  11.175427 1.000000 
2455621.244047  11.175222 1.000000 
2455621.264481  11.175384 1.000000 
2455621.284914  11.175337 1.000000 
2455621.305348  11.175356 1.000000 
2455621.325782  11.175327 1.000000 
2455621.346216  11.175436 1.000000 
2455621.366650  11.175298 1.000000 
2455621.387084  11.175233 1.000000 
2455621.407518  11.175388 1.000000 
2455621.427951  11.175480 1.000000 
2455621.448385  11.175474 1.000000 
2455621.468819  11.175494 1.000000 
2455621.489253  11.175622 1.000000 
2455621.509687  11.175676 1.000000 
2455621.530120  11.175795 1.000000 
2455621.550554  11.175678 1.000000 
2455621.570988  11.175638 1.000000 
2455621.591422  11.175551 1.000000 
2455621.611856  11.175499 1.000000 
2455621.632290  11.175369 1.000000 
2455621.652724  11.175560 1.000000 
2455621.673157  11.175494 1.000000 
2455621.693591  11.175498 1.000000 
2455621.714025  11.175328 1.000000 
2455621.734459  11.175300 1.000000 
2455621.754893  11.175443 1.000000 
2455621.775327  11.175375 1.000000 
2455621.795760  11.175317 1.000000 
2455621.816194  11.175295 1.000000 
2455621.836628  11.175347 1.000000 
2455621.857062  11.175328 1.000000 
2455621.877496  11.175405 1.000000 
2455621.897930  11.175360 1.000000 
2455621.918364  11.175228 1.000000 
2455621.938797  11.175193 1.000000 
2455621.959231  11.175100 1.000000 
2455621.979665  11.175076 1.000000 
2455622.000099  11.175075 1.000000 
2455622.020533  11.175085 1.000000 
2455622.040967  11.175090 1.000000 
2455622.061401  11.174903 1.000000 
2455622.102268  11.175038 1.000000 
2455622.122702  11.175018 1.000000 
2455622.143136  11.174978 1.000000 
2455622.163570  11.175098 1.000000 
2455622.184004  11.175134 1.000000 
2455622.204437  11.175122 1.000000 
2455622.224871  11.175392 1.000000 
2455622.245305  11.179824 1.000000 
2455622.265739  11.183654 1.000000 
2455622.286173  11.184362 1.000000 
2455622.306607  11.184690 1.000000 
2455622.327041  11.185299 1.000000 
2455622.347475  11.185471 1.000000 
2455622.367908  11.185604 1.000000 
2455622.388342  11.185513 1.000000 
2455622.408776  11.185431 1.000000 
2455622.429210  11.185342 1.000000 
2455622.449644  11.185104 1.000000 
2455622.470078  11.184665 1.000000 
2455622.490511  11.184106 1.000000 
2455622.510945  11.182199 1.000000 
2455622.531379  11.176869 1.000000 
2455622.551813  11.175534 1.000000 
2455622.572247  11.175636 1.000000 
2455622.592681  11.175766 1.000000 
2455622.613114  11.175623 1.000000 
2455622.633549  11.175610 1.000000 
2455622.653982  11.175563 1.000000 
2455622.674416  11.175525 1.000000 
2455622.694850  11.175414 1.000000 
2455622.715284  11.175331 1.000000 
2455622.735718  11.175366 1.000000 
2455622.756152  11.175424 1.000000 
2455622.797019  11.175276 1.000000 
2455622.817453  11.175329 1.000000 
2455622.837887  11.175373 1.000000 
2455622.858321  11.175375 1.000000 
2455622.878755  11.175437 1.000000 
2455622.899189  11.175474 1.000000 
2455622.919623  11.175509 1.000000 
2455622.940056  11.175375 1.000000 
2455622.960490  11.175509 1.000000 
2455622.980924  11.175512 1.000000 
2455623.001358  11.175394 1.000000 
2455623.021792  11.175260 1.000000 
2455623.042226  11.175020 1.000000 
2455623.062660  11.175047 1.000000 
2455623.083094  11.175107 1.000000 
2455623.103527  11.175055 1.000000 
2455623.123961  11.175066 1.000000 
2455623.144395  11.175054 1.000000 
2455623.164829  11.175051 1.000000 
2455623.185263  11.175256 1.000000 
2455623.205697  11.175423 1.000000 
2455623.226130  11.175348 1.000000 
2455623.246565  11.175294 1.000000 
2455623.266998  11.175386 1.000000 
2455623.287432  11.175209 1.000000 
2455623.307866  11.175334 1.000000 
2455623.328300  11.175265 1.000000 
2455623.348734  11.175328 1.000000 
2455623.369168  11.175458 1.000000 
2455623.389601  11.175270 1.000000 
2455623.410035  11.175438 1.000000 
2455623.430469  11.175613 1.000000 
2455623.450903  11.175580 1.000000 
2455623.471337  11.175659 1.000000 
2455623.491771  11.175630 1.000000 
2455623.512205  11.175485 1.000000 
2455623.532639  11.175403 1.000000 
2455623.553073  11.175585 1.000000 
2455623.573507  11.175556 1.000000 
2455623.593940  11.175563 1.000000 
2455623.614374  11.175708 1.000000 
2455623.634808  11.175760 1.000000 
2455623.655242  11.175798 1.000000 
2455623.675676  11.175924 1.000000 
2455623.696110  11.175949 1.000000 
2455623.716544  11.175913 1.000000 
2455623.736977  11.176004 1.000000 
2455623.757411  11.175806 1.000000 
2455623.777845  11.175840 1.000000 
2455623.798279  11.175801 1.000000 
2455623.818713  11.175466 1.000000 
2455623.839147  11.175312 1.000000 
2455623.859581  11.175271 1.000000 
2455623.880015  11.175161 1.000000 
2455623.900449  11.175052 1.000000 
2455623.920882  11.175071 1.000000 
2455623.941316  11.175153 1.000000 
2455623.961750  11.175103 1.000000 
2455623.982184  11.175230 1.000000 
2455624.002618  11.175252 1.000000 
2455624.023052  11.175293 1.000000 
2455624.043486  11.175466 1.000000 
2455624.063919  11.175733 1.000000 
2455624.084353  11.175827 1.000000 
2455624.104787  11.175903 1.000000 
2455624.125221  11.175871 1.000000 
2455624.145655  11.175754 1.000000 
2455624.166089  11.175732 1.000000 
2455624.186523  11.175621 1.000000 
2455624.206957  11.175455 1.000000 
2455624.227391  11.175429 1.000000 
2455624.247825  11.175280 1.000000 
2455624.268258  11.175185 1.000000 
2455624.288692  11.175081 1.000000 
2455624.309126  11.175033 1.000000 
