2455441.903969  11.176435 1.000000 
2455441.924402  11.176332 1.000000 
2455441.965269  11.176140 1.000000 
2455441.985702  11.176171 1.000000 
2455442.006135  11.175890 1.000000 
2455442.026569  11.176142 1.000000 
2455442.047002  11.175929 1.000000 
2455442.067435  11.175873 1.000000 
2455442.087869  11.175823 1.000000 
2455442.108302  11.175901 1.000000 
2455442.128735  11.175920 1.000000 
2455442.149169  11.175837 1.000000 
2455442.169602  11.175694 1.000000 
2455442.190035  11.175651 1.000000 
2455442.210469  11.175513 1.000000 
2455442.230902  11.175519 1.000000 
2455442.251335  11.175480 1.000000 
2455442.271769  11.175384 1.000000 
2455442.292202  11.175447 1.000000 
2455442.312635  11.175356 1.000000 
2455442.333069  11.175135 1.000000 
2455442.353502  11.175023 1.000000 
2455442.373935  11.175100 1.000000 
2455442.394368  11.175196 1.000000 
2455442.414802  11.175002 1.000000 
2455442.435235  11.174843 1.000000 
2455442.455669  11.174788 1.000000 
2455442.476102  11.174870 1.000000 
2455442.496535  11.174780 1.000000 
2455442.516968  11.174722 1.000000 
2455442.537402  11.174674 1.000000 
2455442.557835  11.174764 1.000000 
2455442.578269  11.174694 1.000000 
2455442.598702  11.174903 1.000000 
2455442.619135  11.174824 1.000000 
2455442.639568  11.174837 1.000000 
2455442.660002  11.174992 1.000000 
2455442.680435  11.175367 1.000000 
2455442.700868  11.175152 1.000000 
2455442.721302  11.175430 1.000000 
2455442.741735  11.175513 1.000000 
2455442.762168  11.175441 1.000000 
2455442.782602  11.175374 1.000000 
2455442.803035  11.175541 1.000000 
2455442.823468  11.175751 1.000000 
2455442.843902  11.175797 1.000000 
2455442.864335  11.175781 1.000000 
2455442.884768  11.175899 1.000000 
2455442.905202  11.175913 1.000000 
2455442.925635  11.176161 1.000000 
2455442.946068  11.175940 1.000000 
2455442.966502  11.176089 1.000000 
2455442.986935  11.176146 1.000000 
2455443.007368  11.176375 1.000000 
2455443.027802  11.175994 1.000000 
2455443.048235  11.176223 1.000000 
2455443.068668  11.176098 1.000000 
2455443.089101  11.176177 1.000000 
2455443.109535  11.176340 1.000000 
2455443.129968  11.176289 1.000000 
2455443.150401  11.176455 1.000000 
2455443.170835  11.176553 1.000000 
2455443.211701  11.176451 1.000000 
2455443.232135  11.176414 1.000000 
2455443.252568  11.176358 1.000000 
2455443.273001  11.176272 1.000000 
2455443.293435  11.176331 1.000000 
2455443.313868  11.176242 1.000000 
2455443.334301  11.176086 1.000000 
2455443.354735  11.176079 1.000000 
2455443.375168  11.176148 1.000000 
2455443.395601  11.176175 1.000000 
2455443.416035  11.176061 1.000000 
2455443.436468  11.176076 1.000000 
2455443.456901  11.176008 1.000000 
2455443.477334  11.175923 1.000000 
2455443.497768  11.175850 1.000000 
2455443.518201  11.175795 1.000000 
2455443.538634  11.175762 1.000000 
2455443.559068  11.175493 1.000000 
2455443.579501  11.175651 1.000000 
2455443.599934  11.175282 1.000000 
2455443.620368  11.175367 1.000000 
2455443.640801  11.175303 1.000000 
2455443.661234  11.175402 1.000000 
2455443.681668  11.176781 1.000000 
2455443.702101  11.182161 1.000000 
2455443.722534  11.184019 1.000000 
2455443.742967  11.184858 1.000000 
2455443.763401  11.185038 1.000000 
2455443.783834  11.185312 1.000000 
2455443.804267  11.185593 1.000000 
2455443.824701  11.185543 1.000000 
2455443.845134  11.185546 1.000000 
2455443.865567  11.185444 1.000000 
2455443.886001  11.185141 1.000000 
2455443.906434  11.184692 1.000000 
2455443.926867  11.184501 1.000000 
2455443.947300  11.183647 1.000000 
2455443.967734  11.179885 1.000000 
2455443.988167  11.175314 1.000000 
2455444.008600  11.175192 1.000000 
2455444.029034  11.175257 1.000000 
2455444.049467  11.175355 1.000000 
2455444.069900  11.175352 1.000000 
2455444.090333  11.175659 1.000000 
2455444.110767  11.175875 1.000000 
2455444.131200  11.175908 1.000000 
2455444.151633  11.175939 1.000000 
2455444.172067  11.176113 1.000000 
2455444.192500  11.176281 1.000000 
2455444.212933  11.176148 1.000000 
2455444.233367  11.176088 1.000000 
2455444.253800  11.176020 1.000000 
2455444.274233  11.176147 1.000000 
2455444.294666  11.176038 1.000000 
2455444.315100  11.176043 1.000000 
2455444.335533  11.176054 1.000000 
2455444.355966  11.175930 1.000000 
2455444.376400  11.176091 1.000000 
2455444.396833  11.176065 1.000000 
2455444.417266  11.175955 1.000000 
2455444.437700  11.175889 1.000000 
2455444.458133  11.175939 1.000000 
2455444.478566  11.176031 1.000000 
2455444.498999  11.175872 1.000000 
2455444.519433  11.175922 1.000000 
2455444.539866  11.175941 1.000000 
2455444.560299  11.176009 1.000000 
2455444.580733  11.175785 1.000000 
2455444.601166  11.175892 1.000000 
2455444.621599  11.175967 1.000000 
2455444.642033  11.176062 1.000000 
2455444.662466  11.175873 1.000000 
2455444.682899  11.175918 1.000000 
2455444.703332  11.175993 1.000000 
2455444.723766  11.175865 1.000000 
2455444.744199  11.175776 1.000000 
2455444.764632  11.175699 1.000000 
2455444.785066  11.175673 1.000000 
2455444.805499  11.175455 1.000000 
2455444.825932  11.175424 1.000000 
2455444.846365  11.175461 1.000000 
2455444.866799  11.175498 1.000000 
2455444.887232  11.175634 1.000000 
2455444.907665  11.175518 1.000000 
2455444.928099  11.175398 1.000000 
2455444.948532  11.175394 1.000000 
2455444.968965  11.175316 1.000000 
2455444.989398  11.175314 1.000000 
2455445.009832  11.175180 1.000000 
2455445.030265  11.175405 1.000000 
2455445.050698  11.175457 1.000000 
2455445.071131  11.175396 1.000000 
2455445.091565  11.175528 1.000000 
2455445.111998  11.175479 1.000000 
2455445.132431  11.175656 1.000000 
2455445.152865  11.175638 1.000000 
2455445.173298  11.175730 1.000000 
2455445.193731  11.175425 1.000000 
2455445.214165  11.175354 1.000000 
2455445.234598  11.175527 1.000000 
2455445.255031  11.175503 1.000000 
2455445.275464  11.175460 1.000000 
2455445.295898  11.175529 1.000000 
2455445.316331  11.175517 1.000000 
2455445.336764  11.175573 1.000000 
2455445.357197  11.175570 1.000000 
2455445.377631  11.175627 1.000000 
2455445.398064  11.175667 1.000000 
2455445.418497  11.175669 1.000000 
2455445.438930  11.175422 1.000000 
2455445.459364  11.175303 1.000000 
2455445.479797  11.175345 1.000000 
2455445.500230  11.175320 1.000000 
2455445.520664  11.175538 1.000000 
2455445.541097  11.175672 1.000000 
2455445.561530  11.175581 1.000000 
2455445.581964  11.175552 1.000000 
2455445.602397  11.175694 1.000000 
2455445.622830  11.175869 1.000000 
2455445.643263  11.175730 1.000000 
2455445.663697  11.175828 1.000000 
2455445.684130  11.175942 1.000000 
2455445.704563  11.175962 1.000000 
2455445.724997  11.175780 1.000000 
2455445.745430  11.175674 1.000000 
2455445.765863  11.175739 1.000000 
