2455549.033062  11.174714 1.000000 
2455549.053495  11.174689 1.000000 
2455549.073928  11.174788 1.000000 
2455549.094361  11.174711 1.000000 
2455549.114793  11.174855 1.000000 
2455549.135226  11.174845 1.000000 
2455549.155659  11.174902 1.000000 
2455549.176091  11.174965 1.000000 
2455549.196524  11.175188 1.000000 
2455549.216957  11.175159 1.000000 
2455549.237389  11.175155 1.000000 
2455549.257822  11.175233 1.000000 
2455549.278255  11.175344 1.000000 
2455549.298688  11.175391 1.000000 
2455549.319120  11.175427 1.000000 
2455549.339553  11.175305 1.000000 
2455549.359986  11.175210 1.000000 
2455549.380419  11.175239 1.000000 
2455549.400851  11.175113 1.000000 
2455549.421284  11.175088 1.000000 
2455549.441717  11.175194 1.000000 
2455549.462149  11.175222 1.000000 
2455549.482582  11.175286 1.000000 
2455549.503015  11.175462 1.000000 
2455549.523448  11.175574 1.000000 
2455549.543880  11.175717 1.000000 
2455549.564313  11.175769 1.000000 
2455549.584746  11.175651 1.000000 
2455549.605179  11.175608 1.000000 
2455549.625611  11.175656 1.000000 
2455549.646044  11.175499 1.000000 
2455549.666477  11.175370 1.000000 
2455549.686909  11.175391 1.000000 
2455549.707342  11.175332 1.000000 
2455549.727775  11.175299 1.000000 
2455549.748207  11.175408 1.000000 
2455549.768640  11.175349 1.000000 
2455549.789073  11.175189 1.000000 
2455549.809506  11.175183 1.000000 
2455549.829938  11.175317 1.000000 
2455549.850371  11.175256 1.000000 
2455549.870804  11.175092 1.000000 
2455549.891236  11.175116 1.000000 
2455549.911669  11.175191 1.000000 
2455549.932102  11.175117 1.000000 
2455549.952535  11.175061 1.000000 
2455549.972967  11.175136 1.000000 
2455549.993400  11.175049 1.000000 
2455550.013833  11.175124 1.000000 
2455550.034266  11.175182 1.000000 
2455550.054698  11.175101 1.000000 
2455550.075131  11.175187 1.000000 
2455550.095564  11.175124 1.000000 
2455550.115997  11.175106 1.000000 
2455550.136429  11.175157 1.000000 
2455550.156862  11.175120 1.000000 
2455550.177295  11.175077 1.000000 
2455550.197727  11.175094 1.000000 
2455550.218160  11.175249 1.000000 
2455550.259026  11.175405 1.000000 
2455550.279458  11.175488 1.000000 
2455550.299891  11.175689 1.000000 
2455550.320324  11.175654 1.000000 
2455550.340756  11.175929 1.000000 
2455550.361189  11.176128 1.000000 
2455550.381622  11.176156 1.000000 
2455550.402054  11.176205 1.000000 
2455550.422487  11.176131 1.000000 
2455550.442920  11.176132 1.000000 
2455550.463353  11.176059 1.000000 
2455550.483785  11.176082 1.000000 
2455550.504218  11.176075 1.000000 
2455550.524651  11.175879 1.000000 
2455550.545084  11.175751 1.000000 
2455550.565516  11.175764 1.000000 
2455550.585949  11.175761 1.000000 
2455550.606382  11.175591 1.000000 
2455550.626815  11.175566 1.000000 
2455550.647247  11.175544 1.000000 
2455550.667680  11.175366 1.000000 
2455550.688113  11.175591 1.000000 
2455550.708546  11.175794 1.000000 
2455550.728978  11.175821 1.000000 
2455550.749411  11.175735 1.000000 
2455550.769844  11.175741 1.000000 
2455550.790276  11.175696 1.000000 
2455550.810709  11.176500 1.000000 
2455550.831142  11.181802 1.000000 
2455550.851575  11.183939 1.000000 
2455550.872007  11.184538 1.000000 
2455550.892440  11.184843 1.000000 
2455550.912873  11.184958 1.000000 
2455550.933306  11.185005 1.000000 
2455550.953738  11.185077 1.000000 
2455550.974171  11.184943 1.000000 
2455550.994604  11.184902 1.000000 
2455551.015036  11.184535 1.000000 
2455551.035469  11.184166 1.000000 
2455551.055902  11.183794 1.000000 
2455551.076335  11.183059 1.000000 
2455551.096767  11.179981 1.000000 
2455551.117200  11.175197 1.000000 
2455551.137633  11.174775 1.000000 
2455551.158066  11.174796 1.000000 
2455551.178498  11.174851 1.000000 
2455551.198931  11.174922 1.000000 
2455551.219364  11.174953 1.000000 
2455551.239796  11.174911 1.000000 
2455551.260229  11.174889 1.000000 
2455551.280662  11.175147 1.000000 
2455551.301095  11.175191 1.000000 
2455551.321527  11.175250 1.000000 
2455551.341960  11.175303 1.000000 
2455551.362393  11.175427 1.000000 
2455551.382826  11.175509 1.000000 
2455551.403258  11.175402 1.000000 
2455551.423691  11.175512 1.000000 
2455551.444124  11.175503 1.000000 
2455551.464556  11.175767 1.000000 
2455551.484989  11.175715 1.000000 
2455551.505422  11.175761 1.000000 
2455551.525855  11.175967 1.000000 
2455551.546287  11.175958 1.000000 
2455551.566720  11.176143 1.000000 
2455551.587153  11.176071 1.000000 
2455551.607586  11.176113 1.000000 
2455551.628018  11.176167 1.000000 
2455551.648451  11.176179 1.000000 
2455551.668884  11.176109 1.000000 
2455551.689317  11.176075 1.000000 
2455551.709749  11.176126 1.000000 
2455551.730182  11.175945 1.000000 
2455551.750615  11.175764 1.000000 
2455551.771048  11.175679 1.000000 
2455551.791480  11.175632 1.000000 
2455551.811913  11.175497 1.000000 
2455551.832346  11.175647 1.000000 
2455551.852778  11.175684 1.000000 
2455551.873211  11.175424 1.000000 
2455551.893644  11.175372 1.000000 
2455551.914077  11.175319 1.000000 
2455551.934510  11.175293 1.000000 
2455551.954942  11.175140 1.000000 
2455551.975375  11.174963 1.000000 
2455551.995808  11.174788 1.000000 
2455552.016240  11.174779 1.000000 
2455552.036673  11.174797 1.000000 
2455552.057106  11.174790 1.000000 
2455552.077539  11.174672 1.000000 
2455552.097971  11.174752 1.000000 
2455552.118404  11.174800 1.000000 
2455552.138837  11.174889 1.000000 
2455552.159270  11.174979 1.000000 
2455552.179702  11.175109 1.000000 
2455552.200135  11.175108 1.000000 
2455552.220568  11.175076 1.000000 
2455552.241001  11.174988 1.000000 
2455552.261433  11.174887 1.000000 
2455552.281866  11.174936 1.000000 
2455552.302299  11.174860 1.000000 
2455552.322732  11.174829 1.000000 
2455552.343164  11.174975 1.000000 
2455552.363597  11.174873 1.000000 
2455552.384030  11.174941 1.000000 
2455552.404463  11.174991 1.000000 
2455552.424895  11.174909 1.000000 
2455552.445328  11.174858 1.000000 
2455552.465761  11.174931 1.000000 
2455552.486193  11.175074 1.000000 
2455552.506626  11.174950 1.000000 
2455552.547492  11.175174 1.000000 
