2455513.316857  11.175669 1.000000 
2455513.337290  11.175716 1.000000 
2455513.357722  11.175620 1.000000 
2455513.378155  11.175536 1.000000 
2455513.398587  11.175522 1.000000 
2455513.419020  11.175402 1.000000 
2455513.439452  11.175432 1.000000 
2455513.459885  11.175488 1.000000 
2455513.480318  11.175277 1.000000 
2455513.500750  11.175405 1.000000 
2455513.521183  11.175374 1.000000 
2455513.541615  11.175263 1.000000 
2455513.562048  11.175330 1.000000 
2455513.582481  11.175414 1.000000 
2455513.602913  11.175351 1.000000 
2455513.623346  11.175330 1.000000 
2455513.643778  11.175250 1.000000 
2455513.664211  11.175273 1.000000 
2455513.684644  11.175153 1.000000 
2455513.705076  11.175154 1.000000 
2455513.725509  11.174926 1.000000 
2455513.745941  11.175001 1.000000 
2455513.766374  11.175040 1.000000 
2455513.786806  11.174964 1.000000 
2455513.807239  11.174985 1.000000 
2455513.827671  11.174918 1.000000 
2455513.848104  11.174895 1.000000 
2455513.868537  11.174981 1.000000 
2455513.888969  11.175083 1.000000 
2455513.909402  11.175011 1.000000 
2455513.929834  11.175120 1.000000 
2455513.950267  11.175033 1.000000 
2455513.970700  11.175076 1.000000 
2455513.991132  11.175164 1.000000 
2455514.011565  11.175087 1.000000 
2455514.031997  11.174902 1.000000 
2455514.052430  11.174878 1.000000 
2455514.072862  11.174912 1.000000 
2455514.093295  11.174906 1.000000 
2455514.134160  11.175014 1.000000 
2455514.154593  11.174997 1.000000 
2455514.175025  11.174917 1.000000 
2455514.195458  11.174839 1.000000 
2455514.215891  11.174794 1.000000 
2455514.236323  11.174775 1.000000 
2455514.256756  11.174892 1.000000 
2455514.277188  11.175008 1.000000 
2455514.297621  11.175097 1.000000 
2455514.318053  11.175221 1.000000 
2455514.338486  11.175378 1.000000 
2455514.358919  11.175402 1.000000 
2455514.379351  11.175470 1.000000 
2455514.399784  11.175523 1.000000 
2455514.420216  11.175622 1.000000 
2455514.440649  11.175580 1.000000 
2455514.461082  11.175515 1.000000 
2455514.481514  11.175498 1.000000 
2455514.501947  11.175550 1.000000 
2455514.522379  11.175626 1.000000 
2455514.542812  11.175499 1.000000 
2455514.563244  11.175323 1.000000 
2455514.583677  11.175325 1.000000 
2455514.604109  11.175321 1.000000 
2455514.624542  11.175283 1.000000 
2455514.644975  11.175263 1.000000 
2455514.665407  11.175241 1.000000 
2455514.685840  11.175341 1.000000 
2455514.706272  11.175399 1.000000 
2455514.726705  11.175554 1.000000 
2455514.747137  11.175623 1.000000 
2455514.767570  11.175555 1.000000 
2455514.788003  11.175630 1.000000 
2455514.808435  11.175576 1.000000 
2455514.828868  11.175710 1.000000 
2455514.849301  11.175572 1.000000 
2455514.869733  11.175735 1.000000 
2455514.890165  11.175431 1.000000 
2455514.910598  11.175200 1.000000 
2455514.931031  11.175058 1.000000 
2455514.951463  11.174838 1.000000 
2455514.971896  11.174753 1.000000 
2455514.992328  11.174666 1.000000 
2455515.012761  11.174625 1.000000 
2455515.033194  11.174572 1.000000 
2455515.053626  11.174688 1.000000 
2455515.074059  11.174783 1.000000 
2455515.094491  11.175146 1.000000 
2455515.114924  11.179708 1.000000 
2455515.135356  11.183379 1.000000 
2455515.155789  11.184109 1.000000 
2455515.176222  11.184617 1.000000 
2455515.196654  11.184930 1.000000 
2455515.217087  11.185205 1.000000 
2455515.237519  11.185109 1.000000 
2455515.257952  11.185116 1.000000 
2455515.278385  11.184964 1.000000 
2455515.298817  11.184743 1.000000 
2455515.319250  11.184597 1.000000 
2455515.339682  11.184150 1.000000 
2455515.360115  11.183606 1.000000 
2455515.380547  11.181791 1.000000 
2455515.400980  11.176285 1.000000 
2455515.421413  11.175134 1.000000 
2455515.441845  11.175055 1.000000 
2455515.462278  11.174993 1.000000 
2455515.482710  11.175026 1.000000 
2455515.503143  11.174998 1.000000 
2455515.523575  11.175017 1.000000 
2455515.544008  11.174950 1.000000 
2455515.564441  11.175077 1.000000 
2455515.584873  11.175017 1.000000 
2455515.605306  11.174977 1.000000 
2455515.625738  11.174914 1.000000 
2455515.646171  11.174813 1.000000 
2455515.666603  11.174672 1.000000 
2455515.687036  11.174829 1.000000 
2455515.707469  11.174867 1.000000 
2455515.727901  11.174972 1.000000 
2455515.748334  11.174897 1.000000 
2455515.768766  11.175004 1.000000 
2455515.789199  11.175046 1.000000 
2455515.809631  11.175147 1.000000 
2455515.830064  11.175051 1.000000 
2455515.850497  11.174978 1.000000 
2455515.870929  11.175025 1.000000 
2455515.891362  11.174983 1.000000 
2455515.911794  11.175132 1.000000 
2455515.932227  11.175116 1.000000 
2455515.952659  11.175117 1.000000 
2455515.973092  11.175106 1.000000 
2455515.993525  11.175128 1.000000 
2455516.013957  11.175191 1.000000 
2455516.034390  11.175198 1.000000 
2455516.054822  11.175380 1.000000 
2455516.075255  11.175449 1.000000 
2455516.095688  11.175535 1.000000 
2455516.116120  11.175459 1.000000 
2455516.136553  11.175430 1.000000 
2455516.156985  11.175307 1.000000 
2455516.177418  11.175159 1.000000 
2455516.197850  11.175021 1.000000 
2455516.218283  11.174968 1.000000 
2455516.238716  11.174950 1.000000 
2455516.259148  11.174811 1.000000 
2455516.279581  11.174891 1.000000 
2455516.300013  11.175006 1.000000 
2455516.320446  11.175046 1.000000 
2455516.340879  11.174992 1.000000 
2455516.361311  11.175163 1.000000 
2455516.381744  11.175079 1.000000 
2455516.402176  11.175016 1.000000 
2455516.422609  11.175160 1.000000 
2455516.443041  11.175128 1.000000 
2455516.463474  11.175087 1.000000 
2455516.483906  11.175229 1.000000 
2455516.504339  11.175251 1.000000 
2455516.524772  11.175351 1.000000 
2455516.545204  11.175117 1.000000 
2455516.565637  11.175125 1.000000 
2455516.586069  11.175076 1.000000 
2455516.606502  11.175049 1.000000 
2455516.626934  11.175101 1.000000 
2455516.647367  11.174981 1.000000 
2455516.667800  11.175150 1.000000 
2455516.688232  11.175164 1.000000 
2455516.708665  11.175157 1.000000 
2455516.729097  11.175112 1.000000 
2455516.749530  11.174925 1.000000 
2455516.769962  11.174960 1.000000 
2455516.790395  11.174877 1.000000 
2455516.810828  11.174889 1.000000 
2455516.831260  11.174878 1.000000 
2455516.851693  11.175045 1.000000 
2455516.872125  11.175049 1.000000 
2455516.892558  11.174978 1.000000 
2455516.912991  11.175046 1.000000 
2455516.933423  11.175162 1.000000 
2455516.953856  11.175147 1.000000 
2455516.974288  11.175097 1.000000 
2455516.994721  11.175111 1.000000 
2455517.015153  11.175006 1.000000 
2455517.035586  11.175176 1.000000 
2455517.056019  11.174979 1.000000 
2455517.076451  11.174937 1.000000 
2455517.117316  11.174734 1.000000 
2455517.137749  11.174697 1.000000 
2455517.158181  11.174726 1.000000 
2455517.178614  11.174835 1.000000 
