2455406.186020  11.175793 1.000000 
2455406.206454  11.175647 1.000000 
2455406.226888  11.175770 1.000000 
2455406.247322  11.175898 1.000000 
2455406.267756  11.175848 1.000000 
2455406.288190  11.175938 1.000000 
2455406.308624  11.176014 1.000000 
2455406.329058  11.176038 1.000000 
2455406.349491  11.175989 1.000000 
2455406.369925  11.175895 1.000000 
2455406.390359  11.175922 1.000000 
2455406.410793  11.175805 1.000000 
2455406.431227  11.175831 1.000000 
2455406.451661  11.175790 1.000000 
2455406.472095  11.175710 1.000000 
2455406.492529  11.175838 1.000000 
2455406.512963  11.175632 1.000000 
2455406.533396  11.175634 1.000000 
2455406.553830  11.175631 1.000000 
2455406.574264  11.175684 1.000000 
2455406.594698  11.175835 1.000000 
2455406.615132  11.175840 1.000000 
2455406.635566  11.175859 1.000000 
2455406.656000  11.175991 1.000000 
2455406.676434  11.175894 1.000000 
2455406.696868  11.175947 1.000000 
2455406.717302  11.176132 1.000000 
2455406.737736  11.176185 1.000000 
2455406.758169  11.175865 1.000000 
2455406.778603  11.175875 1.000000 
2455406.799037  11.175891 1.000000 
2455406.819471  11.175833 1.000000 
2455406.839905  11.175787 1.000000 
2455406.860339  11.175529 1.000000 
2455406.880773  11.175419 1.000000 
2455406.901207  11.175447 1.000000 
2455406.921641  11.175322 1.000000 
2455406.942074  11.175269 1.000000 
2455406.962508  11.175430 1.000000 
2455406.982942  11.175493 1.000000 
2455407.003376  11.175351 1.000000 
2455407.023810  11.175204 1.000000 
2455407.044244  11.175351 1.000000 
2455407.064678  11.175298 1.000000 
2455407.085112  11.175612 1.000000 
2455407.105546  11.175461 1.000000 
2455407.125979  11.175593 1.000000 
2455407.146413  11.175419 1.000000 
2455407.166847  11.175498 1.000000 
2455407.187281  11.175476 1.000000 
2455407.207715  11.175402 1.000000 
2455407.228149  11.175580 1.000000 
2455407.248583  11.175610 1.000000 
2455407.269017  11.175523 1.000000 
2455407.289451  11.175619 1.000000 
2455407.309884  11.175633 1.000000 
2455407.330318  11.175366 1.000000 
2455407.350752  11.175405 1.000000 
2455407.371186  11.175407 1.000000 
2455407.391620  11.175478 1.000000 
2455407.412054  11.175505 1.000000 
2455407.432488  11.175602 1.000000 
2455407.452922  11.175786 1.000000 
2455407.473356  11.175861 1.000000 
2455407.493789  11.175648 1.000000 
2455407.514223  11.175797 1.000000 
2455407.534657  11.175951 1.000000 
2455407.555091  11.175888 1.000000 
2455407.575525  11.175899 1.000000 
2455407.595959  11.176025 1.000000 
2455407.616393  11.176161 1.000000 
2455407.636827  11.175962 1.000000 
2455407.657260  11.176102 1.000000 
2455407.677694  11.175961 1.000000 
2455407.698128  11.175806 1.000000 
2455407.718562  11.175738 1.000000 
2455407.738996  11.175853 1.000000 
2455407.759430  11.175942 1.000000 
2455407.779864  11.175714 1.000000 
2455407.800298  11.175962 1.000000 
2455407.820732  11.175783 1.000000 
2455407.841166  11.175859 1.000000 
2455407.861599  11.175914 1.000000 
2455407.882033  11.176014 1.000000 
2455407.902467  11.175888 1.000000 
2455407.922901  11.175863 1.000000 
2455407.943335  11.175948 1.000000 
2455407.963769  11.176235 1.000000 
2455407.984202  11.180782 1.000000 
2455408.004637  11.184178 1.000000 
2455408.025070  11.184961 1.000000 
2455408.045504  11.185388 1.000000 
2455408.065938  11.185736 1.000000 
2455408.086372  11.185756 1.000000 
2455408.106806  11.185685 1.000000 
2455408.127240  11.185780 1.000000 
2455408.147673  11.185628 1.000000 
2455408.168107  11.185482 1.000000 
2455408.188541  11.185036 1.000000 
2455408.208975  11.184607 1.000000 
2455408.229409  11.184090 1.000000 
2455408.249843  11.182189 1.000000 
2455408.270277  11.176634 1.000000 
2455408.290710  11.175619 1.000000 
2455408.311145  11.175362 1.000000 
2455408.331578  11.175425 1.000000 
2455408.352012  11.175408 1.000000 
2455408.372446  11.175462 1.000000 
2455408.392880  11.175447 1.000000 
2455408.413314  11.175491 1.000000 
2455408.454182  11.175636 1.000000 
2455408.474615  11.175602 1.000000 
2455408.495049  11.175577 1.000000 
2455408.515483  11.175606 1.000000 
2455408.535917  11.175428 1.000000 
2455408.556351  11.175389 1.000000 
2455408.576785  11.175392 1.000000 
2455408.597219  11.175488 1.000000 
2455408.617653  11.175284 1.000000 
2455408.638086  11.175200 1.000000 
2455408.658520  11.175449 1.000000 
2455408.678954  11.175246 1.000000 
2455408.699388  11.175204 1.000000 
2455408.719822  11.175265 1.000000 
2455408.740256  11.175194 1.000000 
2455408.760690  11.175327 1.000000 
2455408.781123  11.175343 1.000000 
2455408.801557  11.175214 1.000000 
2455408.821991  11.175394 1.000000 
2455408.842425  11.175560 1.000000 
2455408.862859  11.175606 1.000000 
2455408.883293  11.175436 1.000000 
2455408.903727  11.175538 1.000000 
2455408.924160  11.175510 1.000000 
2455408.944594  11.175730 1.000000 
2455408.965028  11.175738 1.000000 
2455408.985462  11.175675 1.000000 
2455409.005896  11.175747 1.000000 
2455409.026330  11.175943 1.000000 
2455409.046764  11.176060 1.000000 
2455409.067197  11.176046 1.000000 
2455409.087631  11.176077 1.000000 
2455409.108065  11.176200 1.000000 
2455409.128499  11.176264 1.000000 
2455409.148933  11.176282 1.000000 
2455409.169367  11.176050 1.000000 
2455409.189801  11.176044 1.000000 
2455409.210235  11.176100 1.000000 
2455409.230668  11.175879 1.000000 
2455409.251102  11.175937 1.000000 
2455409.271536  11.175892 1.000000 
2455409.291970  11.176072 1.000000 
2455409.312404  11.175880 1.000000 
2455409.332838  11.175823 1.000000 
2455409.353272  11.175724 1.000000 
2455409.373705  11.175770 1.000000 
2455409.394139  11.175803 1.000000 
2455409.414573  11.175623 1.000000 
2455409.435007  11.175911 1.000000 
2455409.455441  11.175810 1.000000 
2455409.475875  11.176096 1.000000 
2455409.496308  11.175909 1.000000 
2455409.516742  11.175828 1.000000 
2455409.537176  11.175739 1.000000 
2455409.557610  11.175674 1.000000 
2455409.578044  11.175730 1.000000 
2455409.598478  11.175535 1.000000 
2455409.618912  11.175459 1.000000 
2455409.639345  11.175447 1.000000 
2455409.659779  11.175393 1.000000 
2455409.680213  11.175259 1.000000 
2455409.700647  11.175323 1.000000 
2455409.721081  11.175202 1.000000 
2455409.741515  11.175371 1.000000 
2455409.761949  11.175300 1.000000 
2455409.782382  11.175169 1.000000 
2455409.802816  11.175294 1.000000 
2455409.823250  11.175347 1.000000 
2455409.843684  11.175388 1.000000 
2455409.864118  11.175261 1.000000 
2455409.884552  11.175209 1.000000 
2455409.904985  11.175231 1.000000 
2455409.925419  11.175259 1.000000 
2455409.945853  11.175174 1.000000 
2455409.966287  11.175009 1.000000 
2455409.986721  11.175242 1.000000 
2455410.007155  11.175294 1.000000 
2455410.027589  11.175307 1.000000 
2455410.048022  11.175478 1.000000 
