2455870.415159  11.177422 1.000000 
2455870.435592  11.177479 1.000000 
2455870.456025  11.177255 1.000000 
2455870.476457  11.177333 1.000000 
2455870.496890  11.177214 1.000000 
2455870.517322  11.177130 1.000000 
2455870.537755  11.177029 1.000000 
2455870.558188  11.177079 1.000000 
2455870.578620  11.176861 1.000000 
2455870.599053  11.176734 1.000000 
2455870.619486  11.176776 1.000000 
2455870.660351  11.176745 1.000000 
2455870.680783  11.176839 1.000000 
2455870.701216  11.176880 1.000000 
2455870.721649  11.176735 1.000000 
2455870.742081  11.176830 1.000000 
2455870.762514  11.176702 1.000000 
2455870.782947  11.176728 1.000000 
2455870.885110  11.176874 1.000000 
2455870.905543  11.176856 1.000000 
2455870.925975  11.176840 1.000000 
2455870.946408  11.176827 1.000000 
2455870.966841  11.177078 1.000000 
2455870.987273  11.177123 1.000000 
2455871.007706  11.177329 1.000000 
2455871.028138  11.177188 1.000000 
2455871.048571  11.177274 1.000000 
2455871.069004  11.177323 1.000000 
2455871.089436  11.177390 1.000000 
2455871.109869  11.177451 1.000000 
2455871.130302  11.177446 1.000000 
2455871.150734  11.177411 1.000000 
2455871.171167  11.177597 1.000000 
2455871.191600  11.177531 1.000000 
2455871.212032  11.177518 1.000000 
2455871.232465  11.177533 1.000000 
2455871.252898  11.177492 1.000000 
2455871.375493  11.177513 1.000000 
2455871.395926  11.177517 1.000000 
2455871.416358  11.177386 1.000000 
2455871.436791  11.177463 1.000000 
2455871.457224  11.177523 1.000000 
2455871.477656  11.177373 1.000000 
2455871.498089  11.177374 1.000000 
2455871.518522  11.177363 1.000000 
2455871.538954  11.177236 1.000000 
2455871.559387  11.177231 1.000000 
2455871.579820  11.177277 1.000000 
2455871.600252  11.177147 1.000000 
2455871.620685  11.177283 1.000000 
2455871.641118  11.177304 1.000000 
2455871.661550  11.177193 1.000000 
2455871.681983  11.177170 1.000000 
2455871.702415  11.176986 1.000000 
2455871.722848  11.177256 1.000000 
2455871.743281  11.177154 1.000000 
2455871.763713  11.177262 1.000000 
2455871.784146  11.177055 1.000000 
2455871.804579  11.177056 1.000000 
2455871.825011  11.176992 1.000000 
2455871.845444  11.176974 1.000000 
2455871.865877  11.176986 1.000000 
2455871.886309  11.176996 1.000000 
2455871.906742  11.176901 1.000000 
2455871.927174  11.177045 1.000000 
2455871.947607  11.177161 1.000000 
2455871.968040  11.176996 1.000000 
2455871.988472  11.176902 1.000000 
2455872.008905  11.176901 1.000000 
2455872.029338  11.176998 1.000000 
2455872.049770  11.177142 1.000000 
2455872.070203  11.177270 1.000000 
2455872.090635  11.177279 1.000000 
2455872.111068  11.177533 1.000000 
2455872.131501  11.177611 1.000000 
2455872.151933  11.177688 1.000000 
2455872.172366  11.177627 1.000000 
2455872.192799  11.177669 1.000000 
2455872.213231  11.179946 1.000000 
2455872.233664  11.185236 1.000000 
2455872.254097  11.186458 1.000000 
2455872.274529  11.186939 1.000000 
2455872.294962  11.187352 1.000000 
2455872.315394  11.187571 1.000000 
2455872.335827  11.187766 1.000000 
2455872.356260  11.187707 1.000000 
2455872.376692  11.187579 1.000000 
2455872.397125  11.187488 1.000000 
2455872.417558  11.187308 1.000000 
2455872.437990  11.187014 1.000000 
2455872.458423  11.186558 1.000000 
2455872.478855  11.185667 1.000000 
2455872.499288  11.180864 1.000000 
2455872.519721  11.177573 1.000000 
2455872.540153  11.177479 1.000000 
2455872.560586  11.177300 1.000000 
2455872.581019  11.177259 1.000000 
2455872.601451  11.177394 1.000000 
2455872.621884  11.177388 1.000000 
2455872.642317  11.177384 1.000000 
2455872.662749  11.177401 1.000000 
2455872.683182  11.177210 1.000000 
2455872.703614  11.177294 1.000000 
2455872.724047  11.177273 1.000000 
2455872.744480  11.177358 1.000000 
2455872.764912  11.177380 1.000000 
2455872.785345  11.177351 1.000000 
2455872.805778  11.177340 1.000000 
2455872.826210  11.177463 1.000000 
2455872.846643  11.177246 1.000000 
2455872.867076  11.177211 1.000000 
2455872.887508  11.177214 1.000000 
2455872.907941  11.177150 1.000000 
2455872.928373  11.177126 1.000000 
2455872.948806  11.177168 1.000000 
2455872.969239  11.177199 1.000000 
2455872.989671  11.177188 1.000000 
2455873.010104  11.177109 1.000000 
2455873.030536  11.177123 1.000000 
2455873.050969  11.177150 1.000000 
2455873.071402  11.177250 1.000000 
2455873.091834  11.177411 1.000000 
2455873.112267  11.177539 1.000000 
2455873.132700  11.177487 1.000000 
2455873.153132  11.177500 1.000000 
2455873.173565  11.177475 1.000000 
2455873.193998  11.177398 1.000000 
2455873.214430  11.177340 1.000000 
2455873.234863  11.177350 1.000000 
2455873.255295  11.177527 1.000000 
2455873.275728  11.177545 1.000000 
2455873.296161  11.177603 1.000000 
2455873.316593  11.177550 1.000000 
2455873.337026  11.177403 1.000000 
2455873.357459  11.177538 1.000000 
2455873.377891  11.177542 1.000000 
2455873.398324  11.177388 1.000000 
2455873.418756  11.177507 1.000000 
2455873.439189  11.177382 1.000000 
2455873.459622  11.177379 1.000000 
2455873.480054  11.177445 1.000000 
2455873.500487  11.177520 1.000000 
2455873.520919  11.177489 1.000000 
2455873.541352  11.177510 1.000000 
2455873.561785  11.177498 1.000000 
2455873.582217  11.177388 1.000000 
2455873.602650  11.177470 1.000000 
2455873.623083  11.177514 1.000000 
2455873.643515  11.177539 1.000000 
2455873.663948  11.177697 1.000000 
2455873.684380  11.177627 1.000000 
2455873.704813  11.177815 1.000000 
2455873.725246  11.177800 1.000000 
2455873.745678  11.177797 1.000000 
2455873.766111  11.177627 1.000000 
2455873.786544  11.177599 1.000000 
2455873.806976  11.177436 1.000000 
2455873.827409  11.177255 1.000000 
2455873.847841  11.177252 1.000000 
2455873.868274  11.177346 1.000000 
2455873.888707  11.177306 1.000000 
2455873.909139  11.177397 1.000000 
2455873.929572  11.177357 1.000000 
2455873.950005  11.177273 1.000000 
2455873.970437  11.177334 1.000000 
2455873.990870  11.177329 1.000000 
2455874.011302  11.177316 1.000000 
2455874.031735  11.177508 1.000000 
2455874.052168  11.177470 1.000000 
2455874.072600  11.177284 1.000000 
2455874.093033  11.177203 1.000000 
2455874.113466  11.177161 1.000000 
2455874.133898  11.177260 1.000000 
2455874.154331  11.177241 1.000000 
2455874.174763  11.177097 1.000000 
2455874.195196  11.177045 1.000000 
2455874.215629  11.177010 1.000000 
2455874.236061  11.177029 1.000000 
2455874.297359  11.177074 1.000000 
