2455584.729372  11.175413 1.000000 
2455584.749805  11.175453 1.000000 
2455584.770239  11.175528 1.000000 
2455584.790672  11.175461 1.000000 
2455584.811105  11.175557 1.000000 
2455584.831538  11.175378 1.000000 
2455584.851972  11.175279 1.000000 
2455584.872405  11.175322 1.000000 
2455584.892838  11.175343 1.000000 
2455584.913271  11.175131 1.000000 
2455584.933704  11.175241 1.000000 
2455584.954137  11.175251 1.000000 
2455584.974571  11.175193 1.000000 
2455584.995004  11.175200 1.000000 
2455585.015437  11.175331 1.000000 
2455585.035870  11.175247 1.000000 
2455585.056304  11.175209 1.000000 
2455585.076737  11.175092 1.000000 
2455585.097170  11.175210 1.000000 
2455585.117603  11.175156 1.000000 
2455585.138036  11.175370 1.000000 
2455585.158470  11.175284 1.000000 
2455585.178903  11.175338 1.000000 
2455585.199336  11.175242 1.000000 
2455585.240202  11.175375 1.000000 
2455585.260635  11.175204 1.000000 
2455585.281069  11.175247 1.000000 
2455585.301502  11.175105 1.000000 
2455585.321935  11.175237 1.000000 
2455585.342368  11.175340 1.000000 
2455585.362802  11.175540 1.000000 
2455585.383235  11.175662 1.000000 
2455585.403668  11.175670 1.000000 
2455585.424101  11.175636 1.000000 
2455585.444534  11.175685 1.000000 
2455585.464968  11.175601 1.000000 
2455585.485401  11.175449 1.000000 
2455585.505834  11.175296 1.000000 
2455585.526267  11.175279 1.000000 
2455585.546700  11.175163 1.000000 
2455585.567134  11.175163 1.000000 
2455585.587567  11.175200 1.000000 
2455585.608000  11.175100 1.000000 
2455585.628433  11.175322 1.000000 
2455585.648866  11.175336 1.000000 
2455585.669300  11.175370 1.000000 
2455585.689733  11.175506 1.000000 
2455585.710166  11.175560 1.000000 
2455585.730599  11.175529 1.000000 
2455585.751032  11.175687 1.000000 
2455585.771466  11.175586 1.000000 
2455585.791899  11.175523 1.000000 
2455585.812332  11.175460 1.000000 
2455585.832765  11.175341 1.000000 
2455585.853199  11.175189 1.000000 
2455585.873632  11.175086 1.000000 
2455585.894065  11.175118 1.000000 
2455585.914498  11.174976 1.000000 
2455585.934931  11.175125 1.000000 
2455585.955365  11.174999 1.000000 
2455585.975798  11.174941 1.000000 
2455585.996231  11.174984 1.000000 
2455586.016664  11.175069 1.000000 
2455586.037098  11.174971 1.000000 
2455586.118830  11.174907 1.000000 
2455586.139263  11.174971 1.000000 
2455586.159697  11.174894 1.000000 
2455586.180130  11.174652 1.000000 
2455586.200563  11.174650 1.000000 
2455586.220996  11.174585 1.000000 
2455586.241430  11.174531 1.000000 
2455586.261863  11.174619 1.000000 
2455586.282296  11.174734 1.000000 
2455586.302729  11.174794 1.000000 
2455586.323163  11.174766 1.000000 
2455586.343596  11.174976 1.000000 
2455586.364029  11.175162 1.000000 
2455586.384462  11.175248 1.000000 
2455586.404895  11.175260 1.000000 
2455586.425329  11.175262 1.000000 
2455586.445762  11.175279 1.000000 
2455586.466195  11.175404 1.000000 
2455586.486628  11.175362 1.000000 
2455586.507062  11.175321 1.000000 
2455586.527495  11.177388 1.000000 
2455586.547928  11.182843 1.000000 
2455586.568361  11.184217 1.000000 
2455586.588794  11.184780 1.000000 
2455586.609228  11.185127 1.000000 
2455586.629661  11.185338 1.000000 
2455586.650094  11.185434 1.000000 
2455586.670527  11.185517 1.000000 
2455586.690961  11.185421 1.000000 
2455586.711394  11.185526 1.000000 
2455586.731827  11.185488 1.000000 
2455586.752260  11.185197 1.000000 
2455586.772693  11.184488 1.000000 
2455586.793127  11.183520 1.000000 
2455586.813560  11.179015 1.000000 
2455586.833993  11.175676 1.000000 
2455586.854426  11.175772 1.000000 
2455586.874860  11.175766 1.000000 
2455586.895293  11.175750 1.000000 
2455586.915726  11.175544 1.000000 
2455586.936159  11.175676 1.000000 
2455586.956593  11.175695 1.000000 
2455586.977026  11.175719 1.000000 
2455586.997459  11.175785 1.000000 
2455587.017892  11.175741 1.000000 
2455587.038325  11.175823 1.000000 
2455587.058759  11.175928 1.000000 
2455587.079192  11.175901 1.000000 
2455587.099625  11.175945 1.000000 
2455587.120058  11.176009 1.000000 
2455587.140492  11.176066 1.000000 
2455587.160925  11.176050 1.000000 
2455587.181358  11.175805 1.000000 
2455587.201791  11.175570 1.000000 
2455587.222225  11.175560 1.000000 
2455587.242658  11.175577 1.000000 
2455587.263091  11.175519 1.000000 
2455587.283524  11.175460 1.000000 
2455587.303958  11.175475 1.000000 
2455587.324391  11.175305 1.000000 
2455587.344824  11.175227 1.000000 
2455587.365257  11.175119 1.000000 
2455587.385691  11.175051 1.000000 
2455587.406124  11.175150 1.000000 
2455587.426557  11.175098 1.000000 
2455587.446990  11.175042 1.000000 
2455587.467424  11.175055 1.000000 
2455587.487857  11.175222 1.000000 
2455587.508290  11.175093 1.000000 
2455587.528723  11.175099 1.000000 
2455587.549157  11.175058 1.000000 
2455587.569590  11.175064 1.000000 
2455587.590023  11.174961 1.000000 
2455587.610456  11.174860 1.000000 
2455587.630889  11.174866 1.000000 
2455587.651323  11.174971 1.000000 
2455587.671756  11.174940 1.000000 
2455587.692189  11.175066 1.000000 
2455587.712623  11.175290 1.000000 
2455587.733056  11.175543 1.000000 
2455587.753489  11.175604 1.000000 
2455587.773922  11.175780 1.000000 
2455587.794355  11.175662 1.000000 
2455587.814789  11.175441 1.000000 
2455587.835222  11.175467 1.000000 
2455587.855655  11.175590 1.000000 
2455587.876088  11.175566 1.000000 
2455587.896522  11.175465 1.000000 
2455587.916955  11.175485 1.000000 
2455587.937388  11.175690 1.000000 
2455587.957821  11.175652 1.000000 
2455587.978255  11.175611 1.000000 
2455587.998688  11.175710 1.000000 
2455588.019121  11.175869 1.000000 
2455588.039554  11.175972 1.000000 
2455588.059988  11.175944 1.000000 
2455588.080421  11.175966 1.000000 
2455588.100854  11.175890 1.000000 
2455588.121287  11.176006 1.000000 
2455588.141721  11.175910 1.000000 
2455588.162154  11.175811 1.000000 
2455588.203020  11.175859 1.000000 
2455588.223454  11.175704 1.000000 
2455588.243887  11.175758 1.000000 
2455588.264320  11.175623 1.000000 
2455588.284753  11.175811 1.000000 
2455588.305187  11.175828 1.000000 
2455588.325620  11.175729 1.000000 
2455588.346053  11.175723 1.000000 
2455588.366486  11.175780 1.000000 
2455588.386920  11.175844 1.000000 
2455588.407353  11.175983 1.000000 
2455588.427786  11.175897 1.000000 
2455588.448220  11.175939 1.000000 
2455588.468653  11.175938 1.000000 
2455588.489086  11.175805 1.000000 
2455588.509519  11.175815 1.000000 
2455588.529952  11.176001 1.000000 
2455588.550386  11.175830 1.000000 
2455588.570819  11.175599 1.000000 
2455588.591252  11.175659 1.000000 
2455588.611686  11.175566 1.000000 
