2454977.671149  11.165867 1.000000 
2454977.691584  11.165960 1.000000 
2454977.712018  11.165855 1.000000 
2454977.732453  11.165735 1.000000 
2454977.752888  11.165841 1.000000 
2454977.773322  11.165915 1.000000 
2454977.793756  11.165770 1.000000 
2454977.814191  11.165718 1.000000 
2454977.834626  11.165821 1.000000 
2454977.855060  11.165672 1.000000 
2454977.875495  11.165827 1.000000 
2454977.895929  11.165572 1.000000 
2454977.916364  11.165789 1.000000 
2454977.936798  11.165583 1.000000 
2454977.957233  11.165607 1.000000 
2454977.977667  11.165534 1.000000 
2454977.998102  11.165606 1.000000 
2454978.018536  11.165563 1.000000 
2454978.038971  11.165642 1.000000 
2454978.059405  11.165577 1.000000 
2454978.079840  11.165572 1.000000 
2454978.100274  11.165687 1.000000 
2454978.120709  11.165711 1.000000 
2454978.141143  11.165822 1.000000 
2454978.161578  11.166013 1.000000 
2454978.182012  11.166108 1.000000 
2454978.202447  11.166092 1.000000 
2454978.222882  11.166063 1.000000 
2454978.243316  11.166013 1.000000 
2454978.263751  11.166059 1.000000 
2454978.284185  11.165851 1.000000 
2454978.304620  11.166021 1.000000 
2454978.325054  11.166229 1.000000 
2454978.345489  11.166071 1.000000 
2454978.365923  11.166059 1.000000 
2454978.386358  11.165981 1.000000 
2454978.406792  11.165926 1.000000 
2454978.427227  11.165968 1.000000 
2454978.447661  11.165975 1.000000 
2454978.468096  11.165989 1.000000 
2454978.488530  11.166023 1.000000 
2454978.508965  11.166098 1.000000 
2454978.529399  11.166283 1.000000 
2454978.549834  11.166294 1.000000 
2454978.570269  11.166222 1.000000 
2454978.590703  11.166135 1.000000 
2454978.611138  11.166243 1.000000 
2454978.631572  11.165977 1.000000 
2454978.652006  11.165793 1.000000 
2454978.672441  11.165820 1.000000 
2454978.692875  11.165972 1.000000 
2454978.713310  11.165909 1.000000 
2454978.733745  11.165693 1.000000 
2454978.754179  11.165759 1.000000 
2454978.774614  11.165769 1.000000 
2454978.795048  11.165603 1.000000 
2454978.815483  11.165745 1.000000 
2454978.835917  11.165623 1.000000 
2454978.856352  11.165520 1.000000 
2454978.876786  11.165504 1.000000 
2454978.897221  11.165621 1.000000 
2454978.917655  11.165710 1.000000 
2454978.938090  11.165674 1.000000 
2454978.958524  11.165730 1.000000 
2454978.978959  11.165541 1.000000 
2454978.999393  11.165411 1.000000 
2454979.019828  11.165454 1.000000 
2454979.040262  11.165403 1.000000 
2454979.060697  11.165510 1.000000 
2454979.081132  11.165439 1.000000 
2454979.101566  11.165625 1.000000 
2454979.122001  11.165540 1.000000 
2454979.142435  11.165358 1.000000 
2454979.162869  11.165520 1.000000 
2454979.183304  11.165396 1.000000 
2454979.203739  11.165344 1.000000 
2454979.224173  11.165337 1.000000 
2454979.244608  11.165458 1.000000 
2454979.265042  11.165536 1.000000 
2454979.285477  11.165722 1.000000 
2454979.305911  11.165703 1.000000 
2454979.346780  11.165765 1.000000 
2454979.367215  11.165714 1.000000 
2454979.387649  11.165699 1.000000 
2454979.408084  11.165762 1.000000 
2454979.428518  11.165893 1.000000 
2454979.448953  11.167418 1.000000 
2454979.469387  11.172734 1.000000 
2454979.489822  11.174567 1.000000 
2454979.510256  11.175102 1.000000 
2454979.530691  11.175375 1.000000 
2454979.551125  11.175617 1.000000 
2454979.571560  11.175901 1.000000 
2454979.591994  11.175958 1.000000 
2454979.612429  11.176074 1.000000 
2454979.632863  11.175910 1.000000 
2454979.653298  11.175662 1.000000 
2454979.673733  11.175239 1.000000 
2454979.694167  11.174714 1.000000 
2454979.714602  11.173900 1.000000 
2454979.735036  11.169958 1.000000 
2454979.755471  11.166084 1.000000 
2454979.775905  11.166127 1.000000 
2454979.796340  11.165975 1.000000 
2454979.816774  11.165802 1.000000 
2454979.837209  11.165575 1.000000 
2454979.857643  11.165764 1.000000 
2454979.878078  11.165657 1.000000 
2454979.898512  11.165865 1.000000 
2454979.918947  11.165708 1.000000 
2454979.939381  11.165812 1.000000 
2454979.959816  11.165898 1.000000 
2454979.980250  11.165812 1.000000 
2454980.000685  11.165800 1.000000 
2454980.021119  11.165844 1.000000 
2454980.041554  11.165726 1.000000 
2454980.061988  11.165593 1.000000 
2454980.082423  11.165558 1.000000 
2454980.102857  11.165584 1.000000 
2454980.123292  11.165515 1.000000 
2454980.143726  11.165493 1.000000 
2454980.164161  11.165439 1.000000 
2454980.184595  11.165438 1.000000 
2454980.205030  11.165467 1.000000 
2454980.225464  11.165478 1.000000 
2454980.245899  11.165392 1.000000 
2454980.266333  11.165419 1.000000 
2454980.286768  11.165584 1.000000 
2454980.307202  11.165596 1.000000 
2454980.327637  11.165585 1.000000 
2454980.348071  11.165631 1.000000 
2454980.368506  11.165842 1.000000 
2454980.388941  11.165346 1.000000 
2454980.409375  11.166040 1.000000 
2454980.429809  11.166037 1.000000 
2454980.450244  11.166216 1.000000 
2454980.470678  11.166239 1.000000 
2454980.491113  11.166217 1.000000 
2454980.511547  11.166223 1.000000 
2454980.531982  11.166112 1.000000 
2454980.552417  11.166012 1.000000 
2454980.572851  11.166040 1.000000 
2454980.593286  11.165960 1.000000 
2454980.613720  11.165775 1.000000 
2454980.634155  11.165857 1.000000 
2454980.654589  11.165623 1.000000 
2454980.675024  11.165522 1.000000 
2454980.695458  11.165718 1.000000 
2454980.715893  11.165794 1.000000 
2454980.736327  11.165797 1.000000 
2454980.756762  11.165689 1.000000 
2454980.777196  11.165791 1.000000 
2454980.797631  11.165812 1.000000 
2454980.818065  11.165674 1.000000 
2454980.838500  11.165550 1.000000 
2454980.858934  11.165660 1.000000 
2454980.879369  11.165598 1.000000 
2454980.899803  11.165552 1.000000 
2454980.920238  11.165588 1.000000 
2454980.940672  11.165441 1.000000 
2454980.961107  11.165441 1.000000 
2454980.981541  11.165486 1.000000 
2454981.001976  11.165497 1.000000 
2454981.022410  11.165394 1.000000 
2454981.042845  11.165530 1.000000 
2454981.063279  11.165436 1.000000 
2454981.083714  11.165355 1.000000 
2454981.104148  11.165384 1.000000 
2454981.124583  11.165521 1.000000 
2454981.145017  11.165434 1.000000 
2454981.165452  11.165327 1.000000 
2454981.185886  11.165432 1.000000 
2454981.206321  11.165486 1.000000 
2454981.226755  11.165498 1.000000 
2454981.247190  11.165689 1.000000 
2454981.267624  11.165737 1.000000 
2454981.288059  11.165746 1.000000 
2454981.308493  11.165969 1.000000 
2454981.328928  11.165972 1.000000 
2454981.349362  11.165975 1.000000 
2454981.369797  11.165964 1.000000 
2454981.390231  11.165782 1.000000 
2454981.410666  11.165958 1.000000 
2454981.431100  11.165913 1.000000 
2454981.451535  11.166014 1.000000 
2454981.471970  11.166044 1.000000 
2454981.492404  11.166147 1.000000 
2454981.512839  11.166211 1.000000 
2454981.533273  11.166161 1.000000 
