2455852.556967  11.177789 1.000000 
2455852.577400  11.177779 1.000000 
2455852.597833  11.177750 1.000000 
2455852.618266  11.177803 1.000000 
2455852.638698  11.177844 1.000000 
2455852.659131  11.177837 1.000000 
2455852.679564  11.177768 1.000000 
2455852.699997  11.177913 1.000000 
2455852.720430  11.177873 1.000000 
2455852.740862  11.177893 1.000000 
2455852.761295  11.177912 1.000000 
2455852.781728  11.177974 1.000000 
2455852.802161  11.177878 1.000000 
2455852.822593  11.177842 1.000000 
2455852.843026  11.178047 1.000000 
2455852.863459  11.177942 1.000000 
2455852.883892  11.178027 1.000000 
2455852.904325  11.178064 1.000000 
2455852.924758  11.177979 1.000000 
2455852.945190  11.178047 1.000000 
2455852.965623  11.178190 1.000000 
2455852.986056  11.178025 1.000000 
2455853.006489  11.178059 1.000000 
2455853.026921  11.178161 1.000000 
2455853.047354  11.178250 1.000000 
2455853.067787  11.178078 1.000000 
2455853.088220  11.178222 1.000000 
2455853.108653  11.178299 1.000000 
2455853.129085  11.178270 1.000000 
2455853.149518  11.178251 1.000000 
2455853.169951  11.178098 1.000000 
2455853.190384  11.178189 1.000000 
2455853.210817  11.178107 1.000000 
2455853.231249  11.178054 1.000000 
2455853.251682  11.177969 1.000000 
2455853.272115  11.177941 1.000000 
2455853.292548  11.177927 1.000000 
2455853.312981  11.177960 1.000000 
2455853.333413  11.177933 1.000000 
2455853.353846  11.177864 1.000000 
2455853.374279  11.177952 1.000000 
2455853.394712  11.177902 1.000000 
2455853.415145  11.177775 1.000000 
2455853.435577  11.177649 1.000000 
2455853.456010  11.177846 1.000000 
2455853.476443  11.177891 1.000000 
2455853.496876  11.177663 1.000000 
2455853.517308  11.177790 1.000000 
2455853.537741  11.177978 1.000000 
2455853.558174  11.177876 1.000000 
2455853.578607  11.177911 1.000000 
2455853.599040  11.177981 1.000000 
2455853.619472  11.177924 1.000000 
2455853.639905  11.178040 1.000000 
2455853.660338  11.177975 1.000000 
2455853.680771  11.178022 1.000000 
2455853.701204  11.178045 1.000000 
2455853.721636  11.178075 1.000000 
2455853.742069  11.177980 1.000000 
2455853.762502  11.177941 1.000000 
2455853.782935  11.177804 1.000000 
2455853.803368  11.177882 1.000000 
2455853.823800  11.177818 1.000000 
2455853.844233  11.177792 1.000000 
2455853.864666  11.177902 1.000000 
2455853.885099  11.177951 1.000000 
2455853.905531  11.177895 1.000000 
2455853.925964  11.178051 1.000000 
2455853.946397  11.177749 1.000000 
2455853.966830  11.177804 1.000000 
2455853.987263  11.177917 1.000000 
2455854.007695  11.177974 1.000000 
2455854.028128  11.177990 1.000000 
2455854.048561  11.177997 1.000000 
2455854.068994  11.178036 1.000000 
2455854.089426  11.178037 1.000000 
2455854.109859  11.177920 1.000000 
2455854.130292  11.178026 1.000000 
2455854.150725  11.177874 1.000000 
2455854.191590  11.177840 1.000000 
2455854.212023  11.177818 1.000000 
2455854.232456  11.177856 1.000000 
2455854.252889  11.177838 1.000000 
2455854.273322  11.177742 1.000000 
2455854.293754  11.177603 1.000000 
2455854.314187  11.177489 1.000000 
2455854.355053  11.179290 1.000000 
2455854.375485  11.184704 1.000000 
2455854.395918  11.186272 1.000000 
2455854.416351  11.187040 1.000000 
2455854.436784  11.187264 1.000000 
2455854.457216  11.187502 1.000000 
2455854.477649  11.187661 1.000000 
2455854.498082  11.187839 1.000000 
2455854.518515  11.187902 1.000000 
2455854.538947  11.187806 1.000000 
2455854.559380  11.187702 1.000000 
2455854.579813  11.187349 1.000000 
2455854.600246  11.186883 1.000000 
2455854.620679  11.185832 1.000000 
2455854.641111  11.181954 1.000000 
2455854.661544  11.178000 1.000000 
2455854.681977  11.177826 1.000000 
2455854.702410  11.177777 1.000000 
2455854.722843  11.177902 1.000000 
2455854.743275  11.177932 1.000000 
2455854.763708  11.177998 1.000000 
2455854.784141  11.177928 1.000000 
2455854.804574  11.177973 1.000000 
2455854.825006  11.178060 1.000000 
2455854.845439  11.177914 1.000000 
2455854.865872  11.177990 1.000000 
2455854.886305  11.178017 1.000000 
2455854.906737  11.178104 1.000000 
2455854.927170  11.178082 1.000000 
2455854.947603  11.178090 1.000000 
2455854.968036  11.177999 1.000000 
2455854.988469  11.178120 1.000000 
2455855.008901  11.178210 1.000000 
2455855.029334  11.178189 1.000000 
2455855.049767  11.178165 1.000000 
2455855.070200  11.178162 1.000000 
2455855.090633  11.178065 1.000000 
2455855.111065  11.178015 1.000000 
2455855.131498  11.177971 1.000000 
2455855.151931  11.177980 1.000000 
2455855.172364  11.177961 1.000000 
2455855.192796  11.178056 1.000000 
2455855.213229  11.178019 1.000000 
2455855.233662  11.177895 1.000000 
2455855.254095  11.177940 1.000000 
2455855.274527  11.178008 1.000000 
2455855.294960  11.177985 1.000000 
2455855.315393  11.177816 1.000000 
2455855.335826  11.178034 1.000000 
2455855.356258  11.178094 1.000000 
2455855.376691  11.178031 1.000000 
2455855.397124  11.177947 1.000000 
2455855.417557  11.177803 1.000000 
2455855.437989  11.177855 1.000000 
2455855.458422  11.177950 1.000000 
2455855.478855  11.177908 1.000000 
2455855.499288  11.177799 1.000000 
2455855.519721  11.177851 1.000000 
2455855.540153  11.177865 1.000000 
2455855.560586  11.177874 1.000000 
2455855.581019  11.178026 1.000000 
2455855.601452  11.178016 1.000000 
2455855.621884  11.177928 1.000000 
2455855.642317  11.177842 1.000000 
2455855.662750  11.177973 1.000000 
2455855.683183  11.177888 1.000000 
2455855.703616  11.177968 1.000000 
2455855.724048  11.178071 1.000000 
2455855.744481  11.178115 1.000000 
2455855.764914  11.178018 1.000000 
2455855.785347  11.178299 1.000000 
2455855.805779  11.178130 1.000000 
2455855.826212  11.178259 1.000000 
2455855.846645  11.178045 1.000000 
2455855.867078  11.178054 1.000000 
2455855.887510  11.177886 1.000000 
2455855.907943  11.177950 1.000000 
2455855.928376  11.177863 1.000000 
2455855.948809  11.178044 1.000000 
2455855.969241  11.178000 1.000000 
2455855.989674  11.178088 1.000000 
2455856.010107  11.178139 1.000000 
2455856.030540  11.178135 1.000000 
2455856.050972  11.177945 1.000000 
2455856.071405  11.178079 1.000000 
2455856.091838  11.177959 1.000000 
2455856.112271  11.177962 1.000000 
2455856.132703  11.177797 1.000000 
2455856.153136  11.177886 1.000000 
2455856.173569  11.177885 1.000000 
2455856.194002  11.177800 1.000000 
2455856.214435  11.177800 1.000000 
2455856.234867  11.177959 1.000000 
2455856.255300  11.177971 1.000000 
2455856.275733  11.178133 1.000000 
2455856.296166  11.178115 1.000000 
2455856.316599  11.178183 1.000000 
2455856.337031  11.178133 1.000000 
2455856.357464  11.178116 1.000000 
2455856.377897  11.178206 1.000000 
2455856.398329  11.178153 1.000000 
2455856.418762  11.178042 1.000000 
2455856.439195  11.178137 1.000000 
