2455674.005174  11.176557 1.000000 
2455674.025608  11.176699 1.000000 
2455674.046043  11.176741 1.000000 
2455674.066477  11.176645 1.000000 
2455674.086912  11.176570 1.000000 
2455674.107346  11.176542 1.000000 
2455674.127781  11.176368 1.000000 
2455674.148215  11.176403 1.000000 
2455674.168650  11.176283 1.000000 
2455674.189084  11.176287 1.000000 
2455674.209519  11.176094 1.000000 
2455674.229953  11.175992 1.000000 
2455674.250388  11.176016 1.000000 
2455674.270822  11.176076 1.000000 
2455674.291257  11.175994 1.000000 
2455674.311691  11.176156 1.000000 
2455674.332126  11.176172 1.000000 
2455674.352560  11.176343 1.000000 
2455674.372995  11.176227 1.000000 
2455674.393429  11.176357 1.000000 
2455674.413864  11.176263 1.000000 
2455674.434298  11.176305 1.000000 
2455674.454733  11.176218 1.000000 
2455674.475167  11.176164 1.000000 
2455674.495602  11.176156 1.000000 
2455674.516036  11.176089 1.000000 
2455674.536471  11.175944 1.000000 
2455674.556905  11.175874 1.000000 
2455674.577340  11.175966 1.000000 
2455674.597774  11.175867 1.000000 
2455674.618209  11.175849 1.000000 
2455674.638643  11.175912 1.000000 
2455674.659078  11.175943 1.000000 
2455674.679512  11.175887 1.000000 
2455674.699947  11.175922 1.000000 
2455674.720381  11.175973 1.000000 
2455674.740816  11.175876 1.000000 
2455674.761250  11.175858 1.000000 
2455674.781685  11.175928 1.000000 
2455674.802119  11.175993 1.000000 
2455674.822554  11.176090 1.000000 
2455674.842988  11.176136 1.000000 
2455674.863423  11.176189 1.000000 
2455674.883857  11.176242 1.000000 
2455674.904292  11.176349 1.000000 
2455674.924726  11.176322 1.000000 
2455674.945161  11.176389 1.000000 
2455674.965595  11.176432 1.000000 
2455674.986030  11.176538 1.000000 
2455675.006464  11.176435 1.000000 
2455675.026899  11.176376 1.000000 
2455675.047333  11.176290 1.000000 
2455675.067768  11.176260 1.000000 
2455675.088202  11.176341 1.000000 
2455675.108637  11.176391 1.000000 
2455675.129071  11.176417 1.000000 
2455675.149506  11.176450 1.000000 
2455675.169940  11.176651 1.000000 
2455675.190375  11.176515 1.000000 
2455675.210809  11.176595 1.000000 
2455675.231244  11.176639 1.000000 
2455675.251678  11.176507 1.000000 
2455675.272113  11.176322 1.000000 
2455675.292547  11.176237 1.000000 
2455675.312982  11.176269 1.000000 
2455675.333416  11.176166 1.000000 
2455675.353851  11.176158 1.000000 
2455675.374285  11.176210 1.000000 
2455675.394720  11.176265 1.000000 
2455675.415154  11.176236 1.000000 
2455675.435589  11.176239 1.000000 
2455675.456023  11.176300 1.000000 
2455675.476458  11.176288 1.000000 
2455675.496892  11.176185 1.000000 
2455675.517327  11.176188 1.000000 
2455675.537762  11.176036 1.000000 
2455675.558196  11.175972 1.000000 
2455675.578631  11.175926 1.000000 
2455675.599065  11.175813 1.000000 
2455675.619500  11.175865 1.000000 
2455675.639934  11.175763 1.000000 
2455675.660369  11.175739 1.000000 
2455675.680803  11.175602 1.000000 
2455675.701238  11.175628 1.000000 
2455675.721672  11.175668 1.000000 
2455675.742107  11.175853 1.000000 
2455675.762541  11.175870 1.000000 
2455675.782976  11.175886 1.000000 
2455675.803410  11.178230 1.000000 
2455675.823845  11.183350 1.000000 
2455675.844279  11.184561 1.000000 
2455675.864714  11.185194 1.000000 
2455675.885148  11.185379 1.000000 
2455675.905583  11.185653 1.000000 
2455675.926017  11.185836 1.000000 
2455675.946452  11.185700 1.000000 
2455675.966886  11.185591 1.000000 
2455675.987321  11.185505 1.000000 
2455676.007755  11.185378 1.000000 
2455676.028190  11.185087 1.000000 
2455676.048624  11.184579 1.000000 
2455676.069059  11.183785 1.000000 
2455676.089493  11.179374 1.000000 
2455676.109928  11.176216 1.000000 
2455676.130362  11.176210 1.000000 
2455676.150797  11.176269 1.000000 
2455676.171231  11.176332 1.000000 
2455676.191666  11.176408 1.000000 
2455676.212100  11.176236 1.000000 
2455676.232535  11.176232 1.000000 
2455676.252970  11.176207 1.000000 
2455676.273404  11.176245 1.000000 
2455676.293839  11.176277 1.000000 
2455676.314273  11.176398 1.000000 
2455676.334707  11.176383 1.000000 
2455676.355142  11.176470 1.000000 
2455676.375576  11.176693 1.000000 
2455676.396011  11.176555 1.000000 
2455676.416446  11.176754 1.000000 
2455676.436880  11.176816 1.000000 
2455676.477749  11.176515 1.000000 
2455676.498184  11.176324 1.000000 
2455676.518618  11.176296 1.000000 
2455676.539053  11.176173 1.000000 
2455676.559487  11.176096 1.000000 
2455676.579922  11.176268 1.000000 
2455676.600356  11.176221 1.000000 
2455676.620791  11.176288 1.000000 
2455676.641225  11.176227 1.000000 
2455676.661660  11.176168 1.000000 
2455676.682094  11.176332 1.000000 
2455676.702529  11.176194 1.000000 
2455676.722963  11.176113 1.000000 
2455676.743398  11.176031 1.000000 
2455676.763832  11.175960 1.000000 
2455676.784267  11.176015 1.000000 
2455676.804701  11.175963 1.000000 
2455676.825136  11.176111 1.000000 
2455676.845571  11.176089 1.000000 
2455676.866005  11.176273 1.000000 
2455676.886439  11.176165 1.000000 
2455676.906874  11.176299 1.000000 
2455676.927308  11.176311 1.000000 
2455676.947743  11.176393 1.000000 
2455676.968177  11.176269 1.000000 
2455676.988612  11.176166 1.000000 
2455677.009047  11.176113 1.000000 
2455677.029481  11.176030 1.000000 
2455677.049915  11.176070 1.000000 
2455677.070350  11.175874 1.000000 
2455677.090785  11.175825 1.000000 
2455677.111219  11.175858 1.000000 
2455677.131654  11.175784 1.000000 
2455677.152088  11.175972 1.000000 
2455677.172523  11.176077 1.000000 
2455677.192957  11.176225 1.000000 
2455677.213392  11.176404 1.000000 
2455677.233826  11.176351 1.000000 
2455677.254261  11.176336 1.000000 
2455677.274695  11.176212 1.000000 
2455677.295130  11.176178 1.000000 
2455677.315564  11.176070 1.000000 
2455677.335999  11.176145 1.000000 
2455677.356433  11.175880 1.000000 
2455677.376868  11.175874 1.000000 
2455677.397302  11.175714 1.000000 
2455677.417737  11.175724 1.000000 
