2455763.283301  11.177561 1.000000 
2455763.303735  11.177632 1.000000 
2455763.324169  11.177551 1.000000 
2455763.344603  11.177338 1.000000 
2455763.385472  11.177402 1.000000 
2455763.405906  11.177394 1.000000 
2455763.426340  11.177493 1.000000 
2455763.446774  11.177264 1.000000 
2455763.467208  11.177203 1.000000 
2455763.487642  11.177084 1.000000 
2455763.508076  11.177185 1.000000 
2455763.528510  11.176964 1.000000 
2455763.548945  11.177184 1.000000 
2455763.569379  11.177131 1.000000 
2455763.589813  11.177106 1.000000 
2455763.610247  11.177071 1.000000 
2455763.630681  11.177126 1.000000 
2455763.651115  11.177075 1.000000 
2455763.671549  11.177081 1.000000 
2455763.691983  11.177303 1.000000 
2455763.712418  11.177298 1.000000 
2455763.732852  11.177304 1.000000 
2455763.753286  11.177394 1.000000 
2455763.773720  11.177296 1.000000 
2455763.794154  11.177147 1.000000 
2455763.814588  11.177022 1.000000 
2455763.835022  11.177018 1.000000 
2455763.855456  11.176988 1.000000 
2455763.875890  11.177052 1.000000 
2455763.896324  11.177269 1.000000 
2455763.916759  11.177579 1.000000 
2455763.937193  11.177728 1.000000 
2455763.957627  11.177769 1.000000 
2455763.978061  11.177942 1.000000 
2455763.998495  11.177986 1.000000 
2455764.018929  11.177929 1.000000 
2455764.039363  11.178085 1.000000 
2455764.059797  11.177949 1.000000 
2455764.080231  11.177898 1.000000 
2455764.100665  11.177841 1.000000 
2455764.121100  11.177876 1.000000 
2455764.141534  11.177812 1.000000 
2455764.161968  11.177736 1.000000 
2455764.182402  11.177645 1.000000 
2455764.202836  11.177585 1.000000 
2455764.223270  11.177538 1.000000 
2455764.243704  11.177618 1.000000 
2455764.264138  11.177679 1.000000 
2455764.284572  11.177847 1.000000 
2455764.305007  11.178003 1.000000 
2455764.325441  11.178164 1.000000 
2455764.345875  11.178328 1.000000 
2455764.366309  11.178330 1.000000 
2455764.386743  11.178412 1.000000 
2455764.407177  11.178267 1.000000 
2455764.427611  11.178101 1.000000 
2455764.448045  11.177966 1.000000 
2455764.468479  11.177990 1.000000 
2455764.488914  11.177950 1.000000 
2455764.509347  11.177876 1.000000 
2455764.529782  11.177838 1.000000 
2455764.550216  11.177878 1.000000 
2455764.570650  11.177855 1.000000 
2455764.591084  11.178053 1.000000 
2455764.611518  11.177927 1.000000 
2455764.631952  11.177882 1.000000 
2455764.652386  11.177824 1.000000 
2455764.672820  11.177662 1.000000 
2455764.693255  11.177656 1.000000 
2455764.713689  11.177756 1.000000 
2455764.734123  11.177744 1.000000 
2455764.754557  11.177564 1.000000 
2455764.774991  11.177466 1.000000 
2455764.795425  11.177506 1.000000 
2455764.815859  11.177395 1.000000 
2455764.836293  11.177382 1.000000 
2455764.856727  11.177264 1.000000 
2455764.877161  11.177344 1.000000 
2455764.897595  11.177287 1.000000 
2455764.918030  11.177310 1.000000 
2455764.938464  11.177231 1.000000 
2455764.958898  11.177306 1.000000 
2455764.979332  11.177235 1.000000 
2455764.999766  11.177289 1.000000 
2455765.020200  11.177241 1.000000 
2455765.040634  11.177145 1.000000 
2455765.061068  11.177147 1.000000 
2455765.081502  11.179768 1.000000 
2455765.101936  11.184751 1.000000 
2455765.122371  11.185858 1.000000 
2455765.142805  11.186421 1.000000 
2455765.163239  11.186719 1.000000 
2455765.183673  11.187116 1.000000 
2455765.204107  11.187244 1.000000 
2455765.224541  11.187425 1.000000 
2455765.244975  11.187616 1.000000 
2455765.265409  11.187590 1.000000 
2455765.285843  11.187330 1.000000 
2455765.306277  11.187122 1.000000 
2455765.326711  11.186644 1.000000 
2455765.347145  11.185591 1.000000 
2455765.367580  11.180626 1.000000 
2455765.388014  11.177704 1.000000 
2455765.408448  11.177717 1.000000 
2455765.428882  11.177799 1.000000 
2455765.449316  11.177718 1.000000 
2455765.469750  11.177731 1.000000 
2455765.490184  11.177832 1.000000 
2455765.510618  11.177847 1.000000 
2455765.531052  11.177818 1.000000 
2455765.551486  11.178043 1.000000 
2455765.571920  11.178118 1.000000 
2455765.592354  11.178222 1.000000 
2455765.612789  11.178348 1.000000 
2455765.633223  11.178181 1.000000 
2455765.653657  11.178032 1.000000 
2455765.674091  11.178008 1.000000 
2455765.694525  11.177923 1.000000 
2455765.714959  11.177698 1.000000 
2455765.735393  11.177631 1.000000 
2455765.755827  11.177523 1.000000 
2455765.776261  11.177403 1.000000 
2455765.796695  11.177407 1.000000 
2455765.837563  11.177345 1.000000 
2455765.857998  11.177371 1.000000 
2455765.878432  11.177401 1.000000 
2455765.898866  11.177335 1.000000 
2455765.919300  11.177378 1.000000 
2455765.939734  11.177345 1.000000 
2455765.960168  11.177469 1.000000 
2455765.980602  11.177356 1.000000 
2455766.001036  11.177227 1.000000 
2455766.021470  11.177232 1.000000 
2455766.041904  11.177048 1.000000 
2455766.062338  11.176924 1.000000 
2455766.082772  11.176846 1.000000 
2455766.103206  11.176902 1.000000 
2455766.123641  11.176800 1.000000 
2455766.144075  11.176882 1.000000 
2455766.164509  11.176902 1.000000 
2455766.184943  11.176839 1.000000 
2455766.205377  11.176927 1.000000 
2455766.225811  11.177127 1.000000 
2455766.246245  11.176983 1.000000 
2455766.266679  11.177077 1.000000 
2455766.287113  11.177092 1.000000 
2455766.307547  11.177111 1.000000 
2455766.327981  11.177168 1.000000 
2455766.348416  11.177073 1.000000 
2455766.368850  11.176965 1.000000 
2455766.389284  11.176953 1.000000 
2455766.409718  11.177160 1.000000 
2455766.430152  11.177213 1.000000 
2455766.450586  11.177226 1.000000 
2455766.471020  11.177379 1.000000 
2455766.491454  11.177407 1.000000 
2455766.511888  11.177513 1.000000 
2455766.532322  11.177681 1.000000 
2455766.552756  11.177863 1.000000 
2455766.573190  11.177853 1.000000 
2455766.593624  11.178015 1.000000 
2455766.614058  11.177907 1.000000 
2455766.634493  11.177777 1.000000 
2455766.654926  11.177617 1.000000 
2455766.675360  11.177577 1.000000 
2455766.695795  11.177601 1.000000 
2455766.716229  11.177584 1.000000 
2455766.736663  11.177512 1.000000 
2455766.757097  11.177626 1.000000 
2455766.777531  11.177767 1.000000 
2455766.797965  11.177698 1.000000 
2455766.818399  11.177542 1.000000 
2455766.838833  11.177557 1.000000 
2455766.859267  11.177523 1.000000 
2455766.879701  11.177672 1.000000 
2455766.900135  11.177621 1.000000 
2455766.920569  11.177555 1.000000 
2455766.941004  11.177640 1.000000 
2455766.961438  11.177545 1.000000 
2455766.981872  11.177407 1.000000 
2455767.002306  11.177351 1.000000 
2455767.022740  11.177312 1.000000 
2455767.043174  11.176997 1.000000 
2455767.063608  11.176959 1.000000 
2455767.084042  11.176983 1.000000 
2455767.104476  11.176963 1.000000 
2455767.124910  11.177025 1.000000 
2455767.145344  11.176925 1.000000 
2455767.165778  11.176688 1.000000 
