2455227.631587  11.168353 1.000000 
2455227.652020  11.168183 1.000000 
2455227.672453  11.167999 1.000000 
2455227.692887  11.168202 1.000000 
2455227.713320  11.168114 1.000000 
2455227.733754  11.168032 1.000000 
2455227.754187  11.168200 1.000000 
2455227.774621  11.168142 1.000000 
2455227.795054  11.168252 1.000000 
2455227.815488  11.167830 1.000000 
2455227.835921  11.168002 1.000000 
2455227.856355  11.167984 1.000000 
2455227.876788  11.167748 1.000000 
2455227.897221  11.167878 1.000000 
2455227.917655  11.167907 1.000000 
2455227.938088  11.168042 1.000000 
2455227.958522  11.167853 1.000000 
2455227.978955  11.168094 1.000000 
2455227.999389  11.168118 1.000000 
2455228.019822  11.167993 1.000000 
2455228.040256  11.168097 1.000000 
2455228.060689  11.168398 1.000000 
2455228.081122  11.168228 1.000000 
2455228.101556  11.168380 1.000000 
2455228.121989  11.168324 1.000000 
2455228.142423  11.168381 1.000000 
2455228.162856  11.168415 1.000000 
2455228.183290  11.168113 1.000000 
2455228.203723  11.168070 1.000000 
2455228.224157  11.168199 1.000000 
2455228.244590  11.168343 1.000000 
2455228.285457  11.168526 1.000000 
2455228.305891  11.168398 1.000000 
2455228.326324  11.168326 1.000000 
2455228.346757  11.168030 1.000000 
2455228.367191  11.168043 1.000000 
2455228.387624  11.167893 1.000000 
2455228.408058  11.167954 1.000000 
2455228.428491  11.167833 1.000000 
2455228.448925  11.167993 1.000000 
2455228.469358  11.167836 1.000000 
2455228.489792  11.167790 1.000000 
2455228.510225  11.167939 1.000000 
2455228.530658  11.168085 1.000000 
2455228.551092  11.167699 1.000000 
2455228.571525  11.167729 1.000000 
2455228.591959  11.167757 1.000000 
2455228.612392  11.167641 1.000000 
2455228.632826  11.167757 1.000000 
2455228.653259  11.167548 1.000000 
2455228.673693  11.167506 1.000000 
2455228.694126  11.167510 1.000000 
2455228.714560  11.167385 1.000000 
2455228.734993  11.167298 1.000000 
2455228.755426  11.167437 1.000000 
2455228.775860  11.167449 1.000000 
2455228.796293  11.167355 1.000000 
2455228.816727  11.167347 1.000000 
2455228.837160  11.167332 1.000000 
2455228.857594  11.167237 1.000000 
2455228.878027  11.167154 1.000000 
2455228.898461  11.167278 1.000000 
2455228.918894  11.167401 1.000000 
2455228.939328  11.167332 1.000000 
2455228.959761  11.167473 1.000000 
2455228.980195  11.167571 1.000000 
2455229.000628  11.167710 1.000000 
2455229.021062  11.167712 1.000000 
2455229.041495  11.167303 1.000000 
2455229.061928  11.167323 1.000000 
2455229.082362  11.167367 1.000000 
2455229.102795  11.167233 1.000000 
2455229.123229  11.167185 1.000000 
2455229.143662  11.167225 1.000000 
2455229.164096  11.167230 1.000000 
2455229.184529  11.166982 1.000000 
2455229.204963  11.167160 1.000000 
2455229.225396  11.167222 1.000000 
2455229.245830  11.167077 1.000000 
2455229.266263  11.167111 1.000000 
2455229.286697  11.167031 1.000000 
2455229.307130  11.167055 1.000000 
2455229.327564  11.167192 1.000000 
2455229.347997  11.167089 1.000000 
