2456031.122549  11.177084 1.000000 
2456031.142983  11.177117 1.000000 
2456031.163417  11.177074 1.000000 
2456031.183852  11.177052 1.000000 
2456031.204286  11.177060 1.000000 
2456031.224720  11.177186 1.000000 
2456031.245155  11.177198 1.000000 
2456031.265589  11.177287 1.000000 
2456031.286023  11.177396 1.000000 
2456031.306458  11.177506 1.000000 
2456031.326892  11.177577 1.000000 
2456031.347327  11.177732 1.000000 
2456031.367761  11.177713 1.000000 
2456031.388195  11.177618 1.000000 
2456031.408630  11.177659 1.000000 
2456031.429064  11.177507 1.000000 
2456031.449499  11.177662 1.000000 
2456031.469933  11.177704 1.000000 
2456031.490367  11.177752 1.000000 
2456031.510802  11.177621 1.000000 
2456031.531236  11.177999 1.000000 
2456031.551670  11.178030 1.000000 
2456031.572105  11.177939 1.000000 
2456031.592539  11.178024 1.000000 
2456031.612973  11.177916 1.000000 
2456031.633408  11.177967 1.000000 
2456031.653842  11.178056 1.000000 
2456031.674277  11.178139 1.000000 
2456031.694711  11.178258 1.000000 
2456031.715145  11.178123 1.000000 
2456031.735580  11.178240 1.000000 
2456031.756014  11.178413 1.000000 
2456031.776448  11.178268 1.000000 
2456031.796883  11.178087 1.000000 
2456031.817317  11.177940 1.000000 
2456031.837752  11.177837 1.000000 
2456031.858186  11.177782 1.000000 
2456031.878620  11.177856 1.000000 
2456031.899055  11.177795 1.000000 
2456031.919489  11.177796 1.000000 
2456031.939924  11.177791 1.000000 
2456031.960358  11.177774 1.000000 
2456031.980792  11.177880 1.000000 
2456032.001227  11.177951 1.000000 
2456032.021661  11.177823 1.000000 
2456032.042095  11.177862 1.000000 
2456032.062530  11.177745 1.000000 
2456032.082964  11.177744 1.000000 
2456032.103399  11.177831 1.000000 
2456032.123833  11.177833 1.000000 
2456032.144267  11.177808 1.000000 
2456032.164702  11.177752 1.000000 
2456032.185136  11.177678 1.000000 
2456032.205570  11.177684 1.000000 
2456032.226005  11.177582 1.000000 
2456032.246439  11.177476 1.000000 
2456032.266874  11.177461 1.000000 
2456032.287308  11.177261 1.000000 
2456032.307742  11.177211 1.000000 
2456032.328177  11.177224 1.000000 
2456032.348611  11.177238 1.000000 
2456032.369046  11.177227 1.000000 
2456032.389480  11.177108 1.000000 
2456032.409914  11.176986 1.000000 
2456032.430349  11.177119 1.000000 
2456032.450783  11.176951 1.000000 
2456032.471217  11.177156 1.000000 
2456032.491652  11.177261 1.000000 
2456032.512086  11.177218 1.000000 
2456032.532521  11.177343 1.000000 
2456032.552955  11.177341 1.000000 
2456032.573389  11.177448 1.000000 
2456032.593824  11.177375 1.000000 
2456032.614258  11.177486 1.000000 
2456032.634692  11.177485 1.000000 
2456032.655127  11.177505 1.000000 
2456032.675561  11.177587 1.000000 
2456032.695996  11.177658 1.000000 
2456032.716430  11.177754 1.000000 
2456032.736865  11.177742 1.000000 
2456032.757299  11.177878 1.000000 
2456032.777733  11.177891 1.000000 
2456032.798168  11.177701 1.000000 
2456032.839036  11.177905 1.000000 
2456032.859471  11.177857 1.000000 
2456032.879905  11.177790 1.000000 
2456032.900340  11.178425 1.000000 
2456032.941208  11.186146 1.000000 
2456032.982077  11.187623 1.000000 
2456033.002512  11.187896 1.000000 
2456033.022946  11.188108 1.000000 
2456033.043380  11.188338 1.000000 
2456033.063815  11.188243 1.000000 
2456033.084249  11.187940 1.000000 
2456033.104683  11.187827 1.000000 
2456033.145552  11.187198 1.000000 
2456033.165987  11.186597 1.000000 
2456033.186421  11.183757 1.000000 
2456033.206855  11.178774 1.000000 
2456033.227290  11.178145 1.000000 
2456033.247724  11.178033 1.000000 
2456033.268159  11.178125 1.000000 
2456033.288593  11.178138 1.000000 
2456033.309027  11.178106 1.000000 
2456033.329462  11.177913 1.000000 
2456033.349896  11.178058 1.000000 
2456033.370330  11.178066 1.000000 
2456033.390765  11.177877 1.000000 
2456033.411199  11.177780 1.000000 
2456033.431634  11.177783 1.000000 
2456033.452068  11.177770 1.000000 
2456033.472502  11.177786 1.000000 
2456033.492937  11.177734 1.000000 
2456033.513371  11.177640 1.000000 
2456033.533806  11.177619 1.000000 
2456033.554240  11.177576 1.000000 
2456033.574675  11.177638 1.000000 
2456033.595109  11.177630 1.000000 
2456033.615543  11.177528 1.000000 
2456033.635978  11.177570 1.000000 
2456033.656412  11.177499 1.000000 
2456033.676846  11.177452 1.000000 
2456033.697281  11.177563 1.000000 
2456033.717715  11.177581 1.000000 
2456033.738150  11.177685 1.000000 
2456033.758584  11.177705 1.000000 
2456033.779018  11.177709 1.000000 
2456033.799453  11.177723 1.000000 
2456033.819887  11.177806 1.000000 
2456033.840322  11.177817 1.000000 
2456033.860756  11.177710 1.000000 
2456033.901625  11.177715 1.000000 
2456033.922059  11.177834 1.000000 
2456033.942494  11.177758 1.000000 
2456033.962928  11.177754 1.000000 
2456033.983362  11.177732 1.000000 
2456034.003797  11.177816 1.000000 
2456034.024231  11.177755 1.000000 
2456034.044666  11.177767 1.000000 
2456034.065100  11.177919 1.000000 
2456034.085534  11.177905 1.000000 
2456034.105969  11.177954 1.000000 
2456034.126403  11.178027 1.000000 
2456034.146838  11.178079 1.000000 
2456034.167272  11.178014 1.000000 
2456034.187706  11.178086 1.000000 
2456034.208141  11.178072 1.000000 
2456034.228575  11.178008 1.000000 
2456034.249010  11.177865 1.000000 
2456034.269444  11.177818 1.000000 
2456034.289878  11.177732 1.000000 
2456034.310313  11.177876 1.000000 
2456034.330747  11.177823 1.000000 
2456034.351182  11.177891 1.000000 
2456034.371616  11.178012 1.000000 
2456034.392050  11.178151 1.000000 
2456034.412485  11.177990 1.000000 
2456034.432919  11.178125 1.000000 
2456034.453354  11.178222 1.000000 
2456034.473788  11.178172 1.000000 
2456034.494222  11.178038 1.000000 
2456034.514657  11.177939 1.000000 
2456034.535091  11.178069 1.000000 
2456034.555526  11.177945 1.000000 
2456034.575960  11.177809 1.000000 
2456034.596395  11.177865 1.000000 
2456034.616829  11.177786 1.000000 
2456034.637263  11.177674 1.000000 
2456034.657698  11.177738 1.000000 
2456034.678132  11.177663 1.000000 
2456034.698567  11.177709 1.000000 
2456034.719001  11.177791 1.000000 
2456034.739435  11.177812 1.000000 
2456034.759870  11.177627 1.000000 
2456034.780304  11.177573 1.000000 
2456034.800738  11.177439 1.000000 
2456034.821173  11.177328 1.000000 
2456034.841607  11.177289 1.000000 
2456034.862042  11.177376 1.000000 
2456034.882476  11.177381 1.000000 
2456034.902911  11.177285 1.000000 
2456034.923345  11.177475 1.000000 
2456034.943779  11.177484 1.000000 
2456034.964214  11.177554 1.000000 
2456034.984648  11.177580 1.000000 
