2455316.908266  11.169149 1.000000 
2455316.928700  11.169106 1.000000 
2455316.949135  11.168962 1.000000 
2455316.969570  11.168785 1.000000 
2455316.990004  11.168733 1.000000 
2455317.010438  11.168488 1.000000 
2455317.030873  11.168270 1.000000 
2455317.051308  11.168337 1.000000 
2455317.071742  11.168342 1.000000 
2455317.092177  11.168075 1.000000 
2455317.112611  11.168145 1.000000 
2455317.133046  11.168186 1.000000 
2455317.153481  11.168114 1.000000 
2455317.173915  11.168110 1.000000 
2455317.194350  11.168119 1.000000 
2455317.214784  11.168318 1.000000 
2455317.235219  11.168413 1.000000 
2455317.255653  11.168501 1.000000 
2455317.276088  11.168694 1.000000 
2455317.296522  11.168896 1.000000 
2455317.316957  11.168865 1.000000 
2455317.337392  11.169032 1.000000 
2455317.357826  11.169028 1.000000 
2455317.378261  11.168999 1.000000 
2455317.398695  11.169052 1.000000 
2455317.419130  11.169063 1.000000 
2455317.439565  11.169171 1.000000 
2455317.459999  11.169381 1.000000 
2455317.480434  11.169445 1.000000 
2455317.500868  11.169543 1.000000 
2455317.521303  11.169636 1.000000 
2455317.541737  11.169743 1.000000 
2455317.562172  11.169853 1.000000 
2455317.582606  11.169960 1.000000 
2455317.603041  11.169981 1.000000 
2455317.623476  11.170216 1.000000 
2455317.643910  11.170229 1.000000 
2455317.664345  11.169958 1.000000 
2455317.684779  11.170064 1.000000 
2455317.705214  11.169830 1.000000 
2455317.725648  11.169832 1.000000 
2455317.746083  11.169638 1.000000 
2455317.766517  11.169550 1.000000 
2455317.786952  11.169539 1.000000 
2455317.807387  11.169420 1.000000 
2455317.827821  11.169338 1.000000 
2455317.848256  11.169371 1.000000 
2455317.868691  11.169390 1.000000 
2455317.889125  11.169621 1.000000 
2455317.909560  11.169567 1.000000 
2455317.929994  11.169487 1.000000 
2455317.950429  11.169386 1.000000 
2455317.970863  11.169306 1.000000 
2455317.991298  11.169193 1.000000 
2455318.011733  11.168984 1.000000 
2455318.032167  11.168978 1.000000 
2455318.052602  11.168943 1.000000 
2455318.073036  11.168924 1.000000 
2455318.093471  11.168846 1.000000 
2455318.113905  11.168711 1.000000 
2455318.134340  11.168703 1.000000 
2455318.154775  11.168524 1.000000 
2455318.175209  11.168714 1.000000 
2455318.195644  11.168691 1.000000 
2455318.216078  11.168695 1.000000 
2455318.236513  11.168535 1.000000 
2455318.256947  11.168666 1.000000 
2455318.277382  11.168653 1.000000 
2455318.297816  11.168587 1.000000 
2455318.318251  11.168662 1.000000 
2455318.338686  11.168580 1.000000 
2455318.359120  11.168643 1.000000 
2455318.379555  11.168643 1.000000 
2455318.399989  11.168789 1.000000 
2455318.420424  11.168685 1.000000 
2455318.440859  11.168623 1.000000 
2455318.461293  11.168723 1.000000 
2455318.481727  11.168637 1.000000 
2455318.502162  11.168647 1.000000 
2455318.522597  11.168700 1.000000 
2455318.543031  11.168739 1.000000 
2455318.563466  11.168828 1.000000 
2455318.583901  11.168747 1.000000 
2455318.604335  11.168732 1.000000 
2455318.624770  11.168775 1.000000 
2455318.645204  11.168991 1.000000 
2455318.665639  11.169190 1.000000 
2455318.686073  11.169343 1.000000 
2455318.706508  11.173596 1.000000 
2455318.726943  11.177689 1.000000 
2455318.747377  11.178513 1.000000 
2455318.767812  11.179042 1.000000 
2455318.788246  11.179665 1.000000 
2455318.808681  11.179653 1.000000 
2455318.829115  11.179811 1.000000 
2455318.849550  11.179751 1.000000 
2455318.869985  11.179531 1.000000 
2455318.890419  11.179323 1.000000 
2455318.910854  11.179121 1.000000 
2455318.931288  11.178856 1.000000 
2455318.951723  11.178226 1.000000 
2455318.972157  11.176613 1.000000 
2455318.992592  11.171242 1.000000 
2455319.013026  11.169699 1.000000 
2455319.033461  11.169466 1.000000 
2455319.053896  11.169414 1.000000 
2455319.074330  11.169396 1.000000 
2455319.094765  11.169403 1.000000 
2455319.115199  11.169348 1.000000 
2455319.135634  11.169372 1.000000 
2455319.156069  11.169254 1.000000 
2455319.176503  11.169224 1.000000 
2455319.196938  11.169224 1.000000 
2455319.217372  11.169319 1.000000 
2455319.237807  11.169260 1.000000 
2455319.258241  11.169119 1.000000 
2455319.278676  11.169102 1.000000 
2455319.299111  11.169137 1.000000 
2455319.319545  11.169263 1.000000 
2455319.339980  11.169067 1.000000 
2455319.360414  11.169254 1.000000 
2455319.380849  11.169125 1.000000 
2455319.401283  11.169190 1.000000 
2455319.421718  11.169181 1.000000 
2455319.442153  11.169132 1.000000 
2455319.462587  11.169111 1.000000 
2455319.483022  11.169005 1.000000 
2455319.503456  11.169053 1.000000 
2455319.523891  11.169028 1.000000 
2455319.544325  11.168888 1.000000 
2455319.809975  11.168892 1.000000 
2455319.830409  11.168940 1.000000 
2455319.850844  11.169035 1.000000 
2455319.871279  11.168975 1.000000 
2455319.891713  11.169057 1.000000 
2455319.912148  11.169088 1.000000 
2455319.932582  11.169061 1.000000 
2455319.953017  11.169072 1.000000 
2455319.973451  11.169101 1.000000 
2455319.993886  11.169205 1.000000 
2455320.014321  11.169356 1.000000 
2455320.034755  11.169305 1.000000 
2455320.075624  11.169424 1.000000 
2455320.096059  11.169550 1.000000 
2455320.116493  11.169601 1.000000 
2455320.136928  11.169725 1.000000 
2455320.157363  11.169763 1.000000 
2455320.177797  11.169734 1.000000 
2455320.198232  11.169672 1.000000 
2455320.218666  11.169659 1.000000 
2455320.239101  11.169582 1.000000 
2455320.259535  11.169365 1.000000 
2455320.279970  11.169247 1.000000 
2455320.300405  11.169174 1.000000 
2455320.320839  11.169219 1.000000 
2455320.341274  11.169144 1.000000 
2455320.361708  11.169185 1.000000 
2455320.382143  11.169472 1.000000 
2455320.402578  11.169559 1.000000 
2455320.423012  11.169415 1.000000 
2455320.443447  11.169367 1.000000 
2455320.463881  11.169216 1.000000 
2455320.484316  11.169290 1.000000 
2455320.504750  11.169337 1.000000 
2455320.525185  11.169256 1.000000 
2455320.545619  11.169235 1.000000 
2455320.566054  11.169258 1.000000 
2455320.586489  11.169449 1.000000 
2455320.606923  11.169471 1.000000 
2455320.627358  11.169561 1.000000 
2455320.647792  11.169559 1.000000 
2455320.668227  11.169491 1.000000 
2455320.688662  11.169449 1.000000 
2455320.709096  11.169413 1.000000 
2455320.729531  11.169394 1.000000 
2455320.749965  11.169390 1.000000 
2455320.770400  11.169273 1.000000 
