2455477.600539  11.176047 1.000000 
2455477.620972  11.176027 1.000000 
2455477.641405  11.176069 1.000000 
2455477.661838  11.176157 1.000000 
2455477.682271  11.176018 1.000000 
2455477.702703  11.175988 1.000000 
2455477.723136  11.175935 1.000000 
2455477.743569  11.175913 1.000000 
2455477.764002  11.175912 1.000000 
2455477.784435  11.175906 1.000000 
2455477.804868  11.175971 1.000000 
2455477.825300  11.176109 1.000000 
2455477.845733  11.176009 1.000000 
2455477.866166  11.176052 1.000000 
2455477.886599  11.176174 1.000000 
2455477.907032  11.176005 1.000000 
2455477.927465  11.175881 1.000000 
2455477.947897  11.175870 1.000000 
2455477.968330  11.175726 1.000000 
2455477.988763  11.175775 1.000000 
2455478.009196  11.175640 1.000000 
2455478.029629  11.175683 1.000000 
2455478.050062  11.175741 1.000000 
2455478.070494  11.175921 1.000000 
2455478.090927  11.175784 1.000000 
2455478.111360  11.175849 1.000000 
2455478.131793  11.175721 1.000000 
2455478.152226  11.175775 1.000000 
2455478.172658  11.175890 1.000000 
2455478.193091  11.175794 1.000000 
2455478.213524  11.175745 1.000000 
2455478.233957  11.175651 1.000000 
2455478.254390  11.175590 1.000000 
2455478.274823  11.175655 1.000000 
2455478.295255  11.175578 1.000000 
2455478.315688  11.175584 1.000000 
2455478.336121  11.175570 1.000000 
2455478.356554  11.175742 1.000000 
2455478.376987  11.175694 1.000000 
2455478.397420  11.175621 1.000000 
2455478.417852  11.175640 1.000000 
2455478.438285  11.175623 1.000000 
2455478.458718  11.175437 1.000000 
2455478.479151  11.175458 1.000000 
2455478.499584  11.175382 1.000000 
2455478.520016  11.175065 1.000000 
2455478.540449  11.175117 1.000000 
2455478.560882  11.175097 1.000000 
2455478.581315  11.174975 1.000000 
2455478.601748  11.174903 1.000000 
2455478.622181  11.175083 1.000000 
2455478.642613  11.175170 1.000000 
2455478.663046  11.175364 1.000000 
2455478.683479  11.175414 1.000000 
2455478.703912  11.175608 1.000000 
2455478.724345  11.175694 1.000000 
2455478.744777  11.175879 1.000000 
2455478.765210  11.175832 1.000000 
2455478.785643  11.175843 1.000000 
2455478.806076  11.175900 1.000000 
2455478.826509  11.175804 1.000000 
2455478.846942  11.175785 1.000000 
2455478.867374  11.175627 1.000000 
2455478.887807  11.175541 1.000000 
2455478.908240  11.175519 1.000000 
2455478.928673  11.175620 1.000000 
2455478.949106  11.175751 1.000000 
2455478.969538  11.175935 1.000000 
2455478.989971  11.175891 1.000000 
2455479.010404  11.175860 1.000000 
2455479.030837  11.175748 1.000000 
2455479.051270  11.175725 1.000000 
2455479.071702  11.175735 1.000000 
2455479.092135  11.175470 1.000000 
2455479.112568  11.175683 1.000000 
2455479.133001  11.175618 1.000000 
2455479.153434  11.175544 1.000000 
2455479.173867  11.175786 1.000000 
2455479.194299  11.175795 1.000000 
2455479.214732  11.175776 1.000000 
2455479.235165  11.175691 1.000000 
2455479.255598  11.175593 1.000000 
2455479.276031  11.175517 1.000000 
2455479.296463  11.175591 1.000000 
2455479.316896  11.175374 1.000000 
2455479.337329  11.175426 1.000000 
2455479.357762  11.175356 1.000000 
2455479.378195  11.175274 1.000000 
2455479.398628  11.177964 1.000000 
2455479.419060  11.182798 1.000000 
2455479.439493  11.183909 1.000000 
2455479.459926  11.184405 1.000000 
2455479.480359  11.184702 1.000000 
2455479.500791  11.184894 1.000000 
2455479.521224  11.185014 1.000000 
2455479.541657  11.184996 1.000000 
2455479.562090  11.184781 1.000000 
2455479.582523  11.184684 1.000000 
2455479.602955  11.184325 1.000000 
2455479.623388  11.183963 1.000000 
2455479.643821  11.183390 1.000000 
2455479.664254  11.182306 1.000000 
2455479.684687  11.177556 1.000000 
2455479.705120  11.174928 1.000000 
2455479.725552  11.174969 1.000000 
2455479.745985  11.174988 1.000000 
2455479.766418  11.175127 1.000000 
2455479.786851  11.175131 1.000000 
2455479.807284  11.175079 1.000000 
2455479.827716  11.175093 1.000000 
2455479.848149  11.174974 1.000000 
2455479.868582  11.175113 1.000000 
2455479.889015  11.174819 1.000000 
2455479.909448  11.174827 1.000000 
2455479.929880  11.174855 1.000000 
2455479.950313  11.174997 1.000000 
2455479.970746  11.174933 1.000000 
2455479.991179  11.175189 1.000000 
2455480.011612  11.175322 1.000000 
2455480.032045  11.175289 1.000000 
2455480.052477  11.175344 1.000000 
2455480.072910  11.175334 1.000000 
2455480.093343  11.175459 1.000000 
2455480.113776  11.175445 1.000000 
2455480.134208  11.175303 1.000000 
2455480.175074  11.174991 1.000000 
2455480.195507  11.174947 1.000000 
2455480.215940  11.175204 1.000000 
2455480.236372  11.175313 1.000000 
2455480.256805  11.175467 1.000000 
2455480.277238  11.175594 1.000000 
2455480.297671  11.175641 1.000000 
2455480.318104  11.175594 1.000000 
2455480.338536  11.175599 1.000000 
2455480.358969  11.175602 1.000000 
2455480.379402  11.175492 1.000000 
2455480.399835  11.175401 1.000000 
2455480.420268  11.175303 1.000000 
2455480.440700  11.175218 1.000000 
2455480.461133  11.175002 1.000000 
2455480.481566  11.174932 1.000000 
2455480.501999  11.174901 1.000000 
2455480.522432  11.174880 1.000000 
2455480.542865  11.174782 1.000000 
2455480.563297  11.174793 1.000000 
2455480.583730  11.174829 1.000000 
2455480.604163  11.174907 1.000000 
2455480.624596  11.174998 1.000000 
2455480.645028  11.175145 1.000000 
2455480.665461  11.175165 1.000000 
2455480.685894  11.175202 1.000000 
2455480.706327  11.175147 1.000000 
2455480.726760  11.174956 1.000000 
2455480.747192  11.175097 1.000000 
2455480.767625  11.174941 1.000000 
2455480.788058  11.174912 1.000000 
2455480.808491  11.174911 1.000000 
2455480.828924  11.174784 1.000000 
2455480.849356  11.174890 1.000000 
2455480.869789  11.174842 1.000000 
2455480.890222  11.174858 1.000000 
2455480.910655  11.174730 1.000000 
2455480.931087  11.174811 1.000000 
2455480.951520  11.174697 1.000000 
2455480.971953  11.174714 1.000000 
2455480.992386  11.174781 1.000000 
2455481.012819  11.174746 1.000000 
2455481.033251  11.174706 1.000000 
2455481.053684  11.174734 1.000000 
2455481.074117  11.174737 1.000000 
2455481.094550  11.174744 1.000000 
2455481.114983  11.174636 1.000000 
2455481.135416  11.174487 1.000000 
2455481.155848  11.174521 1.000000 
2455481.176281  11.174470 1.000000 
2455481.196714  11.174383 1.000000 
2455481.217147  11.174439 1.000000 
2455481.237579  11.174574 1.000000 
2455481.258012  11.174815 1.000000 
2455481.278445  11.174947 1.000000 
2455481.298878  11.175017 1.000000 
2455481.319310  11.174994 1.000000 
2455481.339743  11.175097 1.000000 
2455481.360176  11.174884 1.000000 
2455481.380609  11.174916 1.000000 
2455481.401042  11.174870 1.000000 
2455481.421475  11.174749 1.000000 
2455481.462340  11.174693 1.000000 
2455481.482773  11.174500 1.000000 
