2455027.959902  11.224220 1.000000 
2455027.980336  11.224177 1.000000 
2455028.000770  11.224213 1.000000 
2455028.021204  11.224230 1.000000 
2455028.041638  11.224159 1.000000 
2455028.062072  11.224304 1.000000 
2455028.082505  11.224259 1.000000 
2455028.102939  11.224205 1.000000 
2455028.123373  11.224243 1.000000 
2455028.143807  11.224221 1.000000 
2455028.164241  11.224193 1.000000 
2455028.184675  11.224282 1.000000 
2455028.205109  11.224188 1.000000 
2455028.225542  11.224234 1.000000 
2455028.245976  11.224146 1.000000 
2455028.266410  11.224213 1.000000 
2455028.286844  11.224133 1.000000 
2455028.307278  11.224136 1.000000 
2455028.327712  11.224187 1.000000 
2455028.348145  11.224209 1.000000 
2455028.368579  11.224194 1.000000 
2455028.389013  11.224076 1.000000 
2455028.409447  11.224126 1.000000 
2455028.429881  11.224115 1.000000 
2455028.450315  11.224152 1.000000 
2455028.470748  11.224180 1.000000 
2455028.491182  11.224251 1.000000 
2455028.511616  11.224172 1.000000 
2455028.532050  11.224141 1.000000 
2455028.552484  11.224215 1.000000 
2455028.572918  11.224223 1.000000 
2455028.593352  11.224098 1.000000 
2455028.613785  11.224086 1.000000 
2455028.634219  11.224087 1.000000 
2455028.654653  11.224150 1.000000 
2455028.675087  11.224131 1.000000 
2455028.695521  11.224096 1.000000 
2455028.715955  11.224185 1.000000 
2455028.736388  11.224168 1.000000 
2455028.756822  11.224065 1.000000 
2455028.777256  11.224177 1.000000 
2455028.797690  11.224152 1.000000 
2455028.818124  11.224178 1.000000 
2455028.838558  11.224149 1.000000 
2455028.858991  11.224135 1.000000 
2455028.879425  11.224119 1.000000 
2455028.899859  11.224155 1.000000 
2455028.920293  11.224140 1.000000 
2455028.940727  11.224171 1.000000 
2455028.961161  11.224110 1.000000 
2455028.981594  11.224150 1.000000 
2455029.002028  11.224142 1.000000 
2455029.022462  11.224084 1.000000 
2455029.042896  11.224185 1.000000 
2455029.063330  11.224102 1.000000 
2455029.083763  11.224197 1.000000 
2455029.104197  11.224089 1.000000 
2455029.124631  11.224034 1.000000 
2455029.145065  11.224154 1.000000 
2455029.165499  11.224066 1.000000 
2455029.185932  11.224129 1.000000 
2455029.206366  11.224189 1.000000 
2455029.226800  11.224087 1.000000 
2455029.247234  11.224147 1.000000 
2455029.267668  11.224037 1.000000 
2455029.288102  11.224119 1.000000 
2455029.308535  11.224109 1.000000 
2455029.328969  11.224009 1.000000 
2455029.349403  11.224087 1.000000 
2455029.369837  11.224088 1.000000 
2455029.390271  11.224098 1.000000 
2455029.410705  11.224044 1.000000 
2455029.431138  11.224006 1.000000 
2455029.451572  11.224171 1.000000 
2455029.472006  11.224015 1.000000 
2455029.492440  11.224078 1.000000 
2455029.512874  11.224097 1.000000 
2455029.533308  11.224143 1.000000 
2455029.553741  11.224094 1.000000 
2455029.574175  11.224024 1.000000 
2455029.594609  11.224070 1.000000 
2455029.615043  11.224093 1.000000 
2455029.635477  11.224036 1.000000 
2455029.655910  11.224074 1.000000 
2455029.676344  11.224157 1.000000 
2455029.696778  11.224006 1.000000 
2455029.717212  11.223991 1.000000 
2455029.737646  11.224143 1.000000 
2455029.758079  11.224086 1.000000 
2455029.778513  11.224078 1.000000 
2455029.798947  11.224026 1.000000 
2455029.819381  11.224068 1.000000 
2455029.839815  11.224033 1.000000 
2455029.860249  11.224040 1.000000 
2455029.880682  11.224040 1.000000 
2455029.901116  11.224136 1.000000 
2455029.921550  11.223951 1.000000 
2455029.941984  11.224050 1.000000 
2455029.962418  11.223986 1.000000 
2455029.982852  11.223944 1.000000 
2455030.023719  11.224068 1.000000 
2455030.044153  11.224047 1.000000 
2455030.064587  11.224053 1.000000 
2455030.085021  11.224051 1.000000 
2455030.105454  11.225074 1.000000 
2455030.125888  11.226826 1.000000 
2455030.146322  11.228820 1.000000 
2455030.166756  11.230400 1.000000 
2455030.187190  11.231042 1.000000 
2455030.207623  11.231200 1.000000 
2455030.228057  11.231496 1.000000 
2455030.248491  11.231645 1.000000 
2455030.268925  11.231767 1.000000 
2455030.289359  11.231772 1.000000 
2455030.309792  11.231872 1.000000 
2455030.330226  11.231954 1.000000 
2455030.350660  11.231885 1.000000 
2455030.371094  11.231901 1.000000 
2455030.391528  11.231946 1.000000 
2455030.411962  11.231861 1.000000 
2455030.432395  11.231791 1.000000 
2455030.452829  11.231749 1.000000 
2455030.473263  11.231619 1.000000 
2455030.493697  11.231482 1.000000 
2455030.514131  11.231239 1.000000 
2455030.534564  11.230942 1.000000 
2455030.554998  11.230650 1.000000 
2455030.575432  11.229514 1.000000 
2455030.595866  11.227574 1.000000 
2455030.616300  11.225619 1.000000 
2455030.636733  11.224097 1.000000 
2455030.657167  11.223928 1.000000 
2455030.677601  11.224022 1.000000 
2455030.698035  11.223938 1.000000 
2455030.718469  11.223895 1.000000 
2455030.738902  11.223968 1.000000 
2455030.759336  11.223973 1.000000 
2455030.779770  11.223926 1.000000 
2455030.800204  11.223924 1.000000 
2455030.820638  11.223972 1.000000 
2455030.841071  11.223996 1.000000 
2455030.861505  11.223900 1.000000 
2455030.881939  11.223883 1.000000 
2455030.902373  11.223933 1.000000 
2455030.922807  11.223904 1.000000 
2455030.943241  11.223816 1.000000 
2455030.963674  11.224053 1.000000 
2455030.984108  11.223886 1.000000 
2455031.004542  11.223871 1.000000 
2455031.024976  11.223922 1.000000 
2455031.045410  11.223967 1.000000 
2455031.065843  11.223920 1.000000 
2455031.086277  11.223897 1.000000 
2455031.106711  11.223984 1.000000 
2455031.127145  11.223869 1.000000 
2455031.147579  11.223873 1.000000 
2455031.168012  11.223960 1.000000 
2455031.188446  11.223885 1.000000 
2455031.208880  11.224008 1.000000 
2455031.229314  11.223925 1.000000 
2455031.249747  11.223922 1.000000 
2455031.270181  11.223948 1.000000 
2455031.290615  11.223842 1.000000 
2455031.311049  11.223920 1.000000 
2455031.331483  11.223916 1.000000 
2455031.351916  11.223876 1.000000 
2455031.372350  11.223877 1.000000 
2455031.392784  11.223842 1.000000 
2455031.413218  11.223857 1.000000 
2455031.433652  11.223854 1.000000 
2455031.454085  11.223874 1.000000 
2455031.474519  11.223852 1.000000 
2455031.494953  11.223931 1.000000 
2455031.515387  11.223889 1.000000 
2455031.535820  11.223794 1.000000 
2455031.556254  11.223836 1.000000 
2455031.576688  11.223866 1.000000 
2455031.597122  11.223824 1.000000 
2455031.617556  11.223882 1.000000 
2455031.637990  11.223912 1.000000 
2455031.658423  11.223826 1.000000 
2455031.678857  11.223776 1.000000 
2455031.699291  11.223891 1.000000 
2455031.719725  11.223876 1.000000 
2455031.740159  11.223887 1.000000 
2455031.760592  11.223767 1.000000 
2455031.781026  11.223887 1.000000 
2455031.801460  11.223910 1.000000 
2455031.821894  11.223821 1.000000 
2455031.842327  11.223839 1.000000 
2455031.862761  11.223850 1.000000 
2455031.883195  11.223824 1.000000 
2455031.903629  11.223778 1.000000 
2455031.924063  11.223803 1.000000 
2455031.944496  11.223790 1.000000 
2455031.964930  11.223826 1.000000 
2455031.985364  11.223872 1.000000 
2455032.005798  11.223907 1.000000 
2455032.026231  11.223855 1.000000 
2455032.046665  11.223779 1.000000 
2455032.067099  11.223828 1.000000 
2455032.087533  11.223902 1.000000 
2455032.107967  11.223720 1.000000 
2455032.128400  11.223830 1.000000 
2455032.148834  11.223885 1.000000 
2455032.169268  11.223766 1.000000 
2455032.189702  11.223778 1.000000 
2455032.210136  11.223883 1.000000 
2455032.230569  11.223781 1.000000 
2455032.251003  11.223839 1.000000 
2455032.271437  11.223743 1.000000 
2455032.291871  11.223851 1.000000 
2455032.312305  11.223791 1.000000 
2455032.332738  11.223733 1.000000 
2455032.353172  11.223762 1.000000 
2455032.373606  11.223679 1.000000 
2455032.394040  11.223769 1.000000 
2455032.414473  11.223810 1.000000 
2455032.434907  11.223759 1.000000 
2455032.455341  11.223780 1.000000 
2455032.475775  11.223808 1.000000 
2455032.496209  11.223833 1.000000 
2455032.516642  11.223735 1.000000 
2455032.537076  11.223774 1.000000 
2455032.557510  11.223753 1.000000 
2455032.577944  11.223795 1.000000 
2455032.598377  11.223774 1.000000 
2455032.618811  11.223743 1.000000 
2455032.639245  11.223816 1.000000 
2455032.659679  11.223698 1.000000 
2455032.680113  11.223692 1.000000 
2455032.700546  11.223782 1.000000 
2455032.720980  11.223814 1.000000 
2455032.741414  11.223786 1.000000 
2455032.761848  11.223720 1.000000 
2455032.782281  11.223750 1.000000 
