1005.747555  12.747117
1005.767989  12.747158
1005.788423  12.747155
1005.808857  12.746956
1005.829291  12.747038
1005.849726  12.746968
1005.870160  12.747136
1005.890594  12.747140
1005.911028  12.747203
1005.931462  12.747030
1005.951896  12.747090
1005.972330  12.747174
1005.992764  12.747133
1006.013198  12.747356
1006.033632  12.747182
1006.054066  12.747140
1006.074500  12.747080
1006.094934  12.747210
1006.115368  12.747077
1006.135803  12.747073
1006.176671  12.747067
1006.197105  12.746933
1006.217539  12.747248
1006.237973  12.747096
1006.258407  12.747197
1006.278841  12.747217
1006.299275  12.747214
1006.319709  12.747019
1006.340143  12.747213
1006.360577  12.747108
1006.381011  12.747325
1006.401445  12.746971
1006.421880  12.747111
1006.442313  12.746857
1006.462748  12.746932
1006.483182  12.747140
1006.503616  12.747303
1006.524050  12.747132
1006.544484  12.747240
1006.564918  12.747137
1006.585352  12.746877
1006.605786  12.746928
1006.626220  12.747222
1006.646654  12.747364
1006.667088  12.747043
1006.687522  12.747142
1006.707956  12.747148
1006.728390  12.747205
1006.748824  12.747216
1006.769259  12.747337
1006.789693  12.747029
1006.810127  12.747157
1006.830561  12.747097
1006.850995  12.747228
1006.871429  12.746986
1006.891863  12.747296
1006.912297  12.747375
1006.932731  12.746932
1006.953165  12.747063
1006.973599  12.746955
1006.994033  12.747137
1007.014467  12.746928
1007.034901  12.747087
1007.055335  12.746972
1007.075769  12.747044
1007.096203  12.747287
1007.116638  12.747220
1007.137072  12.746962
1007.157506  12.746950
1007.177940  12.746928
1007.198374  12.747035
1007.218808  12.746997
1007.239242  12.747674
1007.259676  12.746988
1007.280110  12.747241
1007.300544  12.747047
1007.320978  12.747143
1007.341412  12.747032
1007.361846  12.746979
1007.382280  12.747041
1007.402714  12.747162
1007.423148  12.747151
1007.443582  12.746743
1007.464017  12.747215
1007.484451  12.747081
1007.504885  12.747053
1007.525319  12.747150
1007.545753  12.747201
1007.566187  12.746998
1007.586621  12.747138
1007.607055  12.747116
1007.627489  12.746944
1007.647923  12.746992
1007.668357  12.747232
1007.688791  12.747029
1007.709225  12.747086
1007.729659  12.747107
1007.750093  12.747332
1007.770527  12.747220
1007.790961  12.747165
1007.811396  12.747078
1007.831829  12.747255
1007.852264  12.747297
1007.872698  12.747201
1007.893132  12.747144
1007.913566  12.747246
1007.934000  12.747193
1007.954434  12.747173
1007.974868  12.747197
1007.995302  12.747106
1008.015736  12.747175
1008.036170  12.747427
1008.056604  12.747367
1008.077038  12.747127
1008.097472  12.747287
1008.117906  12.747071
1008.138340  12.747190
1008.158774  12.747126
1008.179208  12.747083
1008.199643  12.746959
1008.220076  12.747004
1008.240511  12.747043
1008.260945  12.747225
1008.281379  12.747120
1008.301813  12.747072
1008.322247  12.747206
1008.342681  12.747009
1008.363115  12.746741
1008.383549  12.747049
1008.403983  12.747047
1008.424417  12.746992
1008.444851  12.747043
1008.465285  12.746998
1008.485719  12.746814
1008.506153  12.747161
1008.526587  12.747034
1008.547021  12.747029
1008.567455  12.747168
1008.587889  12.747128
1008.608323  12.747316
1008.628757  12.747295
1008.649192  12.747067
1008.669625  12.747323
1008.690060  12.747160
1008.710494  12.747070
1008.730928  12.746912
1008.751362  12.747071
1008.771796  12.747090
1008.792230  12.747044
1008.812664  12.747214
1008.833098  12.747210
1008.853532  12.747242
1008.873966  12.746909
1008.894400  12.747096
1008.914834  12.747206
1008.935268  12.747181
1008.955702  12.747122
1008.976136  12.746870
1008.996570  12.747082
1009.017004  12.747070
1009.037438  12.747127
1009.057872  12.747156
1009.078306  12.747212
1009.098740  12.746970
1009.119174  12.747140
1009.160043  12.747105
1009.180477  12.747011
1009.200911  12.747204
1009.221345  12.747166
1009.241779  12.747143
1009.262213  12.747199
1009.282647  12.747378
1009.303081  12.747078
1009.323515  12.747179
1009.343949  12.747319
1009.364383  12.746987
1009.384817  12.747042
1009.405251  12.747188
1009.425685  12.747154
1009.446119  12.747082
1009.466553  12.746972
1009.486987  12.747119
1009.507421  12.747268
1009.527855  12.747206
1009.548289  12.747267
1009.568723  12.747133
1009.589157  12.746934
1009.609591  12.747155
1009.630026  12.747104
1009.650459  12.747046
1009.670894  12.747080
1009.691328  12.747235
1009.711762  12.747072
1009.732196  12.747116
1009.752630  12.747399
1009.773064  12.747143
1009.793498  12.746918
1009.813932  12.746983
1009.834366  12.747175
1009.854800  12.747104
1009.875234  12.747422
1009.895668  12.747114
1009.916102  12.747042
1009.936536  12.746951
1009.956970  12.746961
1009.977404  12.747268
1009.997838  12.747174
1010.018272  12.746881
1010.038706  12.747053
1010.059140  12.747099
1010.079574  12.747057
1010.100008  12.747194
1010.120442  12.747047
1010.140876  12.747105
1010.161310  12.747256
1010.181744  12.746929
1010.202178  12.747114
1010.222612  12.747066
1010.243046  12.747064
1010.263480  12.747157
1010.283914  12.747186
1010.304349  12.747206
1010.324783  12.747134
1010.345217  12.747101
1010.365651  12.747419
1010.386085  12.748173
1010.406519  12.748357
1010.426953  12.748536
1010.447387  12.748752
1010.467821  12.748687
1010.488255  12.748932
1010.508689  12.748992
1010.529123  12.748827
1010.549557  12.748993
1010.569991  12.749160
1010.590425  12.749080
1010.610859  12.749181
1010.631293  12.749059
1010.651727  12.749134
1010.672161  12.749311
1010.692595  12.749164
1010.713029  12.748989
1010.733463  12.749306
1010.753897  12.749122
1010.774331  12.749223
1010.794765  12.749117
1010.815199  12.749267
1010.835633  12.749266
1010.856067  12.749233
1010.876501  12.749391
1010.896935  12.749239
1010.917369  12.749228
1010.937803  12.749468
1010.958237  12.749251
1010.978671  12.749282
1010.999105  12.749122
1011.019539  12.749242
1011.039974  12.749126
1011.060408  12.749047
1011.080842  12.749329
1011.101276  12.749129
1011.121710  12.748973
1011.142144  12.749110
1011.162578  12.749001
1011.183012  12.748983
1011.203446  12.749025
1011.223880  12.748712
1011.244314  12.748649
1011.264748  12.748640
1011.285182  12.748722
1011.305616  12.748130
1011.326050  12.747692
1011.346484  12.747215
1011.366918  12.747234
1011.387352  12.747046
1011.407786  12.747255
1011.428220  12.747249
1011.448654  12.747137
1011.469088  12.747029
1011.489522  12.747265
1011.509956  12.747136
1011.530390  12.746839
1011.550824  12.746856
1011.571258  12.747100
1011.591692  12.747086
1011.612126  12.747244
1011.632560  12.747251
1011.652994  12.747371
1011.673428  12.747092
1011.693862  12.747065
1011.714296  12.747165
1011.734730  12.747034
1011.755164  12.747106
1011.775598  12.746982
1011.796032  12.747168
1011.816466  12.747021
1011.836900  12.747088
1011.857334  12.747091
1011.877768  12.747040
1011.898202  12.747187
1011.918636  12.747021
1011.939070  12.747245
1011.959504  12.747228
1011.979938  12.747211
1012.000372  12.747028
1012.020806  12.747012
1012.041240  12.747025
1012.061674  12.747002
1012.082109  12.747241
1012.122976  12.747128
1012.143411  12.747204
1012.163845  12.747094
1012.184278  12.747073
1012.204713  12.747104
1012.225147  12.747174
1012.245581  12.747097
1012.266015  12.747171
1012.286449  12.747165
1012.306883  12.747081
1012.327317  12.747127
1012.347751  12.747215
1012.368185  12.747113
1012.388619  12.747145
1012.409053  12.747072
1012.429487  12.747163
1012.449921  12.747118
1012.470355  12.747166
1012.490789  12.747184
1012.511223  12.746964
1012.531657  12.747210
1012.552091  12.747119
1012.572525  12.747018
1012.592959  12.747124
1012.613393  12.747127
1012.633827  12.746985
1012.654261  12.747163
1012.674695  12.747079
1012.695129  12.747070
1012.715563  12.747077
1012.735997  12.747219
1012.756431  12.747116
1012.776865  12.746996
1012.797299  12.747195
1012.817733  12.747216
1012.838167  12.747219
1012.858601  12.747045
1012.879035  12.747076
1012.899469  12.746986
1012.919903  12.747223
1012.940337  12.747167
1012.960771  12.746901
1012.981205  12.746960
1013.001639  12.747366
1013.022073  12.747058
1013.042507  12.746934
1013.062941  12.747171
1013.083375  12.747085
1013.103809  12.746984
1013.124243  12.747138
1013.144677  12.747063
1013.165111  12.747176
1013.185545  12.747398
1013.205979  12.747292
1013.226413  12.747200
1013.246847  12.747043
1013.267281  12.747153
1013.287715  12.747036
1013.308149  12.747075
1013.328583  12.747007
1013.349017  12.747072
1013.369451  12.747095
1013.389885  12.747139
1013.410319  12.747010
1013.430753  12.747147
1013.451187  12.747215
1013.471621  12.747201
1013.492055  12.747102
1013.512489  12.748203
1013.532923  12.747053
1013.553357  12.746957
1013.573791  12.747030
1013.594225  12.746908
1013.614659  12.747657
1013.635093  12.746880
1013.655527  12.747121
1013.675961  12.747062
1013.696395  12.746851
1013.716829  12.746995
1013.737263  12.746978
1013.757697  12.746856
1013.778131  12.747031
1013.798565  12.747103
1013.818999  12.747009
1013.839433  12.747007
1013.859867  12.747129
1013.880301  12.747207
1013.900735  12.747086
1013.921169  12.747223
1013.941603  12.747133
1013.962037  12.747057
1013.982471  12.747093
1014.002905  12.746985
1014.023339  12.747050
1014.043773  12.747197
1014.064207  12.747316
1014.084641  12.746941
1014.105075  12.747224
1014.125509  12.747367
1014.145943  12.747079
1014.166377  12.747086
1014.186811  12.746961
1014.207245  12.747257
1014.227679  12.747280
1014.248113  12.747053
1014.268547  12.747256
1014.288981  12.746994
1014.309415  12.747299
1014.329849  12.747097
1014.350283  12.747080
1014.370717  12.747100
1014.391151  12.747133
1014.411585  12.747162
1014.432019  12.747154
1014.452453  12.747044
1014.472887  12.747167
1014.493321  12.747034
1014.513755  12.747025
