1109.672717  13.489759 1.000000 
1109.693150  13.489845 1.000000 
1109.713583  13.489711 1.000000 
1109.734016  13.489839 1.000000 
1109.754448  13.489663 1.000000 
1109.774881  13.490156 1.000000 
1109.795314  13.489959 1.000000 
1109.815747  13.489869 1.000000 
1109.836180  13.489934 1.000000 
1109.856613  13.489720 1.000000 
1109.877046  13.489887 1.000000 
1109.897479  13.490098 1.000000 
1109.917911  13.489811 1.000000 
1109.938344  13.490120 1.000000 
1109.958777  13.489862 1.000000 
1109.979210  13.490017 1.000000 
1109.999643  13.489887 1.000000 
1110.020076  13.490017 1.000000 
1110.040509  13.489981 1.000000 
1110.060942  13.490106 1.000000 
1110.081374  13.489797 1.000000 
1110.101807  13.489902 1.000000 
1110.122240  13.490012 1.000000 
1110.142673  13.490036 1.000000 
1110.163106  13.489715 1.000000 
1110.183539  13.489844 1.000000 
1110.203972  13.490102 1.000000 
1110.224405  13.489988 1.000000 
1110.244837  13.490034 1.000000 
1110.265270  13.490117 1.000000 
1110.285703  13.490030 1.000000 
1110.306136  13.489735 1.000000 
1110.326569  13.490175 1.000000 
1110.347002  13.489363 1.000000 
1110.367435  13.489985 1.000000 
1110.387868  13.490144 1.000000 
1110.408300  13.490047 1.000000 
1110.428733  13.490315 1.000000 
1110.449166  13.490064 1.000000 
1110.469599  13.490055 1.000000 
1110.490032  13.489841 1.000000 
1110.510465  13.490095 1.000000 
1110.530898  13.490036 1.000000 
1110.551331  13.489908 1.000000 
1110.571764  13.490194 1.000000 
1110.592196  13.490149 1.000000 
1110.612629  13.490023 1.000000 
1110.633062  13.489988 1.000000 
1110.653495  13.490145 1.000000 
1110.673928  13.489985 1.000000 
1110.694361  13.490016 1.000000 
1110.714794  13.489902 1.000000 
1110.735226  13.490154 1.000000 
1110.755659  13.490048 1.000000 
1110.776092  13.490201 1.000000 
1110.796525  13.490370 1.000000 
1110.816958  13.489979 1.000000 
1110.837391  13.489991 1.000000 
1110.857824  13.489887 1.000000 
1110.878256  13.489759 1.000000 
1110.898689  13.490101 1.000000 
1110.919122  13.489880 1.000000 
1110.939555  13.490139 1.000000 
1110.959988  13.489883 1.000000 
1110.980421  13.489904 1.000000 
1111.000854  13.490114 1.000000 
1111.021287  13.490158 1.000000 
1111.041719  13.490053 1.000000 
1111.062152  13.489936 1.000000 
1111.082585  13.489679 1.000000 
1111.103018  13.490020 1.000000 
1111.123451  13.490140 1.000000 
1111.143884  13.490320 1.000000 
1111.164317  13.490159 1.000000 
1111.184749  13.490038 1.000000 
1111.205182  13.490203 1.000000 
1111.225615  13.490420 1.000000 
1111.246048  13.489978 1.000000 
1111.266481  13.490145 1.000000 
1111.286914  13.489935 1.000000 
1111.307347  13.490086 1.000000 
1111.327779  13.490139 1.000000 
1111.348212  13.490276 1.000000 
1111.368645  13.490355 1.000000 
1111.389078  13.490154 1.000000 
1111.409511  13.490226 1.000000 
1111.429944  13.490182 1.000000 
1111.450377  13.490144 1.000000 
1111.470809  13.490341 1.000000 
1111.491242  13.490301 1.000000 
1111.511675  13.490110 1.000000 
1111.532108  13.490283 1.000000 
1111.552541  13.490250 1.000000 
1111.572974  13.490467 1.000000 
1111.593407  13.490479 1.000000 
1111.613840  13.490133 1.000000 
1111.634273  13.489349 1.000000 
1111.654705  13.490344 1.000000 
1111.675138  13.490429 1.000000 
1111.695571  13.490114 1.000000 
1111.716004  13.490163 1.000000 
1111.736437  13.490058 1.000000 
1111.756870  13.490159 1.000000 
1111.777303  13.490171 1.000000 
1111.797735  13.490162 1.000000 
1111.818168  13.490156 1.000000 
1111.838601  13.490473 1.000000 
1111.859034  13.490290 1.000000 
1111.879467  13.490463 1.000000 
1111.899900  13.490059 1.000000 
1111.920333  13.490395 1.000000 
1111.940765  13.490307 1.000000 
1111.961198  13.490054 1.000000 
1111.981631  13.490253 1.000000 
1112.002064  13.490451 1.000000 
1112.022497  13.490093 1.000000 
1112.042930  13.490507 1.000000 
1112.063363  13.490325 1.000000 
1112.083795  13.490298 1.000000 
1112.104228  13.490325 1.000000 
1112.124661  13.490583 1.000000 
1112.145094  13.491301 1.000000 
1112.165527  13.493271 1.000000 
1112.185960  13.494339 1.000000 
1112.206392  13.494622 1.000000 
1112.226825  13.495291 1.000000 
1112.247258  13.495258 1.000000 
1112.267691  13.495503 1.000000 
1112.288124  13.495535 1.000000 
1112.308557  13.495420 1.000000 
1112.328990  13.495602 1.000000 
1112.369855  13.495495 1.000000 
1112.390288  13.495564 1.000000 
1112.410721  13.495359 1.000000 
1112.431154  13.495363 1.000000 
1112.451587  13.495074 1.000000 
1112.472020  13.494633 1.000000 
1112.492452  13.494170 1.000000 
1112.512885  13.492594 1.000000 
1112.533318  13.490889 1.000000 
1112.553751  13.490557 1.000000 
1112.574184  13.490160 1.000000 
1112.594617  13.490116 1.000000 
1112.615050  13.490587 1.000000 
1112.635482  13.490374 1.000000 
1112.655915  13.490230 1.000000 
1112.676348  13.490537 1.000000 
1112.696781  13.490432 1.000000 
1112.717214  13.490086 1.000000 
1112.737647  13.490289 1.000000 
1112.758080  13.490541 1.000000 
1112.778512  13.490563 1.000000 
1112.798945  13.490079 1.000000 
1112.819378  13.490258 1.000000 
1112.839811  13.490502 1.000000 
1112.860244  13.490438 1.000000 
1112.880677  13.490208 1.000000 
1112.901110  13.490499 1.000000 
1112.921542  13.490226 1.000000 
1112.941975  13.490320 1.000000 
1112.962408  13.490042 1.000000 
1112.982841  13.490574 1.000000 
1113.003274  13.490273 1.000000 
1113.023707  13.490442 1.000000 
1113.044139  13.490313 1.000000 
1114.351842  13.490595 1.000000 
1114.372274  13.490501 1.000000 
1114.392707  13.490543 1.000000 
1114.413140  13.490497 1.000000 
1114.433573  13.490873 1.000000 
1114.454006  13.490633 1.000000 
1114.474438  13.490858 1.000000 
1114.494871  13.490711 1.000000 
1114.515304  13.490667 1.000000 
1114.535737  13.490573 1.000000 
1114.556170  13.490652 1.000000 
1114.576603  13.490686 1.000000 
1114.597036  13.490616 1.000000 
1114.617468  13.490444 1.000000 
1114.637901  13.490629 1.000000 
1114.658334  13.490746 1.000000 
1114.678767  13.490337 1.000000 
1114.699200  13.490525 1.000000 
1114.719633  13.490335 1.000000 
1114.740065  13.490610 1.000000 
1114.760498  13.490603 1.000000 
1114.780931  13.490942 1.000000 
1114.801364  13.490370 1.000000 
1114.821797  13.490654 1.000000 
1114.842230  13.490531 1.000000 
1114.862662  13.490414 1.000000 
