1093.244018  13.394855
1093.264451  13.394398
1093.284884  13.394512
1093.305317  13.394397
1093.325750  13.394795
1093.346183  13.394629
1093.366617  13.394905
1093.387050  13.394722
1093.407483  13.394673
1093.427916  13.394821
1093.448349  13.394804
1093.468782  13.394822
1093.489215  13.394757
1093.509648  13.394918
1093.530081  13.394963
1093.550514  13.394877
1093.570947  13.394852
1093.591381  13.394862
1093.611814  13.394787
1093.632247  13.394799
1093.652680  13.394844
1093.673113  13.394777
1093.693546  13.394755
1093.713979  13.394740
1093.734412  13.394953
1093.754845  13.394811
1093.775278  13.394714
1093.795711  13.394888
1093.816144  13.394845
1093.836577  13.394836
1093.857011  13.394952
1093.877444  13.394875
1093.897877  13.394896
1093.918310  13.394281
1093.938743  13.394752
1093.959176  13.394762
1093.979609  13.394784
1094.000042  13.394764
1094.020475  13.395130
1094.040908  13.394586
1094.061341  13.394935
1094.081774  13.395071
1094.102207  13.394959
1094.122641  13.395061
1094.143074  13.394784
1094.163507  13.394505
1094.183940  13.394859
1094.204373  13.394834
1094.224806  13.394920
1094.245239  13.395114
1094.265672  13.395102
1094.286105  13.394850
1094.306538  13.394818
1094.326971  13.395023
1094.347404  13.394866
1094.367838  13.395080
1094.388271  13.394922
1094.408704  13.394868
1094.429137  13.394910
1094.449570  13.394909
1094.490436  13.394865
1094.510869  13.394855
1094.531302  13.394936
1094.551735  13.394928
1094.572168  13.394885
1094.592601  13.395055
1094.613034  13.394965
1094.633468  13.394867
1094.653901  13.394745
1094.674334  13.394869
1094.694767  13.394699
1094.715200  13.394836
1094.735633  13.394738
1094.756066  13.395016
1094.776499  13.394772
1094.796932  13.394725
1094.817365  13.394789
1094.837798  13.394937
1094.858231  13.394864
1094.878664  13.394631
1094.899097  13.394952
1094.919531  13.394958
1094.939964  13.394656
1094.960397  13.394624
1094.980830  13.394930
1095.001263  13.394940
1095.021696  13.394898
1095.042129  13.395029
1095.062562  13.395019
1095.082995  13.394890
1095.103428  13.394826
1095.123861  13.394732
1095.144294  13.394947
1095.164727  13.395013
1095.185160  13.394780
1095.205594  13.394760
1095.226027  13.394936
1095.246460  13.394452
1095.266893  13.394970
1095.287326  13.394878
1095.307759  13.394936
1095.328192  13.394353
1095.348625  13.394779
1095.369058  13.394850
1095.389491  13.394982
1095.409924  13.394945
1095.430357  13.394745
1095.450790  13.394648
1095.471223  13.394877
1095.491656  13.394884
1095.512089  13.394857
1095.532522  13.395101
1095.552956  13.395115
1095.573389  13.394719
1095.593822  13.394741
1095.614255  13.394734
1095.634688  13.395000
1095.655121  13.394887
1095.675554  13.394686
1095.695987  13.394987
1095.716420  13.394789
1095.736853  13.394442
1095.757286  13.394937
1095.777719  13.394792
1095.798152  13.394752
1095.818586  13.394976
1095.839019  13.395138
1095.859452  13.395053
1095.879885  13.394795
1095.900318  13.394766
1095.920751  13.394922
1095.941184  13.394863
1095.961617  13.394941
1095.982050  13.394585
1096.002483  13.394926
1096.022916  13.395030
1096.043349  13.394722
1096.063782  13.394963
1096.084215  13.394752
1096.104648  13.394697
1096.125081  13.395099
1096.145514  13.394902
1096.165948  13.394773
1096.186381  13.394920
1096.206814  13.394685
1096.227247  13.394938
1096.247680  13.395084
1096.268113  13.394804
1096.288546  13.394942
1096.308979  13.394934
1096.329412  13.394695
1096.349845  13.394722
1096.370278  13.395033
1096.390711  13.394906
1096.411144  13.394781
1096.431577  13.395125
1096.452010  13.394821
1096.472443  13.394730
1096.492877  13.394660
1096.513310  13.394736
1096.533743  13.394908
1096.554176  13.394759
1096.574609  13.395103
1096.595042  13.394949
1096.615475  13.394769
1096.635908  13.394856
1096.819805  13.394917
1096.840238  13.394923
1096.860671  13.394839
1096.881105  13.394760
1096.901538  13.395064
1096.921971  13.394803
1096.942404  13.394973
1096.962837  13.394892
1096.983270  13.394928
1097.003703  13.394607
1097.024136  13.394893
1097.044569  13.394640
1097.065002  13.394815
1097.085435  13.394729
1097.105868  13.394787
1097.126301  13.394736
1097.167167  13.395121
1097.187600  13.394892
1097.208033  13.394963
1097.228467  13.394884
1097.248899  13.394814
1097.269332  13.394763
1097.289765  13.394740
1097.310198  13.394747
1097.330631  13.394797
1097.351064  13.394494
1097.371497  13.395145
1097.391930  13.394606
1097.412363  13.394945
1097.432797  13.395046
1097.473663  13.394758
1097.494096  13.395009
1097.514529  13.395111
1097.534962  13.394950
1097.555395  13.394746
1097.575828  13.395007
1097.596261  13.394692
1097.616694  13.394851
1097.637127  13.395005
1097.657560  13.394863
1097.677993  13.395043
1097.698426  13.394728
1097.718859  13.394933
1097.739292  13.394874
1097.759725  13.395015
1097.780158  13.394669
1097.800591  13.394762
1097.821024  13.394848
1097.841458  13.394759
1097.861891  13.394814
1097.882324  13.394934
1097.902757  13.394811
1097.923190  13.395003
1097.943623  13.394719
1097.964056  13.394786
1097.984489  13.394638
1098.004922  13.394738
1098.025355  13.394794
1098.045788  13.394677
1098.066221  13.394875
1098.086654  13.395047
1098.107087  13.394821
1098.127520  13.394789
1098.147953  13.395004
1098.168386  13.395134
1098.188819  13.394985
1098.209252  13.395051
1098.229685  13.394888
1098.250118  13.394618
1098.270551  13.394950
1098.290985  13.394668
1098.311418  13.394766
1098.331851  13.394923
1098.352284  13.394955
1098.372717  13.394864
1098.393150  13.394868
1098.413583  13.394770
1098.434016  13.394713
1098.454449  13.394953
1098.474882  13.394867
1098.495315  13.394660
1098.515748  13.394821
1098.536181  13.394569
1098.556614  13.394954
1098.577047  13.394887
1098.597480  13.394687
1098.617913  13.394770
1098.638346  13.394800
1098.658779  13.395060
1098.679212  13.394981
1098.699645  13.394965
1098.720078  13.395026
1098.740511  13.394797
1098.760945  13.394658
1098.781378  13.395122
1098.801811  13.394867
1098.822244  13.394946
1098.842677  13.394813
1098.863110  13.394827
1098.883543  13.394847
1098.903976  13.395013
1098.924409  13.394854
1098.944842  13.394989
1098.965275  13.394824
1098.985708  13.394889
1099.006141  13.394885
1099.026574  13.395108
1099.047007  13.394769
1099.067440  13.394655
1099.087873  13.395098
1099.108306  13.394833
1099.128739  13.394808
1099.149172  13.394841
1099.169605  13.394722
1099.190038  13.394844
1099.210471  13.394963
1099.230904  13.394781
1099.251338  13.394895
1099.271770  13.394831
1099.292203  13.394733
1099.312637  13.394891
1099.333070  13.394815
1099.353503  13.394876
1099.373936  13.394780
1099.394369  13.394755
1099.414802  13.394677
1099.435235  13.394888
1099.455668  13.394525
1099.476101  13.394938
1099.496534  13.394937
1099.516967  13.394883
1099.537400  13.394989
1099.557833  13.394721
1099.578266  13.394759
1099.598699  13.394752
1099.619132  13.394681
1099.639565  13.394884
1099.659998  13.394729
1099.680431  13.394963
1099.700864  13.395051
1099.721297  13.394933
1099.741730  13.394989
1099.762163  13.394868
1099.782596  13.394940
1099.803029  13.394860
1099.823462  13.394951
1099.843895  13.395100
1099.864328  13.394874
1099.884762  13.394848
1099.905195  13.394753
1100.048226  13.394295
1100.068659  13.394849
1100.089092  13.394845
1100.109525  13.395039
1100.129958  13.394869
1100.150391  13.394979
1100.170824  13.394833
1100.191257  13.394831
1100.211690  13.394868
1100.232123  13.394585
1100.252556  13.394797
1100.272989  13.394992
1100.293422  13.394847
1100.313855  13.394993
1100.334288  13.395015
1100.354721  13.394826
1100.375154  13.395037
1100.395587  13.394951
1100.559052  13.394662
1100.579485  13.394888
1100.599918  13.394902
1100.620351  13.394853
1100.640784  13.394602
1100.661217  13.394788
1100.681650  13.394662
1100.702083  13.394773
1100.722516  13.394797
1100.742949  13.395030
1100.763382  13.394964
1100.783815  13.394876
1100.804248  13.394730
1100.824681  13.395024
1100.845114  13.394862
1100.865547  13.395075
1100.885980  13.394899
1100.906413  13.394779
1100.926846  13.394910
1100.947279  13.394737
1100.967712  13.394869
1100.988145  13.394599
1101.008578  13.394817
1101.029011  13.395033
1101.049444  13.395029
1101.069877  13.394762
1101.090310  13.394921
1101.110743  13.394794
1101.131176  13.394928
1101.151609  13.394559
1101.172042  13.394805
1101.192475  13.394990
1101.212908  13.394853
1101.233341  13.394654
1101.253774  13.394974
1101.274208  13.394752
1101.294640  13.395126
1101.315074  13.395083
1101.335507  13.394896
1101.355940  13.395052
1101.376373  13.394945
1101.396806  13.394774
1101.417239  13.394875
1101.437672  13.394767
1101.458105  13.394712
1101.478538  13.394859
1101.498971  13.395042
1101.519404  13.394935
1101.539837  13.394716
1101.560270  13.394878
1101.580703  13.394801
1101.601136  13.394835
1101.621569  13.394806
1101.642002  13.394963
1101.662435  13.394872
1101.682868  13.394735
1101.703301  13.394658
1101.723734  13.394834
1101.744167  13.394995
1101.764600  13.394842
1101.785033  13.394894
1101.805466  13.394891
1101.825899  13.394859
1101.846332  13.394783
1101.866765  13.394868
1101.887198  13.394702
1101.907631  13.394732
1101.928064  13.394800
1101.948497  13.394669
1101.968930  13.394899
1101.989363  13.394839
1102.009796  13.394864
1102.030229  13.394890
1102.050662  13.394767
1102.071095  13.394820
1102.091528  13.394667
1102.111961  13.395018
1102.132394  13.394931
1102.152827  13.394935
1102.173260  13.394880
1102.193693  13.394868
1102.214126  13.394919
1102.234559  13.394828
1102.254992  13.394927
1102.275425  13.394978
1102.295858  13.395007
1102.316292  13.394850
1102.336725  13.394530
1102.357158  13.394743
1102.377590  13.394903
1102.398024  13.394926
1102.418457  13.394995
1102.438890  13.395041
1102.459323  13.394690
1102.479756  13.394893
1102.500189  13.394769
1102.520622  13.394650
1102.541055  13.394588
1102.561488  13.394878
1102.581921  13.394876
1102.602354  13.394762
1102.622787  13.394837
1102.643220  13.395020
1102.663653  13.395086
1102.684086  13.394849
1102.704519  13.394813
1102.724952  13.395013
1102.745385  13.394624
1102.765818  13.395071
1102.786251  13.395017
1102.806684  13.394979
1102.827117  13.394837
1102.847550  13.394810
1102.867983  13.394472
1102.888416  13.395177
1102.908849  13.394614
1102.929282  13.394937
1102.949715  13.394911
1102.970148  13.394714
1102.990581  13.394866
1103.011014  13.394705
1103.031447  13.395071
1103.051880  13.395024
1103.072313  13.395055
1103.092746  13.394915
1103.113179  13.394980
1103.133612  13.394916
1103.154045  13.394714
1103.174478  13.394993
1103.194911  13.394875
1103.215344  13.394604
1103.235777  13.394860
1103.256210  13.394779
1103.276643  13.394856
1103.297076  13.395016
1103.317509  13.394716
1103.337942  13.394855
1103.358375  13.394932
1103.378808  13.394804
1103.419674  13.394868
1103.440107  13.395168
1103.460540  13.394769
1103.480973  13.394921
1103.501406  13.394671
1103.521839  13.394899
1103.542272  13.394925
1103.562705  13.394980
1103.583138  13.394923
1103.603571  13.394706
1103.624004  13.394744
1103.644437  13.394616
1103.664870  13.394623
1103.685303  13.394676
1103.705736  13.395027
1103.726169  13.394800
1103.746602  13.394849
1103.767035  13.394973
1103.787468  13.394847
1103.807901  13.394823
1103.828334  13.394743
1103.848767  13.394575
1103.869200  13.394979
1103.889633  13.394715
1103.910066  13.394828
1103.930499  13.394931
1103.950932  13.394633
1103.971365  13.394628
1103.991798  13.394943
1104.012231  13.394983
1104.032664  13.394955
1104.053097  13.395065
1104.073530  13.394784
1104.093963  13.394923
1104.114396  13.394607
1104.134829  13.394729
1104.155262  13.394915
1104.175695  13.394949
1104.196128  13.394995
1104.216561  13.394888
1104.236994  13.394670
1104.257427  13.394921
1104.277860  13.394677
1104.298293  13.394893
1104.318726  13.394703
1104.339159  13.395017
1104.359592  13.394669
1104.380025  13.394903
1104.400458  13.395073
1104.420891  13.394700
1104.441324  13.394631
1104.461757  13.394733
1104.482190  13.394605
1104.502623  13.394726
1104.523056  13.394904
1104.543489  13.397132
1104.563922  13.394958
1104.584355  13.394674
1104.604788  13.394853
1104.625221  13.394617
1104.645654  13.394911
1104.666087  13.394890
1104.686520  13.394833
1104.706953  13.394607
1104.727386  13.395025
1104.747819  13.394931
1104.768252  13.394531
1104.788685  13.395013
1104.809118  13.395050
1104.829551  13.394989
1104.849984  13.394811
1104.870417  13.394593
1104.890850  13.394732
1104.911283  13.394861
1104.931716  13.394870
1104.952149  13.395092
1104.972582  13.394815
1104.993015  13.394895
1105.013448  13.394938
1105.033881  13.394897
1105.054314  13.394755
1105.074747  13.394946
1105.095180  13.394306
1105.115613  13.394790
1105.136046  13.394783
1105.156479  13.395069
1105.176912  13.394544
1105.197345  13.394865
1105.217778  13.394810
1105.238211  13.394949
1105.258644  13.394764
1105.279077  13.394703
1105.299510  13.394987
1105.319943  13.394646
1105.340376  13.394845
1105.360809  13.394831
1105.381242  13.394784
1105.401675  13.394972
1105.422108  13.394992
1105.442541  13.394785
1105.462974  13.394843
1105.483407  13.395009
1105.503840  13.394768
1105.524273  13.394873
1105.544706  13.394658
1105.565139  13.394610
1105.585572  13.394769
1105.606005  13.394793
1105.626438  13.394858
1105.646871  13.394794
1105.667304  13.394795
1105.687737  13.394724
1105.708170  13.394624
1105.728603  13.394962
1105.749036  13.394917
1105.769469  13.394860
1105.789902  13.395110
1105.810335  13.395022
1105.830768  13.394974
1105.851201  13.394750
1105.871634  13.395025
1105.892067  13.394893
1105.912500  13.394875
1105.932933  13.395072
1105.953366  13.395016
1105.973799  13.394960
1105.994232  13.394923
1106.014665  13.394919
1106.035098  13.394734
1106.055531  13.394942
1106.075964  13.394682
1106.096397  13.394831
1106.116830  13.394910
1106.137263  13.394848
1106.157696  13.394828
1106.178129  13.394934
1106.198562  13.395060
1106.218995  13.395042
1106.239428  13.394620
1106.259861  13.395125
1106.280294  13.394788
1106.300727  13.394782
1106.321160  13.394868
1106.341593  13.394645
1106.362026  13.394838
1106.402892  13.395137
1106.423325  13.394628
1106.443758  13.394776
1106.464191  13.394813
1106.484624  13.394903
1106.505057  13.394568
1106.525490  13.395024
1106.545923  13.394806
1106.566356  13.394824
1106.586789  13.394877
1106.607222  13.394588
1106.627655  13.394701
1106.648088  13.394833
1106.668521  13.394915
1106.688954  13.394567
1106.709387  13.394904
1106.729820  13.394802
1106.750253  13.395009
1106.770686  13.395036
1106.791119  13.395010
1106.811552  13.394811
1106.831985  13.395029
1106.852418  13.394770
1106.872851  13.394925
1106.893284  13.394967
1106.913717  13.394766
1106.934150  13.394856
1106.954583  13.395010
1106.975016  13.394988
1106.995448  13.394783
1107.015882  13.394907
1107.036315  13.394776
1107.056747  13.395065
1107.077181  13.394467
1107.097613  13.394792
1107.118046  13.394894
1107.138479  13.394927
1107.158912  13.394757
1107.179345  13.394978
1107.199778  13.394856
1107.220211  13.395000
1107.240644  13.394733
1107.261077  13.394598
1107.281510  13.394708
1107.301943  13.394786
1107.322376  13.394663
1107.342809  13.394739
1107.363242  13.395017
1107.383675  13.395086
1107.404108  13.394650
1107.424541  13.394577
1107.444974  13.395049
1107.465407  13.395117
1107.485840  13.394948
1107.506273  13.394618
1107.526706  13.394941
1107.547139  13.394850
1107.567572  13.394986
1107.588005  13.395172
1107.608438  13.395038
1107.628871  13.394932
1107.649304  13.394956
1107.669737  13.394630
1107.690170  13.394925
1107.710603  13.394649
1107.731036  13.395052
1107.751469  13.394825
1107.771902  13.394817
1107.792335  13.394971
1107.812768  13.394620
1107.833201  13.394774
1107.853634  13.394960
1107.874067  13.394740
1107.894500  13.394714
1107.914933  13.394855
1107.935366  13.394907
1107.955799  13.394939
1107.976232  13.394898
1107.996665  13.394868
1108.017098  13.394782
1108.037531  13.394826
1108.057964  13.394855
1108.078397  13.394967
1108.098830  13.394797
1108.119263  13.394932
1108.139696  13.394961
1108.160129  13.394653
1108.180561  13.394806
1108.200994  13.394730
1108.221427  13.394846
1108.241860  13.394932
1108.262293  13.394836
1108.282726  13.394622
1108.303159  13.395112
1108.323592  13.394780
1108.344025  13.394824
1108.364458  13.394834
1108.384891  13.394683
1108.405324  13.394940
1108.425757  13.394983
1108.446190  13.394955
1108.466623  13.394946
1108.487056  13.394606
1108.507489  13.394946
1108.527922  13.394946
1108.548355  13.394747
1108.568788  13.394723
1108.589221  13.394921
1108.609654  13.394949
1108.630087  13.394739
1108.650520  13.394873
1108.670953  13.394797
1108.691386  13.394834
1108.711819  13.394867
1108.732252  13.394703
1108.752685  13.395207
1108.773118  13.394748
1108.793551  13.394881
1108.813984  13.394808
1108.834417  13.394610
1108.854850  13.395000
1108.875283  13.394730
1108.895716  13.395061
1108.916149  13.394753
1108.936582  13.395070
1108.957015  13.394921
1108.977448  13.394668
1108.997880  13.394825
1109.018313  13.394890
1109.038747  13.394908
1109.059179  13.394742
1109.079612  13.394743
1109.100045  13.394781
1109.120478  13.395094
1109.140911  13.394802
1109.161344  13.394845
1109.181777  13.395054
1109.202210  13.395188
1109.222643  13.395013
1109.243076  13.395109
1109.263509  13.395117
1109.283942  13.394900
1109.304375  13.394835
1109.324808  13.394783
1109.345241  13.394560
1109.386107  13.394784
1109.406540  13.394791
1109.426973  13.394630
1109.447406  13.394791
1109.467839  13.394930
1109.488272  13.394786
1109.508705  13.394889
1109.529138  13.394853
1109.549571  13.394949
1109.570004  13.395213
1109.590437  13.394842
1109.610870  13.394693
1109.631303  13.394995
1109.651736  13.394693
1109.672169  13.394838
1109.692602  13.394684
1109.713034  13.394611
1109.733468  13.394555
1109.753901  13.394899
1109.774333  13.394636
1109.794766  13.394729
1109.815199  13.394839
1109.835632  13.394965
1109.856065  13.394820
1109.876498  13.394968
1109.896931  13.394887
1109.917364  13.394937
1109.937797  13.394979
1109.958230  13.394831
1109.978663  13.394871
1109.999096  13.395004
1110.019529  13.394907
1110.039962  13.394589
1110.060395  13.394736
1110.080828  13.394961
1110.101261  13.394889
1110.121694  13.395101
1110.142127  13.394663
1110.162560  13.394677
1110.182993  13.394844
1110.203426  13.394893
1110.223859  13.394625
1110.244292  13.394638
1110.264725  13.395120
1110.285158  13.394892
1110.305591  13.394735
1110.326023  13.394945
1110.346456  13.394601
1110.366890  13.394701
1110.387322  13.394889
1110.407755  13.394903
1110.428188  13.394604
1110.448621  13.394782
1110.469054  13.395189
1110.489487  13.395000
1110.509920  13.395094
1110.530353  13.394708
1110.550786  13.394814
1110.571219  13.394844
1110.591652  13.395013
1110.612085  13.394991
1110.632518  13.395037
1110.652951  13.394989
1110.673384  13.395010
1110.693817  13.395041
1110.714250  13.395026
1110.734683  13.394812
1110.755116  13.394793
1110.775549  13.394913
1110.795982  13.394862
1110.816415  13.394862
1110.836848  13.395043
1110.857281  13.394951
1110.877714  13.394745
1110.898147  13.394761
1110.918580  13.395010
1110.939013  13.394840
1110.959445  13.394900
1110.979878  13.394647
1111.000311  13.395003
1111.020744  13.394648
1111.041177  13.394882
1111.061610  13.395094
1111.082043  13.394927
1111.102476  13.395039
1111.122909  13.394744
1111.143342  13.394926
1111.163775  13.394690
1111.184208  13.395037
1111.204641  13.394676
1111.225074  13.394604
1111.245507  13.394918
1111.265940  13.394582
1111.286373  13.394773
1111.306806  13.394728
1111.327239  13.394717
1111.347672  13.394861
1111.368105  13.394479
1111.388538  13.394888
1111.408971  13.394588
1111.429404  13.394879
1111.449837  13.394782
1111.470269  13.394921
1111.490702  13.394809
1111.511135  13.394866
1111.531568  13.394869
1111.552001  13.394943
1111.572434  13.394688
1111.592867  13.394942
1111.613300  13.394854
1111.633733  13.394898
1111.654166  13.394727
1111.674599  13.394830
1111.695032  13.394768
1111.715465  13.395058
1111.735898  13.394809
1111.756331  13.394661
1111.776764  13.394861
1111.797197  13.395030
1111.817630  13.395042
1111.838063  13.394946
1111.858496  13.395029
1111.878929  13.394699
1111.899362  13.394856
1111.919795  13.395038
1111.940227  13.394886
1111.960660  13.394629
1111.981093  13.394880
1112.001526  13.394722
1112.021959  13.394938
1112.042392  13.394950
1112.062825  13.394860
1112.083258  13.394557
1112.103691  13.394777
1112.124124  13.394824
1112.144557  13.394944
1112.164990  13.394945
1112.185423  13.395236
1112.205856  13.394983
1112.226289  13.394973
1112.246722  13.394888
1112.267155  13.394895
1112.287588  13.395141
1112.308021  13.394933
1112.328454  13.394915
1112.369320  13.394691
1112.389753  13.395036
1112.410185  13.394817
1112.430618  13.395091
1112.451051  13.394791
1112.471484  13.394767
1112.491917  13.394866
1112.512350  13.394885
1112.532783  13.394741
1112.553216  13.394903
1112.573649  13.394488
1112.594082  13.394821
1112.614515  13.394739
1112.634948  13.394708
1112.655381  13.394731
1112.675814  13.394934
1112.696247  13.394504
1112.716680  13.394814
1112.737113  13.395014
1112.757546  13.394914
1112.777979  13.395118
1112.798412  13.394776
1112.818845  13.394726
1112.839278  13.395050
1112.859710  13.394950
1112.880143  13.394775
1112.900576  13.394752
1112.921009  13.394689
1112.941442  13.394768
1112.961875  13.394871
1112.982308  13.395079
1113.002741  13.394619
1113.023174  13.394983
1113.043607  13.394932
1114.351316  13.394964
1114.371749  13.394832
1114.392182  13.394930
1114.412615  13.394843
1114.433047  13.394756
1114.453480  13.394859
1114.473913  13.394989
1114.494346  13.394970
1114.514779  13.394686
1114.535212  13.394756
1114.555645  13.394944
1114.576078  13.394985
1114.596511  13.394780
1114.616944  13.394824
1114.637377  13.394904
1114.657810  13.394891
1114.678243  13.394948
1114.698676  13.394806
1114.719109  13.394823
1114.739542  13.394876
1114.759975  13.394914
1114.780408  13.394770
1114.800840  13.394881
1114.821273  13.394565
1114.841706  13.394938
1114.862139  13.394890
1114.882572  13.394720
1114.903005  13.394900
1114.923438  13.394815
1114.943871  13.394613
1114.964304  13.394931
1114.984737  13.394799
1115.005170  13.394821
1115.025603  13.394738
1115.046036  13.394709
1115.066469  13.394881
1115.086902  13.394860
1115.107334  13.394706
1115.127768  13.394942
1115.148200  13.395035
1115.168633  13.395133
1115.189066  13.394781
1115.209499  13.394954
1115.229932  13.394720
1115.250365  13.395168
1115.270798  13.395000
1115.291231  13.394761
1115.311664  13.394900
1115.352530  13.394861
1115.372963  13.395095
1115.393396  13.394805
1115.413829  13.394843
1115.434262  13.395091
1115.454695  13.394689
1115.475127  13.394896
1115.495560  13.394748
1115.515993  13.394967
1115.536426  13.394684
1115.556859  13.395021
1115.577292  13.394622
1115.597725  13.395058
1115.618158  13.394882
1115.638591  13.395081
1115.659024  13.394828
1115.679457  13.394829
1115.699890  13.394747
1115.720323  13.394865
1115.740756  13.394787
1115.761189  13.394652
1115.781622  13.394923
1115.802054  13.394692
1115.822487  13.394778
1115.842920  13.394795
1115.863353  13.394793
1115.883786  13.394734
1115.904219  13.394722
1115.924652  13.394866
1115.945085  13.394715
1115.965518  13.394740
1115.985951  13.395010
1116.006384  13.394731
1116.026817  13.394749
1116.047250  13.394801
1116.067683  13.394718
1116.088116  13.394989
1116.108549  13.394941
1116.128981  13.394922
1116.149414  13.394963
1116.169847  13.394928
1116.190280  13.395028
1116.210713  13.394963
1116.231146  13.394681
1116.251579  13.394739
1116.272012  13.394837
1116.292445  13.395003
1116.312878  13.394801
1116.333311  13.394979
1116.353744  13.394766
1116.374177  13.394989
1116.394610  13.394896
1116.415043  13.394751
1116.435476  13.394758
1116.455909  13.394930
1116.476341  13.394769
1116.496774  13.394846
1116.517207  13.394885
1116.537640  13.394892
1116.558073  13.394884
1116.578506  13.394625
1116.598939  13.395254
1116.619372  13.394973
1116.639805  13.394870
1116.660238  13.395013
1116.680671  13.394750
1116.701104  13.394764
1116.721537  13.394778
1116.741970  13.394672
1116.762402  13.394954
1116.782836  13.395039
1116.803268  13.394741
1116.823701  13.394948
1116.844134  13.394913
1116.864567  13.394995
1116.885000  13.395025
1116.905433  13.394870
1116.925866  13.394906
1116.946299  13.394700
1116.966732  13.394855
1116.987165  13.394934
1117.007598  13.394786
1117.028031  13.394985
1117.048464  13.394739
1117.068897  13.394793
1117.089329  13.394976
1117.109762  13.394960
1117.130195  13.394799
1117.150628  13.394778
1117.171061  13.395035
1117.191494  13.394864
1117.211927  13.394659
1117.232360  13.394702
1117.252793  13.395182
1117.273226  13.394572
1117.293659  13.394879
1117.314092  13.394802
1117.334525  13.394671
1117.354958  13.394832
1117.375390  13.394895
1117.395823  13.394917
1117.416256  13.394886
1117.436689  13.394651
1117.457122  13.394763
1117.477555  13.394924
1117.497988  13.394763
1117.518421  13.394745
1117.538854  13.394564
1117.559287  13.394867
1117.579720  13.394815
1117.600153  13.394855
1117.620586  13.394773
1117.641019  13.395091
1117.661452  13.394708
1117.681884  13.394858
1117.702317  13.395014
1117.722750  13.394665
1117.743183  13.395039
1117.763616  13.394777
1117.784049  13.394818
1117.804482  13.394855
1117.824915  13.394943
1117.845348  13.394986
1117.865781  13.394555
1117.886214  13.394835
1117.906647  13.394883
1117.927080  13.394734
1117.947512  13.394917
1117.967946  13.394977
1117.988378  13.395050
1118.008811  13.395055
1118.029244  13.394770
1118.049677  13.394835
1118.070110  13.394906
1118.090543  13.394797
1118.110976  13.395007
1118.131409  13.394894
1118.151842  13.394890
1118.172275  13.394871
1118.192708  13.394932
1118.213141  13.394972
1118.233574  13.394997
1118.254007  13.394874
1118.274439  13.394798
1118.294872  13.395120
1118.335738  13.394891
1118.356171  13.394628
1118.376604  13.395035
1118.397037  13.394907
1118.417470  13.394987
1118.437903  13.394638
1118.458336  13.394706
1118.478769  13.394891
1118.499202  13.393982
1118.519634  13.394934
1118.540067  13.394924
1118.560500  13.394918
1118.580933  13.394822
1118.601366  13.394995
1118.621799  13.394671
1118.642232  13.394652
1118.662665  13.394797
1118.683098  13.394853
1118.703531  13.395164
1118.723964  13.394659
1118.744397  13.394979
1118.764830  13.394839
1118.785263  13.395082
1118.805696  13.395016
1118.826128  13.394867
1118.846561  13.394962
1118.866994  13.394496
1118.887427  13.394831
1118.907860  13.395093
1118.928293  13.394825
1118.948726  13.394970
1118.969159  13.394959
1118.989592  13.394897
1119.010025  13.395071
1119.030458  13.394857
1119.050891  13.394739
1119.071323  13.395038
1119.091756  13.394746
1119.112189  13.394634
1119.132622  13.395174
1119.153055  13.394790
1119.173488  13.394964
1119.193921  13.394554
1119.214354  13.394627
1119.234787  13.394898
1119.255220  13.394772
1119.275653  13.394908
1119.296086  13.394933
1119.316519  13.394697
1119.336951  13.394753
1119.357384  13.394914
1119.377817  13.394852
1119.398250  13.395041
1119.418683  13.394573
1119.439116  13.394884
1119.459549  13.394966
1119.479982  13.394788
1119.500415  13.394877
1119.520848  13.395026
1119.541281  13.394878
1119.561714  13.394870
1119.582147  13.394888
1119.602579  13.394576
1119.623012  13.394691
1119.643445  13.394879
1119.663878  13.394791
1119.684311  13.394880
1119.704744  13.395059
1119.725177  13.394615
1119.745610  13.394857
1119.766043  13.394924
1119.786476  13.394551
1119.806909  13.394799
1119.827342  13.394893
1119.847775  13.395060
1119.868208  13.394681
1119.888640  13.394875
1119.909073  13.394915
1119.929506  13.394771
1119.949939  13.394958
1119.970372  13.394923
1119.990805  13.395032
1120.011238  13.394727
1120.031671  13.394879
1120.052104  13.394901
1120.072537  13.395013
1120.092970  13.394767
1120.113402  13.395054
1120.133836  13.394809
1120.154268  13.395115
1120.174701  13.394605
1120.195134  13.394670
1120.215567  13.394821
1120.236000  13.394745
1120.256433  13.394867
1120.276866  13.394950
1120.297299  13.394845
1120.317732  13.394921
1120.338165  13.394977
1120.358598  13.395067
1120.379030  13.394865
1120.399463  13.394680
1120.419896  13.394804
1120.440329  13.394980
1120.460762  13.394931
1120.481195  13.395009
1120.501628  13.394881
1120.522061  13.394832
1120.542494  13.395088
1120.562927  13.395010
1120.583360  13.394723
1120.603793  13.394678
1120.624225  13.394854
1120.644658  13.394787
1120.665091  13.394859
1120.685524  13.394802
1120.705957  13.394511
1120.726390  13.394908
1120.746823  13.394911
1120.767256  13.394879
1120.787689  13.394631
1120.808122  13.394831
1120.828555  13.394784
1120.848988  13.394792
1120.869420  13.394780
1120.889853  13.395044
1120.910286  13.394834
1120.930719  13.394997
1120.951152  13.394937
1120.971585  13.394668
1120.992018  13.395069
1121.012451  13.395035
1121.032884  13.395007
1121.053317  13.394840
1121.073750  13.394926
1121.094183  13.395002
1121.114616  13.394899
1121.135048  13.394691
1121.155481  13.394828
1121.175914  13.394747
1121.196347  13.395042
1121.216780  13.394623
1121.237213  13.394797
1121.257646  13.394667
1121.278079  13.394860
1121.318945  13.394671
1121.339378  13.394601
1121.359810  13.394863
1121.380243  13.394758
1121.400676  13.394652
1121.421109  13.395071
1121.441542  13.394813
1121.461975  13.394939
1121.482408  13.394872
1121.502841  13.394842
1121.523274  13.394748
1121.543707  13.394759
1121.564140  13.394949
1121.584572  13.394894
1121.605005  13.395399
1121.625438  13.395098
1121.645871  13.394697
1121.666304  13.394863
1121.686737  13.394816
1121.707170  13.394906
1121.727603  13.394818
1121.748036  13.394929
1121.768469  13.394843
1121.788902  13.394737
1121.809335  13.394862
1121.829767  13.394836
1121.850200  13.394732
1121.870633  13.394819
1121.891066  13.394829
1121.911499  13.394668
1121.931932  13.394985
1121.952365  13.394916
1121.972798  13.394721
1121.993231  13.394571
1122.013664  13.395030
1122.034097  13.394687
1122.054530  13.394869
1122.074963  13.394955
1122.095395  13.395000
1122.115828  13.394814
1122.136261  13.394821
1122.156694  13.394985
1122.177127  13.395099
1122.197560  13.394827
1122.217993  13.394844
1122.238426  13.394781
1122.258859  13.395003
1122.279292  13.394687
1122.299725  13.394768
1122.320157  13.394768
1122.340590  13.394952
1122.361023  13.395123
1122.381456  13.394847
1122.401889  13.394806
1122.422322  13.394943
1122.442755  13.394844
1122.463188  13.394922
1122.483621  13.394824
1122.504054  13.394978
1122.524487  13.394630
1122.544919  13.395064
1122.565352  13.394813
1122.585785  13.394870
1122.606218  13.395156
1122.626651  13.394621
1122.647084  13.394674
1122.667517  13.394717
1122.687950  13.395176
1122.708383  13.394807
1122.728816  13.394824
1122.749249  13.394852
1122.769681  13.395024
1122.790114  13.394621
1122.810547  13.394842
1122.830980  13.395047
1122.851413  13.394766
1122.871846  13.394817
1122.892279  13.394723
1122.912712  13.394903
1122.933145  13.394849
1122.953578  13.394939
1122.974011  13.394873
1122.994444  13.394942
1123.014876  13.394783
1123.035309  13.394578
1123.055742  13.394756
1124.424747  13.394849
1124.445180  13.394744
1124.465613  13.394786
1124.486046  13.394833
1124.506479  13.394935
1124.526912  13.395039
1124.547344  13.394964
1124.567777  13.394941
1124.588210  13.395050
1124.608643  13.394885
1124.629076  13.395028
1124.649509  13.394819
1124.669942  13.395003
1124.690375  13.394900
1124.710808  13.394872
1124.731241  13.394929
1124.751674  13.394852
1124.772106  13.394732
1124.792539  13.395012
1124.812972  13.394845
1124.833405  13.394931
1124.853838  13.394849
1124.874271  13.394682
1124.894704  13.394606
1124.915137  13.394419
1124.935570  13.394890
1124.956003  13.394825
1124.976435  13.394881
1124.996868  13.394489
1125.017301  13.394747
1125.037734  13.394920
1125.058167  13.394705
1125.078600  13.395082
1125.099033  13.394915
1125.119466  13.395021
1125.139899  13.394921
1125.160332  13.394860
1125.180765  13.394781
1125.201198  13.394828
1125.221630  13.394841
1125.242063  13.394884
1125.262496  13.394704
1125.282929  13.394796
1125.303362  13.394918
1125.323795  13.394708
1125.344228  13.394946
1125.364661  13.394825
1125.385094  13.394563
1125.405527  13.394890
1125.425959  13.394681
1125.446392  13.394860
1125.466825  13.394972
1125.487258  13.394659
1125.507691  13.394849
1125.528124  13.394972
1125.548557  13.395140
1125.568990  13.394930
1125.589423  13.394976
1125.609855  13.394893
1125.630288  13.394979
1125.650721  13.394883
1125.671154  13.394788
1125.691587  13.394829
1125.712020  13.395075
1125.732453  13.394733
1125.752886  13.394857
1125.773319  13.394932
1125.793752  13.394995
1125.814184  13.394827
1125.834617  13.394979
1125.855050  13.394898
1125.875483  13.394884
1125.895916  13.394863
1125.916349  13.394751
1125.936782  13.394771
1125.957215  13.394842
1125.977648  13.394871
1125.998081  13.394603
1126.018514  13.394876
1126.038946  13.394805
1126.059379  13.394694
1126.079812  13.395088
1126.100245  13.394813
1126.120678  13.394836
1126.141111  13.394928
1126.161544  13.394702
1126.181977  13.394792
1126.202410  13.394976
1126.222842  13.394755
1126.243275  13.394937
1126.263708  13.394925
1126.284141  13.394804
1126.304574  13.394954
1126.325007  13.394709
1126.345440  13.395005
1126.365873  13.395041
1126.386306  13.394536
1126.406739  13.394793
1126.427172  13.394828
1126.468037  13.395088
1126.488470  13.394627
1126.508903  13.394995
1126.529336  13.394826
1126.549769  13.394871
1126.570202  13.394984
1126.590635  13.395029
1126.611068  13.395092
1126.631501  13.394729
1126.651933  13.395065
1126.672366  13.395014
1126.692799  13.394898
1126.713232  13.394811
1126.733665  13.394745
1126.754098  13.394702
1126.774531  13.395008
1126.794964  13.394806
1126.815397  13.394816
1126.835830  13.394720
1126.856262  13.394970
1126.876695  13.394775
1126.897128  13.394895
1126.917561  13.394510
1126.937994  13.394940
1126.958427  13.394517
1126.978860  13.394724
1126.999293  13.394924
1127.019726  13.394790
1127.040159  13.394683
1127.060591  13.394872
1127.081024  13.395004
1127.101457  13.394822
1127.121890  13.394690
1127.142323  13.394727
1127.162756  13.395002
1127.183189  13.394987
1127.203622  13.395058
1127.224055  13.394743
1127.244488  13.394651
1127.264920  13.394880
1127.285353  13.394955
1127.305786  13.394902
1127.326219  13.394577
1127.346652  13.394848
1127.367085  13.394837
1127.387518  13.394855
1127.407951  13.394812
1127.428384  13.394993
1127.448817  13.395111
1127.469249  13.394721
1127.489682  13.394945
1127.510115  13.394942
1127.530548  13.394821
1127.550981  13.394682
1127.571414  13.394893
1127.591847  13.394745
1127.612280  13.394646
1127.632713  13.395002
1127.653146  13.394957
1127.673578  13.394836
1127.694011  13.394984
1127.714444  13.394910
1127.734877  13.394972
1127.755310  13.394971
1127.775743  13.394914
1127.796176  13.394879
1127.816609  13.394911
1127.837042  13.394702
1127.857475  13.395011
1127.877907  13.395030
1127.898340  13.395062
1127.918773  13.394934
1127.939206  13.394810
1127.959639  13.395085
1127.980072  13.394799
1128.000505  13.394610
1128.020938  13.394726
1128.041370  13.395021
1128.061803  13.394409
1128.082236  13.394825
1128.102669  13.395062
1128.123102  13.394760
1128.143535  13.394801
1128.163968  13.394747
1128.184401  13.394851
1128.204834  13.395071
1128.225267  13.394965
1128.245699  13.394989
1128.266132  13.394668
1128.286565  13.394853
1128.306998  13.394853
1128.327431  13.394836
1128.347864  13.394886
1128.368297  13.394816
1128.388730  13.394765
1128.409163  13.394851
1128.429596  13.394761
1128.450028  13.394870
1128.470461  13.394881
1128.490894  13.394814
1128.511327  13.394614
1128.531760  13.394864
1128.552193  13.394920
1128.572626  13.394987
1128.593059  13.394844
1128.613492  13.394625
1128.633925  13.394734
1128.654357  13.394765
1128.674790  13.395252
1128.695223  13.394798
1128.715656  13.394923
1128.736089  13.394612
1128.756522  13.395056
1128.776955  13.394767
1128.797388  13.394759
1128.817821  13.394747
1128.838254  13.394793
1128.858686  13.394869
1128.879119  13.394895
1128.899552  13.394761
1128.919985  13.394872
1128.940418  13.394884
1128.960851  13.394721
1128.981284  13.395030
1129.001717  13.394785
1129.022150  13.394905
1129.042582  13.394872
1129.063015  13.395217
1129.206046  13.394757
1129.226479  13.395039
1129.246911  13.394514
1129.267344  13.394882
1129.287777  13.394818
1129.308210  13.394758
1129.328643  13.394965
1129.349076  13.394953
1129.369509  13.394873
1129.389942  13.394674
1129.410375  13.395015
1129.451240  13.395017
1129.471673  13.394782
1129.492106  13.395018
1129.512539  13.394833
1129.532972  13.394958
1129.553405  13.394863
1129.594271  13.394768
1129.614704  13.394884
1129.635136  13.394798
1129.655569  13.394877
1129.676002  13.394751
1129.696435  13.394794
1129.716868  13.395083
1129.737301  13.394805
1129.757734  13.394877
1129.778167  13.394847
1129.798600  13.394964
1129.819032  13.394719
1129.839465  13.394759
1129.859898  13.395105
1129.880331  13.394795
1129.900764  13.395057
1129.921197  13.394916
1129.941630  13.394706
1129.962063  13.394767
1129.982496  13.394957
1130.002929  13.394932
1130.023361  13.394821
1130.043794  13.394771
1130.064227  13.395034
1130.084660  13.394749
1130.105093  13.394505
1130.125526  13.394827
1130.145959  13.394861
1130.166392  13.395016
1130.186824  13.394684
1130.207257  13.394676
1130.227690  13.394754
1130.248123  13.394945
1130.268556  13.394694
1130.288989  13.394862
1130.309422  13.394790
1130.329855  13.394907
1130.350288  13.394852
1130.370720  13.395065
1130.391153  13.394995
1130.411586  13.394712
1130.432019  13.394819
1130.452452  13.394949
1130.472885  13.394822
1130.493318  13.394813
1130.513751  13.394634
1130.534184  13.394911
1130.554617  13.394846
1130.575049  13.394939
1130.595482  13.394800
1130.615915  13.394870
1130.636348  13.394786
1130.656781  13.394925
1130.677214  13.394870
1130.697647  13.394786
1130.718080  13.394923
1130.738513  13.394943
1130.758946  13.394657
1130.779378  13.394828
1130.799811  13.394809
1130.820244  13.395011
1130.840677  13.395078
1130.861110  13.394865
1130.881543  13.394855
1130.901976  13.394948
1130.922409  13.394950
1130.942842  13.394870
1130.963274  13.394838
1130.983707  13.394983
1131.004140  13.394895
1131.024573  13.395041
1131.045006  13.394768
1131.065439  13.394769
1131.085872  13.394932
1131.106305  13.394803
1131.126738  13.394987
1131.147170  13.394574
1131.167603  13.394852
1131.188036  13.394736
1131.208469  13.394970
1131.228902  13.394823
1131.249335  13.394916
1131.269768  13.394787
1131.290201  13.394860
1131.310634  13.394788
1131.331066  13.394768
1131.351499  13.394793
1131.371932  13.394948
1131.392365  13.394474
1131.412798  13.394928
1131.433231  13.394854
1131.453664  13.394799
1131.474097  13.394687
1131.494530  13.394853
1131.514962  13.394969
1131.535395  13.395055
1131.555828  13.394817
1131.576261  13.394759
1131.596694  13.394883
1131.617127  13.394927
1131.637560  13.394871
1131.657993  13.394930
1131.678426  13.395042
1131.698858  13.394988
1131.719291  13.394985
1131.739724  13.394765
1131.760157  13.394883
1131.780590  13.394960
1131.801023  13.394931
1131.821456  13.394632
1131.841889  13.395129
1131.862322  13.394993
1131.882755  13.394856
1131.903187  13.394787
1131.923620  13.394805
1131.944053  13.394760
1131.964486  13.394553
1131.984919  13.394951
1132.005352  13.394749
1132.025785  13.394928
1132.046218  13.394712
1132.066651  13.394767
1132.087083  13.394402
1132.107516  13.394876
1132.127949  13.394892
1132.148382  13.394903
1132.168815  13.394866
1132.189248  13.395006
1132.209681  13.394922
1132.230114  13.394804
1132.250546  13.394845
1132.270979  13.394859
1132.291412  13.394983
1132.311845  13.394911
1132.332278  13.394925
1132.352711  13.394767
1132.373144  13.394948
1132.393577  13.394790
1132.434443  13.394770
1132.454875  13.394764
1132.475308  13.394720
1132.495741  13.395024
1132.516174  13.394590
1132.536607  13.394811
1132.557040  13.394776
1132.577473  13.395037
1132.597906  13.394984
1132.618339  13.394939
1132.638771  13.394915
1132.659204  13.394769
1132.679637  13.394913
1132.700070  13.394721
1132.720503  13.394967
1132.740936  13.394955
1132.761369  13.394976
1132.781802  13.394748
1132.802234  13.394907
1132.822667  13.394688
1132.843100  13.394849
1133.006563  13.395163
1133.026996  13.394771
1133.047429  13.394740
1133.067862  13.394872
1133.088295  13.394935
1133.108728  13.394846
1133.129161  13.395035
1133.149594  13.395028
1133.170027  13.394778
1133.190459  13.394931
1133.210892  13.394827
1133.231325  13.395038
1133.251758  13.394893
1133.272191  13.394888
1133.292624  13.394746
1133.313057  13.394642
1133.333490  13.394843
1133.374355  13.394960
1133.394788  13.394730
1133.415221  13.394795
1133.435654  13.394979
1133.456087  13.394515
1133.476520  13.395174
1133.496953  13.394756
1133.517386  13.394612
1133.537818  13.394659
1133.558251  13.394849
1133.578684  13.394912
1133.599117  13.394871
1133.619550  13.394972
1133.639983  13.394713
1133.660416  13.394939
1133.680849  13.394925
1133.701282  13.394886
1133.721715  13.394865
1133.742147  13.394767
1133.762580  13.395202
1133.783013  13.394589
1133.803446  13.394841
1133.823879  13.394965
1133.844312  13.394661
1133.864745  13.394754
1133.885178  13.394866
1133.905610  13.394522
1133.926043  13.394802
1133.946476  13.394671
1133.966909  13.394811
1133.987342  13.394767
1134.007775  13.395096
1134.028208  13.394952
1134.048641  13.394902
1134.069074  13.395111
1134.089507  13.394849
1134.109939  13.394789
1134.130372  13.394949
1134.150805  13.394537
1134.171238  13.394917
1134.191671  13.394815
1134.212104  13.395065
1134.232537  13.395015
1134.252970  13.395050
1134.273402  13.395010
1134.293835  13.394723
1134.314268  13.394874
1134.334701  13.394984
1134.355134  13.394746
1134.375567  13.394882
1134.396000  13.394694
1134.416433  13.394876
1134.436866  13.394881
1134.457298  13.394656
1134.477731  13.394670
1134.498164  13.394980
1134.518597  13.394974
1134.539030  13.394931
1134.559463  13.394897
1134.579896  13.394918
1134.600329  13.394699
1134.620762  13.394902
1134.641194  13.394987
1134.661627  13.394940
1134.682060  13.394899
1134.702493  13.394664
1134.722926  13.394721
1134.743359  13.394859
1134.763792  13.394813
1134.784225  13.394896
1134.804657  13.395028
1134.825090  13.395177
1134.845523  13.394994
1134.865956  13.394998
1134.886389  13.395022
1134.906822  13.394840
1134.927255  13.395033
1134.947688  13.394504
1134.968121  13.395047
1134.988554  13.394830
1135.008986  13.394196
1135.029419  13.394817
1135.049852  13.394890
1135.070285  13.394886
1135.090718  13.394605
1135.111151  13.394803
1135.131584  13.394562
1135.152017  13.394892
1135.172450  13.394762
1135.192882  13.394926
1135.213315  13.394340
1135.233748  13.395039
1135.254181  13.395055
1135.274614  13.394867
1135.295047  13.394886
1135.315480  13.394864
1135.335913  13.394841
1135.356345  13.394874
1135.376778  13.395101
1135.417644  13.394706
1135.438077  13.394883
1135.458510  13.395167
1135.478943  13.394884
1135.499376  13.394796
1135.519809  13.394993
1135.540241  13.394900
1135.560674  13.394932
1135.581107  13.394890
1135.601540  13.394609
1135.621973  13.394850
1135.642406  13.395098
1135.662839  13.394701
1135.683272  13.394765
1135.703705  13.394801
1135.724138  13.394833
1135.744570  13.394776
1135.765003  13.394894
1135.785436  13.394822
1135.805869  13.394923
1135.826302  13.394742
1135.846735  13.394812
1135.867168  13.394853
1135.887601  13.394774
1135.908033  13.394687
1135.928466  13.395000
1135.948899  13.395026
1135.969332  13.394729
1135.989765  13.395026
1136.010198  13.394933
1136.030631  13.394764
1136.051064  13.394864
1136.071497  13.394853
1136.091929  13.394732
1136.112362  13.394583
1136.132795  13.394851
1136.153228  13.394948
1136.173661  13.394936
1136.194094  13.395012
1136.214527  13.395031
1136.234960  13.394935
1136.255392  13.395018
1136.275825  13.394698
1136.296258  13.394734
1136.316691  13.394835
1136.337124  13.394933
1136.357557  13.394794
1136.377990  13.394877
1136.398423  13.394708
1136.418856  13.395036
1136.439288  13.394803
1136.459721  13.395139
1136.480154  13.394914
1136.500587  13.394772
1136.521020  13.395046
1136.541453  13.394747
1136.561886  13.394917
1136.582319  13.394740
1136.602751  13.394667
1136.623184  13.394791
1136.643617  13.394760
1136.664050  13.395251
1136.684483  13.395103
1136.704916  13.394856
1136.725349  13.394659
1136.745782  13.394658
1136.766215  13.395050
1136.786648  13.394869
1136.807080  13.394858
1136.827513  13.394857
1136.847946  13.394655
1136.868379  13.394769
1136.888812  13.394704
1136.909245  13.394683
1136.929678  13.394579
1136.950111  13.394980
1136.970544  13.395091
1136.990976  13.394714
1137.011409  13.394774
1137.031842  13.394825
1137.052275  13.394762
1137.072708  13.394937
1137.093141  13.394828
1137.113574  13.394943
1137.134007  13.394888
1137.154439  13.394986
1137.174872  13.395058
1137.195305  13.394762
1137.215738  13.394785
1137.236171  13.394882
1137.256604  13.394751
1137.277037  13.394709
1137.297470  13.395015
1137.317903  13.394926
1137.338335  13.394786
1137.358768  13.395068
1137.379201  13.394804
1137.399634  13.394884
1137.420067  13.394838
1137.440500  13.394964
1137.460933  13.394802
1137.481366  13.394801
1137.501798  13.394894
1137.522231  13.394890
1137.542664  13.394855
1137.563097  13.394671
1137.583530  13.394924
1137.603963  13.394613
1137.624396  13.394808
1137.644829  13.395089
1137.665262  13.394734
1137.685694  13.394647
1137.706127  13.394914
1137.726560  13.394772
1137.746993  13.395056
1137.767426  13.394839
1137.787859  13.394918
1137.808292  13.395050
1137.828725  13.394934
1137.849158  13.394809
1137.869590  13.394798
1137.890023  13.394738
1137.910456  13.394956
1137.930889  13.394770
1137.951322  13.394846
1137.971755  13.394951
1137.992188  13.394688
1138.012621  13.394936
1138.033054  13.395006
1138.053486  13.395017
1138.073919  13.394865
1138.094352  13.394918
1138.114785  13.394960
1138.135218  13.394872
1138.155651  13.394832
1138.176084  13.394773
1138.196517  13.394825
1138.216950  13.394737
1138.237382  13.394811
1138.257815  13.394822
1138.278248  13.394645
1138.298681  13.394955
1138.319114  13.394815
1138.339547  13.394916
1138.359980  13.394844
1138.400846  13.394950
1138.421279  13.394807
1138.441711  13.394951
1138.462144  13.394881
1138.482577  13.394507
1138.503010  13.395093
1138.523443  13.394743
1138.543876  13.395216
1138.564309  13.394824
1138.584742  13.394943
1138.605174  13.394874
1138.625607  13.394909
1138.646040  13.394689
1138.666473  13.394734
1138.686906  13.394650
1138.707339  13.394788
1138.727772  13.394765
1138.748205  13.394895
1138.768638  13.394543
1138.789070  13.394763
1138.809503  13.394790
1138.829936  13.394924
1138.850369  13.394992
1138.870802  13.394714
1138.891235  13.394877
1138.911668  13.395103
1138.932101  13.395271
1138.952533  13.394872
1138.972966  13.394868
1138.993399  13.394842
1139.013832  13.394726
1139.054698  13.395058
1139.075131  13.394621
1139.095564  13.394742
1139.115997  13.394938
1139.136429  13.394708
1139.156862  13.394853
1139.177295  13.394956
1139.197728  13.395179
1139.218161  13.394657
1139.238594  13.395154
1139.259027  13.394908
1139.279460  13.395084
1139.299893  13.394744
1139.320326  13.394760
1139.340758  13.394723
1139.361191  13.394559
1139.381624  13.394696
1139.402057  13.394887
1139.422490  13.395021
1139.442923  13.394673
1139.463356  13.394932
1139.483789  13.394601
1139.504221  13.395068
1139.524654  13.394614
1139.545087  13.394907
1139.565520  13.394843
1139.585953  13.394786
1139.606386  13.394927
1139.626819  13.394903
1139.647252  13.394800
1139.667685  13.394940
1139.688117  13.394846
1139.708550  13.395068
1139.728983  13.394910
1139.749416  13.394965
1139.769849  13.394948
1139.790282  13.394789
1139.810715  13.394802
1139.831148  13.394827
1139.851580  13.394821
1139.872013  13.394989
1139.892446  13.394849
1139.912879  13.394753
1139.933312  13.394897
1139.953745  13.394486
1139.974178  13.394851
1139.994611  13.394877
1140.015044  13.395133
1140.035476  13.394863
1140.055909  13.394870
1140.076342  13.394923
1140.096775  13.395075
1140.117208  13.394815
1140.137641  13.394918
1140.158074  13.394615
1140.178507  13.394760
1140.198940  13.394745
1140.219372  13.395044
1140.239805  13.394934
1140.260238  13.395097
1140.280671  13.394800
1140.301104  13.394875
1140.321537  13.395044
1140.341970  13.394679
1140.362403  13.394814
1140.382836  13.394756
1140.403268  13.394852
1140.423701  13.394435
1140.444134  13.394971
1140.464567  13.394793
1140.485000  13.395004
1140.505433  13.394800
1140.525866  13.394680
1140.546299  13.394970
1140.566731  13.394988
1140.587164  13.394728
1140.607597  13.394840
1140.628030  13.394508
1140.648463  13.394824
1140.668896  13.395046
1140.689329  13.394825
1140.709762  13.394887
1140.730195  13.394811
1140.750628  13.394561
1140.771060  13.394915
1140.791493  13.394931
1140.811926  13.394908
1140.832359  13.394944
1140.852792  13.394942
1140.873225  13.394864
1140.893658  13.394485
1140.914091  13.395062
1140.934523  13.394833
1140.954956  13.394975
1140.975389  13.394753
1140.995822  13.395107
1141.016255  13.395034
1141.036688  13.394914
1141.057121  13.394985
1141.077554  13.394747
1141.097987  13.395024
1141.118419  13.394782
1141.138852  13.395233
1141.159285  13.394841
1141.179718  13.394467
1141.200151  13.394736
1141.220584  13.394717
1141.241017  13.394734
1141.261450  13.394861
1141.281883  13.394665
1141.302316  13.395025
1141.322748  13.394825
1141.343181  13.394848
1141.384047  13.395035
1141.404480  13.394851
1141.424913  13.395094
1141.445346  13.394870
1141.465779  13.394876
1141.486211  13.394748
1141.506644  13.394765
1141.527077  13.394962
1141.547510  13.395202
1141.567943  13.394576
1141.588376  13.394977
1141.608809  13.394809
1141.629242  13.394868
1141.649675  13.394656
1141.670107  13.394882
1141.690540  13.394879
1141.710973  13.394831
1141.731406  13.394680
1141.751839  13.394873
1141.772272  13.394840
1141.792705  13.394741
1141.813138  13.394941
1141.833570  13.394825
1141.854003  13.394862
1141.874436  13.395058
1141.894869  13.394801
1141.915302  13.394651
1141.935735  13.394744
1141.956168  13.394747
1141.976601  13.394949
1141.997034  13.394836
1142.017467  13.394781
1142.037899  13.394874
1142.058332  13.395002
1142.078765  13.394989
1142.099198  13.394868
1142.119631  13.394906
1142.140064  13.394967
1142.160497  13.394887
1142.180930  13.394850
1142.201363  13.394923
1142.221795  13.395100
1142.242228  13.394845
1142.262661  13.394937
1142.283094  13.394869
1142.303527  13.394838
1142.323960  13.394729
1142.344393  13.394664
1142.364826  13.394815
1142.385259  13.394824
1142.405691  13.394862
1142.426124  13.394743
1142.446557  13.394743
1142.466990  13.394672
1142.487423  13.394899
1142.507856  13.394762
1142.528289  13.394849
1142.548722  13.394810
1142.569155  13.394943
1142.589587  13.394655
1142.610020  13.394590
1142.630453  13.394946
1142.650886  13.394863
1142.671319  13.394977
1142.691752  13.394586
1142.712185  13.394818
1142.732618  13.394857
1142.753051  13.395044
1142.773483  13.395127
1142.793916  13.394837
1142.814349  13.394757
1142.834782  13.394871
1142.855215  13.394936
1142.875648  13.394834
1142.896081  13.394836
1142.916514  13.394986
1142.936947  13.394733
1142.957379  13.395261
1142.977812  13.394898
1142.998245  13.395010
1143.018678  13.394946
1143.039111  13.394661
1143.059544  13.394767
1143.079977  13.395054
1143.100410  13.394681
1143.120842  13.394721
1143.141275  13.395078
1143.161708  13.395191
1143.182141  13.394867
1143.202574  13.395103
1143.223007  13.394766
1143.243440  13.394653
1143.263873  13.394800
1143.284306  13.394848
1143.304739  13.394907
1143.325171  13.395055
1143.345604  13.394854
1143.366037  13.394871
1143.386470  13.394900
1143.406903  13.395007
1143.427336  13.394767
1143.447769  13.394649
1143.468202  13.394930
1143.488635  13.394821
1143.509067  13.394715
1143.529500  13.394595
1143.549933  13.394775
1143.570366  13.394900
1143.590799  13.394760
1143.611232  13.394839
1143.631665  13.394768
1143.652098  13.394790
1143.672530  13.394825
1143.692963  13.394625
1143.713396  13.394827
1143.733829  13.394968
1143.754262  13.394716
1143.774695  13.394622
1143.795128  13.395056
1143.815561  13.394845
1143.835994  13.394848
1143.856427  13.394692
1143.876859  13.394915
1143.897292  13.395020
1143.917725  13.394904
1143.938158  13.394844
1143.958591  13.394747
1143.979024  13.394959
1143.999457  13.394694
1144.019890  13.394889
1144.040323  13.394824
1144.060755  13.394972
1144.081188  13.394872
1144.101621  13.394927
1144.122054  13.395018
1144.142487  13.394894
1144.162920  13.394967
1144.183353  13.394734
1144.203786  13.395059
1144.224219  13.394911
1144.244651  13.394824
1144.265084  13.394705
1144.285517  13.394751
1144.305950  13.395109
1144.326383  13.394487
1144.367249  13.394714
1144.387682  13.394804
1144.408115  13.395043
1144.428548  13.394843
1144.448980  13.394796
1144.469413  13.394941
1144.489846  13.394713
1144.510279  13.394861
1144.530712  13.394965
1144.551145  13.394820
1144.571578  13.394747
1144.592011  13.394999
1144.612443  13.395097
1144.632876  13.395125
1144.653309  13.394906
1144.673742  13.394929
1144.694175  13.394969
1144.714608  13.394951
1144.735041  13.394796
1144.755474  13.394827
1144.775907  13.394826
1144.796339  13.394954
1144.816772  13.394681
1144.837205  13.394662
1144.857638  13.395056
1144.878071  13.394848
1144.898504  13.395057
1144.918937  13.394773
1144.939370  13.394929
1144.959803  13.394850
1144.980236  13.394859
1145.000668  13.394706
1145.021101  13.394597
1145.041534  13.394941
1145.061967  13.394278
1145.082400  13.394815
1145.102833  13.395107
1145.123266  13.394890
1145.143699  13.394943
1145.164132  13.394951
1145.184564  13.394773
1145.204997  13.395155
1145.225430  13.394897
1145.245863  13.394693
1145.266296  13.394763
1145.286729  13.394686
1145.307162  13.394781
1145.327595  13.394755
1145.348028  13.394880
1145.368461  13.394689
1145.388893  13.394916
1145.409326  13.394858
1145.429759  13.394971
1145.450192  13.395028
1145.470625  13.394686
1145.491058  13.394805
1145.511491  13.394808
1145.531924  13.394931
1145.552356  13.394619
1145.572789  13.394764
1145.593222  13.394959
1145.613655  13.394690
1145.634088  13.394858
1145.654521  13.394722
1145.674954  13.395003
1145.695387  13.394456
1145.715820  13.395157
1145.736253  13.394772
1145.756685  13.395022
1145.777118  13.394830
1145.797551  13.395100
1145.817984  13.394948
1145.838417  13.394875
1145.858850  13.395063
1145.879283  13.394849
1145.899716  13.394944
1145.920149  13.394887
1145.940582  13.394875
1145.961014  13.394769
1145.981447  13.394909
1146.001880  13.394925
1146.022313  13.394784
1146.042746  13.394925
1146.063179  13.394999
1146.083612  13.394599
1146.104045  13.395086
1146.124478  13.394768
1146.144910  13.394690
1146.165343  13.394792
1146.185776  13.394904
1146.206209  13.394790
1146.226642  13.394711
1146.247075  13.395112
1146.267508  13.395188
1146.287941  13.394938
1146.308374  13.394757
1146.328807  13.394801
1146.349239  13.394725
1146.369672  13.395159
1146.390105  13.394737
1146.410538  13.394934
1146.430971  13.395066
1146.451404  13.394781
1146.471837  13.394749
1146.492270  13.394928
1146.512703  13.394455
1146.533136  13.394727
1146.553568  13.394778
1146.574001  13.394782
1146.594434  13.394895
1146.614867  13.394732
1146.635300  13.394757
1146.655733  13.394841
1146.676166  13.394800
1146.696599  13.394916
1146.717031  13.394854
1146.737464  13.394940
1146.757897  13.394923
1146.778330  13.394651
1146.798763  13.394772
1146.819196  13.394737
1146.839629  13.394936
1146.860062  13.394946
1146.880495  13.395030
1146.900928  13.394894
1146.921360  13.394893
1146.941793  13.394994
1146.962226  13.394768
1146.982659  13.395093
1147.003092  13.394774
1147.023525  13.394869
1147.043958  13.394752
1147.064391  13.394947
1147.084824  13.394896
1147.105257  13.394899
1147.125689  13.394871
1147.146122  13.394730
1147.166555  13.394798
1147.186988  13.394786
1147.207421  13.394660
1147.227854  13.394878
1147.248287  13.394850
1147.268720  13.394924
1147.289153  13.394774
1147.309586  13.394975
1147.350451  13.394729
1147.370884  13.394819
1147.391317  13.394952
1147.411750  13.394912
1147.432183  13.394599
1147.452616  13.394928
1147.473049  13.394819
1147.493482  13.394811
1147.513914  13.394921
1147.534347  13.394808
1147.554780  13.394807
1147.575213  13.394919
1147.595646  13.395045
1147.616079  13.394914
1147.636512  13.394927
1147.656945  13.395154
1147.677378  13.394929
1147.697810  13.394859
1147.718243  13.394694
1147.738676  13.395079
1147.759109  13.394843
1147.779542  13.394825
1147.799975  13.394700
1147.820408  13.394857
1147.840841  13.395093
1147.861274  13.394689
1147.881707  13.394720
1147.902139  13.394737
1147.922572  13.394626
1147.943005  13.395203
1147.963438  13.394805
1147.983871  13.394974
1148.004304  13.394905
1148.024737  13.394822
1148.045170  13.394961
1148.065603  13.395091
1148.086036  13.394823
1148.106468  13.395008
1148.126901  13.394534
1148.147334  13.394773
1148.167767  13.394508
1148.188200  13.394953
1148.208633  13.394743
1148.229066  13.394860
1148.249499  13.394720
1148.269932  13.394728
1148.290365  13.394739
1148.310797  13.394840
1148.331230  13.394840
1148.351663  13.394745
1148.372096  13.394858
1148.392529  13.394733
1148.412962  13.394994
1148.433395  13.395006
1148.453828  13.394738
1148.474261  13.394825
1148.494694  13.394987
1148.515126  13.394838
1148.535559  13.394946
1148.555992  13.394668
1148.576425  13.394967
1148.596858  13.394603
1148.617291  13.395200
1148.637724  13.394892
1148.658157  13.394814
1148.678590  13.394843
1148.699023  13.394712
1148.719455  13.395085
1148.739888  13.394861
1148.760321  13.394814
1148.780754  13.394835
1148.801187  13.394909
1148.821620  13.394911
1148.842053  13.394686
1148.862486  13.394973
1148.882919  13.394972
1148.903352  13.395020
1148.923784  13.395112
1148.944217  13.394773
1148.964650  13.394950
1148.985083  13.395056
1149.005516  13.394871
1149.025949  13.394823
1149.046382  13.394820
1149.066815  13.394851
1149.087248  13.394735
1149.107681  13.395026
1149.128113  13.394887
1149.148546  13.394918
1149.168979  13.394839
1149.189412  13.394733
1149.209845  13.394743
1149.230278  13.394740
1149.250711  13.394880
1149.271144  13.395066
1149.291577  13.394993
1149.312010  13.394868
1149.332442  13.394877
1149.352875  13.394608
1149.373308  13.394881
1149.393741  13.394751
1149.414174  13.394735
1149.434607  13.394619
1149.455040  13.394636
1149.475473  13.394797
1149.495906  13.394922
1149.516339  13.394729
1149.536771  13.394784
1149.557204  13.395077
1149.577637  13.394713
1149.598070  13.394659
1149.618503  13.394792
1149.638936  13.394903
1149.659369  13.394993
1149.679802  13.394613
1149.700235  13.395026
1149.720668  13.394934
1149.741100  13.395029
1149.761533  13.394697
1149.781966  13.395184
1149.802399  13.394826
1149.822832  13.394817
1149.843265  13.394610
1149.863698  13.394729
1149.884131  13.394717
1149.904564  13.394954
1149.924997  13.395114
1149.945429  13.394929
1149.965862  13.394892
1149.986295  13.394841
1150.006728  13.394435
1150.027161  13.395144
1150.047594  13.394691
1150.068027  13.394940
1150.088460  13.394999
1150.108893  13.394969
1150.129326  13.394700
1150.149759  13.394887
1150.170191  13.394655
1150.190624  13.394922
1150.211057  13.394606
1150.231490  13.394953
1150.251923  13.395023
1150.272356  13.394964
1150.292789  13.395002
1150.333655  13.394934
1150.354088  13.395017
1150.374520  13.394913
1150.394953  13.394861
1150.415386  13.394790
1150.435819  13.395119
1150.456252  13.394801
1150.476685  13.395024
1150.497118  13.394814
1150.517551  13.395163
1150.537984  13.394763
1150.558417  13.394787
1150.578849  13.394986
1150.599282  13.395048
1150.619715  13.394544
1150.640148  13.394637
1150.660581  13.394922
1150.681014  13.394774
1150.701447  13.394612
1150.721880  13.394876
1150.742313  13.394705
1150.762746  13.394849
1150.783178  13.395033
1150.803611  13.394688
1150.824044  13.394983
1150.844477  13.394710
1150.864910  13.394820
1150.885343  13.394738
1150.905776  13.395062
1150.926209  13.394803
1150.946642  13.395004
1150.967075  13.394757
1150.987507  13.394608
1151.007940  13.394803
1151.028373  13.394719
1151.048806  13.394958
1151.069239  13.394858
1151.089672  13.394975
1151.110105  13.394804
1151.130538  13.394667
1151.150971  13.394977
1151.171404  13.395725
1151.191837  13.397229
1151.212270  13.399086
1151.232702  13.399817
1151.253135  13.400183
1151.273568  13.400492
1151.294001  13.400509
1151.314434  13.400513
1151.334867  13.400340
1151.355300  13.400338
1151.375733  13.399697
1151.396166  13.399009
1151.416599  13.397741
1151.437031  13.396334
1151.457464  13.395112
1151.477897  13.394831
1151.498330  13.394880
1151.518763  13.394903
1151.539196  13.395031
1151.559629  13.394976
1151.580062  13.394583
1151.600495  13.394929
1151.620928  13.394707
1151.641361  13.394870
1151.661793  13.395120
1151.682226  13.394922
1151.702659  13.394719
1151.723092  13.394740
1151.743525  13.395058
1151.763958  13.394827
1151.784391  13.394965
1151.804824  13.394904
1151.825257  13.395071
1151.845690  13.395021
1151.866122  13.394589
1151.886555  13.395025
1151.906988  13.394880
1151.927421  13.394942
1151.947854  13.394911
1151.968287  13.394710
1151.988720  13.394687
1152.009153  13.394969
1152.029586  13.394601
1152.050019  13.394503
1152.070452  13.394852
1152.090885  13.395148
1152.111317  13.394693
1152.131750  13.394911
1152.152183  13.394968
1152.172616  13.394991
1152.193049  13.394796
1152.213482  13.394794
1152.233915  13.394999
1152.254348  13.394847
1152.274781  13.394784
1152.295214  13.394677
1152.315646  13.394850
1152.336079  13.394799
1152.356512  13.394923
1152.376945  13.395025
1152.397378  13.394925
1152.417811  13.394948
1152.438244  13.394717
1152.458677  13.394930
1152.479110  13.394956
1152.499543  13.394733
1152.519976  13.394823
1152.540409  13.394958
1152.560841  13.394802
1152.581274  13.394758
1152.601707  13.394717
1152.622140  13.394713
1152.642573  13.394565
1152.663006  13.394747
1152.683439  13.394738
1152.703872  13.394778
1152.724305  13.394848
1152.744738  13.394846
1152.765171  13.394906
1152.785603  13.395096
1152.806036  13.394994
1152.826469  13.394822
1152.846902  13.395003
1152.867335  13.394655
1152.887768  13.394825
1152.908201  13.395083
1152.928634  13.395053
1152.949067  13.394736
1152.969500  13.394869
1152.989933  13.394677
1153.010365  13.394948
1153.030798  13.394778
1153.051231  13.394952
1153.071664  13.395053
1153.092097  13.394994
1153.112530  13.394907
1153.132963  13.395055
1153.153396  13.394692
1153.173829  13.394888
1153.194262  13.394919
1153.214695  13.394818
1153.235127  13.394753
1153.255560  13.395064
1153.275993  13.394805
1153.316859  13.394749
1153.337292  13.394830
1153.357725  13.394940
1153.378158  13.394764
1153.398591  13.394770
1153.419024  13.394699
1153.439457  13.394741
1153.459890  13.394881
1153.480322  13.394769
1153.500755  13.394747
1153.521188  13.394894
1153.541621  13.395096
1153.562054  13.394639
1153.582487  13.394675
1153.602920  13.395094
1153.623353  13.394753
1153.643786  13.394936
1153.664219  13.394989
1153.684652  13.395102
1153.705084  13.394708
1153.725517  13.394470
1153.745950  13.395122
1153.766383  13.394889
1153.786816  13.394874
1153.807249  13.394996
1153.827682  13.394837
1153.848115  13.394468
1153.868548  13.394903
1153.888981  13.394985
1153.909414  13.394736
1153.929847  13.394877
1153.950279  13.395007
1156.953922  13.395092
1156.974354  13.394605
1156.994787  13.394700
1157.015220  13.394922
1157.035653  13.394713
1157.056086  13.394873
1157.076519  13.394627
1157.096952  13.395078
1157.117385  13.394599
1157.137818  13.395035
1157.158251  13.394698
1157.178684  13.394784
1157.199117  13.394848
1157.219550  13.395005
1157.239983  13.394935
1157.260416  13.394842
1157.280848  13.394914
1157.301281  13.395095
1157.321714  13.394997
1157.342147  13.394900
1157.362580  13.395111
1157.383013  13.394908
1157.403446  13.394771
1157.423879  13.394768
1157.464745  13.394903
1157.485178  13.395007
1157.505611  13.395000
1157.526044  13.394876
1157.546476  13.394799
1157.566909  13.395068
1157.587342  13.394670
1157.607775  13.394635
1157.628208  13.394816
1157.648641  13.394962
1157.669074  13.394708
1157.689507  13.394730
1157.709940  13.394783
1157.730373  13.394931
1157.750806  13.394753
1157.771239  13.394445
1157.791672  13.395018
1157.812105  13.394985
1157.832538  13.394809
1157.852970  13.394995
1157.873403  13.394880
1157.893836  13.394839
1157.914269  13.394669
1157.934702  13.394731
1157.955135  13.394737
1157.975568  13.395049
1157.996001  13.394779
1158.016434  13.394966
1158.036867  13.394871
1158.057300  13.394808
1158.077733  13.394617
1158.098166  13.394885
1158.118598  13.394783
1158.139032  13.394478
1158.159464  13.394725
1158.179897  13.394973
1158.200330  13.395051
1158.220763  13.394912
1158.241196  13.394925
1158.261629  13.394849
1158.282062  13.394864
1158.302495  13.394842
1158.322928  13.395011
1158.343361  13.394849
1158.363794  13.394943
1158.384227  13.394762
1158.404660  13.394904
1158.425093  13.394950
1158.445525  13.394946
1158.465958  13.394792
1158.486391  13.394863
1158.506824  13.394807
1158.527257  13.395003
1158.547690  13.395008
1158.568123  13.395074
1158.588556  13.394880
1158.608989  13.394953
1158.629422  13.394679
1158.649855  13.394642
1158.670288  13.394800
1158.690721  13.395059
1158.711154  13.394807
1158.731586  13.394890
1158.752019  13.394629
1158.772452  13.394654
1158.792885  13.394964
1158.813318  13.395070
1158.833751  13.394925
1158.854184  13.394783
1158.874617  13.394771
1158.895050  13.394682
1158.915483  13.395027
1158.935916  13.394846
1158.956349  13.394993
1158.976782  13.394984
1158.997215  13.394732
1159.017648  13.394811
1159.038081  13.394959
1159.058513  13.394937
1159.078946  13.394790
1159.099379  13.394977
1159.119812  13.394811
1159.140245  13.394808
1159.160678  13.394923
1159.181111  13.394782
1159.201544  13.394651
1159.221977  13.395080
1159.242410  13.395035
1159.262843  13.394896
1159.283276  13.394732
1159.303709  13.394973
1159.324142  13.394817
1159.344575  13.394827
1159.365008  13.394920
1159.385440  13.394685
1159.405873  13.394892
1159.426306  13.394807
1159.446739  13.394790
1159.467172  13.394697
1159.487605  13.394804
1159.508038  13.394796
1159.528471  13.394825
1159.548904  13.394781
1159.569337  13.394734
1159.589770  13.394567
1159.610203  13.395041
1159.630636  13.394746
1159.651069  13.394971
1159.671501  13.394851
1159.691935  13.394787
1159.712367  13.394831
1159.732800  13.394708
1159.753233  13.394778
1159.773666  13.394914
1159.794099  13.394892
1159.814532  13.394886
1159.834965  13.394857
1159.855398  13.395015
1159.875831  13.394670
1159.896264  13.395001
1159.916697  13.394878
1159.937130  13.394827
1159.957563  13.394760
1159.977996  13.394935
1159.998429  13.394788
1160.018862  13.394965
1160.039295  13.395186
1160.059727  13.394664
1160.080160  13.394765
1160.100593  13.394807
1160.121026  13.395004
1160.141459  13.394729
1160.161892  13.395062
1160.182325  13.394698
1160.202758  13.395011
1160.223191  13.394901
1160.243624  13.394831
1160.264057  13.394906
1160.284490  13.394837
1160.304923  13.394854
1160.325356  13.394820
1160.345789  13.394786
1160.366222  13.394900
1160.386654  13.395072
1160.407087  13.394969
1160.447953  13.394920
1160.468386  13.394726
1160.488819  13.394792
1160.509252  13.394349
1160.529685  13.395118
1160.550118  13.394958
1160.570551  13.395050
1160.590984  13.395127
1160.611417  13.394975
1160.631850  13.394888
1160.652283  13.394935
1160.672716  13.394914
1160.693149  13.394960
1160.713582  13.394631
1160.734015  13.394738
1160.754447  13.394931
1160.774880  13.394811
1160.795313  13.394915
1160.815746  13.395114
1160.836179  13.394650
1160.856612  13.394604
1160.877045  13.394831
1160.897478  13.394663
1160.917911  13.395116
1160.938344  13.394879
1160.958777  13.394981
1160.979210  13.395181
1160.999643  13.394622
1161.020076  13.394782
1161.040509  13.394593
1161.060942  13.394521
1161.081375  13.394960
1161.101808  13.395072
1161.122241  13.394802
1161.142673  13.394632
1161.163106  13.394884
1161.183539  13.394825
1161.203972  13.394715
1161.224405  13.394766
1161.244838  13.394539
1161.265271  13.394720
1161.285704  13.394792
1161.306137  13.394852
1161.326570  13.395011
1161.347003  13.394742
1161.367436  13.394765
1161.387869  13.395021
1161.408302  13.394668
1161.428735  13.394960
1161.449168  13.394838
1161.469601  13.394999
1161.490033  13.394874
1161.510466  13.394820
1161.530899  13.394748
1161.551332  13.394805
1161.571765  13.394800
1161.592198  13.394920
1161.612631  13.394780
1161.633064  13.395028
1161.653497  13.395052
1161.673930  13.394577
1161.694363  13.394962
1161.714796  13.394936
1161.735229  13.395174
1161.755662  13.395101
1161.776095  13.394916
1161.796528  13.394691
1161.816961  13.394762
1161.837394  13.394775
1161.857827  13.395056
1161.878260  13.394865
1161.898692  13.394684
1161.919125  13.394523
1161.939558  13.395173
1161.959991  13.395069
1161.980424  13.395135
1162.000857  13.394743
1162.021290  13.394989
1162.041723  13.395006
1162.062156  13.394766
1162.082589  13.394944
1162.103022  13.394864
1162.123455  13.394785
1162.143888  13.394937
1162.164321  13.394940
1162.184754  13.394689
1162.205187  13.394573
1162.225620  13.394985
1162.246053  13.395107
1162.266486  13.394772
1162.286918  13.394896
1162.307351  13.394869
1162.327784  13.394800
1162.348217  13.394663
1162.368650  13.394808
1162.389083  13.395056
1162.409516  13.395015
1162.429949  13.394873
1162.450382  13.394819
1162.470815  13.394753
1162.491248  13.394867
1162.511681  13.395073
1162.532114  13.394673
1162.552547  13.394863
1162.572980  13.394664
1162.593413  13.394721
1162.613846  13.394789
1162.634279  13.395049
1162.654712  13.394759
1162.675145  13.394542
1162.695578  13.394874
1162.716010  13.394938
1162.736443  13.394689
1162.756876  13.394656
1162.777309  13.394794
1162.797742  13.394780
1162.818175  13.394735
1162.838608  13.394684
1162.859041  13.394852
1162.879474  13.394871
1162.899907  13.394883
1162.920340  13.394744
1162.940773  13.394955
1162.961206  13.394926
1162.981639  13.395051
1163.002072  13.394934
1163.022505  13.394772
1163.042938  13.395300
1163.063371  13.394827
1163.083804  13.394892
1163.104237  13.394857
1163.124670  13.394821
1163.145103  13.394862
1163.165535  13.394719
1163.185968  13.394809
1163.206402  13.394694
1163.226834  13.394807
1163.247267  13.394866
1163.267700  13.395036
1163.288133  13.394708
1163.308566  13.394836
1163.328999  13.394940
1163.349432  13.394920
1163.369865  13.394851
1163.390298  13.395097
1163.410731  13.395098
1163.451597  13.394614
1163.472030  13.394921
1163.492463  13.394798
1163.512896  13.394869
1163.533329  13.394880
1163.553762  13.394903
1163.574195  13.394940
1163.594628  13.394743
1163.615061  13.394926
1163.635494  13.394897
1163.655926  13.394917
1163.676359  13.395293
1163.696792  13.394902
1163.717225  13.394797
1163.737658  13.395048
1163.758091  13.394670
1163.778524  13.394894
1163.798957  13.394831
1163.819390  13.394731
1163.839823  13.394891
1163.860256  13.394357
1163.880689  13.394849
1163.901122  13.394704
1163.921555  13.394730
1163.941988  13.394829
1163.962421  13.394799
1163.982854  13.395030
1164.003287  13.394822
1164.023720  13.394951
1164.044153  13.394751
1164.064586  13.394628
1164.085019  13.395023
1164.105452  13.394809
1164.125885  13.394780
1164.146318  13.394716
1164.166751  13.394949
1164.187183  13.394903
1164.207617  13.394802
1164.228049  13.394841
1164.248482  13.394877
1164.268915  13.394954
1164.289348  13.395119
1164.309781  13.394976
1164.330214  13.394572
1164.350647  13.394949
1164.371080  13.394682
1164.391513  13.394972
1164.411946  13.394898
1164.432379  13.394744
1164.452812  13.394860
1164.473245  13.394996
1164.493678  13.394638
1164.514111  13.394724
1164.534544  13.394949
1164.554977  13.394907
1164.575410  13.395203
1164.595843  13.394783
1164.616276  13.394882
1164.636709  13.394848
1164.657142  13.394803
1164.677575  13.394867
1164.698008  13.394721
1164.718441  13.394593
1164.738873  13.395034
1164.759306  13.395004
1164.779739  13.395008
1164.800172  13.394874
1164.820605  13.394859
1164.841038  13.394694
1164.861471  13.394860
1164.881904  13.394932
1164.902337  13.394981
1164.922770  13.394856
1164.943203  13.395317
1164.963636  13.395068
1164.984069  13.394902
1165.004502  13.394696
1165.024935  13.394708
1165.045368  13.394827
1165.065801  13.394741
1165.086234  13.394483
1165.106667  13.394910
1165.127100  13.394839
1165.147533  13.394971
1165.167966  13.394949
1165.188399  13.394861
1165.208832  13.394648
1165.229265  13.394753
1165.249698  13.394792
1165.270131  13.394785
1165.290564  13.394837
1165.310997  13.394779
1165.331430  13.394772
1165.351863  13.394990
1165.372295  13.394331
1165.392728  13.394747
1165.413161  13.394773
1165.433594  13.395021
1165.454027  13.394734
1165.474460  13.394809
1165.494893  13.395062
1165.515326  13.394969
1165.535759  13.394806
1165.556192  13.394582
1165.576625  13.395113
1165.597058  13.394829
1165.617491  13.394989
1165.637924  13.394646
1165.658357  13.394759
1165.678790  13.395087
1165.699223  13.395200
1165.719656  13.395201
1165.740089  13.395005
1165.760522  13.394950
1165.780955  13.394664
1165.801388  13.395087
1165.821821  13.394825
1165.842254  13.394788
1165.862687  13.394593
1165.883120  13.394696
1165.903553  13.395086
1165.923986  13.394941
1165.944419  13.394844
1165.964852  13.395012
1165.985285  13.394967
1166.005718  13.394729
1166.026151  13.394723
1166.046584  13.394582
1166.067016  13.394788
1166.087449  13.395001
1166.107882  13.394651
1166.128315  13.394904
1166.148748  13.394622
1166.169181  13.395099
1166.189614  13.394922
1166.210047  13.394625
1166.230480  13.394838
1166.250913  13.395061
1166.271346  13.394942
1166.291779  13.394994
1166.312212  13.394774
1166.332645  13.395093
1166.353078  13.394912
1166.373511  13.395001
1166.414377  13.394672
1166.434810  13.394890
1166.455243  13.394783
1166.475676  13.394778
1166.496109  13.394786
1166.516542  13.394920
1166.536975  13.394837
1166.557408  13.394795
1166.577841  13.394809
1166.598274  13.394936
1166.618707  13.394940
1166.639140  13.395014
1166.659573  13.394598
1166.680006  13.394792
1166.700439  13.394771
1166.720872  13.394945
1166.741305  13.394813
1166.761738  13.394959
1166.782171  13.394728
1166.802604  13.394804
1166.823037  13.394909
1166.843470  13.394876
1166.863903  13.394707
1166.884335  13.394866
1166.904769  13.394728
1166.925202  13.394707
1166.945634  13.394925
1166.966067  13.394785
1166.986500  13.394874
1167.006933  13.394836
1167.027366  13.394856
1167.047799  13.394866
1167.068232  13.394921
1167.088665  13.394723
1167.109098  13.394704
1167.129531  13.394839
1167.149964  13.394958
1167.170397  13.394919
1167.190830  13.394807
1167.211263  13.394990
1167.231696  13.394619
1167.252129  13.394934
1167.272562  13.395027
1167.292995  13.395043
1167.313428  13.394728
1167.333861  13.394775
1167.354294  13.394869
1167.374727  13.394961
1167.395160  13.394807
1167.415593  13.394929
1167.436026  13.394800
1167.456459  13.395053
1167.476892  13.395080
1167.497325  13.394794
1167.517758  13.394891
1167.538191  13.394669
1167.558624  13.394891
1167.579057  13.394723
1167.599490  13.395108
1167.619923  13.394917
1167.640356  13.394817
1167.660789  13.394644
1167.681222  13.395128
1167.701655  13.394718
1167.722088  13.394925
1167.742521  13.394905
1167.762954  13.394680
1167.783387  13.395036
1167.803820  13.395029
1167.824253  13.394616
1167.844686  13.394547
1167.865119  13.394742
1167.885552  13.394938
1167.905985  13.394983
1167.926418  13.394924
1167.946851  13.394820
1167.967283  13.395166
1167.987717  13.394977
1168.008150  13.394475
1168.028582  13.394749
1168.049015  13.394793
1168.069449  13.394727
1168.089881  13.395007
1168.110314  13.394966
1168.130747  13.394890
1168.151180  13.394857
1168.171613  13.394884
1168.192046  13.394892
1168.212479  13.394960
1168.232912  13.394876
1168.253345  13.394853
1168.273778  13.394991
1168.294211  13.394773
1168.314644  13.395041
1168.335077  13.394709
1168.355510  13.394510
1168.375943  13.394826
1168.396376  13.394751
1168.416809  13.395063
1168.437242  13.394832
1168.457675  13.394682
1168.478108  13.394584
1168.498541  13.394783
1168.518974  13.394890
1168.539407  13.394744
1168.559840  13.394859
1168.580273  13.394971
1168.600706  13.394942
1168.621139  13.394976
1168.641572  13.394857
1168.662005  13.394999
1168.682438  13.394915
1168.702871  13.394943
1168.723304  13.394652
1168.743737  13.394798
1168.764170  13.395028
1168.784603  13.394876
1168.805036  13.394650
1168.825469  13.394845
1168.845902  13.395038
1168.866335  13.394958
1168.886768  13.394945
1168.907201  13.395087
1168.927634  13.394875
1168.948067  13.394841
1168.968500  13.394856
1168.988933  13.394803
1169.009366  13.394967
1169.029799  13.394800
1169.050232  13.394695
1169.070665  13.394269
1169.091098  13.394991
1169.111531  13.394976
1169.131964  13.394964
1169.152397  13.394778
1169.172830  13.394562
1169.193263  13.394869
1169.213696  13.394787
1169.234129  13.394848
1169.254562  13.394870
1169.274995  13.395019
1169.295428  13.394952
1169.315861  13.394784
1169.336294  13.394632
1169.356727  13.395002
1169.397593  13.394782
1169.418026  13.395021
1169.438459  13.394720
1169.458892  13.394849
1169.479325  13.394838
1169.499758  13.394914
1169.520191  13.394932
1169.540624  13.394842
1169.561057  13.394830
1169.581490  13.394817
1169.601923  13.394843
1169.622356  13.394879
1169.642789  13.394643
1169.663222  13.394778
1169.683655  13.394944
1169.704088  13.394855
1169.724521  13.394852
1169.744954  13.394992
1169.765387  13.394955
1169.785820  13.394839
1169.806253  13.394901
1169.826686  13.394914
1169.847119  13.394795
1169.867552  13.395074
1169.887985  13.395012
1169.908418  13.394880
1169.928851  13.394809
1169.949284  13.394588
1169.969717  13.394673
1169.990150  13.394866
1170.010583  13.394886
1170.031016  13.395184
1170.051449  13.395103
1170.071882  13.394782
1170.092315  13.395003
1170.112748  13.394905
1170.133181  13.394819
1170.153614  13.394996
1170.174047  13.394840
1170.194480  13.394743
1170.214913  13.394945
1170.235346  13.394842
1170.255779  13.394765
1170.276212  13.394951
1170.296645  13.394851
1170.317078  13.394816
1170.337511  13.394812
1170.357944  13.394838
1170.378377  13.395031
1170.398810  13.394919
1170.419243  13.394682
1170.439676  13.394707
1170.460109  13.394806
1170.480542  13.394868
1170.500975  13.394932
1170.521408  13.394653
1170.541841  13.394889
1170.562274  13.394767
1170.582707  13.394702
1170.603140  13.394818
1170.623573  13.394983
1170.644006  13.394931
1170.664439  13.394594
1170.684872  13.394740
1170.705305  13.394693
1170.725738  13.394642
1170.746171  13.394636
1170.766604  13.394723
1170.787037  13.394742
1170.807470  13.394950
1170.827903  13.394820
1170.848336  13.394714
1170.868769  13.395139
1170.889202  13.394891
1170.909635  13.395193
1170.930068  13.394892
1170.950501  13.394720
1170.970934  13.394877
1170.991367  13.394724
1171.011800  13.394973
1171.032233  13.394994
1171.052666  13.394977
1171.073099  13.394883
1171.093532  13.395096
1171.113965  13.394791
1171.134398  13.395051
1171.154831  13.394693
1171.175264  13.394717
1171.195697  13.394883
1171.216130  13.394688
1171.236563  13.394681
1171.256996  13.394842
1171.277429  13.394954
1171.297862  13.394727
1171.318295  13.394954
1171.338727  13.394879
1171.359160  13.394973
1171.379593  13.394906
1171.400026  13.395026
1171.420459  13.395059
1171.440892  13.394861
1171.461325  13.395201
1171.481758  13.394960
1171.502191  13.394770
1171.522624  13.394852
1171.543057  13.394673
1171.563490  13.394867
1171.583924  13.394785
1171.604356  13.394734
1171.624789  13.394992
1171.645223  13.394964
1171.665655  13.394896
1171.686088  13.394621
1171.706522  13.394912
1171.726955  13.394813
1171.747388  13.395069
1171.767820  13.394910
1171.788254  13.394921
1171.808687  13.394859
1171.829119  13.394718
1171.849553  13.394930
1171.869986  13.395017
1171.890419  13.394688
1171.910852  13.394835
1171.931285  13.394744
1171.951718  13.394772
1171.972151  13.394740
1171.992584  13.394817
1172.013017  13.394776
1172.033450  13.394787
1172.053883  13.394615
1172.074316  13.394607
1172.094749  13.394816
1172.115182  13.394779
1172.135615  13.394983
1172.156048  13.394889
1172.176481  13.395111
1172.196914  13.394912
1172.217347  13.394917
1172.237780  13.394824
1172.258213  13.394939
1172.278646  13.395053
1172.299079  13.394612
1172.319512  13.394985
1172.360378  13.394923
1172.380811  13.394884
1172.401244  13.394895
1172.421677  13.394786
1172.442110  13.394400
1172.462543  13.394767
1172.482976  13.394850
1172.503409  13.394928
1172.523842  13.394922
1172.544275  13.394683
1172.564708  13.395057
1172.585141  13.394811
1172.605574  13.395018
1172.626007  13.394955
1172.646440  13.394793
1172.666873  13.395051
1172.687306  13.394711
1172.707739  13.394847
1172.728172  13.394987
1172.748605  13.394778
1172.769038  13.394669
1172.789471  13.394975
1172.809904  13.394676
1172.830337  13.394757
1172.850770  13.395006
1172.871203  13.394576
1172.891636  13.394900
1172.912069  13.394890
1172.932502  13.394807
1172.952935  13.395084
1172.973368  13.395128
1172.993801  13.394823
1173.014235  13.394539
1173.034667  13.394855
1173.055101  13.394714
1173.075534  13.394886
1173.095967  13.394817
1173.116400  13.394792
1173.136833  13.394727
1173.157266  13.395108
1173.177699  13.394900
1173.198132  13.395069
1173.218565  13.395049
1173.238998  13.394845
1173.259431  13.394766
1173.279864  13.394805
1173.300297  13.394987
1173.320730  13.394847
1173.341163  13.394800
1173.361596  13.394767
1173.382029  13.394879
1173.402462  13.394887
1173.422895  13.394896
1173.443328  13.394935
1173.463761  13.394831
1173.484194  13.394840
1173.504627  13.394747
1173.525060  13.394980
1173.545493  13.394935
1173.565926  13.394894
1173.586359  13.395038
1173.606792  13.394950
1173.627225  13.394676
1173.647658  13.394705
1173.668091  13.394719
1173.688524  13.395059
1173.708957  13.394984
1173.729390  13.394987
1173.749823  13.394827
1173.770256  13.394562
1173.790689  13.394949
1173.811122  13.394663
1173.831555  13.395056
1173.851988  13.394930
1173.872421  13.394805
1173.892855  13.394890
1173.913287  13.395037
1173.933721  13.394814
1173.954154  13.394814
1173.974587  13.394958
1173.995020  13.394780
1174.015453  13.394699
1174.035886  13.394668
1174.056319  13.394902
1174.076752  13.394561
1174.097185  13.394886
1174.117618  13.394984
1174.138051  13.394792
1174.158484  13.394558
1174.178917  13.394824
1174.199350  13.394730
1174.219783  13.394960
1174.240216  13.394794
1174.260649  13.394751
1174.281082  13.394917
1174.301515  13.394959
1174.321948  13.394741
1174.342381  13.394966
1174.362814  13.394848
1174.383247  13.394825
1174.403680  13.394685
1174.424113  13.394607
1174.444546  13.394744
1174.464979  13.394881
1174.485412  13.394871
1174.505845  13.394792
1174.526278  13.395069
1174.546711  13.394996
1174.567144  13.394853
1174.587577  13.394855
1174.608011  13.395004
1174.628444  13.394893
1174.648877  13.394926
1174.669310  13.394963
1174.689743  13.395012
1174.710176  13.394948
1174.730609  13.394950
1174.751042  13.394998
1174.771475  13.395009
1174.791908  13.394804
1174.812341  13.394973
1174.832774  13.394676
1174.853207  13.395155
1174.873640  13.394562
1174.894073  13.394866
1174.914506  13.394754
1174.934939  13.395026
1174.955372  13.395030
1174.975805  13.394711
1174.996238  13.394995
1175.016671  13.394983
1175.037104  13.394628
1175.057537  13.394813
1175.077970  13.394945
1175.098403  13.394940
1175.118836  13.394580
1175.139269  13.394841
1175.159702  13.394649
1175.180135  13.394668
1175.200568  13.394699
1175.221002  13.394806
1175.241435  13.394775
1175.261868  13.394936
1175.282301  13.394873
1175.302734  13.395062
1175.323167  13.394473
1175.364033  13.394828
1175.384466  13.394812
1175.404899  13.394844
1175.425332  13.394960
1175.445765  13.394779
1175.466198  13.394920
1175.486631  13.395040
1175.507064  13.394878
1175.527497  13.394924
1175.547930  13.394772
1175.568363  13.395055
1175.588796  13.394888
1175.609229  13.394615
1175.629662  13.395057
1175.650095  13.394846
1175.670528  13.395140
1175.690961  13.394722
1175.711394  13.394777
1175.731828  13.394851
1175.752261  13.394933
1175.772694  13.394793
1175.793127  13.395046
1175.813560  13.394891
1175.833993  13.394960
1175.854426  13.394882
1175.874859  13.394807
1175.895292  13.394808
1175.915725  13.394593
1175.936158  13.394928
1175.956591  13.394697
1175.977024  13.394741
1175.997457  13.394784
1176.017890  13.394790
1176.038323  13.394890
1176.058756  13.395079
1176.079189  13.394766
1176.099622  13.395039
1176.120055  13.394857
1176.140488  13.394658
1176.160921  13.394896
1176.181354  13.394953
1176.201787  13.394795
1176.222221  13.394825
1176.242654  13.394847
1176.263087  13.394662
1176.283520  13.394699
1176.303953  13.395176
1176.324386  13.394861
1176.344819  13.394782
1176.365252  13.394844
1176.385685  13.394972
1176.406118  13.394768
1176.426551  13.394766
1176.446984  13.394754
1176.467417  13.394901
1176.487850  13.394859
1176.508283  13.394803
1176.528716  13.395091
1176.549149  13.394918
1176.569582  13.394835
1176.590015  13.395010
1176.610448  13.394730
1176.630881  13.395013
1176.651315  13.394660
1176.671748  13.394750
1176.692181  13.394774
1176.712614  13.394844
1176.733047  13.394686
1176.753480  13.395079
1176.773913  13.394977
1176.794346  13.395151
1176.814779  13.394828
1176.835212  13.394782
1176.855645  13.394975
1176.876078  13.394818
1176.896511  13.395086
1176.916944  13.394831
1176.937377  13.394669
1176.957810  13.394854
1176.978243  13.394883
1176.998676  13.394915
1177.019109  13.394695
1177.039543  13.394717
1177.059975  13.395114
1177.080409  13.394629
1177.100842  13.394785
1177.121275  13.395056
1177.141708  13.394687
1177.162141  13.394670
1177.182574  13.394560
1177.203007  13.394755
1177.223440  13.394890
1177.243873  13.394761
1177.264306  13.394967
1177.284739  13.394846
1177.305172  13.394900
1177.325605  13.395029
1177.346038  13.394984
1177.366471  13.394773
1177.386904  13.394962
1177.407337  13.394792
1177.427770  13.394898
1177.448204  13.394887
1177.468637  13.394950
1177.489070  13.394856
1177.509503  13.395071
1177.529936  13.394794
1177.550369  13.394868
1177.570802  13.394817
1177.591235  13.394946
1177.611668  13.394771
1177.632101  13.394887
1177.652534  13.395030
1177.672967  13.394828
1177.693400  13.394568
1177.713833  13.394826
1177.734266  13.394890
1177.754699  13.394692
1177.775132  13.394874
1177.795566  13.394886
1177.815998  13.394949
1177.836432  13.394762
1177.856865  13.394753
1177.877298  13.394912
1177.897731  13.394744
1177.918164  13.394901
1177.938597  13.394888
1177.959030  13.395084
1177.979463  13.394770
1177.999896  13.394842
1178.020329  13.394880
1178.040762  13.394913
1178.061195  13.394909
1178.081628  13.394926
1178.102061  13.394876
1178.122495  13.394933
1178.142927  13.394670
1178.163361  13.394827
1178.183794  13.394649
1178.204227  13.395065
1178.224660  13.394990
1178.245093  13.394800
1178.265526  13.394898
1178.285959  13.394836
1178.306392  13.394742
1178.347258  13.394835
1178.367691  13.394707
1178.388124  13.394811
1178.408557  13.394987
1178.428990  13.394632
1178.449424  13.395003
1178.469856  13.394831
1178.490290  13.394969
1178.510723  13.394784
1178.531156  13.394690
1178.551589  13.395146
1178.572022  13.394828
1178.592455  13.394957
1178.612888  13.394615
1178.633321  13.394834
1178.653754  13.394965
1178.674187  13.394912
1178.694620  13.395233
1178.715053  13.394910
1178.735486  13.394780
1178.755919  13.394608
1178.776352  13.394819
1178.796786  13.394731
1178.817219  13.394769
1178.837652  13.394683
1178.858085  13.394740
1178.878518  13.395259
1178.898951  13.394800
1178.919384  13.394821
1178.939817  13.394958
1178.960250  13.394848
1178.980683  13.394699
1179.001116  13.394702
1179.021549  13.395050
1179.041982  13.394589
1179.062415  13.394655
1179.082848  13.395044
1179.103282  13.394922
1179.123715  13.394896
1179.144148  13.394817
1179.164581  13.394719
1179.185014  13.394944
1179.205447  13.394978
1179.225880  13.394925
1179.246313  13.394665
1179.266746  13.395133
1179.287179  13.394879
1179.307612  13.394900
1179.328045  13.394335
1179.348478  13.394965
1179.511943  13.394811
1179.532376  13.395142
1179.552809  13.394981
1179.573242  13.395035
1179.593675  13.394967
1179.614108  13.394951
1179.634541  13.394728
1179.654974  13.394674
1179.675408  13.394939
1179.695841  13.394695
1179.716274  13.394911
1179.736707  13.394764
1179.757140  13.395012
1179.777573  13.395084
1179.798006  13.394969
1179.818439  13.394752
1179.838872  13.394736
1179.879738  13.394927
1179.900171  13.394906
1179.920604  13.394896
1179.941038  13.394698
1179.961471  13.394683
1179.981904  13.394931
1180.002337  13.395145
1180.022770  13.394596
1180.043203  13.394906
1180.063636  13.394974
1180.084069  13.395026
1180.104502  13.394796
1180.124935  13.394705
1180.145368  13.394827
1180.165801  13.395027
1180.186234  13.394695
1180.206668  13.394769
1180.227101  13.394755
1180.247534  13.394909
1180.267967  13.394869
1180.288400  13.394911
1180.308833  13.395037
1180.329266  13.394881
1180.349699  13.394663
1180.370132  13.394759
1180.390565  13.394720
1180.410998  13.395022
1180.431431  13.394785
1180.451864  13.394578
1180.472298  13.394767
1180.492731  13.394796
1180.513164  13.394722
1180.533597  13.394929
1180.554030  13.394811
1180.574463  13.394921
1180.594896  13.394721
1180.615329  13.394935
1180.635762  13.395048
1180.656195  13.394881
1180.676628  13.394701
1180.697061  13.394645
1180.717494  13.394881
1180.737928  13.394915
1180.758361  13.394797
1180.778794  13.394526
1180.799227  13.394868
1180.819660  13.394869
1180.840093  13.394851
1180.860526  13.394938
1180.880959  13.394910
1180.901392  13.395173
1180.921825  13.394889
1180.942258  13.394852
1180.962691  13.394887
1180.983125  13.394909
1181.003558  13.394923
1181.023991  13.394727
1181.044424  13.394801
1181.064857  13.394813
1181.085290  13.394994
1181.105723  13.394835
1181.126156  13.395017
1181.146589  13.394693
1181.167022  13.394897
1181.187455  13.394890
1181.207889  13.394978
1181.228322  13.394660
1181.248755  13.394962
1181.269188  13.394850
1181.310054  13.395173
1181.330487  13.394919
1181.350920  13.394969
1181.371353  13.394625
1181.391786  13.394922
1181.412219  13.394970
1181.432653  13.394585
1181.453086  13.395040
1181.473519  13.394782
1181.493952  13.394729
1181.514385  13.394803
1181.534818  13.394953
1181.555251  13.395242
1181.575684  13.394815
1181.596117  13.394826
1181.616550  13.394557
1181.636983  13.394778
1181.657416  13.394959
1181.677850  13.394715
1181.698283  13.395132
1181.718716  13.395130
1181.739149  13.395132
1181.759582  13.394978
1181.780015  13.394867
1181.800448  13.394637
1181.820881  13.395057
1181.841314  13.394865
1181.861747  13.395108
1181.882181  13.394809
1181.902614  13.394854
1181.923047  13.394768
1181.943480  13.394770
1181.963913  13.394921
1181.984346  13.394916
1182.004779  13.394413
1182.025212  13.394607
1182.045645  13.394685
1182.066078  13.394590
1182.086511  13.394847
1182.106945  13.394602
1182.127378  13.394575
1182.147811  13.395070
1182.168244  13.394924
1182.188677  13.394707
1182.209110  13.394687
1182.229543  13.394966
1182.249976  13.394814
1182.270409  13.394697
1182.290842  13.395118
1182.311276  13.394766
1182.331709  13.394803
1182.352142  13.394779
1182.372575  13.394638
1182.393008  13.394869
1182.413441  13.394604
1182.454307  13.394626
1182.474740  13.394567
1182.495173  13.394855
