2456131.170484  11.264484 1.000000 
2456131.190918  11.264416 1.000000 
2456131.211352  11.264444 1.000000 
2456131.231786  11.264467 1.000000 
2456131.252220  11.264510 1.000000 
2456131.293088  11.264506 1.000000 
2456131.313522  11.264443 1.000000 
2456131.333956  11.264460 1.000000 
2456131.354390  11.264457 1.000000 
2456131.374824  11.264465 1.000000 
2456131.395258  11.264496 1.000000 
2456131.415692  11.264505 1.000000 
2456131.436126  11.264457 1.000000 
2456131.456560  11.264408 1.000000 
2456131.476994  11.264468 1.000000 
2456131.497428  11.264463 1.000000 
2456131.517862  11.264241 1.000000 
2456131.538296  11.264413 1.000000 
2456131.558730  11.264503 1.000000 
2456131.579164  11.264489 1.000000 
2456131.599598  11.264437 1.000000 
2456131.620032  11.264438 1.000000 
2456131.640466  11.264466 1.000000 
2456131.660900  11.264387 1.000000 
2456131.681334  11.264457 1.000000 
2456131.701768  11.264419 1.000000 
2456131.722202  11.264443 1.000000 
2456131.742636  11.264450 1.000000 
2456131.763070  11.264469 1.000000 
2456131.783504  11.264436 1.000000 
2456131.803938  11.264448 1.000000 
2456131.824372  11.264475 1.000000 
2456131.844806  11.264469 1.000000 
2456131.865240  11.264474 1.000000 
2456131.885674  11.264457 1.000000 
2456131.906108  11.264441 1.000000 
2456131.926542  11.264439 1.000000 
2456131.946976  11.264488 1.000000 
2456131.967410  11.264484 1.000000 
2456131.987844  11.264358 1.000000 
2456132.008278  11.264501 1.000000 
2456132.028712  11.264518 1.000000 
2456132.049146  11.264426 1.000000 
2456132.069580  11.264493 1.000000 
2456132.090014  11.264442 1.000000 
2456132.110448  11.264409 1.000000 
2456132.130882  11.264434 1.000000 
2456132.151316  11.264485 1.000000 
2456132.171750  11.264493 1.000000 
2456132.192184  11.264437 1.000000 
2456132.212618  11.264445 1.000000 
2456132.233052  11.264484 1.000000 
2456132.253486  11.264454 1.000000 
2456132.273920  11.264459 1.000000 
2456132.294354  11.264374 1.000000 
2456132.314788  11.264518 1.000000 
2456132.335222  11.264381 1.000000 
2456132.355656  11.264515 1.000000 
2456132.376090  11.264448 1.000000 
2456132.396524  11.264498 1.000000 
2456132.416958  11.264442 1.000000 
2456132.437392  11.264426 1.000000 
2456132.457826  11.264541 1.000000 
2456132.478260  11.264417 1.000000 
2456132.498694  11.264512 1.000000 
2456132.519128  11.264489 1.000000 
2456132.539562  11.264389 1.000000 
2456132.559996  11.264428 1.000000 
2456132.580430  11.264539 1.000000 
2456132.600864  11.264502 1.000000 
2456132.621298  11.264451 1.000000 
2456132.641732  11.264449 1.000000 
2456132.662166  11.264508 1.000000 
2456132.682600  11.264468 1.000000 
2456132.703034  11.264483 1.000000 
2456132.723468  11.264489 1.000000 
2456132.743902  11.264475 1.000000 
2456132.764336  11.264440 1.000000 
2456132.784770  11.264511 1.000000 
2456132.805204  11.264458 1.000000 
2456132.825638  11.264514 1.000000 
2456132.846072  11.264456 1.000000 
2456132.866506  11.264541 1.000000 
2456132.886940  11.264467 1.000000 
2456132.907374  11.264343 1.000000 
2456132.927808  11.264477 1.000000 
2456132.948242  11.264402 1.000000 
2456132.968676  11.264407 1.000000 
2456132.989110  11.264471 1.000000 
2456133.009544  11.264403 1.000000 
2456133.029978  11.264436 1.000000 
2456133.050412  11.264396 1.000000 
2456133.070846  11.264498 1.000000 
2456133.091280  11.264506 1.000000 
2456133.111714  11.264469 1.000000 
2456133.132148  11.264584 1.000000 
2456133.152582  11.264504 1.000000 
2456133.173016  11.264379 1.000000 
2456133.193450  11.264394 1.000000 
2456133.213884  11.264418 1.000000 
2456133.234318  11.264474 1.000000 
2456133.254752  11.264443 1.000000 
2456133.275185  11.264420 1.000000 
2456133.295619  11.264523 1.000000 
2456133.316054  11.265217 1.000000 
2456133.336487  11.266676 1.000000 
2456133.356921  11.268735 1.000000 
2456133.377355  11.270495 1.000000 
2456133.397789  11.271370 1.000000 
2456133.418223  11.271758 1.000000 
2456133.438657  11.271961 1.000000 
2456133.459091  11.272071 1.000000 
2456133.479525  11.272152 1.000000 
2456133.499959  11.272375 1.000000 
2456133.520393  11.272394 1.000000 
2456133.540827  11.272391 1.000000 
2456133.561261  11.272461 1.000000 
2456133.581695  11.272481 1.000000 
2456133.602129  11.272478 1.000000 
2456133.622563  11.272446 1.000000 
2456133.642997  11.272320 1.000000 
2456133.663431  11.272198 1.000000 
2456133.683865  11.272178 1.000000 
2456133.704299  11.272086 1.000000 
2456133.724733  11.271802 1.000000 
2456133.745167  11.271594 1.000000 
2456133.765601  11.271293 1.000000 
2456133.786035  11.270508 1.000000 
2456133.806469  11.268794 1.000000 
2456133.826903  11.266821 1.000000 
2456133.847337  11.265158 1.000000 
2456133.867771  11.264822 1.000000 
2456133.888205  11.264572 1.000000 
2456133.908639  11.264547 1.000000 
2456133.929073  11.264523 1.000000 
2456133.949507  11.264499 1.000000 
2456133.969941  11.264541 1.000000 
2456133.990375  11.264493 1.000000 
2456134.010809  11.264567 1.000000 
2456134.031243  11.264460 1.000000 
2456134.051677  11.264485 1.000000 
2456134.072111  11.264529 1.000000 
2456134.092544  11.264487 1.000000 
2456134.112978  11.264511 1.000000 
2456134.133412  11.264457 1.000000 
2456134.153846  11.264502 1.000000 
2456134.174280  11.264448 1.000000 
2456134.194714  11.264453 1.000000 
2456134.215148  11.264496 1.000000 
2456134.235582  11.264513 1.000000 
2456134.276450  11.264528 1.000000 
2456134.296884  11.264492 1.000000 
2456134.317318  11.264438 1.000000 
2456134.337752  11.264456 1.000000 
2456134.358186  11.264531 1.000000 
2456134.378620  11.264513 1.000000 
2456134.399054  11.264525 1.000000 
2456134.419488  11.264536 1.000000 
2456134.439922  11.264445 1.000000 
2456134.460356  11.264423 1.000000 
2456134.480790  11.264534 1.000000 
2456134.501224  11.264470 1.000000 
2456134.521658  11.264437 1.000000 
2456134.542092  11.264479 1.000000 
2456134.562526  11.264384 1.000000 
2456134.582960  11.264469 1.000000 
2456134.603394  11.264292 1.000000 
2456134.623828  11.264554 1.000000 
2456134.644262  11.264576 1.000000 
2456134.664695  11.264434 1.000000 
2456134.685129  11.264507 1.000000 
2456134.705564  11.264607 1.000000 
2456134.725997  11.264482 1.000000 
2456134.746431  11.264548 1.000000 
2456134.766865  11.264528 1.000000 
2456134.787299  11.264517 1.000000 
2456134.807733  11.264510 1.000000 
2456134.828167  11.264461 1.000000 
2456134.848601  11.264547 1.000000 
2456134.869035  11.264461 1.000000 
2456134.889469  11.264434 1.000000 
2456134.909903  11.264450 1.000000 
2456134.930337  11.264556 1.000000 
2456134.950771  11.264487 1.000000 
2456134.971205  11.264451 1.000000 
2456134.991639  11.264499 1.000000 
2456135.012073  11.264472 1.000000 
2456135.032507  11.264497 1.000000 
2456135.052941  11.264515 1.000000 
2456135.073375  11.264460 1.000000 
2456135.093809  11.264464 1.000000 
2456135.114243  11.264483 1.000000 
2456135.134677  11.264541 1.000000 
2456135.155110  11.264488 1.000000 
2456135.175544  11.264508 1.000000 
2456135.195978  11.264472 1.000000 
2456135.216412  11.264429 1.000000 
2456135.236846  11.264509 1.000000 
2456135.257280  11.264405 1.000000 
2456135.277714  11.264489 1.000000 
2456135.298148  11.264468 1.000000 
2456135.318582  11.264557 1.000000 
2456135.339016  11.264487 1.000000 
2456135.359450  11.264378 1.000000 
2456135.379884  11.264319 1.000000 
2456135.400318  11.264524 1.000000 
2456135.420752  11.264457 1.000000 
2456135.441186  11.264530 1.000000 
2456135.461620  11.264494 1.000000 
2456135.482054  11.264463 1.000000 
2456135.502488  11.264489 1.000000 
2456135.522922  11.264432 1.000000 
2456135.543356  11.264484 1.000000 
2456135.563789  11.264427 1.000000 
2456135.584223  11.264564 1.000000 
2456135.604658  11.264460 1.000000 
2456135.625091  11.264516 1.000000 
2456135.645525  11.264549 1.000000 
2456135.665959  11.264432 1.000000 
2456135.686393  11.264503 1.000000 
2456135.706827  11.264528 1.000000 
2456135.727261  11.264474 1.000000 
2456135.747695  11.264521 1.000000 
2456135.768129  11.264585 1.000000 
2456135.788563  11.264500 1.000000 
2456135.808997  11.264566 1.000000 
2456135.829431  11.264485 1.000000 
2456135.849865  11.264535 1.000000 
2456135.870299  11.264542 1.000000 
2456135.890733  11.264516 1.000000 
2456135.911167  11.264551 1.000000 
2456135.931601  11.264484 1.000000 
2456135.952035  11.264559 1.000000 
2456135.972469  11.264539 1.000000 
2456135.992903  11.264512 1.000000 
