975.505477  11.936395
975.525912  11.936448
975.546346  11.936338
975.566780  11.936475
975.587215  11.936377
975.607649  11.936378
975.628083  11.936370
975.648518  11.936235
975.668952  11.936391
975.689386  11.936360
975.709821  11.936366
975.730255  11.936221
975.750689  11.936190
975.771124  11.936497
975.791558  11.936335
975.811992  11.936575
975.832427  11.936306
975.852861  11.936164
975.873296  11.936175
975.893730  11.936259
975.914164  11.936271
975.934599  11.936258
975.955033  11.936308
975.975467  11.936388
975.995901  11.936254
976.016336  11.936275
976.036770  11.936249
976.057204  11.936199
976.077639  11.936222
976.098073  11.936283
976.118507  11.936267
976.138942  11.936129
976.159376  11.936268
976.179811  11.936227
976.200245  11.936306
976.220679  11.936093
976.241114  11.936082
976.261548  11.936224
976.281982  11.936239
976.302417  11.936238
976.322851  11.936300
976.363719  11.936332
976.384154  11.936271
976.404588  11.936371
976.425022  11.936474
976.445457  11.936316
976.465891  11.936327
976.486326  11.936255
976.506760  11.936262
976.527194  11.936174
976.547629  11.936325
976.568063  11.936442
976.588497  11.936345
976.608932  11.936428
976.629366  11.936315
976.649800  11.936461
976.670235  11.936368
976.690669  11.936414
976.711103  11.936339
976.731538  11.936393
976.751972  11.936505
976.772406  11.936488
976.792841  11.936413
976.813275  11.936377
976.833709  11.936322
976.854144  11.937679
976.874578  11.942699
976.895012  11.949359
976.915447  11.955533
976.935881  11.957906
976.956315  11.958927
976.976750  11.959968
976.997184  11.960231
977.017618  11.960840
977.038053  11.961103
977.058487  11.961145
977.078921  11.961552
977.099356  11.961428
977.119790  11.961271
977.140224  11.961105
977.160658  11.960592
977.181093  11.960126
977.201527  11.959376
977.221961  11.958439
977.242396  11.957223
977.262830  11.953425
977.283264  11.946750
977.303699  11.940365
977.324133  11.936785
977.344567  11.936271
977.365002  11.936431
977.385436  11.936359
977.405870  11.936199
977.426305  11.936205
977.446739  11.936237
977.467173  11.936288
977.487608  11.936340
977.508042  11.936324
977.528476  11.936239
977.548911  11.936407
977.569345  11.936330
977.589779  11.936356
977.610214  11.936230
977.630648  11.936347
977.651082  11.936304
977.671517  11.936316
977.691951  11.936253
977.712385  11.936185
977.732820  11.936184
977.753254  11.936234
977.773688  11.936146
977.794123  11.936282
977.814557  11.936212
977.834991  11.936242
977.855426  11.936163
977.875860  11.936380
977.896294  11.936418
977.916729  11.936509
977.937163  11.936340
977.957597  11.936433
977.978032  11.936541
977.998466  11.936283
978.018900  11.936295
978.039335  11.936284
978.059769  11.936302
978.080203  11.936379
978.100638  11.936304
978.121072  11.936364
978.141506  11.936403
978.161941  11.936383
978.182375  11.936479
978.202809  11.936354
978.223244  11.936389
978.243678  11.936411
978.264112  11.936309
978.284546  11.936278
978.304981  11.936147
978.325415  11.936167
978.345849  11.936154
978.366284  11.936141
978.386718  11.936292
978.407152  11.936389
978.427587  11.936277
978.448021  11.936228
978.468455  11.936188
978.488890  11.936265
978.509324  11.936289
