2456241.489634  11.271205 1.000000 
2456241.510066  11.271221 1.000000 
2456241.530499  11.271204 1.000000 
2456241.550932  11.271222 1.000000 
2456241.571364  11.271192 1.000000 
2456241.591797  11.271204 1.000000 
2456241.612230  11.271179 1.000000 
2456241.632662  11.271254 1.000000 
2456241.653095  11.271193 1.000000 
2456241.673528  11.271076 1.000000 
2456241.693960  11.271193 1.000000 
2456241.714393  11.271220 1.000000 
2456241.734826  11.271112 1.000000 
2456241.755259  11.271044 1.000000 
2456241.775691  11.271159 1.000000 
2456241.796124  11.271083 1.000000 
2456241.816556  11.271126 1.000000 
2456241.836989  11.271206 1.000000 
2456241.857422  11.271109 1.000000 
2456241.877855  11.271171 1.000000 
2456241.898287  11.271157 1.000000 
2456241.918720  11.271154 1.000000 
2456241.939153  11.271052 1.000000 
2456241.959585  11.271034 1.000000 
2456241.980018  11.271181 1.000000 
2456242.000451  11.271071 1.000000 
2456242.020883  11.271165 1.000000 
2456242.041316  11.271129 1.000000 
2456242.061749  11.271137 1.000000 
2456242.082181  11.271092 1.000000 
2456242.102614  11.271144 1.000000 
2456242.123047  11.271105 1.000000 
2456242.143479  11.271112 1.000000 
2456242.163912  11.271011 1.000000 
2456242.184345  11.270996 1.000000 
2456242.225210  11.271015 1.000000 
2456242.245643  11.271081 1.000000 
2456242.266076  11.271119 1.000000 
2456242.286508  11.271000 1.000000 
2456242.306941  11.271088 1.000000 
2456242.327374  11.271095 1.000000 
2456242.347806  11.271033 1.000000 
2456242.368239  11.271060 1.000000 
2456242.388672  11.270998 1.000000 
2456242.409104  11.271014 1.000000 
2456242.429537  11.271016 1.000000 
2456242.449970  11.271059 1.000000 
2456242.470402  11.270968 1.000000 
2456242.490835  11.270961 1.000000 
2456242.511268  11.271261 1.000000 
2456242.531700  11.271035 1.000000 
2456242.552133  11.270971 1.000000 
2456242.572566  11.271032 1.000000 
2456242.592998  11.270969 1.000000 
2456242.613431  11.271016 1.000000 
2456242.654297  11.270980 1.000000 
2456242.674729  11.270942 1.000000 
2456242.695162  11.270978 1.000000 
2456242.715595  11.270990 1.000000 
2456242.736027  11.270939 1.000000 
2456242.756460  11.270938 1.000000 
2456242.776893  11.270770 1.000000 
2456242.797325  11.270921 1.000000 
2456242.817758  11.270881 1.000000 
2456242.858623  11.270983 1.000000 
2456242.879056  11.270908 1.000000 
2456242.899489  11.270899 1.000000 
2456242.919922  11.270902 1.000000 
2456242.940354  11.270925 1.000000 
2456242.960787  11.270906 1.000000 
2456242.981220  11.270862 1.000000 
2456243.001652  11.270921 1.000000 
2456243.022085  11.270897 1.000000 
2456243.042518  11.270872 1.000000 
2456243.062950  11.270870 1.000000 
2456243.083383  11.270892 1.000000 
2456243.103816  11.270871 1.000000 
2456243.124248  11.270881 1.000000 
2456243.144681  11.270905 1.000000 
2456243.165114  11.270896 1.000000 
2456243.185546  11.270813 1.000000 
2456243.205979  11.270774 1.000000 
2456243.226412  11.270863 1.000000 
2456243.246844  11.270707 1.000000 
2456243.267277  11.270786 1.000000 
2456243.287710  11.270841 1.000000 
2456243.308142  11.270825 1.000000 
2456243.328575  11.270853 1.000000 
2456243.349008  11.270788 1.000000 
2456243.369440  11.270792 1.000000 
2456243.389873  11.270842 1.000000 
2456243.410306  11.270807 1.000000 
2456243.430738  11.270851 1.000000 
2456243.451171  11.270794 1.000000 
2456243.471604  11.270756 1.000000 
2456243.492037  11.270814 1.000000 
2456243.512469  11.270640 1.000000 
2456243.532902  11.270699 1.000000 
2456243.553335  11.270728 1.000000 
2456243.573767  11.270768 1.000000 
2456243.594200  11.270687 1.000000 
2456243.614633  11.270739 1.000000 
2456243.635065  11.271061 1.000000 
2456243.655498  11.272653 1.000000 
2456243.675931  11.274786 1.000000 
2456243.696363  11.276586 1.000000 
2456243.716796  11.277495 1.000000 
2456243.737229  11.277851 1.000000 
2456243.757661  11.278133 1.000000 
2456243.778094  11.278260 1.000000 
2456243.798527  11.278400 1.000000 
2456243.818959  11.278305 1.000000 
2456243.839392  11.278590 1.000000 
2456243.859825  11.278583 1.000000 
2456243.880257  11.278739 1.000000 
2456243.900690  11.278647 1.000000 
2456243.921123  11.278685 1.000000 
2456243.941555  11.278543 1.000000 
2456243.961988  11.278540 1.000000 
2456243.982421  11.278446 1.000000 
2456244.002854  11.278326 1.000000 
2456244.023286  11.278197 1.000000 
2456244.043719  11.278033 1.000000 
2456244.064152  11.277825 1.000000 
2456244.084584  11.277549 1.000000 
2456244.105017  11.276845 1.000000 
2456244.125450  11.275151 1.000000 
2456244.145882  11.273152 1.000000 
2456244.166315  11.271440 1.000000 
2456244.186748  11.270622 1.000000 
2456244.207180  11.270630 1.000000 
2456244.227613  11.270649 1.000000 
2456244.248046  11.270706 1.000000 
2456244.268478  11.270532 1.000000 
2456244.288911  11.270622 1.000000 
2456244.309344  11.270634 1.000000 
2456244.329776  11.270605 1.000000 
2456244.350209  11.270622 1.000000 
2456244.370642  11.270551 1.000000 
2456244.391075  11.270597 1.000000 
2456244.411507  11.270600 1.000000 
2456244.431940  11.270562 1.000000 
2456244.452373  11.270582 1.000000 
2456244.472805  11.270589 1.000000 
2456244.493238  11.270562 1.000000 
2456244.513670  11.270546 1.000000 
2456244.534103  11.270556 1.000000 
2456244.554536  11.270522 1.000000 
2456244.574969  11.270580 1.000000 
2456244.595401  11.270526 1.000000 
2456244.615834  11.270573 1.000000 
2456244.636267  11.270659 1.000000 
2456244.656699  11.270546 1.000000 
2456244.677132  11.270513 1.000000 
2456244.697564  11.270568 1.000000 
2456244.717997  11.270420 1.000000 
2456244.738430  11.270469 1.000000 
2456244.758863  11.270378 1.000000 
2456244.779295  11.270552 1.000000 
2456244.799728  11.270422 1.000000 
2456244.820161  11.270432 1.000000 
2456244.840593  11.270554 1.000000 
2456244.861026  11.270525 1.000000 
2456244.881459  11.270531 1.000000 
2456244.901891  11.270513 1.000000 
2456244.922324  11.270552 1.000000 
2456244.942757  11.270561 1.000000 
2456244.963189  11.270453 1.000000 
2456244.983622  11.270553 1.000000 
2456245.004055  11.270499 1.000000 
2456245.024487  11.270559 1.000000 
2456245.044920  11.270521 1.000000 
2456245.065353  11.270469 1.000000 
2456245.085785  11.270498 1.000000 
2456245.106218  11.270478 1.000000 
2456245.126651  11.270443 1.000000 
2456245.147083  11.270497 1.000000 
2456245.167516  11.270469 1.000000 
2456245.187949  11.270455 1.000000 
2456245.208382  11.270446 1.000000 
2456245.228814  11.270515 1.000000 
2456245.249247  11.270439 1.000000 
2456245.269679  11.270362 1.000000 
2456245.290112  11.270433 1.000000 
2456245.310545  11.270494 1.000000 
2456245.330977  11.270430 1.000000 
2456245.351410  11.270414 1.000000 
2456245.371843  11.270409 1.000000 
2456245.392276  11.270333 1.000000 
2456245.433141  11.270395 1.000000 
2456245.453574  11.270345 1.000000 
2456245.474006  11.270324 1.000000 
2456245.494439  11.270399 1.000000 
2456245.514872  11.270722 1.000000 
2456245.535304  11.270426 1.000000 
2456245.576170  11.271008 1.000000 
2456245.596602  11.270340 1.000000 
2456245.617035  11.270326 1.000000 
2456245.657900  11.270316 1.000000 
2456245.678333  11.270338 1.000000 
2456245.698766  11.270299 1.000000 
2456245.719198  11.270374 1.000000 
2456245.739631  11.270326 1.000000 
2456245.760064  11.270328 1.000000 
2456245.780496  11.270241 1.000000 
2456245.800929  11.270271 1.000000 
