2455795.078510  14.105461 1.000000 
2455795.098944  14.105209 1.000000 
2455795.119377  14.105446 1.000000 
2455795.139811  14.105216 1.000000 
2455795.160244  14.105302 1.000000 
2455795.180678  14.104778 1.000000 
2455795.201111  14.105191 1.000000 
2455795.221544  14.105224 1.000000 
2455795.241978  14.105616 1.000000 
2455795.262411  14.105398 1.000000 
2455795.282845  14.105699 1.000000 
2455795.303278  14.105448 1.000000 
2455795.323712  14.105467 1.000000 
2455795.344145  14.105261 1.000000 
2455795.364578  14.105146 1.000000 
2455795.385012  14.105571 1.000000 
2455795.405445  14.105390 1.000000 
2455795.425879  14.105229 1.000000 
2455795.446312  14.105391 1.000000 
2455795.466746  14.105034 1.000000 
2455795.487179  14.105042 1.000000 
2455795.507612  14.105182 1.000000 
2455795.528046  14.105130 1.000000 
2455795.548479  14.105539 1.000000 
2455795.568913  14.104559 1.000000 
2455795.589346  14.105547 1.000000 
2455795.609780  14.104967 1.000000 
2455795.630213  14.105177 1.000000 
2455795.650647  14.105292 1.000000 
2455795.671080  14.104876 1.000000 
2455795.691513  14.105511 1.000000 
2455795.711947  14.105276 1.000000 
2455795.732380  14.105249 1.000000 
2455795.752814  14.105381 1.000000 
2455795.773247  14.105373 1.000000 
2455795.793680  14.105711 1.000000 
2455795.814114  14.105213 1.000000 
2455795.834547  14.105175 1.000000 
2455795.854981  14.105302 1.000000 
2455795.875414  14.105394 1.000000 
2455795.895848  14.105650 1.000000 
2455795.916281  14.105686 1.000000 
2455795.936715  14.105644 1.000000 
2455795.957148  14.105445 1.000000 
2455795.977581  14.105526 1.000000 
2455795.998015  14.105175 1.000000 
2455796.018448  14.106332 1.000000 
2455796.038882  14.113618 1.000000 
2455796.059315  14.116436 1.000000 
2455796.079749  14.116657 1.000000 
2455796.100182  14.117416 1.000000 
2455796.120615  14.117290 1.000000 
2455796.141049  14.115638 1.000000 
2455796.161482  14.113949 1.000000 
2455796.181916  14.106892 1.000000 
2455796.202349  14.105902 1.000000 
2455796.222783  14.105661 1.000000 
2455796.243216  14.105728 1.000000 
2455796.263649  14.105299 1.000000 
2455796.284083  14.105864 1.000000 
2455796.304516  14.105410 1.000000 
2455796.324950  14.105377 1.000000 
2455796.345383  14.105749 1.000000 
2455796.365816  14.105549 1.000000 
2455796.386250  14.105219 1.000000 
2455796.406683  14.105719 1.000000 
2455796.427117  14.105758 1.000000 
2455796.447550  14.105158 1.000000 
2455796.467984  14.105611 1.000000 
2455796.488417  14.105579 1.000000 
2455796.508850  14.105732 1.000000 
2455796.529284  14.105458 1.000000 
2455796.549717  14.105019 1.000000 
2455796.570151  14.105530 1.000000 
2455796.590584  14.105579 1.000000 
2455796.611018  14.105505 1.000000 
2455796.631451  14.105487 1.000000 
2455796.651884  14.105598 1.000000 
2455796.672318  14.105912 1.000000 
2455796.692751  14.105648 1.000000 
2455796.713184  14.105263 1.000000 
2455796.733618  14.105658 1.000000 
2455796.754051  14.106129 1.000000 
2455796.774485  14.105953 1.000000 
2455796.794918  14.105652 1.000000 
2455796.815352  14.105877 1.000000 
2455796.856218  14.105506 1.000000 
2455796.876652  14.105842 1.000000 
2455796.897085  14.105509 1.000000 
2455796.917519  14.105554 1.000000 
2455796.937952  14.105690 1.000000 
2455796.958386  14.106146 1.000000 
2455796.978819  14.105665 1.000000 
2455796.999252  14.105966 1.000000 
2455797.019686  14.105509 1.000000 
2455797.040119  14.105917 1.000000 
2455797.060552  14.105718 1.000000 
2455797.080986  14.105617 1.000000 
2455797.101419  14.105998 1.000000 
2455797.121853  14.105907 1.000000 
