2455898.734174  14.101007 1.000000 
2455898.754607  14.100889 1.000000 
2455898.775040  14.100623 1.000000 
2455898.795472  14.101440 1.000000 
2455898.815905  14.101164 1.000000 
2455898.836337  14.100669 1.000000 
2455898.856770  14.100700 1.000000 
2455898.877202  14.100716 1.000000 
2455898.897635  14.101075 1.000000 
2455898.918068  14.100911 1.000000 
2455898.938500  14.100898 1.000000 
2455898.958933  14.101221 1.000000 
2455898.979366  14.101011 1.000000 
2455898.999798  14.100936 1.000000 
2455899.020231  14.101021 1.000000 
2455899.040663  14.100774 1.000000 
2455899.061096  14.100708 1.000000 
2455899.081529  14.100763 1.000000 
2455899.101961  14.100888 1.000000 
2455899.122394  14.100989 1.000000 
2455899.142826  14.101032 1.000000 
2455899.163259  14.101135 1.000000 
2455899.183691  14.101091 1.000000 
2455899.204124  14.101303 1.000000 
2455899.224557  14.101231 1.000000 
2455899.265422  14.101424 1.000000 
2455899.285854  14.100664 1.000000 
2455899.306287  14.101386 1.000000 
2455899.326720  14.100930 1.000000 
2455899.347152  14.101505 1.000000 
2455899.367585  14.101237 1.000000 
2455899.388017  14.100824 1.000000 
2455899.408450  14.101110 1.000000 
2455899.428883  14.101037 1.000000 
2455899.449315  14.100917 1.000000 
2455899.469748  14.100842 1.000000 
2455899.490180  14.100797 1.000000 
2455899.510613  14.100835 1.000000 
2455899.531046  14.101080 1.000000 
2455899.551478  14.101506 1.000000 
2455899.571911  14.101237 1.000000 
2455899.592343  14.101312 1.000000 
2455899.612776  14.101004 1.000000 
2455899.633209  14.100879 1.000000 
2455899.653641  14.101077 1.000000 
2455899.674074  14.102092 1.000000 
2455899.694507  14.109262 1.000000 
2455899.714939  14.111985 1.000000 
2455899.735372  14.112785 1.000000 
2455899.755804  14.113286 1.000000 
2455899.776237  14.112942 1.000000 
2455899.796670  14.112690 1.000000 
2455899.817102  14.110370 1.000000 
2455899.837535  14.103313 1.000000 
2455899.857967  14.101665 1.000000 
2455899.878400  14.101287 1.000000 
2455899.898833  14.101956 1.000000 
2455899.919265  14.101550 1.000000 
2455899.939698  14.100947 1.000000 
2455899.960131  14.101249 1.000000 
2455899.980563  14.101643 1.000000 
2455900.000996  14.101989 1.000000 
2455900.021428  14.101186 1.000000 
2455900.041861  14.101617 1.000000 
2455900.062294  14.101347 1.000000 
2455900.082726  14.101426 1.000000 
2455900.103159  14.101522 1.000000 
2455900.123591  14.101508 1.000000 
2455900.144024  14.101957 1.000000 
2455900.164456  14.101042 1.000000 
2455900.184889  14.102044 1.000000 
2455900.205322  14.101693 1.000000 
2455900.225754  14.101547 1.000000 
2455900.246187  14.101241 1.000000 
2455900.266619  14.101724 1.000000 
2455900.287052  14.101579 1.000000 
2455900.307485  14.101257 1.000000 
2455900.327917  14.101381 1.000000 
2455900.348350  14.101231 1.000000 
2455900.368783  14.101709 1.000000 
2455900.389215  14.101146 1.000000 
2455900.409648  14.101331 1.000000 
2455900.430080  14.100421 1.000000 
2455900.450513  14.101310 1.000000 
2455900.470946  14.101787 1.000000 
2455900.491378  14.101784 1.000000 
2455900.511811  14.101588 1.000000 
2455900.532243  14.101557 1.000000 
2455900.552676  14.101771 1.000000 
2455900.573109  14.101434 1.000000 
2455900.593541  14.101691 1.000000 
2455900.613974  14.101810 1.000000 
2455900.634407  14.101482 1.000000 
2455900.654839  14.101307 1.000000 
2455900.675272  14.101322 1.000000 
2455900.695704  14.101852 1.000000 
2455900.716137  14.101299 1.000000 
2455900.736570  14.101519 1.000000 
2455900.757002  14.101643 1.000000 
2455900.777435  14.101670 1.000000 
