2455967.838585  14.099720 1.000000 
2455967.859019  14.100194 1.000000 
2455967.899886  14.099535 1.000000 
2455967.920320  14.099746 1.000000 
2455967.940753  14.100058 1.000000 
2455967.961187  14.099586 1.000000 
2455967.981620  14.099859 1.000000 
2455968.002054  14.099409 1.000000 
2455968.022487  14.099734 1.000000 
2455968.042921  14.099617 1.000000 
2455968.063355  14.099810 1.000000 
2455968.083788  14.098996 1.000000 
2455968.104222  14.099410 1.000000 
2455968.124655  14.099765 1.000000 
2455968.165523  14.099619 1.000000 
2455968.185956  14.099721 1.000000 
2455968.206390  14.099464 1.000000 
2455968.226823  14.099588 1.000000 
2455968.247257  14.099649 1.000000 
2455968.267690  14.099640 1.000000 
2455968.288124  14.099628 1.000000 
2455968.308558  14.099535 1.000000 
2455968.328991  14.099502 1.000000 
2455968.349425  14.099998 1.000000 
2455968.369859  14.099714 1.000000 
2455968.390292  14.099568 1.000000 
2455968.410726  14.099914 1.000000 
2455968.431159  14.099601 1.000000 
2455968.451593  14.099524 1.000000 
2455968.472027  14.100054 1.000000 
2455968.492460  14.099435 1.000000 
2455968.512894  14.099549 1.000000 
2455968.533327  14.099807 1.000000 
2455968.553761  14.099304 1.000000 
2455968.574195  14.099590 1.000000 
2455968.594628  14.099571 1.000000 
2455968.615062  14.099424 1.000000 
2455968.635495  14.099578 1.000000 
2455968.655929  14.100035 1.000000 
2455968.676363  14.100032 1.000000 
2455968.696796  14.099362 1.000000 
2455968.717230  14.099772 1.000000 
2455968.737663  14.099793 1.000000 
2455968.758097  14.099775 1.000000 
2455968.778530  14.100021 1.000000 
2455968.798964  14.107008 1.000000 
2455968.819398  14.109967 1.000000 
2455968.839831  14.111242 1.000000 
2455968.860265  14.111333 1.000000 
2455968.880699  14.111436 1.000000 
2455968.901132  14.110382 1.000000 
2455968.921566  14.108405 1.000000 
2455968.941999  14.101212 1.000000 
2455968.962433  14.099401 1.000000 
2455968.982867  14.099448 1.000000 
2455969.003300  14.099420 1.000000 
2455969.023734  14.099154 1.000000 
2455969.044167  14.099444 1.000000 
2455969.064601  14.099588 1.000000 
2455969.085035  14.099002 1.000000 
2455969.105468  14.099743 1.000000 
2455969.125902  14.099511 1.000000 
2455969.146335  14.099283 1.000000 
2455969.166769  14.099066 1.000000 
2455969.187203  14.099685 1.000000 
2455969.207636  14.099317 1.000000 
2455969.228070  14.100252 1.000000 
2455969.248504  14.099225 1.000000 
2455969.268937  14.099400 1.000000 
2455969.289371  14.099028 1.000000 
2455969.309804  14.099409 1.000000 
2455969.330238  14.099454 1.000000 
2455969.350672  14.099314 1.000000 
2455969.371105  14.099305 1.000000 
2455969.391539  14.099498 1.000000 
2455969.411972  14.099386 1.000000 
2455969.432406  14.099521 1.000000 
2455969.452840  14.099172 1.000000 
2455969.473273  14.099402 1.000000 
2455969.493707  14.099315 1.000000 
2455969.514141  14.099231 1.000000 
2455969.534574  14.099300 1.000000 
2455969.555008  14.099640 1.000000 
2455969.575441  14.099512 1.000000 
2455969.595875  14.099231 1.000000 
2455969.616309  14.099344 1.000000 
2455969.636742  14.098961 1.000000 
2455969.657176  14.099405 1.000000 
2455969.677609  14.099388 1.000000 
2455969.698043  14.099352 1.000000 
2455969.718477  14.099354 1.000000 
2455969.738910  14.099486 1.000000 
2455969.759344  14.099478 1.000000 
2455969.779778  14.099476 1.000000 
2455969.800211  14.099374 1.000000 
2455969.820645  14.099436 1.000000 
2455969.841078  14.099439 1.000000 
2455969.861512  14.099500 1.000000 
2455969.881946  14.099692 1.000000 
