2455156.953571  14.074498 1.000000 
2455156.974003  14.070537 1.000000 
2455156.994436  14.070394 1.000000 
2455157.014869  14.070311 1.000000 
2455157.035301  14.070278 1.000000 
2455157.055734  14.070430 1.000000 
2455157.076166  14.069496 1.000000 
2455157.096599  14.069425 1.000000 
2455157.117031  14.069465 1.000000 
2455157.137464  14.069486 1.000000 
2455157.157897  14.068885 1.000000 
2455157.178329  14.069274 1.000000 
2455157.198762  14.069306 1.000000 
2455157.219194  14.069151 1.000000 
2455157.239627  14.068638 1.000000 
2455157.260060  14.068671 1.000000 
2455157.280492  14.069046 1.000000 
2455157.300925  14.068362 1.000000 
2455157.321357  14.068267 1.000000 
2455157.341790  14.068398 1.000000 
2455157.362223  14.068582 1.000000 
2455157.382655  14.068833 1.000000 
2455157.403088  14.069220 1.000000 
2455157.423520  14.069385 1.000000 
2455157.464386  14.069949 1.000000 
2455157.484818  14.071546 1.000000 
2455157.505251  14.072261 1.000000 
2455157.525683  14.071927 1.000000 
2455157.546116  14.072158 1.000000 
2455157.566549  14.072508 1.000000 
2455157.586981  14.073766 1.000000 
2455157.607414  14.073804 1.000000 
2455157.627846  14.073861 1.000000 
2455157.648279  14.074624 1.000000 
2455157.668712  14.074818 1.000000 
2455157.689144  14.074522 1.000000 
2455157.709577  14.075509 1.000000 
2455157.730010  14.075177 1.000000 
2455157.750442  14.075717 1.000000 
2455157.770875  14.075393 1.000000 
2455157.791307  14.075253 1.000000 
2455157.811740  14.075161 1.000000 
2455157.832173  14.075867 1.000000 
2455157.852605  14.075532 1.000000 
2455157.873038  14.075485 1.000000 
2455157.893470  14.075675 1.000000 
