2455864.182714  14.099508 1.000000 
2455864.203146  14.099266 1.000000 
2455864.223579  14.099802 1.000000 
2455864.244011  14.099874 1.000000 
2455864.264444  14.099448 1.000000 
2455864.284876  14.100241 1.000000 
2455864.305309  14.099329 1.000000 
2455864.325742  14.099363 1.000000 
2455864.346174  14.100093 1.000000 
2455864.366607  14.099868 1.000000 
2455864.387039  14.099679 1.000000 
2455864.407472  14.099724 1.000000 
2455864.427905  14.099647 1.000000 
2455864.448337  14.099860 1.000000 
2455864.468770  14.099508 1.000000 
2455864.489202  14.099643 1.000000 
2455864.509635  14.100066 1.000000 
2455864.530068  14.099715 1.000000 
2455864.550500  14.099780 1.000000 
2455864.570933  14.099853 1.000000 
2455864.591365  14.099790 1.000000 
2455864.611798  14.099179 1.000000 
2455864.632230  14.099761 1.000000 
2455864.652663  14.099572 1.000000 
2455864.673096  14.099358 1.000000 
2455864.693528  14.099979 1.000000 
2455864.713961  14.099978 1.000000 
2455864.734393  14.100035 1.000000 
2455864.754826  14.099521 1.000000 
2455864.775259  14.099792 1.000000 
2455866.062511  14.099634 1.000000 
2455866.082944  14.099514 1.000000 
2455866.103376  14.099889 1.000000 
2455866.123809  14.099497 1.000000 
2455866.144241  14.099790 1.000000 
2455866.164674  14.099678 1.000000 
2455866.185107  14.099693 1.000000 
2455866.205539  14.099975 1.000000 
2455866.225972  14.100017 1.000000 
