2456002.392303  14.100012 1.000000 
2456002.412737  14.100168 1.000000 
2456002.433171  14.100058 1.000000 
2456002.453605  14.099609 1.000000 
2456002.474040  14.100340 1.000000 
2456002.494474  14.100038 1.000000 
2456002.514908  14.099933 1.000000 
2456002.535342  14.100029 1.000000 
2456002.555776  14.099884 1.000000 
2456002.576211  14.099876 1.000000 
2456002.596645  14.099793 1.000000 
2456002.617079  14.100411 1.000000 
2456002.637513  14.100075 1.000000 
2456002.657947  14.100026 1.000000 
2456002.678381  14.099880 1.000000 
2456002.698816  14.099785 1.000000 
2456002.719250  14.099756 1.000000 
2456002.739684  14.100302 1.000000 
2456002.760118  14.099577 1.000000 
2456002.780552  14.099903 1.000000 
2456002.800987  14.100089 1.000000 
2456002.821421  14.099695 1.000000 
2456002.841855  14.099725 1.000000 
2456002.862289  14.099420 1.000000 
2456002.882723  14.099972 1.000000 
2456002.903158  14.099683 1.000000 
2456002.923592  14.099632 1.000000 
2456002.944026  14.100046 1.000000 
2456002.964460  14.100166 1.000000 
2456002.984894  14.099473 1.000000 
2456003.005329  14.099927 1.000000 
2456003.025763  14.099451 1.000000 
2456003.046197  14.099447 1.000000 
2456003.066631  14.100113 1.000000 
2456003.087065  14.100054 1.000000 
2456003.107499  14.099674 1.000000 
2456003.127934  14.099553 1.000000 
2456003.148368  14.099171 1.000000 
2456003.168802  14.099699 1.000000 
2456003.189236  14.100115 1.000000 
2456003.209670  14.099574 1.000000 
2456003.230105  14.099587 1.000000 
2456003.250539  14.099616 1.000000 
2456003.270973  14.099998 1.000000 
2456003.291407  14.099592 1.000000 
2456003.311841  14.099899 1.000000 
2456003.332276  14.100236 1.000000 
2456003.352710  14.107601 1.000000 
2456003.373144  14.110068 1.000000 
2456003.393578  14.111196 1.000000 
2456003.414012  14.111670 1.000000 
2456003.434447  14.111209 1.000000 
2456003.454881  14.110470 1.000000 
2456003.475315  14.108240 1.000000 
2456003.495749  14.101037 1.000000 
2456003.516183  14.099376 1.000000 
2456003.536618  14.099139 1.000000 
2456003.557052  14.099081 1.000000 
2456003.577486  14.099314 1.000000 
2456003.597920  14.099146 1.000000 
2456003.618354  14.099569 1.000000 
2456003.638789  14.099450 1.000000 
2456003.659223  14.099306 1.000000 
2456003.679657  14.099586 1.000000 
2456003.700091  14.099687 1.000000 
2456003.720525  14.099230 1.000000 
2456003.740959  14.099384 1.000000 
2456003.761394  14.099148 1.000000 
2456003.781828  14.099859 1.000000 
2456003.802262  14.099610 1.000000 
2456003.822696  14.099333 1.000000 
2456003.843131  14.099177 1.000000 
2456003.863565  14.099201 1.000000 
2456003.883999  14.099482 1.000000 
2456003.904433  14.099012 1.000000 
2456003.924868  14.099082 1.000000 
2456003.945302  14.098952 1.000000 
2456003.965736  14.098981 1.000000 
2456003.986170  14.099201 1.000000 
2456004.006604  14.099048 1.000000 
2456004.027039  14.099151 1.000000 
2456004.047473  14.099053 1.000000 
2456004.067907  14.099104 1.000000 
2456004.088341  14.099460 1.000000 
2456004.108775  14.099045 1.000000 
2456004.129209  14.099463 1.000000 
2456004.149644  14.098567 1.000000 
2456004.170078  14.099457 1.000000 
2456004.190512  14.099435 1.000000 
2456004.210946  14.099455 1.000000 
2456004.231380  14.099081 1.000000 
2456004.251815  14.098783 1.000000 
2456004.272249  14.099279 1.000000 
2456004.292683  14.099243 1.000000 
2456004.313117  14.099019 1.000000 
2456004.333551  14.099059 1.000000 
2456004.353986  14.098895 1.000000 
2456004.374420  14.098743 1.000000 
2456004.394854  14.099401 1.000000 
2456004.415288  14.099211 1.000000 
