2455985.125534  14.097804 1.000000 
2455985.145968  14.097826 1.000000 
2455985.166402  14.097661 1.000000 
2455985.186836  14.098049 1.000000 
2455985.207270  14.098146 1.000000 
2455985.227704  14.097810 1.000000 
2455985.248138  14.097934 1.000000 
2455985.268572  14.097619 1.000000 
2455985.289006  14.098420 1.000000 
2455985.309440  14.097921 1.000000 
2455985.329874  14.098290 1.000000 
2455985.350307  14.097429 1.000000 
2455985.370741  14.098156 1.000000 
2455985.391175  14.097955 1.000000 
2455985.411609  14.098090 1.000000 
2455985.432043  14.097877 1.000000 
2455985.452477  14.097728 1.000000 
2455985.472911  14.098383 1.000000 
2455985.493345  14.098026 1.000000 
2455985.513779  14.097884 1.000000 
2455985.534212  14.097932 1.000000 
2455985.554646  14.097948 1.000000 
2455985.575080  14.098186 1.000000 
2455985.595514  14.098331 1.000000 
2455985.615948  14.097784 1.000000 
2455985.636382  14.097956 1.000000 
2455985.656816  14.097790 1.000000 
2455985.677250  14.097979 1.000000 
2455985.697684  14.097693 1.000000 
2455985.718118  14.098086 1.000000 
2455985.738552  14.097996 1.000000 
2455985.779420  14.097715 1.000000 
2455985.799853  14.097781 1.000000 
2455985.820287  14.097914 1.000000 
2455985.840721  14.097877 1.000000 
2455985.861155  14.098045 1.000000 
2455985.881589  14.098115 1.000000 
2455985.902023  14.098331 1.000000 
2455985.922457  14.098535 1.000000 
2455985.942891  14.097904 1.000000 
2455985.963325  14.098000 1.000000 
2455985.983759  14.097776 1.000000 
2455986.004193  14.098274 1.000000 
2455986.024626  14.097857 1.000000 
2455986.045061  14.098684 1.000000 
2455986.065494  14.101652 1.000000 
2455986.085928  14.107385 1.000000 
2455986.106362  14.109377 1.000000 
2455986.126796  14.109861 1.000000 
2455986.147230  14.109791 1.000000 
2455986.167664  14.109647 1.000000 
2455986.188098  14.108490 1.000000 
2455986.208532  14.103894 1.000000 
2455986.228966  14.097900 1.000000 
2455986.249400  14.097517 1.000000 
2455986.269834  14.097838 1.000000 
2455986.290267  14.097992 1.000000 
2455986.310702  14.097362 1.000000 
2455986.331135  14.098123 1.000000 
2455986.351569  14.097675 1.000000 
2455986.372003  14.098116 1.000000 
2455986.392437  14.098045 1.000000 
2455986.412871  14.098027 1.000000 
2455986.433305  14.098505 1.000000 
2455986.453739  14.097854 1.000000 
2455986.474173  14.098144 1.000000 
2455986.494607  14.098015 1.000000 
