2455622.306723  14.111494 1.000000 
2455622.327157  14.111143 1.000000 
2455622.347591  14.111072 1.000000 
2455622.368025  14.111045 1.000000 
2455622.388459  14.110895 1.000000 
2455622.408893  14.110870 1.000000 
2455622.429327  14.111297 1.000000 
2455622.449761  14.111205 1.000000 
2455622.470196  14.110958 1.000000 
2455622.490629  14.110655 1.000000 
2455622.511064  14.111080 1.000000 
2455622.531498  14.111202 1.000000 
2455622.551932  14.110983 1.000000 
2455622.572366  14.110815 1.000000 
2455622.592800  14.110788 1.000000 
2455622.613234  14.110919 1.000000 
2455622.633668  14.110684 1.000000 
2455622.654102  14.110572 1.000000 
2455622.674536  14.111511 1.000000 
2455622.694970  14.110836 1.000000 
2455622.715404  14.110603 1.000000 
2455622.735838  14.110980 1.000000 
2455622.756272  14.111260 1.000000 
2455622.797141  14.110712 1.000000 
2455622.817575  14.110417 1.000000 
2455622.838009  14.110761 1.000000 
2455622.858443  14.111013 1.000000 
2455622.878877  14.111187 1.000000 
2455622.899311  14.111107 1.000000 
2455622.919745  14.111018 1.000000 
2455622.940179  14.110807 1.000000 
2455622.960613  14.110500 1.000000 
2455622.981047  14.111041 1.000000 
2455623.001481  14.110553 1.000000 
2455623.021915  14.111076 1.000000 
2455623.042349  14.110860 1.000000 
2455623.062783  14.110805 1.000000 
2455623.083218  14.110928 1.000000 
2455623.103651  14.110609 1.000000 
2455623.124086  14.110801 1.000000 
2455623.144520  14.111189 1.000000 
2455623.164954  14.111128 1.000000 
2455623.185388  14.110904 1.000000 
2455623.205822  14.110839 1.000000 
2455623.226256  14.110767 1.000000 
2455623.246690  14.110813 1.000000 
2455623.267124  14.115935 1.000000 
2455623.287558  14.120978 1.000000 
2455623.307992  14.122095 1.000000 
2455623.328426  14.122856 1.000000 
2455623.348860  14.122837 1.000000 
2455623.369294  14.122219 1.000000 
2455623.389729  14.120749 1.000000 
2455623.410163  14.114800 1.000000 
2455623.430597  14.110761 1.000000 
2455623.451031  14.110760 1.000000 
2455623.471465  14.110547 1.000000 
2455623.491899  14.111043 1.000000 
2455623.512333  14.110631 1.000000 
2455623.532767  14.110725 1.000000 
2455623.553201  14.110230 1.000000 
2455623.573635  14.110564 1.000000 
2455623.594069  14.110146 1.000000 
2455623.614503  14.111066 1.000000 
2455623.634938  14.110793 1.000000 
2455623.655372  14.110815 1.000000 
2455623.675806  14.110702 1.000000 
2455623.696240  14.110841 1.000000 
2455623.716674  14.111064 1.000000 
2455623.737108  14.110655 1.000000 
2455623.757542  14.110744 1.000000 
2455623.777976  14.110454 1.000000 
2455623.798410  14.110641 1.000000 
2455623.818844  14.110771 1.000000 
2455623.839278  14.110494 1.000000 
2455623.859712  14.110528 1.000000 
2455623.880147  14.110764 1.000000 
2455623.900581  14.110837 1.000000 
2455623.921015  14.110680 1.000000 
2455623.941449  14.110718 1.000000 
2455623.961883  14.110708 1.000000 
2455623.982317  14.110765 1.000000 
2455624.002751  14.110318 1.000000 
2455624.023185  14.110576 1.000000 
2455624.043619  14.111008 1.000000 
2455624.064053  14.110574 1.000000 
2455624.084487  14.110594 1.000000 
2455624.104922  14.110740 1.000000 
2455624.125356  14.110311 1.000000 
2455624.145790  14.111260 1.000000 
2455624.166224  14.110722 1.000000 
2455624.186658  14.110789 1.000000 
2455624.207092  14.110507 1.000000 
2455624.227526  14.110830 1.000000 
2455624.247960  14.110778 1.000000 
2455624.268394  14.110887 1.000000 
2455624.288828  14.110707 1.000000 
2455624.309262  14.110542 1.000000 
2455624.329696  14.110489 1.000000 
2455624.350131  14.110849 1.000000 
