2455363.172594  14.064594 1.000000 
2455363.193028  14.064426 1.000000 
2455363.213462  14.064641 1.000000 
2455363.233897  14.064166 1.000000 
2455363.254331  14.064372 1.000000 
2455363.274765  14.064374 1.000000 
2455363.295200  14.064539 1.000000 
2455363.315634  14.064581 1.000000 
2455363.336068  14.063863 1.000000 
2455363.356503  14.064345 1.000000 
2455363.376937  14.064114 1.000000 
2455363.397371  14.064451 1.000000 
2455363.417806  14.064314 1.000000 
2455363.438240  14.064124 1.000000 
2455363.458674  14.064528 1.000000 
2455363.479109  14.064056 1.000000 
2455363.499543  14.063835 1.000000 
2455363.519977  14.064094 1.000000 
2455363.540412  14.064261 1.000000 
2455363.560846  14.064416 1.000000 
2455363.581280  14.064313 1.000000 
2455363.601715  14.064181 1.000000 
2455363.622149  14.064183 1.000000 
2455363.642583  14.064206 1.000000 
2455363.663018  14.064368 1.000000 
2455363.683452  14.064162 1.000000 
2455363.724321  14.064165 1.000000 
2455363.744755  14.064197 1.000000 
2455363.765189  14.064070 1.000000 
2455363.785624  14.064587 1.000000 
2455363.806058  14.064140 1.000000 
2455363.826492  14.064085 1.000000 
2455363.846927  14.064261 1.000000 
2455363.867361  14.064418 1.000000 
2455363.887795  14.064282 1.000000 
2455363.908230  14.064311 1.000000 
2455363.928664  14.064609 1.000000 
2455363.949098  14.064328 1.000000 
2455363.969533  14.063645 1.000000 
2455363.989967  14.064216 1.000000 
2455364.010401  14.064478 1.000000 
2455364.030835  14.064264 1.000000 
2455364.051270  14.064593 1.000000 
2455364.071704  14.064312 1.000000 
2455364.092138  14.064251 1.000000 
2455364.112573  14.066084 1.000000 
2455364.133007  14.072783 1.000000 
2455364.153441  14.074641 1.000000 
2455364.173876  14.075498 1.000000 
2455364.194310  14.076323 1.000000 
2455364.214744  14.075470 1.000000 
2455364.235179  14.074975 1.000000 
2455364.255613  14.072566 1.000000 
2455364.276047  14.065503 1.000000 
2455364.296482  14.064107 1.000000 
2455364.316916  14.064579 1.000000 
2455364.337350  14.064283 1.000000 
2455364.357785  14.064390 1.000000 
2455364.378219  14.064423 1.000000 
2455364.398653  14.064609 1.000000 
2455364.419088  14.064151 1.000000 
2455364.439522  14.064858 1.000000 
2455364.459956  14.064651 1.000000 
2455364.480391  14.064619 1.000000 
2455364.500825  14.064303 1.000000 
2455364.521259  14.064695 1.000000 
2455364.541694  14.064283 1.000000 
2455364.562128  14.064497 1.000000 
2455364.582562  14.064873 1.000000 
2455364.602997  14.064702 1.000000 
2455364.623431  14.064265 1.000000 
2455364.643865  14.064574 1.000000 
2455364.664300  14.064289 1.000000 
2455364.684734  14.064790 1.000000 
2455364.705168  14.064350 1.000000 
2455364.725602  14.064613 1.000000 
2455364.746037  14.064862 1.000000 
2455364.766471  14.064166 1.000000 
2455364.786905  14.064704 1.000000 
2455364.807340  14.064763 1.000000 
2455364.827774  14.064285 1.000000 
2455364.848208  14.064564 1.000000 
2455364.868643  14.064741 1.000000 
2455364.889077  14.064531 1.000000 
2455364.909511  14.064374 1.000000 
2455364.929946  14.064838 1.000000 
2455364.950380  14.064660 1.000000 
2455364.970814  14.064274 1.000000 
2455364.991249  14.064641 1.000000 
2455365.011683  14.064576 1.000000 
2455365.032117  14.064475 1.000000 
2455365.052552  14.064372 1.000000 
2455365.072986  14.064703 1.000000 
2455365.093420  14.064502 1.000000 
2455365.113854  14.064260 1.000000 
2455365.134289  14.064159 1.000000 
2455365.154723  14.064959 1.000000 
2455365.175157  14.064553 1.000000 
2455365.195592  14.064614 1.000000 
2455365.216026  14.064523 1.000000 
