2455501.383697  14.115592 1.000000 
2455501.404130  14.115507 1.000000 
2455501.424562  14.115860 1.000000 
2455501.444995  14.115753 1.000000 
2455501.465427  14.115794 1.000000 
2455501.485860  14.115752 1.000000 
2455501.506292  14.116149 1.000000 
2455501.526725  14.116059 1.000000 
2455501.547157  14.115883 1.000000 
2455501.567590  14.115643 1.000000 
2455501.588022  14.115850 1.000000 
2455501.608455  14.115443 1.000000 
2455501.628888  14.115860 1.000000 
2455501.649320  14.115794 1.000000 
2455501.669753  14.116147 1.000000 
2455501.690185  14.115883 1.000000 
2455501.710618  14.114920 1.000000 
2455501.731050  14.115828 1.000000 
2455501.751483  14.115622 1.000000 
2455501.771915  14.116023 1.000000 
2455501.792348  14.116127 1.000000 
2455501.812780  14.115559 1.000000 
2455501.833213  14.115409 1.000000 
2455501.853646  14.115724 1.000000 
2455501.874078  14.115726 1.000000 
2455501.894511  14.116003 1.000000 
2455501.914943  14.116076 1.000000 
2455501.935376  14.116049 1.000000 
2455501.955808  14.115943 1.000000 
2455501.976241  14.115520 1.000000 
2455501.996674  14.115544 1.000000 
2455502.017106  14.116003 1.000000 
2455502.037539  14.115260 1.000000 
2455502.057971  14.115569 1.000000 
2455502.078404  14.116196 1.000000 
2455502.098836  14.115628 1.000000 
2455502.119269  14.115492 1.000000 
2455502.139701  14.115720 1.000000 
2455502.160134  14.115464 1.000000 
2455502.200999  14.116216 1.000000 
2455502.221432  14.115668 1.000000 
2455502.241864  14.115801 1.000000 
2455502.262297  14.115899 1.000000 
2455502.282729  14.115420 1.000000 
2455502.303162  14.115724 1.000000 
2455502.323594  14.117390 1.000000 
2455502.344027  14.124638 1.000000 
2455502.364460  14.126144 1.000000 
2455502.384892  14.127517 1.000000 
2455502.405325  14.127384 1.000000 
2455502.425757  14.127607 1.000000 
2455502.446190  14.126482 1.000000 
2455502.466622  14.123775 1.000000 
2455502.487055  14.116020 1.000000 
2455502.507487  14.115712 1.000000 
2455502.527920  14.115825 1.000000 
2455502.568785  14.115841 1.000000 
2455502.589217  14.115757 1.000000 
2455502.609650  14.115563 1.000000 
2455502.630083  14.115434 1.000000 
2455502.650515  14.115701 1.000000 
2455502.670948  14.116020 1.000000 
2455502.691380  14.115838 1.000000 
2455502.711813  14.115538 1.000000 
2455502.732245  14.115742 1.000000 
2455502.752678  14.115897 1.000000 
2455502.773110  14.116034 1.000000 
2455502.793543  14.116288 1.000000 
2455502.813975  14.115840 1.000000 
2455502.834408  14.115626 1.000000 
2455502.854841  14.115802 1.000000 
2455502.875273  14.115696 1.000000 
2455502.895706  14.115692 1.000000 
2455502.916138  14.115879 1.000000 
2455502.936571  14.116305 1.000000 
2455502.957003  14.115797 1.000000 
2455502.977436  14.115520 1.000000 
2455502.997869  14.115743 1.000000 
2455503.018301  14.115872 1.000000 
2455503.038734  14.115600 1.000000 
2455503.059166  14.116316 1.000000 
2455503.079599  14.115891 1.000000 
2455503.100031  14.115763 1.000000 
2455503.120464  14.115901 1.000000 
2455503.140896  14.115859 1.000000 
2455503.161329  14.116010 1.000000 
2455503.181761  14.116053 1.000000 
2455503.202194  14.115839 1.000000 
2455503.222627  14.115697 1.000000 
2455503.243059  14.116258 1.000000 
2455503.263492  14.116080 1.000000 
2455503.283924  14.115869 1.000000 
2455503.304357  14.115797 1.000000 
2455503.324789  14.115824 1.000000 
2455503.345222  14.116251 1.000000 
2455503.365654  14.116356 1.000000 
2455503.386087  14.115316 1.000000 
2455503.406519  14.115986 1.000000 
2455503.426952  14.115963 1.000000 
