2455812.344649  14.103605 1.000000 
2455812.365082  14.104360 1.000000 
2455812.385515  14.104259 1.000000 
2455812.405948  14.103876 1.000000 
2455812.426382  14.104480 1.000000 
2455812.446815  14.104488 1.000000 
2455812.467248  14.103946 1.000000 
2455812.487681  14.104685 1.000000 
2455812.508114  14.104243 1.000000 
2455812.528547  14.104273 1.000000 
2455812.548981  14.103990 1.000000 
2455812.569414  14.104327 1.000000 
2455812.589847  14.104501 1.000000 
2455812.610280  14.104295 1.000000 
2455812.630713  14.104322 1.000000 
2455812.651146  14.104027 1.000000 
2455812.671580  14.104377 1.000000 
2455812.692013  14.104069 1.000000 
2455812.712446  14.104561 1.000000 
2455812.732879  14.104370 1.000000 
2455812.753312  14.104310 1.000000 
2455812.773745  14.104198 1.000000 
2455812.794178  14.104271 1.000000 
2455812.814612  14.103920 1.000000 
2455812.835045  14.104429 1.000000 
2455812.855478  14.104233 1.000000 
2455812.875911  14.104273 1.000000 
2455812.896344  14.104053 1.000000 
2455812.916777  14.103824 1.000000 
2455812.937210  14.104206 1.000000 
2455812.957644  14.104256 1.000000 
2455812.978077  14.104042 1.000000 
2455812.998510  14.104040 1.000000 
2455813.018943  14.104400 1.000000 
2455813.039376  14.104418 1.000000 
2455813.059809  14.104342 1.000000 
2455813.080243  14.104120 1.000000 
2455813.100676  14.104574 1.000000 
2455813.121109  14.104180 1.000000 
2455813.141542  14.104361 1.000000 
2455813.161975  14.104101 1.000000 
2455813.182408  14.104389 1.000000 
2455813.202841  14.104714 1.000000 
2455813.223275  14.104416 1.000000 
2455813.243708  14.104315 1.000000 
2455813.264141  14.104881 1.000000 
2455813.284574  14.105000 1.000000 
2455813.305007  14.109146 1.000000 
2455813.325440  14.114312 1.000000 
2455813.345873  14.115370 1.000000 
2455813.366307  14.116044 1.000000 
2455813.386740  14.116140 1.000000 
2455813.407173  14.115100 1.000000 
2455813.427606  14.113950 1.000000 
2455813.448039  14.109573 1.000000 
2455813.468472  14.104322 1.000000 
2455813.488906  14.104247 1.000000 
2455813.509339  14.103980 1.000000 
2455813.529772  14.104634 1.000000 
2455813.550205  14.104660 1.000000 
2455813.570638  14.104233 1.000000 
2455813.591071  14.104904 1.000000 
2455813.611504  14.104833 1.000000 
2455813.631938  14.104333 1.000000 
2455813.652371  14.104307 1.000000 
2455813.672804  14.104730 1.000000 
2455813.693237  14.104384 1.000000 
2455813.713670  14.104545 1.000000 
2455813.734103  14.104768 1.000000 
2455813.754536  14.104540 1.000000 
2455813.774970  14.104291 1.000000 
2455813.795403  14.104514 1.000000 
2455813.815836  14.104572 1.000000 
2455813.836269  14.104090 1.000000 
2455813.856702  14.104232 1.000000 
2455813.877135  14.104067 1.000000 
2455813.897568  14.104413 1.000000 
2455813.918001  14.104365 1.000000 
2455813.958868  14.104581 1.000000 
2455813.979301  14.104438 1.000000 
2455813.999734  14.104272 1.000000 
2455814.020167  14.104558 1.000000 
2455814.040600  14.104255 1.000000 
2455814.061033  14.104393 1.000000 
2455814.081467  14.104156 1.000000 
2455814.101900  14.104311 1.000000 
2455814.122333  14.103865 1.000000 
2455814.142766  14.104585 1.000000 
2455814.163199  14.104669 1.000000 
2455814.183632  14.104873 1.000000 
2455814.204065  14.104427 1.000000 
2455814.224499  14.104309 1.000000 
2455814.244932  14.104352 1.000000 
2455814.265365  14.104432 1.000000 
2455814.285798  14.104637 1.000000 
2455814.306231  14.104447 1.000000 
2455814.326664  14.104514 1.000000 
2455814.347097  14.104543 1.000000 
2455814.367530  14.104637 1.000000 
2455814.387964  14.104148 1.000000 
2455814.408397  14.104660 1.000000 
