2455691.415986  14.104710 1.000000 
2455691.436420  14.104267 1.000000 
2455691.456855  14.104872 1.000000 
2455691.477290  14.104525 1.000000 
2455691.497724  14.104482 1.000000 
2455691.518159  14.104584 1.000000 
2455691.538594  14.104556 1.000000 
2455691.559028  14.105163 1.000000 
2455691.579463  14.105063 1.000000 
2455691.599897  14.104573 1.000000 
2455691.620332  14.104813 1.000000 
2455691.640767  14.104659 1.000000 
2455691.661201  14.104539 1.000000 
2455691.681636  14.104676 1.000000 
2455691.702070  14.105010 1.000000 
2455691.722505  14.105076 1.000000 
2455691.742940  14.104977 1.000000 
2455691.763374  14.104907 1.000000 
2455691.783809  14.104752 1.000000 
2455691.804244  14.104880 1.000000 
2455691.824678  14.105024 1.000000 
2455691.845113  14.104973 1.000000 
2455691.865548  14.104821 1.000000 
2455691.885982  14.104330 1.000000 
2455691.906417  14.104527 1.000000 
2455691.926851  14.104708 1.000000 
2455691.947286  14.105141 1.000000 
2455691.967721  14.105072 1.000000 
2455691.988155  14.104438 1.000000 
2455692.008590  14.104912 1.000000 
2455692.029024  14.104566 1.000000 
2455692.049459  14.104735 1.000000 
2455692.069894  14.104829 1.000000 
2455692.090328  14.104944 1.000000 
2455692.110763  14.105008 1.000000 
2455692.131198  14.104840 1.000000 
2455692.151632  14.104247 1.000000 
2455692.172067  14.105233 1.000000 
2455692.192501  14.104439 1.000000 
2455692.212936  14.104953 1.000000 
2455692.233371  14.104657 1.000000 
2455692.253805  14.104702 1.000000 
2455692.274240  14.104809 1.000000 
2455692.294675  14.104700 1.000000 
2455692.315109  14.104739 1.000000 
2455692.335544  14.104949 1.000000 
2455692.355978  14.105015 1.000000 
2455692.376413  14.111862 1.000000 
2455692.396848  14.115011 1.000000 
2455692.417282  14.115901 1.000000 
2455692.437717  14.116468 1.000000 
2455692.458152  14.116340 1.000000 
2455692.478586  14.115583 1.000000 
2455692.499021  14.114081 1.000000 
2455692.519455  14.107843 1.000000 
2455692.539890  14.105033 1.000000 
2455692.560325  14.105080 1.000000 
2455692.580759  14.104709 1.000000 
2455692.601194  14.104953 1.000000 
2455692.621629  14.104816 1.000000 
2455692.642063  14.104728 1.000000 
2455692.662498  14.105369 1.000000 
2455692.682932  14.105010 1.000000 
2455692.703367  14.104795 1.000000 
2455692.723802  14.105099 1.000000 
2455692.744236  14.104976 1.000000 
2455692.764671  14.105040 1.000000 
2455692.785105  14.104985 1.000000 
2455692.805540  14.104748 1.000000 
2455692.825975  14.104874 1.000000 
2455692.846409  14.105275 1.000000 
2455692.887279  14.104556 1.000000 
2455692.907713  14.105391 1.000000 
2455692.928148  14.105055 1.000000 
2455692.948582  14.104851 1.000000 
2455692.969017  14.104845 1.000000 
2455692.989452  14.104672 1.000000 
2455693.009886  14.105192 1.000000 
2455693.030321  14.105036 1.000000 
2455693.050755  14.105216 1.000000 
2455693.071190  14.105033 1.000000 
2455693.091625  14.105071 1.000000 
2455693.112059  14.105774 1.000000 
2455693.132494  14.105084 1.000000 
2455693.152929  14.105417 1.000000 
2455693.173363  14.104648 1.000000 
2455693.193798  14.105230 1.000000 
2455693.214232  14.105032 1.000000 
2455693.234667  14.105131 1.000000 
2455693.255102  14.105361 1.000000 
2455693.275536  14.105237 1.000000 
2455693.295971  14.105130 1.000000 
2455693.316406  14.105050 1.000000 
2455693.336840  14.105296 1.000000 
2455693.357275  14.104938 1.000000 
2455693.377709  14.105486 1.000000 
2455693.398144  14.105302 1.000000 
2455693.418579  14.105396 1.000000 
2455693.439013  14.105445 1.000000 
2455693.459448  14.105253 1.000000 
