2455518.649200  14.113698 1.000000 
2455518.669633  14.113482 1.000000 
2455518.690066  14.113193 1.000000 
2455518.710498  14.113276 1.000000 
2455518.730931  14.113739 1.000000 
2455518.751363  14.113606 1.000000 
2455518.771796  14.112828 1.000000 
2455518.792228  14.113132 1.000000 
2455518.812661  14.113638 1.000000 
2455518.833094  14.113075 1.000000 
2455518.853526  14.113158 1.000000 
2455518.873959  14.113528 1.000000 
2455518.894391  14.112760 1.000000 
2455518.914824  14.113133 1.000000 
2455518.935256  14.113427 1.000000 
2455518.955689  14.113847 1.000000 
2455518.976122  14.113665 1.000000 
2455518.996554  14.113358 1.000000 
2455519.016987  14.113152 1.000000 
2455519.037419  14.113827 1.000000 
2455519.057852  14.113627 1.000000 
2455519.078284  14.113488 1.000000 
2455519.098717  14.113644 1.000000 
2455519.119150  14.113602 1.000000 
2455519.139582  14.113341 1.000000 
2455519.160015  14.113505 1.000000 
2455519.180447  14.113553 1.000000 
2455519.200880  14.113833 1.000000 
2455519.221312  14.113369 1.000000 
2455519.241745  14.113384 1.000000 
2455519.262177  14.112948 1.000000 
2455519.282610  14.113280 1.000000 
2455519.303043  14.113356 1.000000 
2455519.323475  14.113450 1.000000 
2455519.343908  14.113732 1.000000 
2455519.364340  14.113978 1.000000 
2455519.384773  14.113440 1.000000 
2455519.405205  14.113671 1.000000 
2455519.425638  14.113570 1.000000 
2455519.446071  14.113543 1.000000 
2455519.466503  14.113766 1.000000 
2455519.486936  14.113112 1.000000 
2455519.507368  14.113381 1.000000 
2455519.527801  14.113743 1.000000 
2455519.548233  14.113695 1.000000 
2455519.568666  14.113432 1.000000 
2455519.589098  14.113336 1.000000 
2455519.609531  14.118926 1.000000 
2455519.629964  14.124036 1.000000 
2455519.650396  14.125005 1.000000 
2455519.670829  14.125636 1.000000 
2455519.691261  14.125189 1.000000 
2455519.711694  14.124835 1.000000 
2455519.732126  14.123458 1.000000 
2455519.752559  14.118013 1.000000 
2455519.772992  14.113304 1.000000 
2455519.793424  14.113183 1.000000 
2455519.813857  14.113693 1.000000 
2455519.834289  14.113245 1.000000 
2455519.854722  14.112765 1.000000 
2455519.875154  14.113193 1.000000 
2455519.895587  14.113251 1.000000 
2455519.916019  14.114061 1.000000 
2455519.936452  14.113665 1.000000 
2455519.956885  14.113671 1.000000 
2455519.977317  14.113476 1.000000 
2455519.997750  14.113731 1.000000 
2455520.018182  14.113163 1.000000 
2455520.038615  14.113670 1.000000 
2455520.059048  14.113555 1.000000 
2455520.099913  14.113670 1.000000 
2455520.120345  14.113676 1.000000 
2455520.140778  14.113776 1.000000 
2455520.161210  14.113203 1.000000 
2455520.181643  14.113403 1.000000 
2455520.202075  14.113231 1.000000 
2455520.222508  14.113575 1.000000 
2455520.242941  14.113073 1.000000 
2455520.263373  14.113348 1.000000 
2455520.283806  14.113493 1.000000 
2455520.304238  14.113679 1.000000 
2455520.324671  14.113203 1.000000 
2455520.345103  14.113689 1.000000 
2455520.365536  14.113648 1.000000 
2455520.385969  14.113739 1.000000 
2455520.406401  14.112979 1.000000 
2455520.426834  14.113684 1.000000 
2455520.447266  14.113558 1.000000 
2455520.467699  14.113788 1.000000 
2455520.488131  14.113836 1.000000 
2455520.508564  14.113308 1.000000 
2455520.528997  14.113814 1.000000 
2455520.549429  14.112988 1.000000 
2455520.569862  14.113272 1.000000 
2455520.590294  14.113794 1.000000 
2455520.610727  14.113838 1.000000 
2455520.631159  14.113581 1.000000 
2455520.651592  14.113921 1.000000 
2455520.672025  14.113217 1.000000 
2455520.692457  14.113631 1.000000 
