2455294.062959  14.069010 1.000000 
2455294.083393  14.068856 1.000000 
2455294.103828  14.069209 1.000000 
2455294.124262  14.069235 1.000000 
2455294.144697  14.069451 1.000000 
2455294.165131  14.068688 1.000000 
2455294.185566  14.069019 1.000000 
2455294.206000  14.068846 1.000000 
2455294.226435  14.069267 1.000000 
2455294.246870  14.068809 1.000000 
2455294.267304  14.068890 1.000000 
2455294.287739  14.068681 1.000000 
2455294.308173  14.068997 1.000000 
2455294.328608  14.069080 1.000000 
2455294.349042  14.069254 1.000000 
2455294.369477  14.069247 1.000000 
2455294.389912  14.069088 1.000000 
2455294.410346  14.068753 1.000000 
2455294.430781  14.068909 1.000000 
2455294.451215  14.069496 1.000000 
2455294.471650  14.069125 1.000000 
2455294.492084  14.068952 1.000000 
2455294.512519  14.069096 1.000000 
2455294.532953  14.069296 1.000000 
2455294.553388  14.069328 1.000000 
2455294.573823  14.069109 1.000000 
2455294.594257  14.068877 1.000000 
2455294.614692  14.068742 1.000000 
2455294.635126  14.068729 1.000000 
2455294.655561  14.069281 1.000000 
2455294.675995  14.068751 1.000000 
2455294.696430  14.069232 1.000000 
2455294.716864  14.069168 1.000000 
2455294.737299  14.069272 1.000000 
2455294.757734  14.069306 1.000000 
2455294.778168  14.069151 1.000000 
2455294.798603  14.069167 1.000000 
2455294.819037  14.069272 1.000000 
2455294.839472  14.069381 1.000000 
2455294.859906  14.068665 1.000000 
2455294.880341  14.068926 1.000000 
2455294.900775  14.068860 1.000000 
2455294.921210  14.068717 1.000000 
2455294.941645  14.069237 1.000000 
2455294.962079  14.069012 1.000000 
2455294.982514  14.069088 1.000000 
2455295.002948  14.069509 1.000000 
2455295.023383  14.076338 1.000000 
2455295.043817  14.079691 1.000000 
2455295.064252  14.080143 1.000000 
2455295.084687  14.079955 1.000000 
2455295.105121  14.081073 1.000000 
2455295.125556  14.080152 1.000000 
2455295.145990  14.078068 1.000000 
2455295.166425  14.071253 1.000000 
2455295.186859  14.068985 1.000000 
2455295.207294  14.068976 1.000000 
2455295.227728  14.069048 1.000000 
2455295.248163  14.069195 1.000000 
2455295.268598  14.068944 1.000000 
2455295.289032  14.069215 1.000000 
2455295.309467  14.069102 1.000000 
2455295.329901  14.068854 1.000000 
2455295.350336  14.068928 1.000000 
2455295.370770  14.068718 1.000000 
2455295.391205  14.069005 1.000000 
2455295.411639  14.069242 1.000000 
2455295.432074  14.068784 1.000000 
2455295.452509  14.069013 1.000000 
2455295.472943  14.068907 1.000000 
2455295.493378  14.068791 1.000000 
2455295.513812  14.068166 1.000000 
2455295.534247  14.068375 1.000000 
2455295.554681  14.068904 1.000000 
2455295.575116  14.068790 1.000000 
2455295.595550  14.068516 1.000000 
2455295.615985  14.068829 1.000000 
2455295.636420  14.068655 1.000000 
2455295.656854  14.068834 1.000000 
2455295.677289  14.068532 1.000000 
2455295.697723  14.068090 1.000000 
2455295.718158  14.068596 1.000000 
2455295.738592  14.068306 1.000000 
2455295.759027  14.068361 1.000000 
2455295.779462  14.068555 1.000000 
2455295.799896  14.068680 1.000000 
2455295.820331  14.068285 1.000000 
2455295.861200  14.068264 1.000000 
2455295.881634  14.068671 1.000000 
2455295.902069  14.068386 1.000000 
2455295.922504  14.067764 1.000000 
2455295.942938  14.068780 1.000000 
2455295.963373  14.068383 1.000000 
2455295.983807  14.068341 1.000000 
2455296.004242  14.068297 1.000000 
2455296.024676  14.068586 1.000000 
2455296.045111  14.068390 1.000000 
2455296.065545  14.068275 1.000000 
2455296.085980  14.068660 1.000000 
2455296.106415  14.068577 1.000000 
