2455380.439520  14.067665 1.000000 
2455380.459955  14.067822 1.000000 
2455380.480389  14.068120 1.000000 
2455380.500823  14.067949 1.000000 
2455380.521257  14.068165 1.000000 
2455380.541691  14.068099 1.000000 
2455380.562125  14.067598 1.000000 
2455380.582559  14.068104 1.000000 
2455380.602993  14.068302 1.000000 
2455380.623428  14.068514 1.000000 
2455380.643862  14.068309 1.000000 
2455380.664296  14.068110 1.000000 
2455380.684730  14.067888 1.000000 
2455380.705164  14.068563 1.000000 
2455380.725598  14.067960 1.000000 
2455380.746032  14.068177 1.000000 
2455380.766466  14.068517 1.000000 
2455380.786900  14.068479 1.000000 
2455380.807334  14.068655 1.000000 
2455380.827769  14.068353 1.000000 
2455380.848203  14.068388 1.000000 
2455380.868637  14.068119 1.000000 
2455380.889071  14.068456 1.000000 
2455380.909505  14.068552 1.000000 
2455380.929939  14.068857 1.000000 
2455380.950373  14.068199 1.000000 
2455380.970807  14.068854 1.000000 
2455380.991241  14.068895 1.000000 
2455381.011675  14.068632 1.000000 
2455381.032110  14.068495 1.000000 
2455381.052544  14.068906 1.000000 
2455381.072978  14.068810 1.000000 
2455381.093412  14.068334 1.000000 
2455381.113846  14.069150 1.000000 
2455381.134280  14.068594 1.000000 
2455381.154714  14.068985 1.000000 
2455381.175148  14.069148 1.000000 
2455381.195583  14.068931 1.000000 
2455381.216017  14.068870 1.000000 
2455381.236451  14.069516 1.000000 
2455381.256885  14.068731 1.000000 
2455381.277319  14.068791 1.000000 
2455381.297753  14.068963 1.000000 
2455381.318187  14.069216 1.000000 
2455381.338621  14.068840 1.000000 
2455381.359055  14.069351 1.000000 
2455381.379490  14.069100 1.000000 
2455381.399924  14.074853 1.000000 
2455381.420358  14.078975 1.000000 
2455381.440792  14.080816 1.000000 
2455381.461226  14.081189 1.000000 
2455381.481660  14.081051 1.000000 
2455381.502094  14.080629 1.000000 
2455381.522528  14.079199 1.000000 
2455381.542962  14.073347 1.000000 
2455381.563396  14.069455 1.000000 
2455381.583830  14.069138 1.000000 
2455381.604265  14.069424 1.000000 
2455381.624699  14.069463 1.000000 
2455381.645133  14.069568 1.000000 
2455381.665567  14.068672 1.000000 
2455381.686001  14.069516 1.000000 
2455381.706435  14.069034 1.000000 
2455381.726869  14.069360 1.000000 
2455381.747303  14.069866 1.000000 
2455381.767737  14.069862 1.000000 
2455381.788171  14.069747 1.000000 
2455381.808606  14.069496 1.000000 
2455381.829040  14.069827 1.000000 
2455381.849474  14.070102 1.000000 
2455381.869908  14.069910 1.000000 
2455381.890342  14.069983 1.000000 
2455381.910776  14.070065 1.000000 
2455381.931210  14.069687 1.000000 
2455381.951644  14.069993 1.000000 
2455381.972078  14.070411 1.000000 
2455381.992512  14.070371 1.000000 
2455382.012946  14.070459 1.000000 
2455382.033381  14.070129 1.000000 
2455382.053815  14.070050 1.000000 
2455382.074249  14.070335 1.000000 
2455382.094683  14.070489 1.000000 
2455382.115117  14.070212 1.000000 
2455382.135551  14.070206 1.000000 
2455382.155985  14.070235 1.000000 
2455382.176419  14.069911 1.000000 
2455382.196853  14.070358 1.000000 
2455382.217287  14.070348 1.000000 
2455382.237722  14.070459 1.000000 
2455382.258156  14.070392 1.000000 
2455382.278590  14.070837 1.000000 
2455382.299024  14.070466 1.000000 
2455382.319458  14.070480 1.000000 
2455382.339892  14.070871 1.000000 
2455382.360326  14.070785 1.000000 
2455382.380760  14.070864 1.000000 
2455382.401194  14.070604 1.000000 
2455382.421628  14.070904 1.000000 
2455382.442062  14.070813 1.000000 
