2456071.501739  14.094399 1.000000 
2456071.522173  14.094503 1.000000 
2456071.542608  14.094525 1.000000 
2456071.563043  14.093855 1.000000 
2456071.583477  14.094168 1.000000 
2456071.603912  14.094641 1.000000 
2456071.624346  14.094599 1.000000 
2456071.644781  14.094579 1.000000 
2456071.665216  14.094590 1.000000 
2456071.706085  14.094191 1.000000 
2456071.726519  14.094690 1.000000 
2456071.746954  14.094266 1.000000 
2456071.767388  14.094579 1.000000 
2456071.787823  14.094180 1.000000 
2456071.808258  14.094052 1.000000 
2456071.828692  14.094430 1.000000 
2456071.849127  14.094347 1.000000 
2456071.869561  14.094613 1.000000 
2456071.889996  14.094231 1.000000 
2456071.910431  14.094516 1.000000 
2456071.930865  14.094299 1.000000 
2456071.951300  14.094414 1.000000 
2456071.971735  14.094264 1.000000 
2456071.992169  14.094745 1.000000 
2456072.012604  14.094372 1.000000 
2456072.033038  14.094485 1.000000 
2456072.053473  14.094491 1.000000 
2456072.073908  14.094538 1.000000 
2456072.094342  14.094579 1.000000 
2456072.114777  14.094575 1.000000 
2456072.135211  14.094552 1.000000 
2456072.155646  14.094029 1.000000 
2456072.176081  14.094435 1.000000 
2456072.196515  14.094096 1.000000 
2456072.216950  14.094070 1.000000 
2456072.237384  14.094510 1.000000 
2456072.257819  14.094318 1.000000 
2456072.278254  14.094647 1.000000 
2456072.298688  14.094226 1.000000 
2456072.319123  14.094296 1.000000 
2456072.339558  14.094318 1.000000 
2456072.359992  14.094278 1.000000 
2456072.380426  14.094329 1.000000 
2456072.400861  14.094130 1.000000 
2456072.421296  14.094288 1.000000 
2456072.441730  14.096087 1.000000 
2456072.462165  14.103277 1.000000 
2456072.482600  14.105290 1.000000 
2456072.503034  14.106435 1.000000 
2456072.523469  14.106156 1.000000 
2456072.543903  14.105872 1.000000 
2456072.564338  14.104779 1.000000 
2456072.584773  14.102559 1.000000 
2456072.605207  14.095180 1.000000 
2456072.625642  14.094116 1.000000 
2456072.646076  14.094450 1.000000 
2456072.666511  14.094431 1.000000 
2456072.686946  14.094298 1.000000 
2456072.707380  14.094346 1.000000 
2456072.727815  14.094193 1.000000 
2456072.748249  14.094637 1.000000 
2456072.768684  14.094494 1.000000 
2456072.789119  14.094851 1.000000 
2456072.809553  14.094340 1.000000 
2456072.829988  14.094687 1.000000 
2456072.850422  14.094335 1.000000 
2456072.870857  14.094571 1.000000 
2456072.891292  14.094432 1.000000 
2456072.911726  14.094251 1.000000 
2456072.932161  14.094189 1.000000 
2456072.952595  14.094431 1.000000 
2456072.973030  14.094401 1.000000 
2456072.993465  14.094208 1.000000 
2456073.013899  14.094701 1.000000 
2456073.034334  14.094495 1.000000 
2456073.054768  14.094472 1.000000 
2456073.075203  14.094427 1.000000 
2456073.095638  14.094477 1.000000 
2456073.116072  14.094045 1.000000 
2456073.136507  14.094208 1.000000 
2456073.156941  14.094569 1.000000 
2456073.197810  14.094283 1.000000 
2456073.218245  14.094566 1.000000 
2456073.238680  14.094441 1.000000 
2456073.259114  14.094428 1.000000 
2456073.279549  14.094413 1.000000 
2456073.299984  14.093984 1.000000 
2456073.320418  14.094607 1.000000 
2456073.340853  14.094221 1.000000 
2456073.361287  14.094178 1.000000 
2456073.381722  14.094229 1.000000 
2456073.402157  14.094777 1.000000 
2456073.422591  14.094131 1.000000 
2456073.443026  14.094183 1.000000 
2456073.463460  14.094811 1.000000 
2456073.483895  14.094666 1.000000 
2456073.504330  14.094469 1.000000 
2456073.524764  14.094687 1.000000 
2456073.545199  14.094733 1.000000 
