2455587.753258  14.110507 1.000000 
2455587.773692  14.110509 1.000000 
2455587.794125  14.110755 1.000000 
2455587.814559  14.110469 1.000000 
2455587.834992  14.110512 1.000000 
2455587.855425  14.110555 1.000000 
2455587.875859  14.110189 1.000000 
2455587.896292  14.110696 1.000000 
2455587.916726  14.110531 1.000000 
2455587.937159  14.110563 1.000000 
2455587.957593  14.110691 1.000000 
2455587.978026  14.110620 1.000000 
2455587.998460  14.110566 1.000000 
2455588.018893  14.110680 1.000000 
2455588.039326  14.110672 1.000000 
2455588.059760  14.110385 1.000000 
2455588.080193  14.110527 1.000000 
2455588.100627  14.110511 1.000000 
2455588.121060  14.110656 1.000000 
2455588.141494  14.110696 1.000000 
2455588.161927  14.110631 1.000000 
2455588.202794  14.110337 1.000000 
2455588.223227  14.110448 1.000000 
2455588.243661  14.110517 1.000000 
2455588.264094  14.110872 1.000000 
2455588.284528  14.110592 1.000000 
2455588.304961  14.110481 1.000000 
2455588.325395  14.110445 1.000000 
2455588.345828  14.110591 1.000000 
2455588.366262  14.110489 1.000000 
2455588.386695  14.111034 1.000000 
2455588.407128  14.110784 1.000000 
2455588.427562  14.111023 1.000000 
2455588.447996  14.110594 1.000000 
2455588.468429  14.111192 1.000000 
2455588.488862  14.110775 1.000000 
2455588.509296  14.109947 1.000000 
2455588.529729  14.110699 1.000000 
2455588.550163  14.110805 1.000000 
2455588.570596  14.110969 1.000000 
2455588.591030  14.110668 1.000000 
2455588.611463  14.110703 1.000000 
2455588.631897  14.110548 1.000000 
2455588.652330  14.110774 1.000000 
2455588.672763  14.110338 1.000000 
2455588.693197  14.110485 1.000000 
2455588.713630  14.115448 1.000000 
2455588.734064  14.119995 1.000000 
2455588.754497  14.121724 1.000000 
2455588.774931  14.122125 1.000000 
2455588.795364  14.122519 1.000000 
2455588.815798  14.122132 1.000000 
2455588.836231  14.120434 1.000000 
2455588.856665  14.115748 1.000000 
2455588.877098  14.110528 1.000000 
2455588.897532  14.110312 1.000000 
2455588.917965  14.110612 1.000000 
2455588.938398  14.110303 1.000000 
2455588.958832  14.110131 1.000000 
2455588.979265  14.110982 1.000000 
2455588.999699  14.111059 1.000000 
2455589.020132  14.110675 1.000000 
2455589.040566  14.110642 1.000000 
2455589.060999  14.110913 1.000000 
2455589.081433  14.110812 1.000000 
2455589.101866  14.110534 1.000000 
2455589.122299  14.110487 1.000000 
2455589.142733  14.110729 1.000000 
2455589.163166  14.110624 1.000000 
2455589.183600  14.110706 1.000000 
2455589.204033  14.110616 1.000000 
2455589.224467  14.111154 1.000000 
2455589.244900  14.110921 1.000000 
2455589.265334  14.110563 1.000000 
2455589.285767  14.110492 1.000000 
2455589.306201  14.110255 1.000000 
2455589.326634  14.110340 1.000000 
2455589.347068  14.110738 1.000000 
2455589.367501  14.111026 1.000000 
2455589.387935  14.110745 1.000000 
2455589.408368  14.110954 1.000000 
2455589.428801  14.110693 1.000000 
2455589.449235  14.110789 1.000000 
2455589.469669  14.110865 1.000000 
2455589.490102  14.110467 1.000000 
2455589.510535  14.111042 1.000000 
2455589.530969  14.110723 1.000000 
2455589.551402  14.110693 1.000000 
2455589.571836  14.110992 1.000000 
2455589.592269  14.110740 1.000000 
2455589.612703  14.110359 1.000000 
2455589.633136  14.110418 1.000000 
2455589.653570  14.111069 1.000000 
2455589.674003  14.110525 1.000000 
2455589.694437  14.110541 1.000000 
2455589.714870  14.110166 1.000000 
2455589.735304  14.110507 1.000000 
2455589.755737  14.110557 1.000000 
2455589.776171  14.110494 1.000000 
2455589.796604  14.110735 1.000000 
2455589.817037  14.110416 1.000000 
