2455190.401986  14.076193 1.000000 
2455190.422419  14.076570 1.000000 
2455190.442852  14.076793 1.000000 
2455190.463285  14.076381 1.000000 
2455190.483718  14.076281 1.000000 
2455190.504151  14.076299 1.000000 
2455190.524584  14.076787 1.000000 
2455190.545017  14.076765 1.000000 
2455190.565450  14.076232 1.000000 
2455190.585883  14.076272 1.000000 
2455190.606316  14.076470 1.000000 
2455190.626749  14.076300 1.000000 
2455190.647182  14.076324 1.000000 
2455190.667615  14.076274 1.000000 
2455190.688048  14.076335 1.000000 
2455190.708481  14.076202 1.000000 
2455190.728914  14.076036 1.000000 
2455190.749347  14.076337 1.000000 
2455190.769780  14.076210 1.000000 
2455190.790213  14.076358 1.000000 
2455190.810646  14.076257 1.000000 
2455190.831079  14.076117 1.000000 
2455190.851512  14.076391 1.000000 
2455190.871945  14.076187 1.000000 
2455190.892378  14.076229 1.000000 
2455190.912811  14.076128 1.000000 
2455190.933244  14.076515 1.000000 
2455190.953677  14.075925 1.000000 
2455190.974110  14.076082 1.000000 
2455190.994543  14.075849 1.000000 
2455191.014976  14.075851 1.000000 
2455191.035409  14.075980 1.000000 
2455191.055842  14.075818 1.000000 
2455191.076275  14.075999 1.000000 
2455191.096708  14.076166 1.000000 
2455191.117141  14.076038 1.000000 
2455191.137574  14.075998 1.000000 
2455191.158007  14.075707 1.000000 
2455191.178440  14.075649 1.000000 
2455191.198873  14.075876 1.000000 
2455191.219306  14.075902 1.000000 
2455191.239739  14.075590 1.000000 
2455191.260172  14.075605 1.000000 
2455191.280605  14.075727 1.000000 
2455191.301038  14.075668 1.000000 
2455191.321471  14.075914 1.000000 
2455191.341904  14.076329 1.000000 
2455191.362337  14.082172 1.000000 
2455191.403203  14.087272 1.000000 
2455191.423636  14.087677 1.000000 
2455191.444069  14.087751 1.000000 
2455191.464502  14.086361 1.000000 
2455191.484935  14.084834 1.000000 
2455191.505368  14.079446 1.000000 
2455191.525801  14.075469 1.000000 
2455191.546234  14.075850 1.000000 
2455191.566667  14.075582 1.000000 
2455191.587100  14.075518 1.000000 
2455191.607533  14.075202 1.000000 
2455191.627966  14.075531 1.000000 
2455191.648399  14.075162 1.000000 
2455191.668832  14.075843 1.000000 
2455191.689265  14.075628 1.000000 
2455191.709698  14.075271 1.000000 
2455191.730131  14.075254 1.000000 
2455191.750564  14.076100 1.000000 
2455191.770997  14.075436 1.000000 
2455191.791430  14.075340 1.000000 
2455191.811863  14.075571 1.000000 
2455191.832296  14.075195 1.000000 
2455191.852729  14.075677 1.000000 
2455191.873162  14.075170 1.000000 
2455191.893595  14.075203 1.000000 
2455191.914028  14.075325 1.000000 
2455191.934461  14.075380 1.000000 
2455191.954894  14.074995 1.000000 
2455191.975327  14.075229 1.000000 
2455191.995760  14.075192 1.000000 
2455192.016193  14.075426 1.000000 
2455192.036626  14.075250 1.000000 
2455192.057059  14.075375 1.000000 
2455192.077492  14.075214 1.000000 
2455192.097925  14.075006 1.000000 
2455192.118358  14.075069 1.000000 
2455192.138791  14.075456 1.000000 
2455192.159224  14.075086 1.000000 
2455192.179657  14.075404 1.000000 
2455192.200090  14.075566 1.000000 
2455192.220523  14.074992 1.000000 
2455192.240956  14.074949 1.000000 
2455192.261389  14.075252 1.000000 
2455192.281822  14.074664 1.000000 
2455192.302255  14.075150 1.000000 
2455192.322688  14.075016 1.000000 
2455192.343121  14.074787 1.000000 
2455192.363554  14.074696 1.000000 
2455192.383987  14.075109 1.000000 
2455192.404420  14.075275 1.000000 
2455192.424853  14.074903 1.000000 
2455192.445286  14.075041 1.000000 
