2455138.584698  14.079776 1.000000 
2455138.605130  14.079963 1.000000 
2455138.625563  14.079780 1.000000 
2455138.645995  14.079843 1.000000 
2455138.666428  14.080000 1.000000 
2455138.686860  14.079997 1.000000 
2455138.707293  14.080003 1.000000 
2455138.727725  14.080386 1.000000 
2455138.748158  14.080366 1.000000 
2455138.768590  14.080425 1.000000 
2455138.789023  14.080003 1.000000 
2455138.809455  14.080019 1.000000 
2455138.829888  14.080754 1.000000 
2455138.850321  14.080052 1.000000 
2455138.870753  14.080395 1.000000 
2455138.891186  14.079863 1.000000 
2455138.911618  14.080272 1.000000 
2455138.932051  14.080347 1.000000 
2455138.952483  14.080073 1.000000 
2455138.972916  14.079989 1.000000 
2455138.993348  14.080556 1.000000 
2455139.013781  14.080523 1.000000 
2455139.054646  14.080070 1.000000 
2455139.075078  14.080070 1.000000 
2455139.095511  14.080219 1.000000 
2455139.115944  14.080272 1.000000 
2455139.136376  14.080384 1.000000 
2455139.156809  14.079889 1.000000 
2455139.177241  14.079793 1.000000 
2455139.197674  14.079106 1.000000 
2455139.218106  14.080369 1.000000 
2455139.238539  14.079867 1.000000 
2455139.258971  14.080330 1.000000 
2455139.279404  14.080346 1.000000 
2455139.299836  14.079665 1.000000 
2455139.320269  14.079938 1.000000 
2455139.340701  14.079772 1.000000 
2455139.361134  14.080182 1.000000 
2455139.381566  14.080554 1.000000 
2455139.401999  14.080556 1.000000 
2455139.422432  14.080353 1.000000 
2455139.442864  14.080277 1.000000 
2455139.463297  14.079873 1.000000 
2455139.483729  14.080228 1.000000 
2455139.504162  14.080328 1.000000 
2455139.524594  14.082762 1.000000 
2455139.545027  14.089744 1.000000 
2455139.565459  14.091632 1.000000 
2455139.585892  14.091888 1.000000 
2455139.606324  14.092549 1.000000 
2455139.626757  14.091828 1.000000 
2455139.647189  14.090504 1.000000 
2455139.667622  14.087346 1.000000 
2455139.688055  14.080607 1.000000 
2455139.708487  14.079777 1.000000 
2455139.728920  14.079989 1.000000 
2455139.749352  14.080106 1.000000 
2455139.769785  14.080143 1.000000 
2455139.790217  14.079784 1.000000 
2455139.810650  14.079796 1.000000 
2455139.831082  14.079810 1.000000 
2455139.851515  14.080439 1.000000 
2455139.871947  14.080625 1.000000 
2455139.892380  14.080292 1.000000 
2455139.912812  14.079858 1.000000 
2455139.933245  14.080331 1.000000 
2455139.953678  14.080301 1.000000 
2455139.974110  14.080152 1.000000 
2455139.994543  14.080319 1.000000 
2455140.014975  14.079832 1.000000 
2455140.035408  14.080112 1.000000 
2455140.055840  14.080155 1.000000 
2455140.076273  14.080031 1.000000 
2455140.096705  14.080101 1.000000 
2455140.117138  14.079699 1.000000 
2455140.137570  14.080297 1.000000 
2455140.158003  14.079860 1.000000 
2455140.178435  14.079681 1.000000 
2455140.198868  14.079838 1.000000 
2455140.219301  14.079942 1.000000 
2455140.239733  14.079977 1.000000 
2455140.260165  14.079885 1.000000 
2455140.280598  14.080254 1.000000 
2455140.301031  14.079863 1.000000 
2455140.321463  14.080710 1.000000 
2455140.341896  14.080224 1.000000 
2455140.362328  14.080548 1.000000 
2455140.382761  14.080058 1.000000 
2455140.403193  14.079976 1.000000 
2455140.423626  14.079902 1.000000 
2455140.444058  14.079810 1.000000 
2455140.464491  14.079808 1.000000 
2455140.484924  14.079988 1.000000 
2455140.505356  14.080075 1.000000 
2455140.525788  14.079800 1.000000 
2455140.546221  14.080372 1.000000 
2455140.566653  14.079959 1.000000 
2455140.587086  14.080123 1.000000 
2455140.607519  14.079455 1.000000 
2455140.627951  14.080129 1.000000 
