2455224.954664  14.060211 1.000000 
2455224.975097  14.060502 1.000000 
2455224.995531  14.060544 1.000000 
2455225.015965  14.060353 1.000000 
2455225.036398  14.060467 1.000000 
2455225.056832  14.060305 1.000000 
2455225.077265  14.060406 1.000000 
2455225.097699  14.060517 1.000000 
2455225.118132  14.060196 1.000000 
2455225.138566  14.060507 1.000000 
2455225.159000  14.060302 1.000000 
2455225.179433  14.060846 1.000000 
2455225.199867  14.060352 1.000000 
2455225.220300  14.060209 1.000000 
2455225.240734  14.060267 1.000000 
2455225.261168  14.060492 1.000000 
2455225.302035  14.060396 1.000000 
2455225.322469  14.060207 1.000000 
2455225.342902  14.059897 1.000000 
2455225.363336  14.060285 1.000000 
2455225.383769  14.059738 1.000000 
2455225.404203  14.060133 1.000000 
2455225.424636  14.060659 1.000000 
2455225.445070  14.060477 1.000000 
2455225.465504  14.060522 1.000000 
2455225.485937  14.060420 1.000000 
2455225.506371  14.060145 1.000000 
2455225.526804  14.060300 1.000000 
2455225.547238  14.060340 1.000000 
2455225.567672  14.060016 1.000000 
2455225.588106  14.060355 1.000000 
2455225.608539  14.060310 1.000000 
2455225.628973  14.060516 1.000000 
2455225.649406  14.060454 1.000000 
2455225.669840  14.060536 1.000000 
2455225.690273  14.060606 1.000000 
2455225.710707  14.060419 1.000000 
2455225.731141  14.060338 1.000000 
2455225.751574  14.060306 1.000000 
2455225.772008  14.060564 1.000000 
2455225.792441  14.060255 1.000000 
2455225.812875  14.060504 1.000000 
2455225.833309  14.060449 1.000000 
2455225.853742  14.060683 1.000000 
2455225.874176  14.060588 1.000000 
2455225.894610  14.060683 1.000000 
2455225.915043  14.067053 1.000000 
2455225.935477  14.071065 1.000000 
2455225.955910  14.071960 1.000000 
2455225.976344  14.072538 1.000000 
2455225.996778  14.071821 1.000000 
2455226.017211  14.071741 1.000000 
2455226.037645  14.070023 1.000000 
2455226.058078  14.063661 1.000000 
2455226.078512  14.059703 1.000000 
2455226.098946  14.060352 1.000000 
2455226.119379  14.060610 1.000000 
2455226.139813  14.060199 1.000000 
2455226.160247  14.060411 1.000000 
2455226.180680  14.060192 1.000000 
2455226.201114  14.060543 1.000000 
2455226.221548  14.060120 1.000000 
2455226.241981  14.059988 1.000000 
2455226.262415  14.059968 1.000000 
2455226.282848  14.060219 1.000000 
2455226.303282  14.060177 1.000000 
2455226.323716  14.060124 1.000000 
2455226.344149  14.060150 1.000000 
2455226.364583  14.060250 1.000000 
2455226.385016  14.060377 1.000000 
2455226.405450  14.059649 1.000000 
2455226.425884  14.060257 1.000000 
2455226.446317  14.060127 1.000000 
2455226.466751  14.060498 1.000000 
2455226.487185  14.060587 1.000000 
2455226.507618  14.060406 1.000000 
2455226.528052  14.060750 1.000000 
2455226.548485  14.060091 1.000000 
2455226.568919  14.060028 1.000000 
2455226.589353  14.060152 1.000000 
2455226.609786  14.060028 1.000000 
2455226.630220  14.060209 1.000000 
2455226.650654  14.060515 1.000000 
2455226.671087  14.060251 1.000000 
2455226.691521  14.060178 1.000000 
2455226.711955  14.060495 1.000000 
2455226.732388  14.059376 1.000000 
2455226.752822  14.060274 1.000000 
2455226.773255  14.059443 1.000000 
2455226.793689  14.060134 1.000000 
2455226.814123  14.060353 1.000000 
2455226.834556  14.060205 1.000000 
2455226.854990  14.060119 1.000000 
2455226.875423  14.060405 1.000000 
2455226.895857  14.060206 1.000000 
2455226.916291  14.060167 1.000000 
2455226.936724  14.060440 1.000000 
2455226.957158  14.060600 1.000000 
2455226.977592  14.060480 1.000000 
2455226.998025  14.060431 1.000000 
