2456054.214051  14.094992 1.000000 
2456054.234486  14.094672 1.000000 
2456054.254920  14.095012 1.000000 
2456054.275355  14.094885 1.000000 
2456054.295790  14.094805 1.000000 
2456054.316224  14.095228 1.000000 
2456054.336659  14.095078 1.000000 
2456054.357093  14.094831 1.000000 
2456054.377528  14.095067 1.000000 
2456054.397963  14.094913 1.000000 
2456054.418397  14.095153 1.000000 
2456054.438832  14.094977 1.000000 
2456054.459267  14.095006 1.000000 
2456054.479701  14.094882 1.000000 
2456054.500136  14.094975 1.000000 
2456054.520570  14.094961 1.000000 
2456054.541005  14.095301 1.000000 
2456054.561440  14.094976 1.000000 
2456054.581874  14.094828 1.000000 
2456054.602309  14.094818 1.000000 
2456054.622743  14.094799 1.000000 
2456054.643178  14.095307 1.000000 
2456054.663613  14.094717 1.000000 
2456054.684047  14.095386 1.000000 
2456054.704482  14.094720 1.000000 
2456054.724917  14.094987 1.000000 
2456054.745351  14.094830 1.000000 
2456054.765786  14.094996 1.000000 
2456054.786220  14.094653 1.000000 
2456054.806655  14.094739 1.000000 
2456054.827090  14.094910 1.000000 
2456054.847524  14.095071 1.000000 
2456054.867959  14.095006 1.000000 
2456054.888393  14.094636 1.000000 
2456054.908828  14.094621 1.000000 
2456054.929263  14.094451 1.000000 
2456054.949697  14.094882 1.000000 
2456054.970132  14.094722 1.000000 
2456054.990567  14.093965 1.000000 
2456055.011001  14.094843 1.000000 
2456055.031436  14.095122 1.000000 
2456055.051871  14.094954 1.000000 
2456055.072305  14.094640 1.000000 
2456055.092740  14.094804 1.000000 
2456055.113174  14.094989 1.000000 
2456055.133609  14.094638 1.000000 
2456055.154044  14.094713 1.000000 
2456055.174478  14.100315 1.000000 
2456055.194913  14.104803 1.000000 
2456055.215347  14.106150 1.000000 
2456055.235782  14.106558 1.000000 
2456055.256217  14.106444 1.000000 
2456055.276651  14.105617 1.000000 
2456055.297086  14.104531 1.000000 
2456055.317521  14.099227 1.000000 
2456055.337955  14.094649 1.000000 
2456055.358390  14.094746 1.000000 
2456055.378824  14.094503 1.000000 
2456055.399259  14.094185 1.000000 
2456055.419694  14.094293 1.000000 
2456055.440128  14.094738 1.000000 
2456055.460563  14.094612 1.000000 
2456055.480998  14.094221 1.000000 
2456055.501432  14.094533 1.000000 
2456055.521867  14.094423 1.000000 
2456055.542301  14.094720 1.000000 
2456055.562736  14.094687 1.000000 
2456055.583171  14.094552 1.000000 
2456055.603605  14.094652 1.000000 
2456055.624040  14.094577 1.000000 
2456055.644474  14.094804 1.000000 
2456055.664909  14.094269 1.000000 
2456055.685344  14.094494 1.000000 
2456055.705778  14.094555 1.000000 
2456055.726213  14.094461 1.000000 
2456055.746648  14.094480 1.000000 
2456055.767082  14.094499 1.000000 
2456055.787517  14.094189 1.000000 
2456055.807951  14.094280 1.000000 
2456055.828386  14.094595 1.000000 
2456055.848821  14.094805 1.000000 
2456055.869255  14.094890 1.000000 
2456055.889690  14.094604 1.000000 
2456055.910124  14.094287 1.000000 
2456055.930559  14.094421 1.000000 
2456055.950994  14.094322 1.000000 
2456055.971428  14.094604 1.000000 
2456055.991863  14.094805 1.000000 
2456056.012298  14.094550 1.000000 
2456056.032732  14.094394 1.000000 
2456056.053167  14.094793 1.000000 
2456056.073602  14.094657 1.000000 
2456056.094036  14.094451 1.000000 
2456056.114471  14.094166 1.000000 
2456056.134905  14.094402 1.000000 
2456056.155340  14.094395 1.000000 
2456056.175775  14.094157 1.000000 
2456056.196209  14.094141 1.000000 
2456056.216644  14.094279 1.000000 
2456056.237078  14.094189 1.000000 
2456056.257513  14.094712 1.000000 
