2455777.791699  14.103786 1.000000 
2455777.812132  14.104068 1.000000 
2455777.832566  14.104761 1.000000 
2455777.853000  14.104377 1.000000 
2455777.873434  14.104279 1.000000 
2455777.893867  14.104589 1.000000 
2455777.914301  14.105087 1.000000 
2455777.934735  14.104334 1.000000 
2455777.955169  14.104185 1.000000 
2455777.975602  14.104393 1.000000 
2455777.996036  14.104139 1.000000 
2455778.016470  14.103891 1.000000 
2455778.036904  14.104298 1.000000 
2455778.057337  14.104453 1.000000 
2455778.077771  14.104507 1.000000 
2455778.098205  14.104270 1.000000 
2455778.118638  14.104418 1.000000 
2455778.139072  14.103917 1.000000 
2455778.159506  14.104548 1.000000 
2455778.200373  14.104323 1.000000 
2455778.220807  14.104139 1.000000 
2455778.241241  14.104537 1.000000 
2455778.261674  14.104320 1.000000 
2455778.282108  14.104794 1.000000 
2455778.302542  14.104752 1.000000 
2455778.322976  14.104469 1.000000 
2455778.343409  14.104427 1.000000 
2455778.363843  14.103942 1.000000 
2455778.384277  14.103708 1.000000 
2455778.404710  14.104725 1.000000 
2455778.425144  14.104322 1.000000 
2455778.445578  14.104610 1.000000 
2455778.466011  14.104883 1.000000 
2455778.486445  14.104786 1.000000 
2455778.506879  14.104303 1.000000 
2455778.527313  14.104337 1.000000 
2455778.547746  14.104524 1.000000 
2455778.568180  14.104278 1.000000 
2455778.588614  14.104386 1.000000 
2455778.609047  14.104418 1.000000 
2455778.629481  14.104470 1.000000 
2455778.649915  14.104590 1.000000 
2455778.670349  14.104810 1.000000 
2455778.690782  14.104707 1.000000 
2455778.711216  14.104415 1.000000 
2455778.731650  14.104796 1.000000 
2455778.752083  14.108930 1.000000 
2455778.772517  14.114161 1.000000 
2455778.792951  14.115864 1.000000 
2455778.813385  14.116606 1.000000 
2455778.833818  14.116443 1.000000 
2455778.854252  14.115690 1.000000 
2455778.874686  14.113922 1.000000 
2455778.895119  14.109584 1.000000 
2455778.915553  14.103999 1.000000 
2455778.956420  14.103947 1.000000 
2455778.976854  14.104078 1.000000 
2455778.997288  14.104210 1.000000 
2455779.017722  14.104089 1.000000 
2455779.038155  14.104511 1.000000 
2455779.058589  14.104100 1.000000 
2455779.079023  14.104247 1.000000 
2455779.099456  14.104777 1.000000 
2455779.119890  14.104203 1.000000 
2455779.140324  14.104118 1.000000 
2455779.160758  14.104460 1.000000 
2455779.181191  14.104443 1.000000 
2455779.201625  14.104131 1.000000 
2455779.222059  14.104171 1.000000 
2455779.242492  14.104009 1.000000 
2455779.262926  14.104333 1.000000 
2455779.283360  14.104204 1.000000 
2455779.303794  14.104047 1.000000 
2455779.324227  14.104334 1.000000 
2455779.344661  14.104167 1.000000 
2455779.365095  14.104307 1.000000 
2455779.385528  14.104465 1.000000 
2455779.405962  14.104237 1.000000 
2455779.426396  14.104446 1.000000 
2455779.446829  14.104563 1.000000 
2455779.467263  14.104203 1.000000 
2455779.487697  14.104416 1.000000 
2455779.508131  14.104072 1.000000 
2455779.528564  14.104066 1.000000 
2455779.548998  14.104587 1.000000 
2455779.569432  14.104181 1.000000 
2455779.589865  14.104597 1.000000 
2455779.610299  14.103582 1.000000 
2455779.630733  14.104433 1.000000 
2455779.651166  14.104049 1.000000 
2455779.671600  14.104547 1.000000 
2455779.692034  14.104479 1.000000 
2455779.712468  14.104609 1.000000 
2455779.732901  14.103614 1.000000 
2455779.753335  14.104101 1.000000 
2455779.773769  14.104603 1.000000 
2455779.794202  14.103773 1.000000 
2455779.814636  14.104233 1.000000 
2455779.835070  14.104913 1.000000 
2455779.855503  14.104299 1.000000 
