2455259.508400  14.064253 1.000000 
2455259.528834  14.063954 1.000000 
2455259.549268  14.064234 1.000000 
2455259.569702  14.064153 1.000000 
2455259.590137  14.064412 1.000000 
2455259.610571  14.064037 1.000000 
2455259.631005  14.064218 1.000000 
2455259.651439  14.063747 1.000000 
2455259.671873  14.064275 1.000000 
2455259.692308  14.063922 1.000000 
2455259.712742  14.064259 1.000000 
2455259.733176  14.064202 1.000000 
2455259.753610  14.064126 1.000000 
2455259.774044  14.064556 1.000000 
2455259.794479  14.063993 1.000000 
2455259.814913  14.064081 1.000000 
2455259.835347  14.064468 1.000000 
2455259.855781  14.064031 1.000000 
2455259.876215  14.064226 1.000000 
2455259.896649  14.064304 1.000000 
2455259.917084  14.064131 1.000000 
2455259.937518  14.064183 1.000000 
2455259.957952  14.064312 1.000000 
2455259.978386  14.064357 1.000000 
2455259.998820  14.064017 1.000000 
2455260.019255  14.064271 1.000000 
2455260.039689  14.063777 1.000000 
2455260.080557  14.064374 1.000000 
2455260.100992  14.064481 1.000000 
2455260.121426  14.064228 1.000000 
2455260.141860  14.063935 1.000000 
2455260.162294  14.063684 1.000000 
2455260.182728  14.064365 1.000000 
2455260.203163  14.064469 1.000000 
2455260.223597  14.063947 1.000000 
2455260.244031  14.064202 1.000000 
2455260.264465  14.064332 1.000000 
2455260.284899  14.064161 1.000000 
2455260.305333  14.064268 1.000000 
2455260.325768  14.064026 1.000000 
2455260.346202  14.064463 1.000000 
2455260.366636  14.064564 1.000000 
2455260.387070  14.063684 1.000000 
2455260.407505  14.064129 1.000000 
2455260.427939  14.063910 1.000000 
2455260.448373  14.063983 1.000000 
2455260.468807  14.070999 1.000000 
2455260.489241  14.074165 1.000000 
2455260.509675  14.075361 1.000000 
2455260.530110  14.076183 1.000000 
2455260.550544  14.076309 1.000000 
2455260.570978  14.074763 1.000000 
2455260.591412  14.073431 1.000000 
2455260.611847  14.067098 1.000000 
2455260.632281  14.063880 1.000000 
2455260.652715  14.064234 1.000000 
2455260.673149  14.064093 1.000000 
2455260.693583  14.063892 1.000000 
2455260.714018  14.064179 1.000000 
2455260.734452  14.064011 1.000000 
2455260.754886  14.063681 1.000000 
2455260.775320  14.063961 1.000000 
2455260.795755  14.064126 1.000000 
2455260.816189  14.063756 1.000000 
2455260.836623  14.063940 1.000000 
2455260.857057  14.063886 1.000000 
2455260.877491  14.064440 1.000000 
2455260.897925  14.064325 1.000000 
2455260.918360  14.063678 1.000000 
2455260.938794  14.063616 1.000000 
2455260.959228  14.063988 1.000000 
2455260.979662  14.064382 1.000000 
2455261.000096  14.063388 1.000000 
2455261.020531  14.064033 1.000000 
2455261.040965  14.063735 1.000000 
2455261.061399  14.064231 1.000000 
2455261.081833  14.063988 1.000000 
2455261.102268  14.063884 1.000000 
2455261.122702  14.063907 1.000000 
2455261.143136  14.064355 1.000000 
2455261.163570  14.063583 1.000000 
2455261.184005  14.063820 1.000000 
2455261.204439  14.064320 1.000000 
2455261.224873  14.063829 1.000000 
2455261.245307  14.064050 1.000000 
2455261.265741  14.063321 1.000000 
2455261.286176  14.064271 1.000000 
2455261.306610  14.064121 1.000000 
2455261.327044  14.063548 1.000000 
2455261.347478  14.064141 1.000000 
2455261.367913  14.063763 1.000000 
2455261.388347  14.063732 1.000000 
2455261.408781  14.063640 1.000000 
2455261.429215  14.063600 1.000000 
2455261.449649  14.063915 1.000000 
2455261.470083  14.064117 1.000000 
2455261.490518  14.063900 1.000000 
2455261.510952  14.063910 1.000000 
2455261.531386  14.063538 1.000000 
2455261.551820  14.064015 1.000000 
