2455207.688410  14.068286 1.000000 
2455207.708843  14.067402 1.000000 
2455207.729277  14.067890 1.000000 
2455207.749710  14.068049 1.000000 
2455207.770143  14.068379 1.000000 
2455207.790576  14.068303 1.000000 
2455207.811010  14.068208 1.000000 
2455207.831443  14.068460 1.000000 
2455207.851876  14.068182 1.000000 
2455207.872310  14.068132 1.000000 
2455207.892743  14.068232 1.000000 
2455207.913176  14.067930 1.000000 
2455207.933610  14.068044 1.000000 
2455207.954043  14.067593 1.000000 
2455207.974476  14.068021 1.000000 
2455207.994909  14.068084 1.000000 
2455208.015343  14.068084 1.000000 
2455208.035776  14.067559 1.000000 
2455208.056209  14.067884 1.000000 
2455208.076643  14.067736 1.000000 
2455208.097076  14.067912 1.000000 
2455208.117509  14.068382 1.000000 
2455208.137942  14.067937 1.000000 
2455208.158376  14.067568 1.000000 
2455208.178809  14.067604 1.000000 
2455208.199242  14.067611 1.000000 
2455208.219676  14.067768 1.000000 
2455208.240109  14.067941 1.000000 
2455208.260542  14.067710 1.000000 
2455208.280976  14.067981 1.000000 
2455208.301409  14.067792 1.000000 
2455208.321842  14.067530 1.000000 
2455208.342275  14.067811 1.000000 
2455208.362709  14.067823 1.000000 
2455208.383142  14.067076 1.000000 
2455208.403575  14.067787 1.000000 
2455208.424008  14.067932 1.000000 
2455208.444442  14.067978 1.000000 
2455208.464875  14.067650 1.000000 
2455208.485308  14.067540 1.000000 
2455208.505742  14.067270 1.000000 
2455208.526175  14.067620 1.000000 
2455208.546608  14.067617 1.000000 
2455208.567041  14.067193 1.000000 
2455208.587475  14.067560 1.000000 
2455208.607908  14.067331 1.000000 
2455208.628341  14.069986 1.000000 
2455208.648775  14.076242 1.000000 
2455208.669208  14.078126 1.000000 
2455208.689641  14.079226 1.000000 
2455208.710075  14.079108 1.000000 
2455208.730508  14.078664 1.000000 
2455208.750941  14.077869 1.000000 
2455208.771374  14.074677 1.000000 
2455208.791808  14.067873 1.000000 
2455208.812241  14.067914 1.000000 
2455208.832674  14.067765 1.000000 
2455208.853108  14.067441 1.000000 
2455208.873541  14.067842 1.000000 
2455208.893974  14.067878 1.000000 
2455208.914408  14.067052 1.000000 
2455208.934841  14.067486 1.000000 
2455208.955274  14.067231 1.000000 
2455208.975707  14.067157 1.000000 
2455208.996141  14.067266 1.000000 
2455209.016574  14.068012 1.000000 
2455209.037007  14.067079 1.000000 
2455209.057441  14.067626 1.000000 
2455209.077874  14.066962 1.000000 
2455209.098307  14.067148 1.000000 
2455209.118740  14.067066 1.000000 
2455209.139174  14.066749 1.000000 
2455209.159607  14.066856 1.000000 
2455209.180040  14.067210 1.000000 
2455209.200474  14.067257 1.000000 
2455209.220907  14.066988 1.000000 
2455209.241340  14.066886 1.000000 
2455209.261774  14.067067 1.000000 
2455209.302640  14.067003 1.000000 
2455209.323073  14.067131 1.000000 
2455209.343507  14.067062 1.000000 
2455209.363940  14.067018 1.000000 
2455209.384374  14.067021 1.000000 
2455209.404807  14.066372 1.000000 
2455209.425240  14.066799 1.000000 
2455209.445673  14.067067 1.000000 
2455209.466107  14.066698 1.000000 
2455209.486540  14.066935 1.000000 
2455209.506973  14.067019 1.000000 
2455209.527407  14.066400 1.000000 
2455209.547840  14.066704 1.000000 
2455209.568273  14.067088 1.000000 
2455209.588707  14.066652 1.000000 
2455209.609140  14.066706 1.000000 
2455209.629573  14.066555 1.000000 
2455209.650007  14.066869 1.000000 
2455209.670440  14.066303 1.000000 
2455209.690873  14.066396 1.000000 
2455209.711306  14.066529 1.000000 
2455209.731740  14.066418 1.000000 
