2454965.819699  14.080971 1.000000 
2454965.840134  14.080583 1.000000 
2454965.860568  14.081313 1.000000 
2454965.881003  14.081059 1.000000 
2454965.901437  14.081285 1.000000 
2454965.921872  14.080801 1.000000 
2454965.942306  14.080801 1.000000 
2454965.962741  14.080794 1.000000 
2454965.983176  14.081518 1.000000 
2454966.003610  14.081290 1.000000 
2454966.024045  14.080894 1.000000 
2454966.044479  14.080858 1.000000 
2454966.064914  14.081083 1.000000 
2454966.085348  14.081203 1.000000 
2454966.105783  14.081409 1.000000 
2454966.126217  14.081155 1.000000 
2454966.146652  14.080379 1.000000 
2454966.167087  14.080853 1.000000 
2454966.187521  14.080978 1.000000 
2454966.207956  14.080996 1.000000 
2454966.228390  14.081175 1.000000 
2454966.248825  14.080435 1.000000 
2454966.269259  14.080760 1.000000 
2454966.289694  14.080729 1.000000 
2454966.310129  14.080675 1.000000 
2454966.330563  14.080849 1.000000 
2454966.350998  14.081195 1.000000 
2454966.371432  14.080889 1.000000 
2454966.391867  14.080723 1.000000 
2454966.412301  14.080887 1.000000 
2454966.432736  14.081266 1.000000 
2454966.453170  14.080769 1.000000 
2454966.473605  14.081129 1.000000 
2454966.494040  14.080984 1.000000 
2454966.514474  14.080794 1.000000 
2454966.534909  14.080832 1.000000 
2454966.555343  14.081037 1.000000 
2454966.575778  14.080461 1.000000 
2454966.596212  14.080912 1.000000 
2454966.616647  14.080649 1.000000 
2454966.637082  14.081257 1.000000 
2454966.657516  14.080736 1.000000 
2454966.677951  14.081226 1.000000 
2454966.698385  14.081032 1.000000 
2454966.718820  14.080894 1.000000 
2454966.739254  14.080678 1.000000 
2454966.759689  14.082606 1.000000 
2454966.780123  14.089263 1.000000 
2454966.800558  14.091928 1.000000 
2454966.820992  14.092621 1.000000 
2454966.841427  14.092695 1.000000 
2454966.861861  14.092467 1.000000 
2454966.882296  14.091309 1.000000 
2454966.902731  14.088707 1.000000 
2454966.923165  14.081552 1.000000 
2454966.943600  14.081100 1.000000 
2454966.964034  14.080494 1.000000 
2454966.984469  14.080967 1.000000 
2454967.004903  14.080702 1.000000 
2454967.025338  14.081137 1.000000 
2454967.045772  14.081005 1.000000 
2454967.066207  14.080918 1.000000 
2454967.086642  14.081084 1.000000 
2454967.107076  14.080871 1.000000 
2454967.127511  14.080891 1.000000 
2454967.147945  14.080870 1.000000 
2454967.168380  14.081167 1.000000 
2454967.188814  14.080670 1.000000 
2454967.209249  14.081158 1.000000 
2454967.229683  14.080759 1.000000 
2454967.250118  14.081467 1.000000 
2454967.270553  14.080989 1.000000 
2454967.290987  14.081141 1.000000 
2454967.311422  14.081193 1.000000 
2454967.331856  14.081314 1.000000 
2454967.352291  14.081020 1.000000 
2454967.372725  14.080842 1.000000 
2454967.413594  14.081116 1.000000 
2454967.434029  14.080988 1.000000 
2454967.454464  14.080826 1.000000 
2454967.474898  14.081196 1.000000 
2454967.495333  14.081089 1.000000 
2454967.515767  14.080906 1.000000 
2454967.536202  14.080751 1.000000 
2454967.556636  14.080910 1.000000 
2454967.577071  14.080887 1.000000 
2454967.597505  14.080765 1.000000 
2454967.617940  14.080947 1.000000 
2454967.638374  14.080955 1.000000 
2454967.658809  14.081079 1.000000 
2454967.679244  14.080816 1.000000 
2454967.699678  14.080948 1.000000 
2454967.720113  14.080489 1.000000 
2454967.740547  14.080803 1.000000 
2454967.760982  14.081126 1.000000 
2454967.781416  14.080964 1.000000 
2454967.801851  14.081026 1.000000 
2454967.822285  14.081209 1.000000 
2454967.842720  14.081002 1.000000 
2454967.863155  14.080547 1.000000 
