2455829.630996  14.102659 1.000000 
2455829.651429  14.102943 1.000000 
2455829.671862  14.102772 1.000000 
2455829.692295  14.102625 1.000000 
2455829.712728  14.102582 1.000000 
2455829.733161  14.102781 1.000000 
2455829.753593  14.103020 1.000000 
2455829.774027  14.102943 1.000000 
2455829.794459  14.102840 1.000000 
2455829.814892  14.103311 1.000000 
2455829.835325  14.103016 1.000000 
2455829.855758  14.102864 1.000000 
2455829.876191  14.102857 1.000000 
2455829.896624  14.102823 1.000000 
2455829.917057  14.102621 1.000000 
2455829.937490  14.102306 1.000000 
2455829.957923  14.102477 1.000000 
2455829.978355  14.102750 1.000000 
2455829.998789  14.103128 1.000000 
2455830.019221  14.102951 1.000000 
2455830.039654  14.102806 1.000000 
2455830.060087  14.102879 1.000000 
2455830.080520  14.103021 1.000000 
2455830.100953  14.102775 1.000000 
2455830.121386  14.102536 1.000000 
2455830.141819  14.102959 1.000000 
2455830.162252  14.102359 1.000000 
2455830.182685  14.102602 1.000000 
2455830.203118  14.102753 1.000000 
2455830.223550  14.102886 1.000000 
2455830.243983  14.102716 1.000000 
2455830.264416  14.102896 1.000000 
2455830.284849  14.102774 1.000000 
2455830.305282  14.103206 1.000000 
2455830.325715  14.102941 1.000000 
2455830.346148  14.102725 1.000000 
2455830.366581  14.102921 1.000000 
2455830.387014  14.102466 1.000000 
2455830.407447  14.102421 1.000000 
2455830.427879  14.102766 1.000000 
2455830.448312  14.102172 1.000000 
2455830.468745  14.102960 1.000000 
2455830.489178  14.102672 1.000000 
2455830.509611  14.102620 1.000000 
2455830.530044  14.102629 1.000000 
2455830.550477  14.102960 1.000000 
2455830.570910  14.103366 1.000000 
2455830.591343  14.111002 1.000000 
2455830.611776  14.112526 1.000000 
2455830.632209  14.113596 1.000000 
2455830.652641  14.114120 1.000000 
2455830.673074  14.114105 1.000000 
2455830.693507  14.112807 1.000000 
2455830.713940  14.111085 1.000000 
2455830.734373  14.104040 1.000000 
2455830.754806  14.103051 1.000000 
2455830.775239  14.102677 1.000000 
2455830.795671  14.102234 1.000000 
2455830.816105  14.102973 1.000000 
2455830.836537  14.103078 1.000000 
2455830.856970  14.102981 1.000000 
2455830.877403  14.102710 1.000000 
2455830.897836  14.103338 1.000000 
2455830.918269  14.102888 1.000000 
2455830.938702  14.103059 1.000000 
2455830.959135  14.103122 1.000000 
2455830.979568  14.102353 1.000000 
2455831.000001  14.103267 1.000000 
2455831.020433  14.102918 1.000000 
2455831.040867  14.102888 1.000000 
2455831.061299  14.103135 1.000000 
2455831.081732  14.102833 1.000000 
2455831.102165  14.102367 1.000000 
2455831.122598  14.102808 1.000000 
2455831.143031  14.102749 1.000000 
2455831.163464  14.103107 1.000000 
2455831.183897  14.102835 1.000000 
2455831.204330  14.103020 1.000000 
2455831.224762  14.102722 1.000000 
2455831.245195  14.103459 1.000000 
2455831.265628  14.102438 1.000000 
2455831.286061  14.102951 1.000000 
2455831.306494  14.102791 1.000000 
2455831.326927  14.103227 1.000000 
2455831.347360  14.102886 1.000000 
2455831.367793  14.102884 1.000000 
2455831.388226  14.102982 1.000000 
2455831.408658  14.103049 1.000000 
2455831.429091  14.102564 1.000000 
2455831.449524  14.102756 1.000000 
2455831.469957  14.102870 1.000000 
2455831.490390  14.103097 1.000000 
2455831.510823  14.102282 1.000000 
2455831.531256  14.102815 1.000000 
2455831.551689  14.102777 1.000000 
2455831.572122  14.102769 1.000000 
2455831.592554  14.102874 1.000000 
2455831.612987  14.102750 1.000000 
2455831.633420  14.102888 1.000000 
2455831.653853  14.103260 1.000000 
2455831.674286  14.103040 1.000000 
