2455656.861102  14.105793 1.000000 
2455656.881536  14.105974 1.000000 
2455656.901971  14.105381 1.000000 
2455656.922405  14.105280 1.000000 
2455656.942840  14.106155 1.000000 
2455656.963274  14.105471 1.000000 
2455656.983708  14.105452 1.000000 
2455657.004143  14.105588 1.000000 
2455657.024577  14.105726 1.000000 
2455657.045012  14.105421 1.000000 
2455657.065447  14.105484 1.000000 
2455657.085881  14.105396 1.000000 
2455657.106316  14.105720 1.000000 
2455657.126750  14.104802 1.000000 
2455657.147184  14.105542 1.000000 
2455657.167619  14.105140 1.000000 
2455657.188053  14.105166 1.000000 
2455657.208488  14.105472 1.000000 
2455657.228922  14.105278 1.000000 
2455657.249357  14.105660 1.000000 
2455657.269791  14.105389 1.000000 
2455657.290226  14.105443 1.000000 
2455657.310661  14.105252 1.000000 
2455657.331095  14.105610 1.000000 
2455657.351529  14.105471 1.000000 
2455657.371964  14.105093 1.000000 
2455657.392398  14.104970 1.000000 
2455657.412833  14.105373 1.000000 
2455657.433267  14.105580 1.000000 
2455657.453702  14.105017 1.000000 
2455657.474136  14.105038 1.000000 
2455657.494571  14.104981 1.000000 
2455657.515006  14.105143 1.000000 
2455657.535440  14.105376 1.000000 
2455657.555874  14.104931 1.000000 
2455657.576309  14.105236 1.000000 
2455657.596743  14.105063 1.000000 
2455657.617178  14.104887 1.000000 
2455657.658047  14.104512 1.000000 
2455657.678482  14.104702 1.000000 
2455657.698916  14.104895 1.000000 
2455657.719351  14.105464 1.000000 
2455657.739785  14.105016 1.000000 
2455657.760219  14.104829 1.000000 
2455657.780654  14.104821 1.000000 
2455657.801088  14.104743 1.000000 
2455657.821523  14.110995 1.000000 
2455657.841958  14.115024 1.000000 
2455657.862392  14.116440 1.000000 
2455657.882827  14.116642 1.000000 
2455657.903261  14.116675 1.000000 
2455657.923696  14.116276 1.000000 
2455657.944130  14.114112 1.000000 
2455657.964564  14.108559 1.000000 
2455657.984999  14.104825 1.000000 
2455658.005433  14.104311 1.000000 
2455658.025868  14.104662 1.000000 
2455658.046302  14.104505 1.000000 
2455658.066737  14.104616 1.000000 
2455658.087172  14.104743 1.000000 
2455658.107606  14.104796 1.000000 
2455658.128040  14.104791 1.000000 
2455658.148475  14.104582 1.000000 
2455658.168910  14.104535 1.000000 
2455658.189344  14.104682 1.000000 
2455658.209778  14.104260 1.000000 
2455658.230213  14.104407 1.000000 
2455658.250648  14.104870 1.000000 
2455658.271082  14.104559 1.000000 
2455658.291517  14.104506 1.000000 
2455658.311951  14.104253 1.000000 
2455658.332386  14.104620 1.000000 
2455658.352820  14.104623 1.000000 
2455658.373255  14.103929 1.000000 
2455658.393689  14.104196 1.000000 
2455658.414124  14.104429 1.000000 
2455658.434558  14.104349 1.000000 
2455658.454993  14.104235 1.000000 
2455658.475427  14.103846 1.000000 
2455658.495862  14.104343 1.000000 
2455658.516296  14.104080 1.000000 
2455658.536731  14.104539 1.000000 
2455658.577600  14.104065 1.000000 
2455658.598034  14.103974 1.000000 
2455658.618469  14.104105 1.000000 
2455658.638903  14.104447 1.000000 
2455658.659338  14.104426 1.000000 
2455658.679772  14.103961 1.000000 
2455658.700207  14.104126 1.000000 
2455658.720641  14.104388 1.000000 
2455658.741076  14.104481 1.000000 
2455658.761510  14.104477 1.000000 
2455658.781945  14.104081 1.000000 
2455658.802379  14.103652 1.000000 
2455658.822814  14.104027 1.000000 
2455658.843248  14.104204 1.000000 
2455658.863683  14.104333 1.000000 
2455658.884117  14.103915 1.000000 
2455658.904552  14.104226 1.000000 
