2455311.350621  14.061348 1.000000 
2455311.371056  14.060956 1.000000 
2455311.391490  14.061161 1.000000 
2455311.411925  14.061079 1.000000 
2455311.432359  14.061319 1.000000 
2455311.452794  14.061395 1.000000 
2455311.473229  14.061510 1.000000 
2455311.493663  14.060779 1.000000 
2455311.514098  14.061347 1.000000 
2455311.534533  14.061413 1.000000 
2455311.554967  14.061089 1.000000 
2455311.575402  14.061398 1.000000 
2455311.595837  14.061491 1.000000 
2455311.616271  14.061768 1.000000 
2455311.636706  14.061385 1.000000 
2455311.657140  14.060813 1.000000 
2455311.677575  14.060870 1.000000 
2455311.698009  14.061004 1.000000 
2455311.718444  14.061332 1.000000 
2455311.738879  14.061209 1.000000 
2455311.759313  14.060717 1.000000 
2455311.779748  14.060957 1.000000 
2455311.800183  14.061305 1.000000 
2455311.820617  14.060439 1.000000 
2455311.841052  14.061424 1.000000 
2455311.861487  14.061005 1.000000 
2455311.881921  14.061291 1.000000 
2455311.902356  14.061470 1.000000 
2455311.922790  14.061329 1.000000 
2455311.943225  14.061322 1.000000 
2455311.963660  14.061026 1.000000 
2455311.984094  14.061165 1.000000 
2455312.004529  14.061369 1.000000 
2455312.024963  14.061185 1.000000 
2455312.045398  14.061100 1.000000 
2455312.065833  14.061261 1.000000 
2455312.086267  14.061230 1.000000 
2455312.106702  14.061196 1.000000 
2455312.127137  14.061120 1.000000 
2455312.147571  14.060979 1.000000 
2455312.168006  14.061331 1.000000 
2455312.188440  14.061102 1.000000 
2455312.208875  14.061323 1.000000 
2455312.229310  14.061532 1.000000 
2455312.249744  14.061083 1.000000 
2455312.270179  14.061698 1.000000 
2455312.290613  14.065197 1.000000 
2455312.311048  14.070818 1.000000 
2455312.331483  14.072308 1.000000 
2455312.351917  14.073098 1.000000 
2455312.372352  14.073040 1.000000 
2455312.392787  14.072198 1.000000 
2455312.413221  14.071209 1.000000 
2455312.433656  14.066400 1.000000 
2455312.454090  14.060853 1.000000 
2455312.474525  14.061005 1.000000 
2455312.494960  14.061069 1.000000 
2455312.515394  14.061409 1.000000 
2455312.535829  14.061508 1.000000 
2455312.556264  14.060855 1.000000 
2455312.576698  14.061060 1.000000 
2455312.597133  14.060904 1.000000 
2455312.617568  14.061316 1.000000 
2455312.638002  14.061193 1.000000 
2455312.658437  14.061422 1.000000 
2455312.678871  14.060936 1.000000 
2455312.699306  14.060608 1.000000 
2455312.719741  14.060929 1.000000 
2455312.740175  14.061018 1.000000 
2455312.760610  14.060910 1.000000 
2455312.781044  14.061069 1.000000 
2455312.801479  14.060955 1.000000 
2455312.821913  14.060922 1.000000 
2455312.842348  14.060967 1.000000 
2455312.862783  14.060893 1.000000 
2455312.883217  14.060851 1.000000 
2455312.903652  14.060486 1.000000 
2455312.924087  14.060774 1.000000 
2455312.944521  14.061118 1.000000 
2455312.964956  14.061224 1.000000 
2455312.985391  14.061387 1.000000 
2455313.005825  14.061176 1.000000 
2455313.026260  14.061232 1.000000 
2455313.046694  14.060766 1.000000 
2455313.067129  14.060904 1.000000 
2455313.087564  14.060380 1.000000 
2455313.107998  14.060772 1.000000 
2455313.128433  14.060660 1.000000 
2455313.148868  14.060635 1.000000 
2455313.169302  14.060605 1.000000 
2455313.189737  14.060975 1.000000 
2455313.210172  14.060511 1.000000 
2455313.230606  14.060664 1.000000 
2455313.251041  14.060826 1.000000 
2455313.271475  14.060592 1.000000 
2455313.291910  14.060871 1.000000 
2455313.312345  14.060726 1.000000 
2455313.332779  14.060593 1.000000 
2455313.353214  14.060561 1.000000 
2455313.373648  14.060778 1.000000 
2455313.394083  14.060722 1.000000 
