2455466.832088  14.113245 1.000000 
2455466.852521  14.113398 1.000000 
2455466.872954  14.113285 1.000000 
2455466.893386  14.113371 1.000000 
2455466.913819  14.113547 1.000000 
2455466.934252  14.114081 1.000000 
2455466.954685  14.113685 1.000000 
2455466.975118  14.113299 1.000000 
2455466.995551  14.113435 1.000000 
2455467.015983  14.112782 1.000000 
2455467.036416  14.113509 1.000000 
2455467.056849  14.113474 1.000000 
2455467.077282  14.112891 1.000000 
2455467.097715  14.113222 1.000000 
2455467.118147  14.113070 1.000000 
2455467.138580  14.112892 1.000000 
2455467.159013  14.112828 1.000000 
2455467.179446  14.113063 1.000000 
2455467.199878  14.113346 1.000000 
2455467.220311  14.113137 1.000000 
2455467.240744  14.113017 1.000000 
2455467.261177  14.112853 1.000000 
2455467.281610  14.113140 1.000000 
2455467.302042  14.113027 1.000000 
2455467.322475  14.113216 1.000000 
2455467.342908  14.113022 1.000000 
2455467.363341  14.112689 1.000000 
2455467.383774  14.113142 1.000000 
2455467.404206  14.113324 1.000000 
2455467.424639  14.112707 1.000000 
2455467.445072  14.113209 1.000000 
2455467.465505  14.112986 1.000000 
2455467.485938  14.112758 1.000000 
2455467.506370  14.112732 1.000000 
2455467.526803  14.113297 1.000000 
2455467.547236  14.112917 1.000000 
2455467.567669  14.113200 1.000000 
2455467.588102  14.113075 1.000000 
2455467.608534  14.112026 1.000000 
2455467.628967  14.113089 1.000000 
2455467.649400  14.113359 1.000000 
2455467.669833  14.113131 1.000000 
2455467.690265  14.112957 1.000000 
2455467.710698  14.113441 1.000000 
2455467.731131  14.113218 1.000000 
2455467.751564  14.113218 1.000000 
2455467.771997  14.115132 1.000000 
2455467.792429  14.122024 1.000000 
2455467.812862  14.123327 1.000000 
2455467.833295  14.124380 1.000000 
2455467.853728  14.124669 1.000000 
2455467.874160  14.124704 1.000000 
2455467.894593  14.123555 1.000000 
2455467.915026  14.120723 1.000000 
2455467.935459  14.113701 1.000000 
2455467.955892  14.113026 1.000000 
2455467.976325  14.113641 1.000000 
2455467.996757  14.112797 1.000000 
2455468.017190  14.112942 1.000000 
2455468.037623  14.112586 1.000000 
2455468.058056  14.113581 1.000000 
2455468.078488  14.113759 1.000000 
2455468.098921  14.113476 1.000000 
2455468.119354  14.112925 1.000000 
2455468.139787  14.113187 1.000000 
2455468.160219  14.113070 1.000000 
2455468.180652  14.113043 1.000000 
2455468.201085  14.112942 1.000000 
2455468.241951  14.112919 1.000000 
2455468.262383  14.113055 1.000000 
2455468.282816  14.113078 1.000000 
2455468.303249  14.113164 1.000000 
2455468.323682  14.113642 1.000000 
2455468.344115  14.113099 1.000000 
2455468.364547  14.113524 1.000000 
2455468.384980  14.113122 1.000000 
2455468.405413  14.113009 1.000000 
2455468.425846  14.113508 1.000000 
2455468.446278  14.113064 1.000000 
2455468.466711  14.113284 1.000000 
2455468.487144  14.112671 1.000000 
2455468.507577  14.113255 1.000000 
2455468.528010  14.113021 1.000000 
2455468.548442  14.113240 1.000000 
2455468.568875  14.113260 1.000000 
2455468.589308  14.113047 1.000000 
2455468.609741  14.113327 1.000000 
2455468.630174  14.112755 1.000000 
2455468.650606  14.113171 1.000000 
2455468.671039  14.112950 1.000000 
2455468.691472  14.112964 1.000000 
2455468.711905  14.113415 1.000000 
2455468.732337  14.112608 1.000000 
2455468.752770  14.113122 1.000000 
2455468.773203  14.113701 1.000000 
2455468.793636  14.113122 1.000000 
2455468.814069  14.112990 1.000000 
2455468.834501  14.113223 1.000000 
2455468.854934  14.113046 1.000000 
2455468.875367  14.112907 1.000000 
