2456036.946820  14.095838 1.000000 
2456036.967254  14.095416 1.000000 
2456036.987689  14.095614 1.000000 
2456037.008123  14.095671 1.000000 
2456037.028558  14.095727 1.000000 
2456037.048993  14.095576 1.000000 
2456037.069427  14.095820 1.000000 
2456037.089862  14.095638 1.000000 
2456037.110296  14.095842 1.000000 
2456037.130731  14.095896 1.000000 
2456037.151165  14.095498 1.000000 
2456037.171600  14.095881 1.000000 
2456037.192034  14.095286 1.000000 
2456037.212469  14.095544 1.000000 
2456037.232904  14.095834 1.000000 
2456037.253338  14.095266 1.000000 
2456037.273773  14.095305 1.000000 
2456037.294207  14.095589 1.000000 
2456037.314642  14.095758 1.000000 
2456037.335076  14.095340 1.000000 
2456037.355511  14.095718 1.000000 
2456037.375946  14.094831 1.000000 
2456037.396380  14.095443 1.000000 
2456037.416815  14.095377 1.000000 
2456037.437249  14.095511 1.000000 
2456037.457684  14.096011 1.000000 
2456037.478118  14.095784 1.000000 
2456037.498553  14.095552 1.000000 
2456037.518987  14.095223 1.000000 
2456037.539422  14.095925 1.000000 
2456037.559857  14.095597 1.000000 
2456037.580291  14.095966 1.000000 
2456037.600726  14.095671 1.000000 
2456037.621160  14.095558 1.000000 
2456037.641595  14.096106 1.000000 
2456037.662029  14.095327 1.000000 
2456037.682464  14.095622 1.000000 
2456037.702898  14.095250 1.000000 
2456037.723333  14.095508 1.000000 
2456037.743767  14.095551 1.000000 
2456037.764202  14.095855 1.000000 
2456037.784637  14.095902 1.000000 
2456037.805071  14.095357 1.000000 
2456037.825506  14.095599 1.000000 
2456037.845940  14.095823 1.000000 
2456037.866375  14.095816 1.000000 
2456037.886809  14.096274 1.000000 
2456037.907244  14.103968 1.000000 
2456037.927679  14.106051 1.000000 
2456037.948113  14.107045 1.000000 
2456037.968548  14.107705 1.000000 
2456037.988982  14.107213 1.000000 
2456038.009417  14.106095 1.000000 
2456038.029851  14.104544 1.000000 
2456038.050286  14.097054 1.000000 
2456038.070720  14.095507 1.000000 
2456038.091155  14.095575 1.000000 
2456038.111590  14.095185 1.000000 
2456038.132024  14.096192 1.000000 
2456038.152459  14.095683 1.000000 
2456038.172893  14.096007 1.000000 
2456038.193328  14.095839 1.000000 
2456038.213762  14.095607 1.000000 
2456038.234197  14.095725 1.000000 
2456038.254632  14.095757 1.000000 
2456038.275066  14.095816 1.000000 
2456038.295501  14.096140 1.000000 
2456038.315935  14.095635 1.000000 
2456038.336370  14.095194 1.000000 
2456038.356804  14.095507 1.000000 
2456038.377239  14.095968 1.000000 
2456038.397673  14.095108 1.000000 
2456038.418108  14.095199 1.000000 
2456038.438543  14.095270 1.000000 
2456038.458977  14.095578 1.000000 
2456038.479412  14.095737 1.000000 
2456038.499846  14.095661 1.000000 
2456038.520281  14.095730 1.000000 
2456038.540715  14.095114 1.000000 
2456038.561150  14.095782 1.000000 
2456038.581585  14.095723 1.000000 
2456038.602019  14.095876 1.000000 
2456038.622454  14.095553 1.000000 
2456038.642888  14.095443 1.000000 
2456038.663323  14.095824 1.000000 
2456038.683757  14.095769 1.000000 
2456038.704192  14.095948 1.000000 
2456038.724626  14.095529 1.000000 
2456038.745061  14.095551 1.000000 
2456038.765496  14.095469 1.000000 
2456038.785930  14.095470 1.000000 
2456038.806365  14.095578 1.000000 
2456038.826799  14.095148 1.000000 
2456038.847234  14.095711 1.000000 
2456038.867668  14.095486 1.000000 
2456038.888103  14.095696 1.000000 
2456038.908538  14.095333 1.000000 
2456038.949407  14.095389 1.000000 
2456038.990276  14.095450 1.000000 
