2455535.935186  14.112767 1.000000 
2455535.955618  14.112764 1.000000 
2455535.976051  14.112990 1.000000 
2455535.996484  14.112912 1.000000 
2455536.016916  14.112882 1.000000 
2455536.037349  14.113007 1.000000 
2455536.057782  14.112828 1.000000 
2455536.078214  14.113345 1.000000 
2455536.098647  14.112821 1.000000 
2455536.119080  14.113174 1.000000 
2455536.139512  14.112473 1.000000 
2455536.159945  14.112648 1.000000 
2455536.180378  14.112641 1.000000 
2455536.200810  14.112387 1.000000 
2455536.221243  14.113188 1.000000 
2455536.241676  14.112264 1.000000 
2455536.262108  14.112833 1.000000 
2455536.282541  14.113171 1.000000 
2455536.302974  14.112616 1.000000 
2455536.323406  14.112583 1.000000 
2455536.343839  14.112748 1.000000 
2455536.364272  14.112474 1.000000 
2455536.384704  14.112977 1.000000 
2455536.405137  14.112532 1.000000 
2455536.446002  14.112683 1.000000 
2455536.466435  14.112423 1.000000 
2455536.486868  14.112225 1.000000 
2455536.507300  14.112576 1.000000 
2455536.527733  14.113030 1.000000 
2455536.548166  14.113065 1.000000 
2455536.568598  14.112964 1.000000 
2455536.589031  14.112898 1.000000 
2455536.609464  14.112973 1.000000 
2455536.629897  14.112735 1.000000 
2455536.650329  14.112576 1.000000 
2455536.670762  14.112201 1.000000 
2455536.691194  14.112825 1.000000 
2455536.711627  14.112951 1.000000 
2455536.732060  14.113054 1.000000 
2455536.752493  14.112739 1.000000 
2455536.772925  14.112520 1.000000 
2455536.793358  14.112863 1.000000 
2455536.813791  14.112862 1.000000 
2455536.834223  14.112706 1.000000 
2455536.854656  14.112505 1.000000 
2455536.875088  14.114237 1.000000 
2455536.895521  14.121891 1.000000 
2455536.915954  14.123482 1.000000 
2455536.936387  14.124666 1.000000 
2455536.956819  14.124997 1.000000 
2455536.977252  14.124739 1.000000 
2455536.997685  14.123802 1.000000 
2455537.018117  14.121834 1.000000 
2455537.038550  14.113400 1.000000 
2455537.058983  14.112897 1.000000 
2455537.079415  14.112602 1.000000 
2455537.099848  14.112610 1.000000 
2455537.120281  14.113011 1.000000 
2455537.140713  14.112978 1.000000 
2455537.161146  14.112617 1.000000 
2455537.181579  14.112975 1.000000 
2455537.202011  14.112792 1.000000 
2455537.222444  14.113072 1.000000 
2455537.242877  14.112561 1.000000 
2455537.263310  14.112942 1.000000 
2455537.283742  14.112548 1.000000 
2455537.304175  14.112564 1.000000 
2455537.324607  14.112710 1.000000 
2455537.345040  14.113104 1.000000 
2455537.365473  14.113223 1.000000 
2455537.385906  14.112734 1.000000 
2455537.406338  14.112700 1.000000 
2455537.426771  14.112801 1.000000 
2455537.447204  14.112809 1.000000 
2455537.467636  14.112483 1.000000 
2455537.488069  14.112627 1.000000 
2455537.508501  14.112414 1.000000 
2455537.528934  14.112729 1.000000 
2455537.549367  14.112652 1.000000 
2455537.569800  14.112807 1.000000 
2455537.590232  14.113164 1.000000 
2455537.610665  14.113178 1.000000 
2455537.631098  14.113127 1.000000 
2455537.651530  14.113209 1.000000 
2455537.671963  14.112929 1.000000 
2455537.692396  14.112955 1.000000 
2455537.712828  14.113181 1.000000 
2455537.733261  14.113189 1.000000 
2455537.753694  14.112741 1.000000 
2455537.774126  14.112802 1.000000 
2455537.794559  14.112914 1.000000 
2455537.814992  14.112808 1.000000 
2455537.835425  14.112755 1.000000 
2455537.855857  14.113002 1.000000 
2455537.876290  14.112711 1.000000 
2455537.896723  14.113111 1.000000 
2455537.917155  14.113095 1.000000 
2455537.937588  14.112891 1.000000 
2455537.978453  14.112660 1.000000 
