2456019.679680  14.097431 1.000000 
2456019.700114  14.096982 1.000000 
2456019.720549  14.096904 1.000000 
2456019.740983  14.097201 1.000000 
2456019.761418  14.096855 1.000000 
2456019.781852  14.096774 1.000000 
2456019.802286  14.096582 1.000000 
2456019.822721  14.097206 1.000000 
2456019.843155  14.096921 1.000000 
2456019.863590  14.096815 1.000000 
2456019.884024  14.097284 1.000000 
2456019.904458  14.097142 1.000000 
2456019.924893  14.097180 1.000000 
2456019.945327  14.096959 1.000000 
2456019.965762  14.096873 1.000000 
2456019.986196  14.097179 1.000000 
2456020.006630  14.096750 1.000000 
2456020.027065  14.096690 1.000000 
2456020.047499  14.096551 1.000000 
2456020.067934  14.096588 1.000000 
2456020.088368  14.096826 1.000000 
2456020.108803  14.096796 1.000000 
2456020.129237  14.096655 1.000000 
2456020.149671  14.096625 1.000000 
2456020.170106  14.097045 1.000000 
2456020.190540  14.097041 1.000000 
2456020.210975  14.096783 1.000000 
2456020.231409  14.096987 1.000000 
2456020.251843  14.096964 1.000000 
2456020.272278  14.096444 1.000000 
2456020.292712  14.096405 1.000000 
2456020.313147  14.096637 1.000000 
2456020.333581  14.096529 1.000000 
2456020.374450  14.096468 1.000000 
2456020.394884  14.096539 1.000000 
2456020.415319  14.096431 1.000000 
2456020.435753  14.096404 1.000000 
2456020.456188  14.096802 1.000000 
2456020.476622  14.096709 1.000000 
2456020.497056  14.096830 1.000000 
2456020.517491  14.096579 1.000000 
2456020.537925  14.096629 1.000000 
2456020.558360  14.096182 1.000000 
2456020.578794  14.096376 1.000000 
2456020.599228  14.095998 1.000000 
2456020.619663  14.100939 1.000000 
2456020.640097  14.106533 1.000000 
2456020.660532  14.108131 1.000000 
2456020.680966  14.108556 1.000000 
2456020.701400  14.108373 1.000000 
2456020.721835  14.107890 1.000000 
2456020.742269  14.106713 1.000000 
2456020.762704  14.102040 1.000000 
2456020.783138  14.096063 1.000000 
2456020.803573  14.096477 1.000000 
2456020.824007  14.096383 1.000000 
2456020.844441  14.096423 1.000000 
2456020.864876  14.096264 1.000000 
2456020.885310  14.096020 1.000000 
2456020.905745  14.096363 1.000000 
2456020.946613  14.096394 1.000000 
2456020.967048  14.096657 1.000000 
2456020.987482  14.096171 1.000000 
2456021.007917  14.096624 1.000000 
2456021.048786  14.096226 1.000000 
2456021.069220  14.096229 1.000000 
2456021.089654  14.096133 1.000000 
2456021.110089  14.096354 1.000000 
2456021.130523  14.095687 1.000000 
2456021.150958  14.096111 1.000000 
2456021.171392  14.095841 1.000000 
2456021.191827  14.096096 1.000000 
2456021.212261  14.096541 1.000000 
2456021.232695  14.096223 1.000000 
2456021.253130  14.096364 1.000000 
2456021.273564  14.096167 1.000000 
2456021.293998  14.096461 1.000000 
2456021.314433  14.096033 1.000000 
2456021.334867  14.096333 1.000000 
2456021.355302  14.096019 1.000000 
2456021.375736  14.096302 1.000000 
2456021.396171  14.096099 1.000000 
2456021.416605  14.096137 1.000000 
2456021.437040  14.095863 1.000000 
2456021.457474  14.096061 1.000000 
2456021.477908  14.095780 1.000000 
2456021.498343  14.095879 1.000000 
2456021.518777  14.095898 1.000000 
2456021.539212  14.095826 1.000000 
2456021.559646  14.095863 1.000000 
2456021.580080  14.095882 1.000000 
2456021.600515  14.096017 1.000000 
2456021.620949  14.095734 1.000000 
2456021.641384  14.095731 1.000000 
2456021.661818  14.095423 1.000000 
2456021.682253  14.095585 1.000000 
2456021.702687  14.095578 1.000000 
2456021.723121  14.095641 1.000000 
