2455449.545842  14.112289 1.000000 
2455449.566275  14.112298 1.000000 
2455449.586708  14.112504 1.000000 
2455449.607141  14.113033 1.000000 
2455449.627574  14.112807 1.000000 
2455449.648007  14.112537 1.000000 
2455449.668440  14.112697 1.000000 
2455449.688873  14.112926 1.000000 
2455449.709306  14.112628 1.000000 
2455449.729739  14.112787 1.000000 
2455449.750172  14.112743 1.000000 
2455449.770605  14.112666 1.000000 
2455449.791038  14.112558 1.000000 
2455449.811471  14.112727 1.000000 
2455449.831904  14.112364 1.000000 
2455449.852337  14.112370 1.000000 
2455449.872770  14.112394 1.000000 
2455449.893203  14.112730 1.000000 
2455449.913636  14.111986 1.000000 
2455449.934069  14.113100 1.000000 
2455449.954502  14.113058 1.000000 
2455449.974935  14.112154 1.000000 
2455449.995368  14.112346 1.000000 
2455450.015801  14.112694 1.000000 
2455450.036234  14.112701 1.000000 
2455450.056667  14.112508 1.000000 
2455450.077100  14.112867 1.000000 
2455450.097533  14.112273 1.000000 
2455450.117966  14.112375 1.000000 
2455450.138399  14.112283 1.000000 
2455450.158832  14.112368 1.000000 
2455450.179265  14.113109 1.000000 
2455450.199698  14.112564 1.000000 
2455450.220131  14.112463 1.000000 
2455450.240564  14.112196 1.000000 
2455450.260997  14.112670 1.000000 
2455450.281430  14.112441 1.000000 
2455450.301863  14.111785 1.000000 
2455450.322296  14.112329 1.000000 
2455450.342729  14.112398 1.000000 
2455450.363162  14.112421 1.000000 
2455450.383596  14.112292 1.000000 
2455450.404028  14.112469 1.000000 
2455450.424461  14.112628 1.000000 
2455450.444895  14.112810 1.000000 
2455450.465327  14.112327 1.000000 
2455450.485761  14.112409 1.000000 
2455450.506194  14.118318 1.000000 
2455450.526626  14.122239 1.000000 
2455450.547060  14.124074 1.000000 
2455450.567492  14.124120 1.000000 
2455450.587925  14.124129 1.000000 
2455450.608359  14.123334 1.000000 
2455450.628791  14.121972 1.000000 
2455450.649225  14.115963 1.000000 
2455450.669658  14.112139 1.000000 
2455450.690090  14.111917 1.000000 
2455450.710524  14.112602 1.000000 
2455450.730957  14.112588 1.000000 
2455450.751390  14.112062 1.000000 
2455450.771823  14.111620 1.000000 
2455450.792256  14.112344 1.000000 
2455450.812689  14.112234 1.000000 
2455450.833122  14.112484 1.000000 
2455450.853555  14.112236 1.000000 
2455450.873988  14.112392 1.000000 
2455450.894421  14.112167 1.000000 
2455450.914854  14.112585 1.000000 
2455450.935287  14.112522 1.000000 
2455450.955720  14.112427 1.000000 
2455450.976153  14.112747 1.000000 
2455450.996586  14.112567 1.000000 
2455451.017019  14.112059 1.000000 
2455451.037452  14.112436 1.000000 
2455451.057885  14.112244 1.000000 
2455451.078318  14.112333 1.000000 
2455451.098751  14.112096 1.000000 
2455451.119184  14.112621 1.000000 
2455451.139617  14.112731 1.000000 
2455451.160050  14.112699 1.000000 
2455451.180483  14.112320 1.000000 
2455451.200916  14.112746 1.000000 
2455451.221349  14.112597 1.000000 
2455451.241782  14.112665 1.000000 
2455451.262215  14.112936 1.000000 
2455451.282648  14.112532 1.000000 
2455451.303081  14.112381 1.000000 
2455451.323514  14.112165 1.000000 
2455451.343947  14.112407 1.000000 
2455451.364380  14.112522 1.000000 
2455451.384813  14.112678 1.000000 
2455451.405246  14.112511 1.000000 
2455451.425679  14.112787 1.000000 
2455451.446112  14.112844 1.000000 
2455451.466545  14.112846 1.000000 
2455451.486978  14.112880 1.000000 
2455451.507411  14.112702 1.000000 
2455451.527844  14.112865 1.000000 
2455451.548277  14.112692 1.000000 
2455451.568710  14.112916 1.000000 
2455451.589143  14.113018 1.000000 
