2455242.241623  14.060146 1.000000 
2455242.262057  14.060071 1.000000 
2455242.282491  14.059896 1.000000 
2455242.302925  14.059935 1.000000 
2455242.323359  14.059894 1.000000 
2455242.343793  14.060102 1.000000 
2455242.364227  14.059944 1.000000 
2455242.384661  14.059468 1.000000 
2455242.405094  14.060094 1.000000 
2455242.425528  14.059815 1.000000 
2455242.445962  14.059792 1.000000 
2455242.466396  14.059652 1.000000 
2455242.486830  14.060373 1.000000 
2455242.507264  14.059977 1.000000 
2455242.527698  14.059983 1.000000 
2455242.548132  14.059925 1.000000 
2455242.568566  14.059820 1.000000 
2455242.589000  14.059954 1.000000 
2455242.609434  14.059886 1.000000 
2455242.629868  14.059721 1.000000 
2455242.650302  14.059720 1.000000 
2455242.670735  14.059687 1.000000 
2455242.691169  14.059959 1.000000 
2455242.711603  14.059679 1.000000 
2455242.732037  14.060068 1.000000 
2455242.752471  14.059510 1.000000 
2455242.772905  14.059573 1.000000 
2455242.793339  14.059598 1.000000 
2455242.813773  14.059755 1.000000 
2455242.834207  14.059557 1.000000 
2455242.854641  14.059925 1.000000 
2455242.875075  14.059940 1.000000 
2455242.895508  14.059657 1.000000 
2455242.915942  14.059799 1.000000 
2455242.936376  14.059688 1.000000 
2455242.956810  14.059728 1.000000 
2455242.977244  14.059497 1.000000 
2455242.997678  14.059396 1.000000 
2455243.018112  14.059768 1.000000 
2455243.038546  14.059872 1.000000 
2455243.058980  14.059478 1.000000 
2455243.079414  14.060266 1.000000 
2455243.099848  14.059986 1.000000 
2455243.120282  14.060012 1.000000 
2455243.140716  14.059482 1.000000 
2455243.161150  14.059886 1.000000 
2455243.181583  14.061894 1.000000 
2455243.202017  14.068995 1.000000 
2455243.222451  14.070415 1.000000 
2455243.242885  14.071936 1.000000 
2455243.263319  14.071846 1.000000 
2455243.283753  14.071063 1.000000 
2455243.304187  14.070573 1.000000 
2455243.324621  14.066952 1.000000 
2455243.345055  14.059886 1.000000 
2455243.365489  14.059522 1.000000 
2455243.385923  14.059694 1.000000 
2455243.406357  14.059910 1.000000 
2455243.426791  14.060169 1.000000 
2455243.447225  14.059782 1.000000 
2455243.467659  14.059610 1.000000 
2455243.488092  14.059781 1.000000 
2455243.508526  14.059535 1.000000 
2455243.528960  14.059968 1.000000 
2455243.549394  14.059837 1.000000 
2455243.569828  14.059905 1.000000 
2455243.590262  14.059698 1.000000 
2455243.610696  14.059562 1.000000 
2455243.631130  14.059993 1.000000 
2455243.651564  14.059612 1.000000 
2455243.671998  14.060353 1.000000 
2455243.692432  14.060073 1.000000 
2455243.712866  14.059234 1.000000 
2455243.733300  14.059992 1.000000 
2455243.753733  14.059905 1.000000 
2455243.774167  14.059872 1.000000 
2455243.794602  14.060219 1.000000 
2455243.815035  14.059801 1.000000 
2455243.835469  14.059555 1.000000 
2455243.855903  14.059299 1.000000 
2455243.876337  14.059920 1.000000 
2455243.896771  14.059891 1.000000 
2455243.917205  14.060010 1.000000 
2455243.937639  14.060039 1.000000 
2455243.958073  14.060282 1.000000 
2455243.978507  14.059574 1.000000 
2455243.998941  14.059639 1.000000 
2455244.019375  14.059945 1.000000 
2455244.039809  14.059892 1.000000 
2455244.060243  14.059671 1.000000 
2455244.080677  14.059982 1.000000 
2455244.101111  14.059728 1.000000 
2455244.121545  14.059552 1.000000 
2455244.162412  14.059877 1.000000 
2455244.182846  14.060231 1.000000 
2455244.203280  14.060007 1.000000 
2455244.223714  14.059822 1.000000 
2455244.244148  14.059829 1.000000 
2455244.264582  14.059686 1.000000 
2455244.285016  14.059618 1.000000 
