2455881.468658  14.103459 1.000000 
2455881.489090  14.103940 1.000000 
2455881.509523  14.103500 1.000000 
2455881.529955  14.103309 1.000000 
2455881.550388  14.103923 1.000000 
2455881.570820  14.103822 1.000000 
2455881.591253  14.103362 1.000000 
2455881.611686  14.103896 1.000000 
2455881.632118  14.103920 1.000000 
2455881.652550  14.103967 1.000000 
2455881.672983  14.103551 1.000000 
2455881.693416  14.103716 1.000000 
2455881.713848  14.104348 1.000000 
2455881.734281  14.103888 1.000000 
2455881.754713  14.103671 1.000000 
2455881.775146  14.103888 1.000000 
2455881.795578  14.103707 1.000000 
2455881.816011  14.103950 1.000000 
2455881.836443  14.103826 1.000000 
2455881.856876  14.103931 1.000000 
2455881.877308  14.103997 1.000000 
2455881.897741  14.103932 1.000000 
2455881.918174  14.103935 1.000000 
2455881.938606  14.103726 1.000000 
2455881.959039  14.103874 1.000000 
2455881.979471  14.103252 1.000000 
2455881.999904  14.104731 1.000000 
2455882.020336  14.103744 1.000000 
2455882.040769  14.104222 1.000000 
2455882.061201  14.103950 1.000000 
2455882.081634  14.104050 1.000000 
2455882.102066  14.103751 1.000000 
2455882.122499  14.104122 1.000000 
2455882.142931  14.104283 1.000000 
2455882.163364  14.103831 1.000000 
2455882.183797  14.103818 1.000000 
2455882.204229  14.104047 1.000000 
2455882.224662  14.104118 1.000000 
2455882.245094  14.104613 1.000000 
2455882.265527  14.104145 1.000000 
2455882.285959  14.104107 1.000000 
2455882.306392  14.103573 1.000000 
2455882.326825  14.104472 1.000000 
2455882.347257  14.104116 1.000000 
2455882.367690  14.104206 1.000000 
2455882.388122  14.104265 1.000000 
2455882.408555  14.108438 1.000000 
2455882.428987  14.114133 1.000000 
2455882.449420  14.115757 1.000000 
2455882.469852  14.116089 1.000000 
2455882.490285  14.116704 1.000000 
2455882.510717  14.115653 1.000000 
2455882.531150  14.114320 1.000000 
2455882.551582  14.109758 1.000000 
2455882.572015  14.104490 1.000000 
2455882.592448  14.104184 1.000000 
2455882.612880  14.103893 1.000000 
2455882.633313  14.104097 1.000000 
2455882.653745  14.104464 1.000000 
2455882.674178  14.104273 1.000000 
2455882.694610  14.104015 1.000000 
2455882.715043  14.104646 1.000000 
2455882.735475  14.104912 1.000000 
2455882.755908  14.104921 1.000000 
2455882.776340  14.104695 1.000000 
2455882.796773  14.104326 1.000000 
2455882.817206  14.104858 1.000000 
2455882.837638  14.104417 1.000000 
2455882.858071  14.103965 1.000000 
2455882.878503  14.104808 1.000000 
2455882.898936  14.104867 1.000000 
2455882.919368  14.104322 1.000000 
2455882.939801  14.104367 1.000000 
2455882.960233  14.104841 1.000000 
2455882.980666  14.104558 1.000000 
2455883.001098  14.104688 1.000000 
2455883.021531  14.104569 1.000000 
2455883.041963  14.104598 1.000000 
2455883.062396  14.104560 1.000000 
2455883.082829  14.104326 1.000000 
2455883.103261  14.104626 1.000000 
2455883.123694  14.104702 1.000000 
2455883.144126  14.104870 1.000000 
2455883.164559  14.104732 1.000000 
2455883.184991  14.104415 1.000000 
2455883.225857  14.105007 1.000000 
2455883.246289  14.104546 1.000000 
2455883.266722  14.104766 1.000000 
2455883.287154  14.104721 1.000000 
2455883.307587  14.104836 1.000000 
2455883.328019  14.104228 1.000000 
2455883.348452  14.104493 1.000000 
2455883.368884  14.105414 1.000000 
2455883.389317  14.104434 1.000000 
2455883.409749  14.104696 1.000000 
2455883.430182  14.104326 1.000000 
2455883.450614  14.104475 1.000000 
2455883.471047  14.104975 1.000000 
2455883.491480  14.105048 1.000000 
2455883.511912  14.104760 1.000000 
