2455916.020185  14.100683 1.000000 
2455916.040618  14.099721 1.000000 
2455916.061051  14.100305 1.000000 
2455916.081484  14.100249 1.000000 
2455916.101916  14.100356 1.000000 
2455916.122349  14.100427 1.000000 
2455916.142782  14.099936 1.000000 
2455916.163215  14.100833 1.000000 
2455916.183647  14.100543 1.000000 
2455916.204080  14.100126 1.000000 
2455916.224513  14.100592 1.000000 
2455916.244946  14.100423 1.000000 
2455916.265378  14.100480 1.000000 
2455916.285811  14.100215 1.000000 
2455916.306244  14.100515 1.000000 
2455916.326677  14.100181 1.000000 
2455916.347109  14.100496 1.000000 
2455916.367542  14.100508 1.000000 
2455916.387975  14.100469 1.000000 
2455916.408408  14.100389 1.000000 
2455916.428840  14.100038 1.000000 
2455916.449273  14.100478 1.000000 
2455916.469706  14.100617 1.000000 
2455916.490139  14.100494 1.000000 
2455916.510571  14.100486 1.000000 
2455916.531004  14.100328 1.000000 
2455916.551437  14.100637 1.000000 
2455916.571870  14.099441 1.000000 
2455916.592302  14.100911 1.000000 
2455916.612735  14.100645 1.000000 
2455916.633168  14.100801 1.000000 
2455916.653601  14.100506 1.000000 
2455916.674033  14.100620 1.000000 
2455916.694466  14.100937 1.000000 
2455916.714899  14.099831 1.000000 
2455916.735332  14.101024 1.000000 
2455916.755764  14.100661 1.000000 
2455916.776197  14.100763 1.000000 
2455916.796630  14.101121 1.000000 
2455916.817063  14.100562 1.000000 
2455916.837496  14.100389 1.000000 
2455916.857928  14.100535 1.000000 
2455916.878361  14.100407 1.000000 
2455916.898794  14.100230 1.000000 
2455916.919227  14.100549 1.000000 
2455916.939659  14.100433 1.000000 
2455916.960092  14.104113 1.000000 
2455916.980525  14.110244 1.000000 
2455917.000958  14.111660 1.000000 
2455917.021390  14.112792 1.000000 
2455917.041823  14.112547 1.000000 
2455917.062256  14.111909 1.000000 
2455917.082689  14.110826 1.000000 
2455917.103121  14.106866 1.000000 
2455917.123554  14.100658 1.000000 
2455917.143987  14.100839 1.000000 
2455917.164420  14.100732 1.000000 
2455917.184852  14.100792 1.000000 
2455917.205285  14.100207 1.000000 
2455917.225718  14.100277 1.000000 
2455917.246151  14.100291 1.000000 
2455917.266583  14.100384 1.000000 
2455917.287016  14.100225 1.000000 
2455917.307449  14.100502 1.000000 
2455917.327882  14.100544 1.000000 
2455917.348315  14.100118 1.000000 
2455917.368747  14.100306 1.000000 
2455917.389180  14.100274 1.000000 
2455917.409613  14.100366 1.000000 
2455917.430045  14.100153 1.000000 
2455917.450478  14.100448 1.000000 
2455917.470911  14.100392 1.000000 
2455917.491344  14.100554 1.000000 
2455917.511777  14.100506 1.000000 
2455917.532209  14.100345 1.000000 
2455917.552642  14.100608 1.000000 
2455917.573075  14.100604 1.000000 
2455917.593508  14.100559 1.000000 
2455917.613940  14.100302 1.000000 
2455917.634373  14.100318 1.000000 
2455917.675239  14.100467 1.000000 
2455917.695672  14.100370 1.000000 
2455917.716104  14.100584 1.000000 
2455917.736537  14.100848 1.000000 
2455917.756970  14.100137 1.000000 
2455917.777403  14.100944 1.000000 
2455917.797835  14.100288 1.000000 
2455917.818268  14.100833 1.000000 
2455917.838701  14.100563 1.000000 
2455917.859134  14.101055 1.000000 
2455917.879566  14.100713 1.000000 
2455917.899999  14.100947 1.000000 
2455917.920432  14.100473 1.000000 
2455917.940865  14.100782 1.000000 
2455917.961297  14.100432 1.000000 
2455917.981730  14.100763 1.000000 
2455918.002163  14.100410 1.000000 
2455918.022596  14.100219 1.000000 
2455918.043029  14.099950 1.000000 
2455918.063461  14.100957 1.000000 
