2455397.726675  14.083726 1.000000 
2455397.747109  14.084184 1.000000 
2455397.767543  14.084260 1.000000 
2455397.787976  14.084133 1.000000 
2455397.808410  14.084056 1.000000 
2455397.828844  14.084163 1.000000 
2455397.849278  14.083719 1.000000 
2455397.869712  14.084301 1.000000 
2455397.890146  14.083672 1.000000 
2455397.910579  14.083998 1.000000 
2455397.931013  14.084157 1.000000 
2455397.951447  14.083831 1.000000 
2455397.992315  14.084279 1.000000 
2455398.012749  14.083802 1.000000 
2455398.033183  14.084158 1.000000 
2455398.053616  14.084600 1.000000 
2455398.074050  14.084122 1.000000 
2455398.094484  14.083780 1.000000 
2455398.114918  14.083869 1.000000 
2455398.135352  14.084035 1.000000 
2455398.155786  14.084151 1.000000 
2455398.176220  14.084480 1.000000 
2455398.196653  14.084446 1.000000 
2455398.217087  14.084152 1.000000 
2455398.237521  14.083911 1.000000 
2455398.257955  14.084427 1.000000 
2455398.278389  14.083589 1.000000 
2455398.298823  14.083863 1.000000 
2455398.319256  14.084102 1.000000 
2455398.339690  14.084580 1.000000 
2455398.360124  14.083634 1.000000 
2455398.380558  14.084545 1.000000 
2455398.400992  14.083765 1.000000 
2455398.421426  14.084263 1.000000 
2455398.441860  14.084363 1.000000 
2455398.462294  14.084569 1.000000 
2455398.482727  14.084437 1.000000 
2455398.503161  14.084754 1.000000 
2455398.523595  14.084661 1.000000 
2455398.544029  14.084386 1.000000 
2455398.564463  14.084587 1.000000 
2455398.584897  14.084390 1.000000 
2455398.605330  14.084344 1.000000 
2455398.625764  14.084733 1.000000 
2455398.646198  14.084527 1.000000 
2455398.666632  14.086376 1.000000 
2455398.687066  14.093338 1.000000 
2455398.707499  14.095450 1.000000 
2455398.727933  14.096012 1.000000 
2455398.748367  14.096309 1.000000 
2455398.768801  14.095698 1.000000 
2455398.789235  14.095235 1.000000 
2455398.809669  14.092309 1.000000 
2455398.830103  14.085062 1.000000 
2455398.850537  14.084064 1.000000 
2455398.870970  14.084441 1.000000 
2455398.891404  14.084541 1.000000 
2455398.911838  14.084397 1.000000 
2455398.932272  14.083906 1.000000 
2455398.952706  14.084201 1.000000 
2455398.973139  14.084196 1.000000 
2455398.993573  14.084152 1.000000 
2455399.014007  14.084085 1.000000 
2455399.034441  14.084054 1.000000 
2455399.054875  14.083792 1.000000 
2455399.075308  14.084281 1.000000 
2455399.095742  14.084018 1.000000 
2455399.116176  14.083568 1.000000 
2455399.136610  14.084158 1.000000 
2455399.157044  14.084187 1.000000 
2455399.177478  14.084041 1.000000 
2455399.197912  14.084301 1.000000 
2455399.218346  14.083755 1.000000 
2455399.238779  14.084211 1.000000 
2455399.259213  14.084007 1.000000 
2455399.279647  14.083976 1.000000 
2455399.300081  14.084073 1.000000 
2455399.320515  14.083940 1.000000 
2455399.340948  14.084313 1.000000 
2455399.361382  14.083874 1.000000 
2455399.381816  14.083816 1.000000 
2455399.402250  14.084053 1.000000 
2455399.422684  14.083604 1.000000 
2455399.443118  14.083856 1.000000 
2455399.463551  14.083759 1.000000 
2455399.483985  14.084198 1.000000 
2455399.524853  14.084013 1.000000 
