1991.760163  12.125402 1.000000 
1991.760844  12.125216 1.000000 
1991.761525  12.126038 1.000000 
1991.762207  12.125801 1.000000 
1991.762888  12.125360 1.000000 
1991.763569  12.125858 1.000000 
1991.764250  12.125219 1.000000 
1991.764931  12.124692 1.000000 
1991.765612  12.125784 1.000000 
1991.766293  12.125861 1.000000 
1991.766974  12.125503 1.000000 
1991.767656  12.124911 1.000000 
1991.768337  12.125489 1.000000 
1991.769018  12.125146 1.000000 
1991.769699  12.125760 1.000000 
1991.770380  12.126046 1.000000 
1991.771061  12.125065 1.000000 
1991.771742  12.125011 1.000000 
1991.772424  12.125803 1.000000 
1991.773105  12.125184 1.000000 
1991.773786  12.125324 1.000000 
1991.774467  12.126100 1.000000 
1991.775148  12.125278 1.000000 
1991.775829  12.125839 1.000000 
1991.776510  12.125603 1.000000 
1991.777191  12.125898 1.000000 
1991.777872  12.126003 1.000000 
1991.778554  12.125265 1.000000 
1991.779235  12.125619 1.000000 
1991.779916  12.125800 1.000000 
1991.780597  12.125711 1.000000 
1991.781278  12.125673 1.000000 
1991.781959  12.125896 1.000000 
1991.782641  12.125423 1.000000 
1991.783321  12.125858 1.000000 
1991.784003  12.125638 1.000000 
1991.784684  12.125376 1.000000 
1991.785365  12.126175 1.000000 
1991.786046  12.126076 1.000000 
1991.786727  12.125605 1.000000 
1991.787408  12.125837 1.000000 
1991.788089  12.125599 1.000000 
1991.788770  12.125647 1.000000 
1991.789452  12.124815 1.000000 
1991.790133  12.125357 1.000000 
1991.790814  12.125904 1.000000 
1991.791495  12.125216 1.000000 
1991.792176  12.125624 1.000000 
1991.792857  12.125865 1.000000 
1991.793539  12.125228 1.000000 
1991.794220  12.126562 1.000000 
1991.794901  12.125261 1.000000 
1991.795582  12.125657 1.000000 
1991.796263  12.125425 1.000000 
1991.796944  12.125561 1.000000 
1991.797625  12.125426 1.000000 
1991.798306  12.125776 1.000000 
1991.798987  12.125275 1.000000 
1991.799668  12.124846 1.000000 
1991.800350  12.125212 1.000000 
1991.801031  12.126124 1.000000 
1991.801712  12.125617 1.000000 
1991.802393  12.126448 1.000000 
1991.803074  12.125547 1.000000 
1991.803755  12.126306 1.000000 
1991.804437  12.125160 1.000000 
1991.805118  12.125819 1.000000 
1991.805799  12.126325 1.000000 
1991.806480  12.126697 1.000000 
1991.807161  12.125994 1.000000 
1991.807842  12.125508 1.000000 
1991.808523  12.126867 1.000000 
1991.809204  12.125426 1.000000 
1991.809885  12.126160 1.000000 
1991.810567  12.126029 1.000000 
1991.811248  12.125866 1.000000 
1991.811929  12.125786 1.000000 
1991.812610  12.126000 1.000000 
1991.813291  12.125830 1.000000 
1991.813972  12.125890 1.000000 
1991.814653  12.125308 1.000000 
1991.815335  12.125833 1.000000 
1991.816016  12.125504 1.000000 
1991.816697  12.124997 1.000000 
1991.817378  12.125166 1.000000 
1991.818059  12.125140 1.000000 
1991.818740  12.125464 1.000000 
1991.819421  12.125101 1.000000 
1991.820102  12.125542 1.000000 
1991.820784  12.125597 1.000000 
1991.821465  12.125261 1.000000 
1991.822146  12.125960 1.000000 
1991.822827  12.125593 1.000000 
1991.823508  12.126341 1.000000 
1991.824189  12.125835 1.000000 
1991.824870  12.125401 1.000000 
1991.825551  12.125432 1.000000 
1991.826233  12.125456 1.000000 
1991.826914  12.125805 1.000000 
1991.827595  12.125679 1.000000 
1991.828276  12.125809 1.000000 
1991.828957  12.125285 1.000000 
1991.829638  12.125444 1.000000 
1991.830319  12.125345 1.000000 
1991.831000  12.126154 1.000000 
1991.831681  12.125439 1.000000 
1991.832363  12.126291 1.000000 
1991.833044  12.126465 1.000000 
1991.833725  12.125620 1.000000 
1991.834406  12.125131 1.000000 
1991.835087  12.125946 1.000000 
1991.835768  12.125526 1.000000 
1991.836449  12.125579 1.000000 
1991.837131  12.124996 1.000000 
1991.837812  12.125617 1.000000 
1991.838493  12.124809 1.000000 
1991.839174  12.125980 1.000000 
1991.839855  12.125283 1.000000 
1991.840536  12.125420 1.000000 
1991.841217  12.125090 1.000000 
1991.841898  12.125740 1.000000 
1991.842580  12.125928 1.000000 
1991.843261  12.125260 1.000000 
1991.843942  12.124994 1.000000 
1991.844623  12.125207 1.000000 
1991.845304  12.124816 1.000000 
1991.845985  12.125912 1.000000 
1991.846666  12.125865 1.000000 
1991.847347  12.124970 1.000000 
1991.848029  12.125280 1.000000 
1991.848710  12.125283 1.000000 
1991.849391  12.125868 1.000000 
1991.850072  12.125753 1.000000 
1991.850753  12.125368 1.000000 
1991.851434  12.125585 1.000000 
1991.852115  12.125853 1.000000 
1991.852796  12.125248 1.000000 
1991.853478  12.125238 1.000000 
1991.854159  12.126122 1.000000 
1991.854840  12.125553 1.000000 
1991.855521  12.125719 1.000000 
1991.856202  12.124682 1.000000 
1991.856883  12.125566 1.000000 
1991.857564  12.125986 1.000000 
1991.858245  12.125666 1.000000 
1991.858927  12.125966 1.000000 
1991.859608  12.125347 1.000000 
1991.860289  12.125286 1.000000 
1991.860970  12.125042 1.000000 
1991.861651  12.125921 1.000000 
1991.862332  12.125689 1.000000 
1991.863013  12.125579 1.000000 
1991.863694  12.125496 1.000000 
1991.864376  12.125362 1.000000 
1991.865057  12.125751 1.000000 
1991.865738  12.125696 1.000000 
1991.866419  12.125372 1.000000 
1991.867100  12.126196 1.000000 
1991.867781  12.125623 1.000000 
1991.868462  12.125498 1.000000 
1991.869143  12.125801 1.000000 
1991.869825  12.124818 1.000000 
1991.870506  12.125990 1.000000 
1991.871187  12.126259 1.000000 
1991.871868  12.125919 1.000000 
1991.872549  12.126401 1.000000 
1991.873230  12.125819 1.000000 
1991.873911  12.126211 1.000000 
1991.874592  12.125371 1.000000 
1991.875274  12.125706 1.000000 
1991.875955  12.125700 1.000000 
1991.876636  12.125761 1.000000 
1991.877317  12.126294 1.000000 
1991.877998  12.126160 1.000000 
1991.878679  12.125580 1.000000 
1991.879360  12.125546 1.000000 
1991.880042  12.125610 1.000000 
1991.880723  12.125032 1.000000 
1991.881404  12.126275 1.000000 
1991.882085  12.125555 1.000000 
1991.882766  12.125508 1.000000 
1991.883447  12.125174 1.000000 
1991.884128  12.125177 1.000000 
1991.884809  12.125228 1.000000 
1991.885490  12.125748 1.000000 
1991.886172  12.125637 1.000000 
1991.886853  12.125216 1.000000 
1991.887534  12.125343 1.000000 
1991.888215  12.125693 1.000000 
1991.888896  12.125507 1.000000 
1991.889577  12.125072 1.000000 
1991.890258  12.125010 1.000000 
1991.890939  12.125991 1.000000 
1991.891621  12.125241 1.000000 
1991.892302  12.125786 1.000000 
1991.892983  12.125172 1.000000 
1991.893664  12.125505 1.000000 
1991.894345  12.125444 1.000000 
1991.895026  12.125980 1.000000 
1991.895707  12.125689 1.000000 
1991.896388  12.125509 1.000000 
1991.897070  12.125541 1.000000 
1991.897751  12.125166 1.000000 
1991.898432  12.125109 1.000000 
1991.899113  12.125979 1.000000 
1991.899794  12.125494 1.000000 
1991.900475  12.125194 1.000000 
1991.901156  12.125055 1.000000 
1991.901838  12.124990 1.000000 
1991.902519  12.125866 1.000000 
1991.903200  12.126281 1.000000 
1991.903881  12.125736 1.000000 
1991.904562  12.125279 1.000000 
1991.905243  12.124746 1.000000 
1991.905924  12.125816 1.000000 
1991.906605  12.125836 1.000000 
1991.907287  12.125166 1.000000 
1991.907968  12.125237 1.000000 
1991.908649  12.125334 1.000000 
1991.909330  12.125841 1.000000 
1991.910011  12.125814 1.000000 
1991.910692  12.125305 1.000000 
1991.911373  12.125111 1.000000 
1991.912055  12.125512 1.000000 
1991.912736  12.125853 1.000000 
1991.913417  12.125614 1.000000 
1991.914098  12.126275 1.000000 
1991.914779  12.125874 1.000000 
1991.915460  12.124994 1.000000 
1991.916141  12.125032 1.000000 
1991.916822  12.125161 1.000000 
1991.917503  12.125299 1.000000 
1991.918185  12.125522 1.000000 
1991.918866  12.125646 1.000000 
1991.919547  12.125748 1.000000 
1991.920228  12.124554 1.000000 
1991.920909  12.125607 1.000000 
1991.921590  12.126456 1.000000 
1991.922271  12.125772 1.000000 
1991.922953  12.126204 1.000000 
1991.923634  12.125576 1.000000 
1991.924315  12.125546 1.000000 
1991.924996  12.125170 1.000000 
1991.925677  12.125690 1.000000 
1991.926358  12.125121 1.000000 
1991.927039  12.124716 1.000000 
1991.927720  12.125407 1.000000 
1991.928402  12.124985 1.000000 
1991.929083  12.125412 1.000000 
1991.929764  12.125895 1.000000 
1991.930445  12.124941 1.000000 
1991.931126  12.124754 1.000000 
1991.931807  12.124759 1.000000 
1991.932488  12.125435 1.000000 
1991.933169  12.124641 1.000000 
1991.933851  12.126417 1.000000 
1991.934532  12.126150 1.000000 
1991.935213  12.125652 1.000000 
1991.935894  12.125313 1.000000 
1991.936575  12.124808 1.000000 
1991.937256  12.125969 1.000000 
1991.937937  12.125589 1.000000 
1991.938618  12.125805 1.000000 
1991.939300  12.125199 1.000000 
1991.939981  12.125227 1.000000 
1991.940662  12.125721 1.000000 
1991.941343  12.125700 1.000000 
1991.942024  12.125703 1.000000 
1991.942705  12.126166 1.000000 
1991.943386  12.126048 1.000000 
1991.944067  12.125395 1.000000 
1991.944749  12.124587 1.000000 
1991.945430  12.125763 1.000000 
1991.946111  12.126381 1.000000 
1991.946792  12.125435 1.000000 
1991.947473  12.126513 1.000000 
1991.948154  12.125101 1.000000 
1991.948835  12.125811 1.000000 
1991.949516  12.125404 1.000000 
1991.950198  12.125917 1.000000 
1991.950879  12.125676 1.000000 
1991.951560  12.126400 1.000000 
1991.952241  12.125711 1.000000 
1991.952922  12.125572 1.000000 
1991.953603  12.125706 1.000000 
1991.954284  12.125880 1.000000 
1991.954965  12.126106 1.000000 
1991.955647  12.124923 1.000000 
1991.956328  12.126199 1.000000 
1991.957009  12.126161 1.000000 
1991.957690  12.126434 1.000000 
1991.958371  12.126394 1.000000 
1991.959052  12.126567 1.000000 
1991.959733  12.125582 1.000000 
1991.960414  12.125830 1.000000 
1991.961096  12.124883 1.000000 
1991.961777  12.126263 1.000000 
1991.962458  12.125813 1.000000 
1991.963139  12.125890 1.000000 
1991.963820  12.126001 1.000000 
1991.964501  12.125594 1.000000 
1991.965182  12.125589 1.000000 
1991.965863  12.125782 1.000000 
1991.966545  12.125614 1.000000 
1991.967226  12.125847 1.000000 
1991.967907  12.125098 1.000000 
1991.968588  12.126289 1.000000 
1991.969269  12.125394 1.000000 
1991.969950  12.126138 1.000000 
1991.970631  12.125685 1.000000 
1991.971313  12.126062 1.000000 
1991.971994  12.126169 1.000000 
1991.972675  12.125341 1.000000 
1991.973356  12.125662 1.000000 
1991.974037  12.125631 1.000000 
1991.974718  12.125302 1.000000 
1991.975399  12.125772 1.000000 
1991.976080  12.125761 1.000000 
1991.976761  12.125236 1.000000 
1991.977443  12.125146 1.000000 
1991.978124  12.125668 1.000000 
1991.978805  12.125302 1.000000 
1991.979486  12.124933 1.000000 
1991.980167  12.125950 1.000000 
1991.980848  12.125880 1.000000 
1991.981529  12.125463 1.000000 
1991.982211  12.126433 1.000000 
1991.982892  12.125217 1.000000 
1991.983573  12.125375 1.000000 
1991.984254  12.125431 1.000000 
1991.984935  12.125235 1.000000 
1991.985616  12.125805 1.000000 
1991.986297  12.125331 1.000000 
1991.986978  12.125961 1.000000 
1991.987660  12.126086 1.000000 
1991.988341  12.125818 1.000000 
1991.989022  12.125690 1.000000 
1991.989703  12.125614 1.000000 
1991.990384  12.125381 1.000000 
1991.991065  12.125741 1.000000 
1991.991746  12.125544 1.000000 
1991.992427  12.125136 1.000000 
1991.993109  12.125177 1.000000 
1991.993790  12.126343 1.000000 
1991.994471  12.125618 1.000000 
1991.995152  12.125003 1.000000 
1991.995833  12.125857 1.000000 
1991.996514  12.125723 1.000000 
1991.997195  12.125292 1.000000 
1991.997876  12.125689 1.000000 
1991.998558  12.125489 1.000000 
1991.999239  12.125709 1.000000 
1991.999920  12.126200 1.000000 
1992.000601  12.125479 1.000000 
1992.001282  12.125715 1.000000 
1992.001963  12.125759 1.000000 
1992.002644  12.125570 1.000000 
1992.003325  12.125599 1.000000 
1992.004007  12.125389 1.000000 
1992.004688  12.126100 1.000000 
1992.005369  12.124418 1.000000 
1992.006050  12.125274 1.000000 
1992.006731  12.125804 1.000000 
1992.007412  12.125330 1.000000 
1992.008093  12.124628 1.000000 
1992.008774  12.125737 1.000000 
1992.009456  12.125286 1.000000 
1992.010137  12.125708 1.000000 
1992.010818  12.125757 1.000000 
1992.011499  12.125694 1.000000 
1992.012180  12.124922 1.000000 
1992.012861  12.125240 1.000000 
1992.013542  12.125286 1.000000 
1992.014223  12.125836 1.000000 
1992.014905  12.125286 1.000000 
1992.015586  12.125057 1.000000 
1992.016267  12.125393 1.000000 
1992.016948  12.125289 1.000000 
1992.017629  12.125724 1.000000 
1992.018310  12.125725 1.000000 
1992.018991  12.125275 1.000000 
1992.019672  12.125733 1.000000 
1992.020354  12.125909 1.000000 
1992.021035  12.125495 1.000000 
1992.021716  12.125832 1.000000 
1992.022397  12.125289 1.000000 
1992.023078  12.125853 1.000000 
1992.023759  12.125540 1.000000 
1992.024440  12.125299 1.000000 
1992.025121  12.125187 1.000000 
1992.025803  12.125827 1.000000 
1992.026484  12.126104 1.000000 
1992.027165  12.126577 1.000000 
1992.027846  12.125444 1.000000 
1992.028527  12.125349 1.000000 
1992.029208  12.125591 1.000000 
1992.029889  12.125010 1.000000 
1992.030570  12.125603 1.000000 
1992.031252  12.125451 1.000000 
1992.031933  12.126129 1.000000 
1992.032614  12.126061 1.000000 
1992.033295  12.125146 1.000000 
1992.033976  12.125742 1.000000 
1992.034657  12.125687 1.000000 
1992.035338  12.125731 1.000000 
1992.036020  12.125574 1.000000 
1992.036701  12.125149 1.000000 
1992.037382  12.124997 1.000000 
1992.038063  12.125223 1.000000 
1992.038744  12.125456 1.000000 
1992.039425  12.124907 1.000000 
1992.040106  12.125711 1.000000 
1992.040787  12.125511 1.000000 
1992.041469  12.126210 1.000000 
1992.042150  12.125528 1.000000 
1992.042831  12.124996 1.000000 
1992.043512  12.125695 1.000000 
1992.044193  12.125108 1.000000 
1992.044874  12.126202 1.000000 
1992.045555  12.126326 1.000000 
1992.046237  12.125814 1.000000 
1992.046918  12.125918 1.000000 
1992.047599  12.125725 1.000000 
1992.048280  12.126143 1.000000 
1992.048961  12.125446 1.000000 
1992.049642  12.125082 1.000000 
1992.050323  12.124935 1.000000 
1992.051004  12.125150 1.000000 
1992.051685  12.125319 1.000000 
1992.052367  12.125608 1.000000 
1992.053048  12.125507 1.000000 
1992.053729  12.125555 1.000000 
1992.054410  12.125738 1.000000 
1992.055091  12.125254 1.000000 
1992.055772  12.125040 1.000000 
1992.056453  12.126001 1.000000 
1992.057134  12.125160 1.000000 
1992.057816  12.125935 1.000000 
1992.058497  12.125741 1.000000 
1992.059178  12.125960 1.000000 
1992.059859  12.125295 1.000000 
1992.060540  12.125804 1.000000 
1992.061221  12.125378 1.000000 
1992.061902  12.125751 1.000000 
1992.062583  12.125179 1.000000 
1992.063265  12.125999 1.000000 
1992.063946  12.125849 1.000000 
1992.064627  12.125706 1.000000 
1992.065308  12.126093 1.000000 
1992.065989  12.125507 1.000000 
1992.066670  12.125489 1.000000 
1992.067351  12.125135 1.000000 
1992.068033  12.125895 1.000000 
1992.068714  12.125372 1.000000 
1992.069395  12.125782 1.000000 
1992.070076  12.126037 1.000000 
1992.070757  12.125638 1.000000 
1992.071438  12.126446 1.000000 
1992.072119  12.126530 1.000000 
1992.072800  12.125866 1.000000 
1992.073481  12.125175 1.000000 
1992.074163  12.125658 1.000000 
1992.074844  12.125624 1.000000 
1992.075525  12.125556 1.000000 
1992.076206  12.125341 1.000000 
1992.076887  12.125553 1.000000 
1992.077568  12.125896 1.000000 
1992.078249  12.124744 1.000000 
1992.078931  12.126081 1.000000 
1992.079612  12.125365 1.000000 
1992.080293  12.125614 1.000000 
1992.080974  12.126090 1.000000 
1992.081655  12.126101 1.000000 
1992.082336  12.125737 1.000000 
1992.083017  12.125788 1.000000 
1992.083698  12.125846 1.000000 
1992.084379  12.125909 1.000000 
1992.085061  12.125320 1.000000 
1992.085742  12.125332 1.000000 
1992.086423  12.126382 1.000000 
1992.087104  12.125823 1.000000 
1992.087785  12.125409 1.000000 
1992.088466  12.126167 1.000000 
1992.089147  12.125092 1.000000 
1992.089829  12.124935 1.000000 
1992.090510  12.125231 1.000000 
1992.091191  12.125055 1.000000 
1992.091872  12.125419 1.000000 
1992.092553  12.126618 1.000000 
1992.093234  12.125065 1.000000 
1992.093915  12.125294 1.000000 
1992.094596  12.125536 1.000000 
1992.095277  12.125441 1.000000 
1992.095959  12.125093 1.000000 
1992.096640  12.126596 1.000000 
1992.097321  12.125599 1.000000 
1992.098002  12.125756 1.000000 
1992.098683  12.126465 1.000000 
1992.099364  12.124924 1.000000 
1992.100045  12.124939 1.000000 
1992.100727  12.125458 1.000000 
1992.101408  12.125641 1.000000 
1992.102089  12.124617 1.000000 
1992.102770  12.125503 1.000000 
1992.103451  12.124987 1.000000 
1992.104132  12.126240 1.000000 
1992.104813  12.125198 1.000000 
1992.105494  12.125794 1.000000 
1992.106176  12.125502 1.000000 
1992.106857  12.124750 1.000000 
1992.107538  12.126046 1.000000 
1992.108219  12.125032 1.000000 
1992.108900  12.125582 1.000000 
1992.109581  12.125565 1.000000 
1992.110262  12.125524 1.000000 
1992.110943  12.125677 1.000000 
1992.111625  12.125591 1.000000 
1992.112306  12.125584 1.000000 
1992.112987  12.124702 1.000000 
1992.113668  12.125721 1.000000 
1992.114349  12.125598 1.000000 
1992.115030  12.125113 1.000000 
1992.115711  12.125195 1.000000 
1992.116392  12.124940 1.000000 
1992.117074  12.125731 1.000000 
1992.117755  12.124789 1.000000 
1992.118436  12.125896 1.000000 
1992.119117  12.125785 1.000000 
1992.119798  12.125433 1.000000 
1992.120479  12.125190 1.000000 
1992.121160  12.125566 1.000000 
1992.121841  12.125337 1.000000 
1992.122523  12.125855 1.000000 
1992.123204  12.125481 1.000000 
1992.123885  12.124694 1.000000 
1992.124566  12.126022 1.000000 
1992.125247  12.125712 1.000000 
1992.125928  12.126064 1.000000 
1992.126609  12.126114 1.000000 
1992.127290  12.125332 1.000000 
1992.127972  12.125483 1.000000 
1992.128653  12.125532 1.000000 
1992.129334  12.126029 1.000000 
1992.130015  12.125607 1.000000 
1992.130696  12.125875 1.000000 
1992.131377  12.126028 1.000000 
1992.132058  12.126028 1.000000 
1992.132739  12.125505 1.000000 
1992.133421  12.124913 1.000000 
1992.134102  12.125388 1.000000 
1992.134783  12.125298 1.000000 
1992.135464  12.125722 1.000000 
1992.136145  12.125669 1.000000 
1992.136826  12.125809 1.000000 
1992.137507  12.125132 1.000000 
1992.138188  12.126007 1.000000 
1992.138870  12.125776 1.000000 
1992.139551  12.125563 1.000000 
1992.140232  12.126017 1.000000 
1992.140913  12.125710 1.000000 
1992.141594  12.125326 1.000000 
1992.142275  12.125680 1.000000 
1992.142956  12.126381 1.000000 
1992.143637  12.125908 1.000000 
1992.144319  12.125101 1.000000 
1992.145000  12.125652 1.000000 
1992.145681  12.125216 1.000000 
1992.146362  12.125632 1.000000 
1992.147043  12.126029 1.000000 
1992.147724  12.124726 1.000000 
1992.148405  12.125216 1.000000 
1992.149086  12.125425 1.000000 
1992.149768  12.125748 1.000000 
1992.150449  12.125080 1.000000 
1992.151130  12.125175 1.000000 
1992.151811  12.125572 1.000000 
1992.152492  12.125454 1.000000 
1992.153173  12.125785 1.000000 
1992.153854  12.125538 1.000000 
1992.154535  12.125178 1.000000 
1992.155217  12.125981 1.000000 
1992.155898  12.125553 1.000000 
1992.156579  12.125919 1.000000 
1992.157260  12.125312 1.000000 
1992.157941  12.125099 1.000000 
1992.158622  12.125389 1.000000 
1992.159303  12.125324 1.000000 
1992.159984  12.125838 1.000000 
1992.160666  12.125376 1.000000 
1992.161347  12.125113 1.000000 
1992.162028  12.124949 1.000000 
1992.162709  12.124924 1.000000 
1992.163390  12.125394 1.000000 
1992.164071  12.124887 1.000000 
1992.164753  12.125652 1.000000 
1992.165434  12.125326 1.000000 
1992.166115  12.125600 1.000000 
1992.166796  12.125801 1.000000 
1992.167477  12.125414 1.000000 
1992.168158  12.125158 1.000000 
1992.168839  12.125991 1.000000 
1992.169520  12.125848 1.000000 
1992.170201  12.125161 1.000000 
1992.170883  12.125550 1.000000 
1992.171564  12.126375 1.000000 
1992.172245  12.125330 1.000000 
1992.172926  12.125638 1.000000 
1992.173607  12.125435 1.000000 
1992.174288  12.125528 1.000000 
1992.174969  12.125546 1.000000 
1992.175651  12.125018 1.000000 
1992.176332  12.126112 1.000000 
1992.177013  12.125627 1.000000 
1992.177694  12.125031 1.000000 
1992.178375  12.125626 1.000000 
1992.179056  12.125855 1.000000 
1992.179737  12.125589 1.000000 
1992.180418  12.125107 1.000000 
1992.181099  12.125570 1.000000 
1992.181781  12.125894 1.000000 
1992.182462  12.125256 1.000000 
1992.183143  12.125872 1.000000 
1992.183824  12.125206 1.000000 
1992.184505  12.125074 1.000000 
1992.185186  12.125036 1.000000 
1992.185867  12.126211 1.000000 
1992.186549  12.125915 1.000000 
1992.187230  12.125410 1.000000 
1992.187911  12.125047 1.000000 
1992.188592  12.124701 1.000000 
1992.189273  12.125588 1.000000 
1992.189954  12.124426 1.000000 
1992.190635  12.125237 1.000000 
1992.191316  12.125031 1.000000 
1992.191998  12.125966 1.000000 
1992.192679  12.125015 1.000000 
1992.193360  12.125537 1.000000 
1992.194041  12.125214 1.000000 
1992.194722  12.126039 1.000000 
1992.195403  12.126127 1.000000 
1992.196084  12.124980 1.000000 
1992.196765  12.125027 1.000000 
1992.197447  12.125152 1.000000 
1992.198128  12.125518 1.000000 
1992.198809  12.125128 1.000000 
1992.199490  12.125834 1.000000 
1992.200171  12.125589 1.000000 
1992.200852  12.125063 1.000000 
1992.201533  12.124980 1.000000 
1992.202214  12.124949 1.000000 
1992.202896  12.125570 1.000000 
1992.203577  12.125895 1.000000 
1992.204258  12.125786 1.000000 
1992.204939  12.125524 1.000000 
1992.205620  12.125557 1.000000 
1992.206301  12.125278 1.000000 
1992.206982  12.125066 1.000000 
1992.207663  12.125318 1.000000 
1992.208345  12.125351 1.000000 
1992.209026  12.125665 1.000000 
1992.209707  12.125504 1.000000 
1992.210388  12.124348 1.000000 
1992.211069  12.126362 1.000000 
1992.211750  12.125130 1.000000 
1992.212431  12.125481 1.000000 
1992.213112  12.125692 1.000000 
1992.213794  12.124912 1.000000 
1992.214475  12.125765 1.000000 
1992.215156  12.125097 1.000000 
1992.215837  12.126224 1.000000 
1992.216518  12.125803 1.000000 
1992.217199  12.125628 1.000000 
1992.217880  12.125652 1.000000 
1992.218561  12.125301 1.000000 
1992.219243  12.125851 1.000000 
1992.219924  12.124698 1.000000 
1992.220605  12.125147 1.000000 
1992.221286  12.125432 1.000000 
1992.221967  12.124797 1.000000 
1992.222648  12.125779 1.000000 
1992.223329  12.125187 1.000000 
1992.224011  12.125669 1.000000 
1992.224692  12.124968 1.000000 
1992.225373  12.124993 1.000000 
1992.226054  12.125603 1.000000 
1992.226735  12.125011 1.000000 
1992.227416  12.124980 1.000000 
1992.228097  12.125294 1.000000 
1992.228778  12.125292 1.000000 
1992.229459  12.125321 1.000000 
1992.230141  12.125772 1.000000 
1992.230822  12.125941 1.000000 
1992.231503  12.125711 1.000000 
1992.232184  12.126037 1.000000 
1992.232865  12.126246 1.000000 
1992.233546  12.125385 1.000000 
1992.234227  12.125778 1.000000 
1992.234908  12.126043 1.000000 
1992.235590  12.125375 1.000000 
1992.236271  12.125046 1.000000 
1992.236952  12.125378 1.000000 
1992.237633  12.125891 1.000000 
1992.238314  12.125566 1.000000 
1992.238995  12.124822 1.000000 
1992.239676  12.125093 1.000000 
1992.240357  12.125466 1.000000 
1992.241039  12.125261 1.000000 
1992.241720  12.125190 1.000000 
1992.242401  12.125607 1.000000 
1992.243082  12.125390 1.000000 
1992.243763  12.125388 1.000000 
1992.244444  12.125495 1.000000 
1992.245125  12.125689 1.000000 
1992.245807  12.125675 1.000000 
1992.246488  12.125522 1.000000 
1992.247169  12.125690 1.000000 
1992.247850  12.125676 1.000000 
1992.248531  12.125283 1.000000 
1992.249212  12.126023 1.000000 
1992.249893  12.125839 1.000000 
1992.250574  12.125560 1.000000 
1992.251256  12.125065 1.000000 
1992.251937  12.125124 1.000000 
1992.252618  12.124981 1.000000 
1992.253299  12.126190 1.000000 
1992.253980  12.124645 1.000000 
1992.254661  12.125499 1.000000 
1992.255342  12.125264 1.000000 
1992.256023  12.125466 1.000000 
1992.256705  12.124992 1.000000 
1992.257386  12.125204 1.000000 
1992.258067  12.125420 1.000000 
1992.258748  12.125299 1.000000 
1992.259429  12.126041 1.000000 
1992.260110  12.125542 1.000000 
1992.260791  12.125315 1.000000 
1992.261472  12.125576 1.000000 
1992.262153  12.125992 1.000000 
1992.262835  12.125193 1.000000 
1992.263516  12.125924 1.000000 
1992.264197  12.125341 1.000000 
1992.264878  12.125194 1.000000 
1992.265559  12.124502 1.000000 
1992.266240  12.126266 1.000000 
1992.266921  12.125450 1.000000 
1992.267603  12.125804 1.000000 
1992.268284  12.125759 1.000000 
1992.268965  12.126007 1.000000 
1992.269646  12.125540 1.000000 
1992.270327  12.125718 1.000000 
1992.271008  12.126228 1.000000 
1992.271689  12.125795 1.000000 
1992.272371  12.125431 1.000000 
1992.273052  12.125532 1.000000 
1992.273733  12.125555 1.000000 
1992.274414  12.126148 1.000000 
1992.275095  12.125136 1.000000 
1992.275776  12.125038 1.000000 
1992.276457  12.125943 1.000000 
1992.277138  12.125855 1.000000 
1992.277820  12.125736 1.000000 
1992.278501  12.126112 1.000000 
1992.279182  12.125370 1.000000 
1992.279863  12.125261 1.000000 
1992.280544  12.125587 1.000000 
1992.281225  12.125807 1.000000 
1992.281906  12.125572 1.000000 
1992.282587  12.125591 1.000000 
1992.283269  12.124997 1.000000 
1992.283950  12.126058 1.000000 
1992.284631  12.125159 1.000000 
1992.285312  12.125578 1.000000 
1992.285993  12.125151 1.000000 
1992.286674  12.125942 1.000000 
1992.287355  12.125116 1.000000 
1992.288036  12.125982 1.000000 
1992.288718  12.125079 1.000000 
1992.289399  12.125419 1.000000 
1992.290080  12.126102 1.000000 
1992.290761  12.125746 1.000000 
1992.291442  12.125088 1.000000 
1992.292123  12.125792 1.000000 
1992.292804  12.124558 1.000000 
1992.293485  12.124513 1.000000 
1992.294167  12.125490 1.000000 
1992.294848  12.121494 1.000000 
1992.295529  12.125360 1.000000 
1992.296210  12.125760 1.000000 
1992.296891  12.125235 1.000000 
1992.297572  12.125371 1.000000 
1992.298253  12.125679 1.000000 
1992.298934  12.125540 1.000000 
1992.299616  12.125581 1.000000 
1992.300297  12.125793 1.000000 
1992.300978  12.124765 1.000000 
1992.301659  12.125526 1.000000 
1992.302340  12.125708 1.000000 
1992.303021  12.126248 1.000000 
1992.303702  12.125950 1.000000 
1992.304383  12.125183 1.000000 
1992.305065  12.125795 1.000000 
1992.305746  12.125750 1.000000 
1992.306427  12.125136 1.000000 
1992.307108  12.125370 1.000000 
1992.307789  12.125604 1.000000 
1992.308470  12.125450 1.000000 
1992.309151  12.124975 1.000000 
1992.309832  12.125747 1.000000 
1992.310514  12.124997 1.000000 
1992.311195  12.125594 1.000000 
1992.311876  12.125463 1.000000 
1992.312557  12.126137 1.000000 
1992.313238  12.125389 1.000000 
1992.313919  12.125690 1.000000 
1992.314600  12.125915 1.000000 
1992.315281  12.126262 1.000000 
1992.315963  12.126024 1.000000 
1992.316644  12.125470 1.000000 
1992.317325  12.125267 1.000000 
1992.318006  12.125425 1.000000 
1992.318687  12.125605 1.000000 
1992.319368  12.125113 1.000000 
1992.320049  12.125770 1.000000 
1992.320730  12.125563 1.000000 
1992.321412  12.125518 1.000000 
1992.322093  12.125774 1.000000 
1992.322774  12.126266 1.000000 
1992.323455  12.125036 1.000000 
1992.324136  12.125684 1.000000 
1992.324817  12.125134 1.000000 
1992.325498  12.125422 1.000000 
1992.326180  12.125175 1.000000 
1992.326861  12.125207 1.000000 
1992.327542  12.125381 1.000000 
1992.328223  12.125216 1.000000 
1992.328904  12.124880 1.000000 
1992.329585  12.125913 1.000000 
1992.330266  12.126529 1.000000 
1992.330947  12.125022 1.000000 
1992.331629  12.125299 1.000000 
1992.332310  12.125700 1.000000 
1992.332991  12.124746 1.000000 
1992.333672  12.125971 1.000000 
1992.334353  12.125463 1.000000 
1992.335034  12.125212 1.000000 
1992.335715  12.125960 1.000000 
1992.336396  12.125352 1.000000 
1992.337078  12.125492 1.000000 
1992.337759  12.125397 1.000000 
1992.338440  12.125458 1.000000 
1992.339121  12.126244 1.000000 
1992.339802  12.125111 1.000000 
1992.340483  12.125999 1.000000 
1992.341164  12.125620 1.000000 
1992.341845  12.125090 1.000000 
1992.342527  12.125232 1.000000 
1992.343208  12.126019 1.000000 
1992.343889  12.125219 1.000000 
1992.344570  12.125056 1.000000 
1992.345251  12.125011 1.000000 
1992.345932  12.125677 1.000000 
1992.346613  12.125416 1.000000 
1992.347294  12.125130 1.000000 
1992.347976  12.125037 1.000000 
1992.348657  12.125203 1.000000 
1992.349338  12.124540 1.000000 
1992.350019  12.125669 1.000000 
1992.350700  12.125512 1.000000 
1992.351381  12.125011 1.000000 
1992.352062  12.125537 1.000000 
1992.352743  12.125063 1.000000 
1992.353425  12.125307 1.000000 
1992.354106  12.125883 1.000000 
1992.354787  12.125527 1.000000 
1992.355468  12.125680 1.000000 
1992.356149  12.125032 1.000000 
1992.356830  12.124659 1.000000 
1992.357511  12.124618 1.000000 
1992.358192  12.125458 1.000000 
1992.358874  12.125233 1.000000 
1992.359555  12.125299 1.000000 
1992.360236  12.125389 1.000000 
1992.360917  12.125683 1.000000 
1992.361598  12.125505 1.000000 
1992.362279  12.126059 1.000000 
1992.362960  12.125635 1.000000 
1992.363641  12.125177 1.000000 
1992.364323  12.125469 1.000000 
1992.365004  12.125061 1.000000 
1992.365685  12.125370 1.000000 
1992.366366  12.125254 1.000000 
1992.367047  12.125498 1.000000 
1992.367728  12.125113 1.000000 
1992.368409  12.125607 1.000000 
1992.369090  12.126815 1.000000 
1992.369772  12.125428 1.000000 
1992.370453  12.125924 1.000000 
1992.371134  12.124920 1.000000 
1992.371815  12.125420 1.000000 
1992.372496  12.125552 1.000000 
1992.373177  12.126067 1.000000 
1992.373858  12.125109 1.000000 
1992.374539  12.125667 1.000000 
1992.375221  12.125966 1.000000 
1992.375902  12.125457 1.000000 
1992.376583  12.125845 1.000000 
1992.377264  12.125737 1.000000 
1992.377945  12.125428 1.000000 
1992.378626  12.125263 1.000000 
1992.379307  12.125723 1.000000 
1992.379988  12.125071 1.000000 
1992.380670  12.125437 1.000000 
1992.381351  12.125441 1.000000 
1992.382032  12.126488 1.000000 
1992.382713  12.125013 1.000000 
1992.383394  12.126048 1.000000 
1992.384075  12.125704 1.000000 
1992.384756  12.125909 1.000000 
1992.385437  12.125889 1.000000 
1992.386119  12.125488 1.000000 
1992.386800  12.125794 1.000000 
1992.387481  12.125694 1.000000 
1992.388162  12.125322 1.000000 
1992.388843  12.125589 1.000000 
1992.389524  12.125818 1.000000 
1992.390206  12.126101 1.000000 
1992.390887  12.125818 1.000000 
1992.391568  12.125648 1.000000 
1992.392249  12.124891 1.000000 
1992.392930  12.125836 1.000000 
1992.393611  12.125046 1.000000 
1992.394292  12.125671 1.000000 
1992.394973  12.125102 1.000000 
1992.395654  12.125327 1.000000 
1992.396336  12.124998 1.000000 
1992.397017  12.126048 1.000000 
1992.397698  12.124668 1.000000 
1992.398379  12.125594 1.000000 
1992.399060  12.125188 1.000000 
1992.399741  12.125522 1.000000 
1992.400422  12.125319 1.000000 
1992.401103  12.125849 1.000000 
1992.401785  12.125471 1.000000 
1992.402466  12.126525 1.000000 
1992.403147  12.125423 1.000000 
1992.403828  12.125975 1.000000 
1992.404509  12.125341 1.000000 
1992.405190  12.125574 1.000000 
1992.405871  12.125847 1.000000 
1992.406552  12.125829 1.000000 
1992.407234  12.125505 1.000000 
1992.407915  12.125842 1.000000 
1992.408596  12.124969 1.000000 
1992.409277  12.125298 1.000000 
1992.409958  12.124560 1.000000 
1992.410639  12.125375 1.000000 
1992.411320  12.125057 1.000000 
1992.412002  12.125279 1.000000 
1992.412683  12.125235 1.000000 
1992.413364  12.125889 1.000000 
1992.414045  12.126491 1.000000 
1992.414726  12.124999 1.000000 
1992.415407  12.125409 1.000000 
1992.416088  12.124218 1.000000 
1992.416769  12.125196 1.000000 
1992.417451  12.125266 1.000000 
1992.418132  12.126325 1.000000 
1992.418813  12.125556 1.000000 
1992.419494  12.125187 1.000000 
1992.420175  12.126477 1.000000 
1992.420856  12.125143 1.000000 
1992.421537  12.125350 1.000000 
1992.422218  12.125837 1.000000 
1992.422900  12.125578 1.000000 
1992.423581  12.125623 1.000000 
1992.424262  12.125896 1.000000 
1992.424943  12.125689 1.000000 
1992.425624  12.125496 1.000000 
1992.426305  12.126782 1.000000 
1992.426986  12.125986 1.000000 
1992.427667  12.126544 1.000000 
1992.428348  12.125996 1.000000 
1992.429030  12.125737 1.000000 
1992.429711  12.126085 1.000000 
1992.430392  12.126429 1.000000 
1992.431073  12.125490 1.000000 
1992.431754  12.125665 1.000000 
1992.432435  12.125789 1.000000 
1992.433116  12.125595 1.000000 
1992.433798  12.125899 1.000000 
1992.434479  12.126196 1.000000 
1992.435160  12.126068 1.000000 
1992.435841  12.125762 1.000000 
1992.436522  12.126122 1.000000 
1992.437203  12.126478 1.000000 
1992.437884  12.126646 1.000000 
1992.438565  12.126154 1.000000 
1992.439247  12.125753 1.000000 
1992.439928  12.126894 1.000000 
1992.440609  12.126465 1.000000 
1992.441290  12.126344 1.000000 
1992.441971  12.126000 1.000000 
1992.442652  12.125601 1.000000 
1992.443333  12.126128 1.000000 
1992.444014  12.125937 1.000000 
1992.444696  12.126116 1.000000 
1992.445377  12.126865 1.000000 
1992.446058  12.125645 1.000000 
1992.446739  12.127039 1.000000 
1992.447420  12.125929 1.000000 
1992.448101  12.126482 1.000000 
1992.448782  12.126438 1.000000 
1992.449464  12.126301 1.000000 
1992.450145  12.126353 1.000000 
1992.450826  12.126280 1.000000 
1992.451507  12.125846 1.000000 
1992.452188  12.125750 1.000000 
1992.452869  12.126000 1.000000 
1992.453550  12.125940 1.000000 
1992.454231  12.125729 1.000000 
1992.454912  12.126083 1.000000 
1992.455594  12.126361 1.000000 
1992.456275  12.126223 1.000000 
1992.456956  12.126344 1.000000 
1992.457637  12.126239 1.000000 
1992.458318  12.125683 1.000000 
1992.458999  12.126706 1.000000 
1992.459680  12.126806 1.000000 
1992.460361  12.126500 1.000000 
1992.461043  12.126602 1.000000 
1992.461724  12.126667 1.000000 
1992.462405  12.126358 1.000000 
1992.463086  12.126595 1.000000 
1992.463767  12.125637 1.000000 
1992.464448  12.125264 1.000000 
1992.465129  12.126516 1.000000 
1992.465810  12.126300 1.000000 
1992.466492  12.125628 1.000000 
1992.467173  12.125943 1.000000 
1992.467854  12.126078 1.000000 
1992.468535  12.126787 1.000000 
1992.469216  12.126348 1.000000 
1992.469897  12.126331 1.000000 
1992.470578  12.125279 1.000000 
1992.471260  12.126620 1.000000 
1992.471941  12.126335 1.000000 
1992.472622  12.126463 1.000000 
1992.473303  12.126381 1.000000 
1992.473984  12.127409 1.000000 
1992.474665  12.125990 1.000000 
1992.475346  12.126552 1.000000 
1992.476027  12.125875 1.000000 
1992.476709  12.126259 1.000000 
1992.477390  12.126328 1.000000 
1992.478071  12.126759 1.000000 
1992.478752  12.126560 1.000000 
1992.479433  12.127180 1.000000 
1992.480114  12.126257 1.000000 
1992.480795  12.125699 1.000000 
1992.481476  12.125443 1.000000 
1992.482158  12.126562 1.000000 
1992.482839  12.125855 1.000000 
1992.483520  12.125751 1.000000 
1992.484201  12.125603 1.000000 
1992.484882  12.126195 1.000000 
1992.485563  12.126537 1.000000 
1992.486244  12.126629 1.000000 
1992.486925  12.126208 1.000000 
1992.487606  12.125705 1.000000 
1992.488288  12.126162 1.000000 
1992.488969  12.126183 1.000000 
1992.489650  12.126493 1.000000 
1992.490331  12.126186 1.000000 
1992.491012  12.126335 1.000000 
1992.491693  12.125484 1.000000 
1992.492374  12.126239 1.000000 
1992.493056  12.126650 1.000000 
1992.493737  12.125785 1.000000 
1992.494418  12.126649 1.000000 
1992.495099  12.126419 1.000000 
1992.495780  12.126240 1.000000 
1992.496461  12.126917 1.000000 
1992.497142  12.126699 1.000000 
1992.497823  12.126229 1.000000 
1992.498505  12.126161 1.000000 
1992.499186  12.126003 1.000000 
1992.499867  12.126094 1.000000 
1992.500548  12.126344 1.000000 
1992.501229  12.126818 1.000000 
1992.501910  12.126481 1.000000 
1992.502591  12.126310 1.000000 
1992.503273  12.126519 1.000000 
1992.503954  12.125785 1.000000 
1992.504635  12.126647 1.000000 
1992.505316  12.126211 1.000000 
1992.505997  12.125835 1.000000 
1992.506678  12.126068 1.000000 
1992.507359  12.126202 1.000000 
1992.508040  12.126306 1.000000 
1992.508722  12.126338 1.000000 
1992.509403  12.126370 1.000000 
1992.510084  12.126291 1.000000 
1992.510765  12.126379 1.000000 
1992.511446  12.126138 1.000000 
1992.512127  12.126221 1.000000 
1992.512808  12.125875 1.000000 
1992.513489  12.126285 1.000000 
1992.514171  12.125908 1.000000 
1992.514852  12.127611 1.000000 
1992.515533  12.126116 1.000000 
1992.516214  12.127106 1.000000 
1992.516895  12.126042 1.000000 
1992.517576  12.126085 1.000000 
1992.518257  12.125669 1.000000 
1992.518938  12.126493 1.000000 
1992.519620  12.127167 1.000000 
1992.520301  12.125274 1.000000 
1992.520982  12.126627 1.000000 
1992.521663  12.126585 1.000000 
1992.522344  12.127018 1.000000 
1992.523025  12.127240 1.000000 
1992.523706  12.127610 1.000000 
1992.524387  12.126449 1.000000 
1992.525069  12.127009 1.000000 
1992.525750  12.126449 1.000000 
1992.526431  12.126528 1.000000 
1992.527112  12.126186 1.000000 
1992.527793  12.126385 1.000000 
1992.528474  12.126629 1.000000 
1992.529155  12.126768 1.000000 
1992.529836  12.127563 1.000000 
1992.530518  12.126604 1.000000 
1992.531199  12.126110 1.000000 
1992.531880  12.126720 1.000000 
1992.532561  12.126410 1.000000 
1992.533242  12.126029 1.000000 
1992.533923  12.126026 1.000000 
1992.534604  12.126579 1.000000 
1992.535285  12.126511 1.000000 
1992.535967  12.126094 1.000000 
1992.536648  12.126242 1.000000 
1992.537329  12.125608 1.000000 
1992.538010  12.126766 1.000000 
1992.538691  12.127262 1.000000 
1992.539372  12.126579 1.000000 
1992.540053  12.125834 1.000000 
1992.540735  12.125619 1.000000 
1992.541416  12.125798 1.000000 
1992.542097  12.126576 1.000000 
1992.542778  12.126608 1.000000 
1992.543459  12.126528 1.000000 
1992.544140  12.126609 1.000000 
1992.544821  12.126208 1.000000 
1992.545502  12.125823 1.000000 
1992.546183  12.125795 1.000000 
1992.546865  12.125881 1.000000 
1992.547546  12.125508 1.000000 
1992.548227  12.126061 1.000000 
1992.548908  12.126114 1.000000 
1992.549589  12.126081 1.000000 
1992.550270  12.125877 1.000000 
1992.550951  12.126849 1.000000 
1992.551633  12.126653 1.000000 
1992.552314  12.126322 1.000000 
1992.552995  12.126268 1.000000 
1992.553676  12.126897 1.000000 
1992.554357  12.125915 1.000000 
1992.555038  12.125948 1.000000 
1992.555719  12.126247 1.000000 
1992.556400  12.126232 1.000000 
1992.557082  12.126078 1.000000 
1992.557763  12.126293 1.000000 
1992.558444  12.126171 1.000000 
1992.559125  12.126227 1.000000 
1992.559806  12.126430 1.000000 
1992.560487  12.126257 1.000000 
1992.561168  12.126939 1.000000 
1992.561849  12.125989 1.000000 
1992.562531  12.127117 1.000000 
1992.563212  12.125982 1.000000 
1992.563893  12.126232 1.000000 
1992.564574  12.126210 1.000000 
1992.565255  12.125990 1.000000 
1992.565936  12.126095 1.000000 
1992.566617  12.125623 1.000000 
1992.567298  12.125799 1.000000 
1992.567980  12.126767 1.000000 
1992.568661  12.126534 1.000000 
1992.569342  12.126258 1.000000 
1992.570023  12.127228 1.000000 
1992.570704  12.126061 1.000000 
1992.571385  12.125541 1.000000 
1992.572066  12.126785 1.000000 
1992.572747  12.125723 1.000000 
1992.573429  12.126249 1.000000 
1992.574110  12.126452 1.000000 
1992.574791  12.126684 1.000000 
1992.575472  12.126691 1.000000 
1992.576153  12.126859 1.000000 
1992.576834  12.126511 1.000000 
1992.577515  12.126580 1.000000 
1992.578196  12.126223 1.000000 
1992.578878  12.126933 1.000000 
1992.579559  12.126208 1.000000 
1992.580240  12.126251 1.000000 
1992.580921  12.126291 1.000000 
1992.581602  12.126451 1.000000 
1992.582283  12.126831 1.000000 
1992.582964  12.126123 1.000000 
1992.583645  12.126833 1.000000 
1992.584327  12.126437 1.000000 
1992.585008  12.125245 1.000000 
1992.585689  12.125977 1.000000 
1992.586370  12.125744 1.000000 
1992.587051  12.126829 1.000000 
1992.587732  12.126018 1.000000 
1992.588413  12.126345 1.000000 
1992.589094  12.126263 1.000000 
1992.589776  12.126284 1.000000 
1992.590457  12.125937 1.000000 
1992.591138  12.125534 1.000000 
1992.591819  12.125670 1.000000 
1992.592500  12.126608 1.000000 
1992.593181  12.126232 1.000000 
1992.593862  12.125519 1.000000 
1992.594543  12.126682 1.000000 
1992.595225  12.125998 1.000000 
1992.595906  12.126815 1.000000 
1992.596587  12.127079 1.000000 
1992.597268  12.126663 1.000000 
1992.597949  12.126563 1.000000 
1992.598630  12.126606 1.000000 
1992.599311  12.125931 1.000000 
1992.599992  12.125893 1.000000 
1992.600674  12.125619 1.000000 
1992.601355  12.126982 1.000000 
1992.602036  12.126760 1.000000 
1992.602717  12.126535 1.000000 
1992.603398  12.126307 1.000000 
1992.604079  12.126379 1.000000 
1992.604760  12.126223 1.000000 
1992.605441  12.125980 1.000000 
1992.606123  12.125780 1.000000 
1992.606804  12.126127 1.000000 
1992.607485  12.126884 1.000000 
1992.608166  12.125762 1.000000 
1992.608847  12.126053 1.000000 
1992.609528  12.126743 1.000000 
1992.610209  12.125312 1.000000 
1992.610891  12.126291 1.000000 
1992.611572  12.126334 1.000000 
1992.612253  12.126182 1.000000 
1992.612934  12.126116 1.000000 
1992.613615  12.126335 1.000000 
1992.614296  12.125779 1.000000 
1992.614977  12.126390 1.000000 
1992.615659  12.126380 1.000000 
1992.616340  12.126615 1.000000 
1992.617021  12.126595 1.000000 
1992.617702  12.126573 1.000000 
1992.618383  12.125486 1.000000 
1992.619064  12.126362 1.000000 
1992.619745  12.125555 1.000000 
1992.620426  12.125333 1.000000 
1992.621108  12.126115 1.000000 
1992.621789  12.125515 1.000000 
1992.622470  12.125661 1.000000 
1992.623151  12.126113 1.000000 
1992.623832  12.126904 1.000000 
1992.624513  12.126270 1.000000 
1992.625194  12.125900 1.000000 
1992.625875  12.126694 1.000000 
1992.626556  12.125943 1.000000 
1992.627238  12.125570 1.000000 
1992.627919  12.126259 1.000000 
1992.628600  12.125284 1.000000 
1992.629281  12.126246 1.000000 
1992.629962  12.125774 1.000000 
1992.630643  12.126525 1.000000 
1992.631324  12.126023 1.000000 
1992.632006  12.125807 1.000000 
1992.632687  12.125568 1.000000 
1992.633368  12.125753 1.000000 
1992.634049  12.125627 1.000000 
1992.634730  12.125704 1.000000 
1992.635411  12.125647 1.000000 
1992.636092  12.125988 1.000000 
1992.636773  12.125967 1.000000 
1992.637455  12.125228 1.000000 
1992.638136  12.125699 1.000000 
1992.638817  12.125519 1.000000 
1992.639498  12.125645 1.000000 
1992.640179  12.124838 1.000000 
1992.640860  12.125503 1.000000 
1992.641541  12.125283 1.000000 
1992.642222  12.125762 1.000000 
1992.642904  12.125433 1.000000 
1992.643585  12.125103 1.000000 
1992.644266  12.125360 1.000000 
1992.644947  12.125669 1.000000 
1992.645628  12.125227 1.000000 
1992.646309  12.125168 1.000000 
1992.646990  12.125370 1.000000 
1992.647671  12.125307 1.000000 
1992.648353  12.125203 1.000000 
1992.649034  12.125559 1.000000 
1992.649715  12.125047 1.000000 
1992.650396  12.125645 1.000000 
1992.651077  12.125195 1.000000 
1992.651758  12.125589 1.000000 
1992.652439  12.126251 1.000000 
1992.653120  12.125656 1.000000 
1992.653802  12.126315 1.000000 
1992.654483  12.125686 1.000000 
1992.655164  12.125532 1.000000 
1992.655845  12.125122 1.000000 
1992.656526  12.125759 1.000000 
1992.657207  12.125905 1.000000 
1992.657888  12.125866 1.000000 
1992.658569  12.125528 1.000000 
1992.659251  12.125996 1.000000 
1992.659932  12.125706 1.000000 
1992.660613  12.125729 1.000000 
1992.661294  12.125820 1.000000 
1992.661975  12.125350 1.000000 
1992.662656  12.125601 1.000000 
1992.663337  12.125651 1.000000 
1992.664018  12.125502 1.000000 
1992.664700  12.125650 1.000000 
1992.665381  12.125868 1.000000 
1992.666062  12.125668 1.000000 
1992.666743  12.126039 1.000000 
1992.667424  12.125305 1.000000 
1992.668105  12.126383 1.000000 
1992.668786  12.125905 1.000000 
1992.669467  12.126123 1.000000 
1992.670149  12.125384 1.000000 
1992.670830  12.125508 1.000000 
1992.671511  12.125479 1.000000 
1992.672192  12.124942 1.000000 
1992.672873  12.125056 1.000000 
1992.673554  12.125607 1.000000 
1992.674235  12.125422 1.000000 
1992.674916  12.125710 1.000000 
1992.675598  12.125658 1.000000 
1992.676279  12.125055 1.000000 
1992.676960  12.125589 1.000000 
1992.677641  12.125801 1.000000 
1992.678322  12.125719 1.000000 
1992.679003  12.125381 1.000000 
1992.679684  12.125504 1.000000 
1992.680365  12.126070 1.000000 
1992.681047  12.125093 1.000000 
1992.681728  12.125585 1.000000 
1992.682409  12.125870 1.000000 
1992.683090  12.125755 1.000000 
1992.683771  12.125299 1.000000 
1992.684452  12.125794 1.000000 
1992.685133  12.124825 1.000000 
1992.685814  12.126513 1.000000 
1992.686496  12.125188 1.000000 
1992.687177  12.125142 1.000000 
1992.687858  12.125298 1.000000 
1992.688539  12.124780 1.000000 
1992.689220  12.124655 1.000000 
1992.689901  12.125550 1.000000 
1992.690582  12.125905 1.000000 
1992.691264  12.125301 1.000000 
1992.691945  12.125940 1.000000 
1992.692626  12.125965 1.000000 
1992.693307  12.125527 1.000000 
1992.693988  12.125669 1.000000 
1992.694669  12.125498 1.000000 
1992.695350  12.125197 1.000000 
1992.696031  12.125365 1.000000 
1992.696713  12.125336 1.000000 
1992.697394  12.124876 1.000000 
1992.698075  12.125334 1.000000 
1992.698756  12.124514 1.000000 
1992.699437  12.124819 1.000000 
1992.700118  12.125165 1.000000 
1992.700799  12.125095 1.000000 
1992.701480  12.125232 1.000000 
1992.702162  12.125778 1.000000 
1992.702843  12.126265 1.000000 
1992.703524  12.124988 1.000000 
1992.704205  12.125632 1.000000 
1992.704886  12.125607 1.000000 
1992.705567  12.125178 1.000000 
1992.706248  12.125464 1.000000 
1992.706929  12.125614 1.000000 
1992.707611  12.125378 1.000000 
1992.708292  12.125244 1.000000 
1992.708973  12.124646 1.000000 
1992.709654  12.125972 1.000000 
1992.710335  12.125828 1.000000 
1992.711016  12.125712 1.000000 
1992.711697  12.125704 1.000000 
1992.712378  12.125702 1.000000 
1992.713060  12.125227 1.000000 
1992.713741  12.125665 1.000000 
1992.714422  12.125498 1.000000 
1992.715103  12.125610 1.000000 
1992.715784  12.125819 1.000000 
1992.716465  12.125578 1.000000 
1992.717146  12.125437 1.000000 
1992.717827  12.125444 1.000000 
1992.718509  12.125904 1.000000 
1992.719190  12.126074 1.000000 
1992.719871  12.125712 1.000000 
1992.720552  12.125466 1.000000 
1992.721233  12.124898 1.000000 
1992.721914  12.125793 1.000000 
1992.722595  12.125741 1.000000 
1992.723276  12.125728 1.000000 
1992.723958  12.125321 1.000000 
1992.724639  12.124923 1.000000 
1992.725320  12.125324 1.000000 
1992.726001  12.125772 1.000000 
1992.726682  12.125537 1.000000 
1992.727363  12.124845 1.000000 
1992.728044  12.125351 1.000000 
1992.728725  12.126132 1.000000 
1992.729407  12.125521 1.000000 
1992.730088  12.125513 1.000000 
1992.730769  12.125925 1.000000 
1992.731450  12.125032 1.000000 
1992.732131  12.124931 1.000000 
1992.732812  12.124860 1.000000 
1992.733493  12.125324 1.000000 
1992.734175  12.125293 1.000000 
1992.734856  12.124635 1.000000 
1992.735537  12.126020 1.000000 
1992.736218  12.125893 1.000000 
1992.736899  12.125046 1.000000 
1992.737580  12.125390 1.000000 
1992.738261  12.124496 1.000000 
1992.738942  12.126421 1.000000 
1992.739624  12.125753 1.000000 
1992.740305  12.126094 1.000000 
1992.740986  12.125407 1.000000 
1992.741667  12.125781 1.000000 
1992.742348  12.124797 1.000000 
1992.743029  12.125336 1.000000 
1992.743710  12.125274 1.000000 
1992.744391  12.125133 1.000000 
1992.745073  12.125623 1.000000 
1992.745754  12.124498 1.000000 
1992.746435  12.125054 1.000000 
1992.747116  12.125422 1.000000 
1992.747797  12.124425 1.000000 
1992.748478  12.125585 1.000000 
1992.749159  12.125435 1.000000 
1992.749840  12.125338 1.000000 
1992.750522  12.125154 1.000000 
1992.751203  12.125137 1.000000 
1992.751884  12.125360 1.000000 
1992.752565  12.125712 1.000000 
1992.753246  12.125375 1.000000 
1992.753927  12.125989 1.000000 
1992.754608  12.124787 1.000000 
1992.755290  12.125360 1.000000 
1992.755971  12.124822 1.000000 
1992.756652  12.125791 1.000000 
1992.757333  12.125349 1.000000 
1992.758014  12.125692 1.000000 
1992.758695  12.125813 1.000000 
1992.759376  12.124657 1.000000 
1992.760057  12.125389 1.000000 
1992.760739  12.126042 1.000000 
1992.761420  12.125683 1.000000 
1992.762101  12.125343 1.000000 
1992.762782  12.126018 1.000000 
1992.763463  12.125452 1.000000 
1992.764144  12.125181 1.000000 
1992.764825  12.125360 1.000000 
1992.765506  12.125296 1.000000 
1992.766188  12.125698 1.000000 
1992.766869  12.126039 1.000000 
1992.767550  12.125085 1.000000 
1992.768231  12.125903 1.000000 
1992.768912  12.125484 1.000000 
1992.769593  12.125525 1.000000 
1992.770274  12.125315 1.000000 
1992.770955  12.125547 1.000000 
1992.771637  12.124800 1.000000 
1992.772318  12.125566 1.000000 
1992.772999  12.125690 1.000000 
1992.773680  12.125537 1.000000 
1992.774361  12.125090 1.000000 
1992.775042  12.126406 1.000000 
1992.775723  12.125223 1.000000 
1992.776404  12.125314 1.000000 
1992.777086  12.126255 1.000000 
1992.777767  12.125582 1.000000 
1992.778448  12.125756 1.000000 
1992.779129  12.125923 1.000000 
1992.779810  12.125327 1.000000 
1992.780491  12.125450 1.000000 
1992.781172  12.125002 1.000000 
1992.781853  12.125085 1.000000 
1992.782535  12.125378 1.000000 
1992.783216  12.129349 1.000000 
1992.783897  12.129679 1.000000 
1992.784578  12.125933 1.000000 
1992.785259  12.125466 1.000000 
1992.785940  12.125010 1.000000 
1992.786621  12.125406 1.000000 
1992.787302  12.125067 1.000000 
1992.787984  12.126204 1.000000 
1992.788665  12.125034 1.000000 
1992.789346  12.124636 1.000000 
1992.790027  12.125473 1.000000 
1992.790708  12.125296 1.000000 
1992.791389  12.125579 1.000000 
1992.792070  12.125463 1.000000 
1992.792751  12.125319 1.000000 
1992.793433  12.125412 1.000000 
1992.794114  12.125181 1.000000 
1992.794795  12.125470 1.000000 
1992.795476  12.125170 1.000000 
1992.796157  12.125184 1.000000 
1992.796838  12.126061 1.000000 
1992.797519  12.125580 1.000000 
1992.798200  12.125638 1.000000 
1992.798882  12.124619 1.000000 
1992.799563  12.124826 1.000000 
1992.800244  12.125353 1.000000 
1992.800925  12.125072 1.000000 
1992.801606  12.125818 1.000000 
1992.802287  12.125763 1.000000 
1992.802968  12.126003 1.000000 
1992.803649  12.126118 1.000000 
1992.804331  12.125320 1.000000 
1992.805012  12.124825 1.000000 
1992.805693  12.125574 1.000000 
1992.806374  12.125992 1.000000 
1992.807055  12.125276 1.000000 
1992.807736  12.126055 1.000000 
1992.808417  12.125454 1.000000 
1992.809098  12.125546 1.000000 
1992.809780  12.125546 1.000000 
1992.810461  12.125965 1.000000 
1992.811142  12.125425 1.000000 
1992.811823  12.124313 1.000000 
1992.812504  12.125218 1.000000 
1992.813185  12.126287 1.000000 
1992.813866  12.125160 1.000000 
1992.814548  12.125762 1.000000 
1992.815229  12.125455 1.000000 
1992.815910  12.125376 1.000000 
1992.816591  12.125188 1.000000 
1992.817272  12.125970 1.000000 
1992.817953  12.125319 1.000000 
1992.818634  12.125719 1.000000 
1992.819315  12.125273 1.000000 
1992.819997  12.125469 1.000000 
1992.820678  12.124817 1.000000 
1992.821359  12.125247 1.000000 
1992.822040  12.126167 1.000000 
1992.822721  12.124968 1.000000 
1992.823402  12.125751 1.000000 
1992.824083  12.125580 1.000000 
1992.824764  12.124882 1.000000 
1992.825446  12.125004 1.000000 
1992.826127  12.125853 1.000000 
1992.826808  12.124799 1.000000 
1992.827489  12.125161 1.000000 
1992.828170  12.125748 1.000000 
1992.828851  12.125357 1.000000 
1992.829532  12.125699 1.000000 
1992.830213  12.125365 1.000000 
1992.830895  12.125722 1.000000 
1992.831576  12.126228 1.000000 
1992.832257  12.125031 1.000000 
1992.832938  12.125654 1.000000 
1992.833619  12.125448 1.000000 
1992.834300  12.125315 1.000000 
1992.834981  12.125349 1.000000 
1992.835662  12.125526 1.000000 
1992.836344  12.125552 1.000000 
1992.837025  12.125158 1.000000 
1992.837706  12.125455 1.000000 
1992.838387  12.125942 1.000000 
1992.839068  12.125390 1.000000 
1992.839749  12.126132 1.000000 
1992.840430  12.125708 1.000000 
1992.841112  12.125594 1.000000 
1992.841793  12.125822 1.000000 
1992.842474  12.125597 1.000000 
1992.843155  12.124979 1.000000 
1992.843836  12.125187 1.000000 
1992.844517  12.125725 1.000000 
1992.845198  12.124882 1.000000 
1992.845879  12.125257 1.000000 
1992.846561  12.125781 1.000000 
1992.847242  12.125261 1.000000 
1992.847923  12.125340 1.000000 
1992.848604  12.124808 1.000000 
1992.849285  12.125210 1.000000 
1992.849966  12.124636 1.000000 
1992.850647  12.125734 1.000000 
1992.851328  12.125202 1.000000 
1992.852010  12.125103 1.000000 
1992.852691  12.125416 1.000000 
1992.853372  12.125086 1.000000 
1992.854053  12.125944 1.000000 
1992.854734  12.125438 1.000000 
1992.855415  12.125378 1.000000 
1992.856096  12.126390 1.000000 
1992.856777  12.126217 1.000000 
1992.857459  12.126262 1.000000 
1992.858140  12.125400 1.000000 
1992.858821  12.125845 1.000000 
1992.859502  12.125208 1.000000 
1992.860183  12.125622 1.000000 
1992.860864  12.124830 1.000000 
1992.861545  12.125741 1.000000 
1992.862226  12.126608 1.000000 
1992.862908  12.125420 1.000000 
1992.863589  12.125365 1.000000 
1992.864270  12.125619 1.000000 
1992.864951  12.125536 1.000000 
1992.865632  12.125818 1.000000 
1992.866313  12.125847 1.000000 
1992.866994  12.125072 1.000000 
1992.867675  12.125492 1.000000 
1992.868357  12.125275 1.000000 
1992.869038  12.125476 1.000000 
1992.869719  12.125585 1.000000 
1992.870400  12.125414 1.000000 
1992.871081  12.125639 1.000000 
1992.871762  12.125616 1.000000 
1992.872443  12.125296 1.000000 
1992.873124  12.125247 1.000000 
1992.873806  12.126112 1.000000 
1992.874487  12.125217 1.000000 
1992.875168  12.124971 1.000000 
1992.875849  12.124692 1.000000 
1992.876530  12.125883 1.000000 
1992.877211  12.126156 1.000000 
1992.877892  12.125660 1.000000 
1992.878573  12.126009 1.000000 
1992.879255  12.125250 1.000000 
1992.879936  12.124598 1.000000 
1992.880617  12.125474 1.000000 
1992.881298  12.125296 1.000000 
1992.881979  12.125795 1.000000 
1992.882660  12.124478 1.000000 
1992.883341  12.125648 1.000000 
1992.884022  12.125109 1.000000 
1992.884704  12.125696 1.000000 
1992.885385  12.126249 1.000000 
1992.886066  12.125786 1.000000 
1992.886747  12.125575 1.000000 
1992.887428  12.125323 1.000000 
1992.888109  12.125807 1.000000 
1992.888790  12.125402 1.000000 
1992.889472  12.125359 1.000000 
1992.890153  12.125418 1.000000 
1992.890834  12.125894 1.000000 
1992.891515  12.125480 1.000000 
1992.892196  12.125639 1.000000 
1992.892877  12.125307 1.000000 
1992.893558  12.125810 1.000000 
1992.894239  12.125786 1.000000 
1992.894921  12.132671 1.000000 
1992.895602  12.127195 1.000000 
1992.896283  12.125481 1.000000 
1992.896964  12.125835 1.000000 
1992.897645  12.125661 1.000000 
1992.898326  12.125770 1.000000 
1992.899007  12.125827 1.000000 
1992.899688  12.125807 1.000000 
1992.900370  12.125432 1.000000 
1992.901051  12.125588 1.000000 
1992.901732  12.125376 1.000000 
1992.902413  12.125855 1.000000 
1992.903094  12.126177 1.000000 
1992.903775  12.125818 1.000000 
1992.904456  12.125636 1.000000 
1992.905137  12.125893 1.000000 
1992.905819  12.125172 1.000000 
1992.906500  12.125875 1.000000 
1992.907181  12.125847 1.000000 
1992.907862  12.125214 1.000000 
1992.908543  12.125456 1.000000 
1992.909224  12.126514 1.000000 
1992.909905  12.125074 1.000000 
1992.910586  12.125617 1.000000 
1992.911268  12.124985 1.000000 
1992.911949  12.125598 1.000000 
1992.912630  12.125407 1.000000 
1992.913311  12.125444 1.000000 
1992.913992  12.125568 1.000000 
1992.914673  12.125559 1.000000 
1992.915354  12.125502 1.000000 
1992.916035  12.126334 1.000000 
1992.916717  12.124758 1.000000 
1992.917398  12.125547 1.000000 
1992.918079  12.125617 1.000000 
1992.918760  12.125241 1.000000 
1992.919441  12.124856 1.000000 
1992.920122  12.124816 1.000000 
1992.920803  12.125586 1.000000 
1992.921484  12.125465 1.000000 
1992.922166  12.125805 1.000000 
1992.922847  12.126211 1.000000 
1992.923528  12.125586 1.000000 
1992.924209  12.125178 1.000000 
1992.924890  12.125747 1.000000 
1992.925571  12.125269 1.000000 
1992.926252  12.125003 1.000000 
1992.926933  12.126086 1.000000 
1992.927615  12.125308 1.000000 
1992.928296  12.124828 1.000000 
1992.928977  12.125943 1.000000 
1992.929658  12.125504 1.000000 
1992.930339  12.125638 1.000000 
1992.931020  12.126348 1.000000 
1992.931701  12.125809 1.000000 
1992.932383  12.125304 1.000000 
1992.933064  12.125152 1.000000 
1992.933745  12.126442 1.000000 
1992.934426  12.125668 1.000000 
1992.935107  12.124913 1.000000 
1992.935788  12.125504 1.000000 
1992.936469  12.125351 1.000000 
1992.937150  12.125486 1.000000 
1992.937832  12.125871 1.000000 
1992.938513  12.125137 1.000000 
1992.939194  12.126271 1.000000 
1992.939875  12.125067 1.000000 
1992.940556  12.125318 1.000000 
1992.941237  12.125366 1.000000 
1992.941918  12.125546 1.000000 
1992.942599  12.125496 1.000000 
1992.943280  12.126093 1.000000 
1992.943962  12.125593 1.000000 
1992.944643  12.125318 1.000000 
1992.945324  12.126020 1.000000 
1992.946005  12.126243 1.000000 
1992.946686  12.125642 1.000000 
1992.947367  12.126364 1.000000 
1992.948049  12.125731 1.000000 
1992.948730  12.125002 1.000000 
1992.949411  12.124670 1.000000 
1992.950092  12.125370 1.000000 
1992.950773  12.125257 1.000000 
1992.951454  12.125010 1.000000 
1992.952135  12.125274 1.000000 
1992.952816  12.125184 1.000000 
1992.953498  12.125582 1.000000 
1992.954179  12.125550 1.000000 
1992.954860  12.124675 1.000000 
1992.955541  12.125557 1.000000 
1992.956222  12.126184 1.000000 
1992.956903  12.125498 1.000000 
1992.957584  12.125251 1.000000 
1992.958265  12.125152 1.000000 
1992.958947  12.125560 1.000000 
1992.959628  12.125036 1.000000 
1992.960309  12.125748 1.000000 
1992.960990  12.125166 1.000000 
1992.961671  12.125341 1.000000 
1992.962352  12.125598 1.000000 
1992.963033  12.124710 1.000000 
1992.963714  12.125401 1.000000 
1992.964396  12.124618 1.000000 
1992.965077  12.124659 1.000000 
1992.965758  12.125627 1.000000 
1992.966439  12.125876 1.000000 
1992.967120  12.125391 1.000000 
1992.967801  12.125699 1.000000 
1992.968482  12.125627 1.000000 
1992.969163  12.125166 1.000000 
1992.969845  12.125471 1.000000 
1992.970526  12.124961 1.000000 
1992.971207  12.125597 1.000000 
1992.971888  12.125607 1.000000 
1992.972569  12.125560 1.000000 
1992.973250  12.124538 1.000000 
1992.973931  12.124856 1.000000 
1992.974612  12.125228 1.000000 
1992.975294  12.125288 1.000000 
1992.975975  12.125944 1.000000 
1992.976656  12.125321 1.000000 
1992.977337  12.125304 1.000000 
1992.978018  12.125246 1.000000 
1992.978699  12.126030 1.000000 
1992.979380  12.124816 1.000000 
1992.980061  12.125204 1.000000 
1992.980743  12.124789 1.000000 
1992.981424  12.125395 1.000000 
1992.982105  12.125380 1.000000 
1992.982786  12.125833 1.000000 
1992.983467  12.125544 1.000000 
1992.984148  12.125025 1.000000 
1992.984829  12.126249 1.000000 
1992.985510  12.125355 1.000000 
1992.986192  12.125290 1.000000 
1992.986873  12.125418 1.000000 
1992.987554  12.124898 1.000000 
1992.988235  12.125793 1.000000 
1992.998452  12.125858 1.000000 
1992.999133  12.125000 1.000000 
1992.999814  12.126108 1.000000 
1993.000495  12.126305 1.000000 
1993.001176  12.125772 1.000000 
1993.001857  12.125507 1.000000 
1993.002539  12.125797 1.000000 
1993.003220  12.125683 1.000000 
1993.003901  12.125431 1.000000 
1993.004582  12.126246 1.000000 
1993.005263  12.126081 1.000000 
1993.005944  12.125311 1.000000 
1993.006625  12.125722 1.000000 
1993.007307  12.126115 1.000000 
1993.007988  12.125729 1.000000 
1993.008669  12.125183 1.000000 
1993.009350  12.125893 1.000000 
1993.010031  12.125887 1.000000 
1993.010712  12.126064 1.000000 
1993.011393  12.125704 1.000000 
1993.012074  12.124997 1.000000 
1993.012756  12.125969 1.000000 
1993.013437  12.125112 1.000000 
1993.014118  12.125172 1.000000 
1993.014799  12.125184 1.000000 
1993.015480  12.125458 1.000000 
1993.016161  12.125254 1.000000 
1993.016842  12.125761 1.000000 
1993.017523  12.125438 1.000000 
1993.018205  12.125648 1.000000 
1993.018886  12.125517 1.000000 
1993.019567  12.125117 1.000000 
1993.020248  12.125456 1.000000 
1993.020929  12.125803 1.000000 
1993.021610  12.126106 1.000000 
1993.022291  12.125800 1.000000 
1993.022972  12.124612 1.000000 
1993.023654  12.125368 1.000000 
1993.024335  12.125508 1.000000 
1993.025016  12.125915 1.000000 
1993.025697  12.125692 1.000000 
1993.026378  12.125789 1.000000 
1993.027059  12.125772 1.000000 
1993.027740  12.125708 1.000000 
1993.028421  12.126029 1.000000 
1993.029103  12.124993 1.000000 
1993.029784  12.125632 1.000000 
1993.030465  12.124545 1.000000 
1993.031146  12.125356 1.000000 
1993.031827  12.125800 1.000000 
1993.032508  12.125960 1.000000 
1993.033189  12.125905 1.000000 
1993.033870  12.125341 1.000000 
1993.034552  12.125879 1.000000 
1993.035233  12.125698 1.000000 
1993.035914  12.124563 1.000000 
1993.036595  12.125784 1.000000 
1993.037276  12.125146 1.000000 
1993.037957  12.124882 1.000000 
1993.038638  12.124383 1.000000 
1993.039319  12.124951 1.000000 
1993.040001  12.125322 1.000000 
1993.040682  12.124869 1.000000 
1993.041363  12.125075 1.000000 
1993.042044  12.125350 1.000000 
1993.042725  12.125083 1.000000 
1993.043406  12.125953 1.000000 
1993.044087  12.125102 1.000000 
1993.044768  12.125636 1.000000 
1993.045450  12.125133 1.000000 
1993.046131  12.124441 1.000000 
1993.046812  12.125293 1.000000 
1993.047493  12.125151 1.000000 
1993.048174  12.125445 1.000000 
1993.048855  12.125517 1.000000 
1993.049536  12.124830 1.000000 
1993.050217  12.125511 1.000000 
1993.050899  12.125465 1.000000 
1993.051580  12.124424 1.000000 
1993.052261  12.125990 1.000000 
1993.052942  12.125063 1.000000 
1993.053623  12.125866 1.000000 
1993.054304  12.125685 1.000000 
1993.054985  12.125010 1.000000 
1993.055667  12.125381 1.000000 
1993.056348  12.125308 1.000000 
1993.057029  12.126179 1.000000 
1993.057710  12.124749 1.000000 
1993.058391  12.125598 1.000000 
1993.059072  12.125301 1.000000 
1993.059753  12.125830 1.000000 
1993.060434  12.125860 1.000000 
1993.061115  12.125849 1.000000 
1993.061797  12.125893 1.000000 
1993.062478  12.126023 1.000000 
1993.063159  12.126028 1.000000 
1993.063840  12.125977 1.000000 
1993.064521  12.125581 1.000000 
1993.065202  12.125717 1.000000 
1993.065884  12.125622 1.000000 
1993.066565  12.125823 1.000000 
1993.067246  12.125322 1.000000 
1993.067927  12.125120 1.000000 
1993.068608  12.125406 1.000000 
1993.069289  12.125530 1.000000 
1993.069970  12.125667 1.000000 
1993.070651  12.124860 1.000000 
1993.071332  12.125784 1.000000 
1993.072014  12.124806 1.000000 
1993.072695  12.125161 1.000000 
1993.073376  12.125957 1.000000 
1993.074057  12.125025 1.000000 
1993.074738  12.124721 1.000000 
1993.075419  12.125566 1.000000 
1993.076100  12.125830 1.000000 
1993.076782  12.125618 1.000000 
1993.077463  12.125675 1.000000 
1993.078144  12.125019 1.000000 
1993.078825  12.125393 1.000000 
1993.079506  12.125426 1.000000 
1993.080187  12.125509 1.000000 
1993.080868  12.125552 1.000000 
1993.081549  12.125849 1.000000 
1993.082230  12.125079 1.000000 
1993.082912  12.124645 1.000000 
1993.083593  12.124952 1.000000 
1993.084274  12.125673 1.000000 
1993.084955  12.126293 1.000000 
1993.085636  12.125336 1.000000 
1993.086317  12.125388 1.000000 
1993.086998  12.124926 1.000000 
1993.087680  12.124228 1.000000 
1993.088361  12.125454 1.000000 
1993.089042  12.125174 1.000000 
1993.089723  12.125333 1.000000 
1993.090404  12.125089 1.000000 
1993.091085  12.126368 1.000000 
1993.091766  12.125425 1.000000 
1993.092447  12.126158 1.000000 
1993.093129  12.125387 1.000000 
1993.093810  12.125902 1.000000 
1993.094491  12.125251 1.000000 
1993.095172  12.125331 1.000000 
1993.095853  12.125041 1.000000 
1993.096534  12.125402 1.000000 
1993.097215  12.125875 1.000000 
1993.097896  12.125438 1.000000 
1993.098578  12.124990 1.000000 
1993.099259  12.125638 1.000000 
1993.099940  12.125427 1.000000 
1993.100621  12.125915 1.000000 
1993.101302  12.125113 1.000000 
1993.101983  12.126041 1.000000 
1993.102664  12.124970 1.000000 
1993.103346  12.125276 1.000000 
1993.104027  12.125999 1.000000 
1993.104708  12.125416 1.000000 
1993.105389  12.125298 1.000000 
1993.106070  12.125566 1.000000 
1993.106751  12.125336 1.000000 
1993.107432  12.125216 1.000000 
1993.108113  12.124303 1.000000 
1993.108794  12.124992 1.000000 
1993.109476  12.125118 1.000000 
1993.110157  12.126233 1.000000 
1993.110838  12.124899 1.000000 
1993.111519  12.125823 1.000000 
1993.112200  12.125591 1.000000 
1993.112881  12.125763 1.000000 
1993.113562  12.125195 1.000000 
1993.114243  12.125519 1.000000 
1993.114925  12.125183 1.000000 
1993.115606  12.125046 1.000000 
1993.116287  12.125650 1.000000 
1993.116968  12.125295 1.000000 
1993.117649  12.125641 1.000000 
1993.118330  12.125918 1.000000 
1993.119011  12.124977 1.000000 
1993.119692  12.125916 1.000000 
1993.120374  12.125660 1.000000 
1993.121055  12.125670 1.000000 
1993.121736  12.125484 1.000000 
1993.122417  12.125319 1.000000 
1993.123098  12.125183 1.000000 
1993.123779  12.125323 1.000000 
1993.124460  12.124971 1.000000 
1993.125142  12.125486 1.000000 
1993.125823  12.125721 1.000000 
1993.126504  12.125935 1.000000 
1993.127185  12.125494 1.000000 
1993.127866  12.125771 1.000000 
1993.128547  12.125094 1.000000 
1993.129228  12.124711 1.000000 
1993.129909  12.125370 1.000000 
1993.130591  12.125481 1.000000 
1993.131272  12.125853 1.000000 
1993.131953  12.125569 1.000000 
1993.132634  12.124941 1.000000 
1993.133315  12.125131 1.000000 
1993.133996  12.124998 1.000000 
1993.134677  12.124997 1.000000 
1993.135358  12.125813 1.000000 
1993.136040  12.124727 1.000000 
1993.136721  12.125088 1.000000 
1993.137402  12.126040 1.000000 
1993.138083  12.125762 1.000000 
1993.138764  12.125318 1.000000 
1993.139445  12.126039 1.000000 
1993.140126  12.125665 1.000000 
1993.140807  12.126127 1.000000 
1993.141489  12.124842 1.000000 
1993.142170  12.126114 1.000000 
1993.142851  12.125280 1.000000 
1993.143532  12.124813 1.000000 
1993.144213  12.125237 1.000000 
1993.144894  12.125484 1.000000 
1993.145575  12.125028 1.000000 
1993.146256  12.125345 1.000000 
1993.146938  12.125242 1.000000 
1993.147619  12.125654 1.000000 
1993.148300  12.125702 1.000000 
1993.148981  12.125113 1.000000 
1993.149662  12.125598 1.000000 
1993.150343  12.125397 1.000000 
1993.151024  12.125872 1.000000 
1993.151705  12.124799 1.000000 
1993.152387  12.126157 1.000000 
1993.153068  12.125151 1.000000 
1993.153749  12.125571 1.000000 
1993.154430  12.125349 1.000000 
1993.155111  12.125541 1.000000 
1993.155792  12.125210 1.000000 
1993.156473  12.125705 1.000000 
1993.157154  12.125549 1.000000 
1993.157836  12.125419 1.000000 
1993.158517  12.125442 1.000000 
1993.159198  12.125942 1.000000 
1993.159879  12.125398 1.000000 
1993.160560  12.125923 1.000000 
1993.161241  12.125843 1.000000 
1993.161922  12.125334 1.000000 
1993.162604  12.125402 1.000000 
1993.163285  12.124969 1.000000 
1993.163966  12.125710 1.000000 
1993.164647  12.124735 1.000000 
1993.165328  12.125467 1.000000 
1993.166009  12.125706 1.000000 
1993.166690  12.125184 1.000000 
1993.167371  12.125294 1.000000 
1993.168052  12.125320 1.000000 
1993.168734  12.125505 1.000000 
1993.169415  12.125190 1.000000 
1993.170096  12.125362 1.000000 
1993.170777  12.125673 1.000000 
1993.171458  12.125694 1.000000 
1993.172139  12.125362 1.000000 
1993.172820  12.125177 1.000000 
1993.173501  12.125489 1.000000 
1993.174183  12.124736 1.000000 
1993.174864  12.125461 1.000000 
1993.175545  12.124802 1.000000 
1993.176226  12.125676 1.000000 
1993.176907  12.125332 1.000000 
1993.177588  12.125107 1.000000 
1993.178269  12.125413 1.000000 
1993.178950  12.124529 1.000000 
1993.179632  12.125420 1.000000 
1993.180313  12.125780 1.000000 
1993.180994  12.125085 1.000000 
1993.181675  12.124527 1.000000 
1993.182356  12.124854 1.000000 
1993.183037  12.125956 1.000000 
1993.183719  12.125019 1.000000 
1993.184400  12.124822 1.000000 
1993.185081  12.125122 1.000000 
1993.185762  12.126202 1.000000 
1993.186443  12.125650 1.000000 
1993.187124  12.125196 1.000000 
1993.187805  12.125171 1.000000 
1993.188486  12.125199 1.000000 
1993.189167  12.125807 1.000000 
1993.189849  12.125338 1.000000 
1993.190530  12.125219 1.000000 
1993.191211  12.126190 1.000000 
1993.191892  12.125397 1.000000 
1993.192573  12.125717 1.000000 
1993.193254  12.125530 1.000000 
1993.193935  12.125107 1.000000 
1993.194617  12.124870 1.000000 
1993.195298  12.125747 1.000000 
1993.195979  12.125416 1.000000 
1993.196660  12.125103 1.000000 
1993.197341  12.126225 1.000000 
1993.198022  12.125340 1.000000 
1993.198703  12.126198 1.000000 
1993.199384  12.124937 1.000000 
1993.200066  12.125330 1.000000 
1993.200747  12.125642 1.000000 
1993.201428  12.124993 1.000000 
1993.202109  12.125004 1.000000 
1993.202790  12.126253 1.000000 
1993.203471  12.125142 1.000000 
1993.204152  12.125187 1.000000 
1993.204833  12.125037 1.000000 
1993.205515  12.125452 1.000000 
1993.206196  12.125839 1.000000 
1993.206877  12.125203 1.000000 
1993.207558  12.125057 1.000000 
1993.208239  12.125025 1.000000 
1993.208920  12.125618 1.000000 
1993.209601  12.125387 1.000000 
1993.210282  12.125254 1.000000 
1993.210964  12.125146 1.000000 
1993.211645  12.125559 1.000000 
1993.212326  12.125687 1.000000 
1993.213007  12.125152 1.000000 
1993.213688  12.126221 1.000000 
1993.214369  12.125441 1.000000 
1993.215050  12.125071 1.000000 
1993.215731  12.125369 1.000000 
1993.216413  12.125700 1.000000 
1993.217094  12.124969 1.000000 
1993.217775  12.125251 1.000000 
1993.218456  12.125817 1.000000 
1993.219137  12.125204 1.000000 
1993.219818  12.125696 1.000000 
1993.220499  12.125153 1.000000 
1993.221180  12.125013 1.000000 
1993.221862  12.125588 1.000000 
1993.222543  12.125884 1.000000 
1993.223224  12.125311 1.000000 
1993.223905  12.125349 1.000000 
1993.224586  12.125021 1.000000 
1993.225267  12.125849 1.000000 
1993.225948  12.125626 1.000000 
1993.226629  12.125847 1.000000 
1993.227311  12.126036 1.000000 
1993.227992  12.125661 1.000000 
1993.228673  12.125422 1.000000 
1993.229354  12.125587 1.000000 
1993.230035  12.125366 1.000000 
1993.230716  12.125108 1.000000 
1993.231397  12.125929 1.000000 
1993.232078  12.124966 1.000000 
1993.232760  12.125286 1.000000 
1993.233441  12.125517 1.000000 
1993.234122  12.125150 1.000000 
1993.234803  12.124946 1.000000 
1993.235484  12.124706 1.000000 
1993.236165  12.125203 1.000000 
1993.236846  12.125533 1.000000 
1993.237528  12.124945 1.000000 
1993.238209  12.125834 1.000000 
1993.238890  12.124746 1.000000 
1993.239571  12.125175 1.000000 
1993.240252  12.125078 1.000000 
1993.240933  12.125702 1.000000 
1993.241614  12.125517 1.000000 
1993.242295  12.124952 1.000000 
1993.242977  12.125486 1.000000 
1993.243658  12.125543 1.000000 
1993.244339  12.125226 1.000000 
1993.245020  12.125848 1.000000 
1993.245701  12.125710 1.000000 
1993.246382  12.124673 1.000000 
1993.247063  12.125321 1.000000 
1993.247744  12.125998 1.000000 
1993.248426  12.125782 1.000000 
1993.249107  12.125695 1.000000 
1993.249788  12.125228 1.000000 
1993.250469  12.124907 1.000000 
1993.251150  12.125117 1.000000 
1993.251831  12.125781 1.000000 
1993.252512  12.124834 1.000000 
1993.253193  12.125561 1.000000 
1993.253875  12.125054 1.000000 
1993.254556  12.124999 1.000000 
1993.255237  12.124853 1.000000 
1993.255918  12.125400 1.000000 
1993.256599  12.126017 1.000000 
1993.257280  12.125353 1.000000 
1993.257961  12.124484 1.000000 
1993.258642  12.125772 1.000000 
1993.259324  12.125197 1.000000 
1993.260005  12.124822 1.000000 
1993.260686  12.124840 1.000000 
1993.261367  12.125388 1.000000 
1993.262048  12.124800 1.000000 
1993.262729  12.126135 1.000000 
1993.263410  12.125359 1.000000 
1993.264091  12.125347 1.000000 
1993.264773  12.125051 1.000000 
1993.265454  12.126368 1.000000 
1993.266135  12.125130 1.000000 
1993.266816  12.124873 1.000000 
1993.267497  12.125073 1.000000 
1993.268178  12.125150 1.000000 
1993.268859  12.125320 1.000000 
1993.269540  12.125016 1.000000 
1993.270222  12.124611 1.000000 
1993.270903  12.125181 1.000000 
1993.271584  12.126034 1.000000 
1993.272265  12.125829 1.000000 
1993.272946  12.124996 1.000000 
1993.273627  12.125517 1.000000 
1993.274308  12.125540 1.000000 
1993.274989  12.125570 1.000000 
1993.275671  12.125568 1.000000 
1993.276352  12.125511 1.000000 
1993.277033  12.124904 1.000000 
1993.277714  12.125161 1.000000 
1993.278395  12.125661 1.000000 
1993.279076  12.125753 1.000000 
1993.279757  12.124894 1.000000 
1993.280438  12.124732 1.000000 
1993.281120  12.125495 1.000000 
1993.281801  12.124516 1.000000 
1993.282482  12.125425 1.000000 
1993.283163  12.124961 1.000000 
1993.283844  12.125698 1.000000 
1993.284525  12.124450 1.000000 
1993.285206  12.125519 1.000000 
1993.285888  12.125871 1.000000 
1993.286569  12.125637 1.000000 
1993.287250  12.125177 1.000000 
1993.287931  12.125538 1.000000 
1993.288612  12.126242 1.000000 
1993.289293  12.126148 1.000000 
1993.289974  12.125774 1.000000 
1993.290655  12.125710 1.000000 
1993.291337  12.125113 1.000000 
1993.292018  12.125309 1.000000 
1993.292699  12.125546 1.000000 
1993.293380  12.125118 1.000000 
1993.294061  12.125066 1.000000 
1993.294742  12.125937 1.000000 
1993.295423  12.124979 1.000000 
1993.296105  12.125880 1.000000 
1993.296786  12.124716 1.000000 
1993.297467  12.124779 1.000000 
1993.298148  12.125174 1.000000 
1993.298829  12.125951 1.000000 
1993.299510  12.124609 1.000000 
1993.300191  12.125422 1.000000 
1993.300872  12.125235 1.000000 
1993.301554  12.125532 1.000000 
1993.302235  12.124817 1.000000 
1993.302916  12.124940 1.000000 
1993.303597  12.125312 1.000000 
1993.304278  12.125578 1.000000 
1993.304959  12.125712 1.000000 
1993.305640  12.125693 1.000000 
1993.306321  12.124889 1.000000 
1993.307003  12.125420 1.000000 
1993.307684  12.125835 1.000000 
1993.308365  12.125502 1.000000 
1993.309046  12.125275 1.000000 
1993.309727  12.125910 1.000000 
1993.310408  12.124555 1.000000 
1993.311089  12.124465 1.000000 
1993.311770  12.125237 1.000000 
1993.312451  12.125337 1.000000 
1993.313133  12.125407 1.000000 
1993.313814  12.125174 1.000000 
1993.314495  12.124849 1.000000 
1993.315176  12.124631 1.000000 
1993.315857  12.124660 1.000000 
1993.316538  12.125071 1.000000 
1993.317219  12.125305 1.000000 
1993.317901  12.125120 1.000000 
1993.318582  12.125694 1.000000 
1993.319263  12.125447 1.000000 
1993.319944  12.123739 1.000000 
1993.320625  12.125887 1.000000 
1993.321306  12.125359 1.000000 
1993.321987  12.125372 1.000000 
1993.322668  12.125189 1.000000 
1993.323350  12.125359 1.000000 
1993.324031  12.124649 1.000000 
1993.324712  12.125228 1.000000 
1993.325393  12.125800 1.000000 
1993.326074  12.124899 1.000000 
1993.326755  12.125151 1.000000 
1993.327436  12.124710 1.000000 
1993.328117  12.125241 1.000000 
1993.328799  12.124579 1.000000 
1993.329480  12.125727 1.000000 
1993.330161  12.125495 1.000000 
1993.330842  12.125209 1.000000 
1993.331523  12.125093 1.000000 
1993.332204  12.125504 1.000000 
1993.332885  12.125488 1.000000 
1993.333567  12.125238 1.000000 
1993.334248  12.124536 1.000000 
1993.334929  12.125038 1.000000 
1993.335610  12.125991 1.000000 
1993.336291  12.124828 1.000000 
1993.336972  12.125772 1.000000 
1993.337653  12.125648 1.000000 
1993.338334  12.125175 1.000000 
1993.339015  12.125061 1.000000 
1993.339697  12.124956 1.000000 
1993.340378  12.124854 1.000000 
1993.341059  12.125818 1.000000 
1993.341740  12.125531 1.000000 
1993.342421  12.124888 1.000000 
1993.343102  12.125762 1.000000 
1993.343783  12.125303 1.000000 
1993.344464  12.125767 1.000000 
1993.345146  12.124884 1.000000 
1993.345827  12.125246 1.000000 
1993.346508  12.125500 1.000000 
1993.347189  12.125418 1.000000 
1993.347870  12.125146 1.000000 
1993.348551  12.124884 1.000000 
1993.349232  12.125608 1.000000 
1993.349913  12.124955 1.000000 
1993.350595  12.125299 1.000000 
1993.351276  12.124759 1.000000 
1993.351957  12.125465 1.000000 
1993.352638  12.125232 1.000000 
1993.353319  12.125528 1.000000 
1993.354000  12.125648 1.000000 
1993.354681  12.125505 1.000000 
1993.355363  12.124825 1.000000 
1993.356044  12.124836 1.000000 
1993.356725  12.124414 1.000000 
1993.357406  12.125156 1.000000 
1993.358087  12.125003 1.000000 
1993.358768  12.124916 1.000000 
1993.359449  12.125412 1.000000 
1993.360130  12.125318 1.000000 
1993.360812  12.125364 1.000000 
1993.361493  12.125251 1.000000 
1993.362174  12.125555 1.000000 
1993.362855  12.124608 1.000000 
1993.363536  12.125237 1.000000 
1993.364217  12.125571 1.000000 
1993.364898  12.125861 1.000000 
1993.365579  12.125900 1.000000 
1993.366261  12.125037 1.000000 
1993.366942  12.125180 1.000000 
1993.367623  12.124393 1.000000 
1993.368304  12.125289 1.000000 
1993.368985  12.125137 1.000000 
1993.369666  12.124732 1.000000 
1993.370347  12.124807 1.000000 
1993.371028  12.125189 1.000000 
1993.371710  12.125202 1.000000 
1993.372391  12.125493 1.000000 
1993.373072  12.125578 1.000000 
1993.373753  12.125480 1.000000 
1993.374434  12.125523 1.000000 
1993.375115  12.125635 1.000000 
1993.375796  12.125322 1.000000 
1993.376477  12.126141 1.000000 
1993.377159  12.125242 1.000000 
1993.377840  12.126033 1.000000 
1993.378521  12.125179 1.000000 
1993.379202  12.125183 1.000000 
1993.379883  12.125155 1.000000 
1993.380564  12.124945 1.000000 
1993.381245  12.126051 1.000000 
1993.381926  12.125593 1.000000 
1993.382608  12.125283 1.000000 
1993.383289  12.126621 1.000000 
1993.383970  12.126176 1.000000 
1993.384651  12.127021 1.000000 
1993.385332  12.126420 1.000000 
1993.386013  12.125978 1.000000 
1993.386694  12.127378 1.000000 
1993.387375  12.127483 1.000000 
1993.388057  12.127146 1.000000 
1993.388738  12.127747 1.000000 
1993.389419  12.127302 1.000000 
1993.390100  12.127493 1.000000 
1993.390781  12.127991 1.000000 
1993.391462  12.128220 1.000000 
1993.392143  12.127683 1.000000 
1993.392825  12.128411 1.000000 
1993.393506  12.128117 1.000000 
1993.394187  12.129128 1.000000 
1993.394868  12.128417 1.000000 
1993.395549  12.129091 1.000000 
1993.396230  12.129453 1.000000 
1993.396911  12.129059 1.000000 
1993.397592  12.129162 1.000000 
1993.398274  12.129633 1.000000 
1993.398955  12.130052 1.000000 
1993.399636  12.129581 1.000000 
1993.400317  12.130229 1.000000 
1993.400998  12.129743 1.000000 
1993.401679  12.129202 1.000000 
1993.402360  12.129362 1.000000 
1993.403041  12.130254 1.000000 
1993.403723  12.130373 1.000000 
1993.404404  12.130109 1.000000 
1993.405085  12.130086 1.000000 
1993.405766  12.130625 1.000000 
1993.406447  12.130376 1.000000 
1993.407128  12.130525 1.000000 
1993.407809  12.129943 1.000000 
1993.408491  12.130797 1.000000 
1993.409172  12.129470 1.000000 
1993.409853  12.131344 1.000000 
1993.410534  12.129711 1.000000 
1993.411215  12.129917 1.000000 
1993.411896  12.130225 1.000000 
1993.412577  12.130130 1.000000 
1993.413258  12.131023 1.000000 
1993.413940  12.130263 1.000000 
1993.414621  12.129917 1.000000 
1993.415302  12.130459 1.000000 
1993.415983  12.129790 1.000000 
1993.416664  12.130178 1.000000 
1993.417345  12.130740 1.000000 
1993.418026  12.130465 1.000000 
1993.418707  12.130287 1.000000 
1993.419389  12.130589 1.000000 
1993.420070  12.130233 1.000000 
1993.420751  12.130779 1.000000 
1993.421432  12.131006 1.000000 
1993.422113  12.131288 1.000000 
1993.422794  12.130484 1.000000 
1993.423475  12.130781 1.000000 
1993.424156  12.131525 1.000000 
1993.424838  12.130846 1.000000 
1993.425519  12.131079 1.000000 
1993.426200  12.130638 1.000000 
1993.426881  12.129794 1.000000 
1993.427562  12.130636 1.000000 
1993.428243  12.131220 1.000000 
1993.428924  12.130902 1.000000 
1993.429605  12.130342 1.000000 
1993.430287  12.129986 1.000000 
1993.430968  12.131936 1.000000 
1993.431649  12.130753 1.000000 
1993.432330  12.131103 1.000000 
1993.433011  12.131300 1.000000 
1993.433692  12.129919 1.000000 
1993.434373  12.130931 1.000000 
1993.435054  12.130945 1.000000 
1993.435736  12.130759 1.000000 
1993.436417  12.131203 1.000000 
1993.437098  12.130709 1.000000 
1993.437779  12.131351 1.000000 
1993.438460  12.131367 1.000000 
1993.439141  12.131035 1.000000 
1993.439822  12.131436 1.000000 
1993.440503  12.130268 1.000000 
1993.441185  12.130134 1.000000 
1993.441866  12.130897 1.000000 
1993.442547  12.130935 1.000000 
1993.443228  12.130747 1.000000 
1993.443909  12.130710 1.000000 
1993.444590  12.130677 1.000000 
1993.445271  12.130266 1.000000 
1993.445953  12.130416 1.000000 
1993.446634  12.131339 1.000000 
1993.447315  12.130591 1.000000 
1993.447996  12.131454 1.000000 
1993.448677  12.130106 1.000000 
1993.449358  12.130957 1.000000 
1993.450039  12.130977 1.000000 
1993.450720  12.131256 1.000000 
1993.451401  12.131825 1.000000 
1993.452083  12.131120 1.000000 
1993.452764  12.131291 1.000000 
1993.453445  12.131615 1.000000 
1993.454126  12.131660 1.000000 
1993.454807  12.130917 1.000000 
1993.455488  12.131277 1.000000 
1993.456169  12.131488 1.000000 
1993.456851  12.130936 1.000000 
1993.457532  12.130152 1.000000 
1993.458213  12.130986 1.000000 
1993.458894  12.130672 1.000000 
1993.459575  12.131145 1.000000 
1993.460256  12.131183 1.000000 
1993.460937  12.131093 1.000000 
1993.461618  12.130948 1.000000 
1993.462299  12.131929 1.000000 
1993.462981  12.131674 1.000000 
1993.463662  12.131407 1.000000 
1993.464343  12.131910 1.000000 
1993.465024  12.131342 1.000000 
1993.465705  12.131763 1.000000 
1993.466386  12.131739 1.000000 
1993.467067  12.131285 1.000000 
1993.467749  12.131760 1.000000 
1993.468430  12.131506 1.000000 
1993.469111  12.130829 1.000000 
1993.469792  12.131742 1.000000 
1993.470473  12.132122 1.000000 
1993.471154  12.131568 1.000000 
1993.471835  12.131741 1.000000 
1993.472516  12.131835 1.000000 
1993.473198  12.131141 1.000000 
1993.473879  12.131631 1.000000 
1993.474560  12.131545 1.000000 
1993.475241  12.132114 1.000000 
1993.475922  12.130973 1.000000 
1993.476603  12.131100 1.000000 
1993.477284  12.131122 1.000000 
1993.477965  12.132127 1.000000 
1993.478647  12.131710 1.000000 
1993.479328  12.131196 1.000000 
1993.480009  12.131216 1.000000 
1993.480690  12.130838 1.000000 
1993.481371  12.130432 1.000000 
1993.482052  12.131780 1.000000 
1993.482733  12.131940 1.000000 
1993.483414  12.131607 1.000000 
1993.484096  12.130864 1.000000 
1993.484777  12.131453 1.000000 
1993.485458  12.131273 1.000000 
1993.486139  12.131369 1.000000 
1993.486820  12.131558 1.000000 
1993.487501  12.131940 1.000000 
1993.488182  12.130763 1.000000 
1993.488863  12.131192 1.000000 
1993.489545  12.131886 1.000000 
1993.490226  12.131655 1.000000 
1993.490907  12.132209 1.000000 
1993.491588  12.131521 1.000000 
1993.492269  12.131749 1.000000 
1993.492950  12.132098 1.000000 
1993.493631  12.131071 1.000000 
1993.494313  12.131929 1.000000 
1993.494994  12.131408 1.000000 
1993.495675  12.131474 1.000000 
1993.496356  12.131463 1.000000 
1993.497037  12.131517 1.000000 
1993.497718  12.131239 1.000000 
1993.498399  12.131355 1.000000 
1993.499080  12.131679 1.000000 
1993.499762  12.131102 1.000000 
1993.500443  12.131196 1.000000 
1993.501124  12.128763 1.000000 
1993.501805  12.131015 1.000000 
1993.502486  12.131554 1.000000 
1993.503167  12.131446 1.000000 
1993.503848  12.131688 1.000000 
1993.504530  12.130950 1.000000 
1993.505211  12.131031 1.000000 
1993.505892  12.131283 1.000000 
1993.506573  12.131522 1.000000 
1993.507254  12.132917 1.000000 
1993.507935  12.132254 1.000000 
1993.508616  12.131721 1.000000 
1993.509297  12.131721 1.000000 
1993.509978  12.131415 1.000000 
1993.510660  12.131868 1.000000 
1993.511341  12.131326 1.000000 
1993.512022  12.130680 1.000000 
1993.512703  12.131483 1.000000 
1993.513384  12.131164 1.000000 
1993.514065  12.131888 1.000000 
1993.514746  12.132065 1.000000 
1993.515428  12.131689 1.000000 
1993.516109  12.131406 1.000000 
1993.516790  12.131275 1.000000 
1993.517471  12.130967 1.000000 
1993.518152  12.131540 1.000000 
1993.518833  12.131956 1.000000 
1993.519514  12.131579 1.000000 
1993.520195  12.130995 1.000000 
1993.520877  12.132150 1.000000 
1993.521558  12.131682 1.000000 
1993.522239  12.131433 1.000000 
1993.522920  12.132323 1.000000 
1993.523601  12.131693 1.000000 
1993.524282  12.132000 1.000000 
1993.524963  12.131178 1.000000 
1993.525644  12.131557 1.000000 
1993.526326  12.132208 1.000000 
1993.527007  12.131024 1.000000 
1993.527688  12.131495 1.000000 
1993.528369  12.132235 1.000000 
1993.529050  12.132585 1.000000 
1993.529731  12.131601 1.000000 
1993.530412  12.131635 1.000000 
1993.531093  12.131243 1.000000 
1993.531775  12.131477 1.000000 
1993.532456  12.130835 1.000000 
1993.533137  12.131227 1.000000 
1993.533818  12.131777 1.000000 
1993.534499  12.132457 1.000000 
