1233.813902  12.114004 1.000000 
1233.814583  12.113602 1.000000 
1233.815264  12.114357 1.000000 
1233.815946  12.114450 1.000000 
1233.816627  12.113431 1.000000 
1233.817308  12.114359 1.000000 
1233.817989  12.113890 1.000000 
1233.818670  12.114557 1.000000 
1233.819351  12.113567 1.000000 
1233.820032  12.113672 1.000000 
1233.820713  12.113832 1.000000 
1233.821394  12.113955 1.000000 
1233.822076  12.114279 1.000000 
1233.822757  12.112586 1.000000 
1233.823438  12.114068 1.000000 
1233.824119  12.113888 1.000000 
1233.824800  12.114370 1.000000 
1233.825481  12.113596 1.000000 
1233.826162  12.113536 1.000000 
1233.826843  12.113375 1.000000 
1233.827525  12.114116 1.000000 
1233.828206  12.113667 1.000000 
1233.828887  12.113626 1.000000 
1233.829568  12.112948 1.000000 
1233.830249  12.114380 1.000000 
1233.830930  12.114717 1.000000 
1233.831611  12.113821 1.000000 
1233.832292  12.113012 1.000000 
1233.832973  12.114494 1.000000 
1233.833655  12.114037 1.000000 
1233.834336  12.113259 1.000000 
1233.835017  12.113983 1.000000 
1233.835698  12.114420 1.000000 
1233.836379  12.113231 1.000000 
1233.837060  12.113920 1.000000 
1233.837741  12.114218 1.000000 
1233.838422  12.114108 1.000000 
1233.839104  12.114153 1.000000 
1233.839785  12.114269 1.000000 
1233.840466  12.113688 1.000000 
1233.841147  12.114074 1.000000 
1233.841828  12.113821 1.000000 
1233.842509  12.114757 1.000000 
1233.843190  12.113994 1.000000 
1233.843871  12.114527 1.000000 
1233.844552  12.113431 1.000000 
1233.845234  12.114433 1.000000 
1233.845915  12.114423 1.000000 
1233.846596  12.114112 1.000000 
1233.847277  12.113563 1.000000 
1233.847958  12.114109 1.000000 
1233.848639  12.114255 1.000000 
1233.849320  12.113583 1.000000 
1233.850001  12.113941 1.000000 
1233.850683  12.113864 1.000000 
1233.851364  12.113134 1.000000 
1233.852045  12.114559 1.000000 
1233.852726  12.114088 1.000000 
1233.853407  12.113339 1.000000 
1233.854088  12.113984 1.000000 
1233.854769  12.114555 1.000000 
1233.855450  12.113756 1.000000 
1233.856132  12.113871 1.000000 
1233.856813  12.114269 1.000000 
1233.857494  12.113791 1.000000 
1233.858175  12.114197 1.000000 
1233.858856  12.114192 1.000000 
1233.859537  12.114231 1.000000 
1233.860218  12.114180 1.000000 
1233.860899  12.113571 1.000000 
1233.861580  12.113526 1.000000 
1233.862262  12.114096 1.000000 
1233.862943  12.113718 1.000000 
1233.863624  12.113623 1.000000 
1233.864305  12.113266 1.000000 
1233.864986  12.112946 1.000000 
1233.865667  12.113640 1.000000 
1233.866348  12.113691 1.000000 
1233.867029  12.114318 1.000000 
1233.867711  12.114058 1.000000 
1233.868392  12.115361 1.000000 
1233.869073  12.113835 1.000000 
1233.869754  12.114478 1.000000 
1233.870435  12.113549 1.000000 
1233.871116  12.114522 1.000000 
1233.871797  12.114483 1.000000 
1233.872478  12.113628 1.000000 
1233.873159  12.113893 1.000000 
1233.873841  12.113977 1.000000 
1233.874522  12.114197 1.000000 
1233.875203  12.113695 1.000000 
1233.875884  12.114169 1.000000 
1233.876565  12.113735 1.000000 
1233.877246  12.113651 1.000000 
1233.877927  12.114011 1.000000 
1233.878608  12.114483 1.000000 
1233.879290  12.113552 1.000000 
1233.879971  12.114565 1.000000 
1233.880652  12.114025 1.000000 
1233.881333  12.114041 1.000000 
1233.882014  12.113763 1.000000 
1233.882695  12.113879 1.000000 
1233.883376  12.114372 1.000000 
1233.884057  12.113063 1.000000 
1233.884739  12.113899 1.000000 
1233.885420  12.114101 1.000000 
1233.886101  12.113142 1.000000 
1233.886782  12.114214 1.000000 
1233.887463  12.113657 1.000000 
1233.888144  12.113361 1.000000 
1233.888825  12.114208 1.000000 
1233.889506  12.113312 1.000000 
1233.890187  12.114289 1.000000 
1233.890869  12.113997 1.000000 
1233.891550  12.113334 1.000000 
1233.892231  12.114389 1.000000 
1233.892912  12.112677 1.000000 
1233.893593  12.114217 1.000000 
1233.894274  12.113829 1.000000 
1233.894955  12.113616 1.000000 
1233.895636  12.113616 1.000000 
1233.896317  12.113342 1.000000 
1233.896999  12.113939 1.000000 
1233.897680  12.114268 1.000000 
1233.898361  12.114261 1.000000 
1233.899042  12.113586 1.000000 
1233.899723  12.113214 1.000000 
1233.900404  12.113553 1.000000 
1233.901085  12.113811 1.000000 
1233.901766  12.113089 1.000000 
1233.902447  12.113731 1.000000 
1233.903129  12.113598 1.000000 
1233.903810  12.113006 1.000000 
1233.904491  12.113083 1.000000 
1233.905172  12.113768 1.000000 
1233.905853  12.113348 1.000000 
1233.906534  12.113323 1.000000 
1233.907215  12.113205 1.000000 
1233.907896  12.113096 1.000000 
1233.908578  12.113683 1.000000 
1233.909259  12.112991 1.000000 
1233.909940  12.113397 1.000000 
1233.910621  12.113462 1.000000 
1233.911302  12.113962 1.000000 
1233.911983  12.113491 1.000000 
1233.912664  12.114182 1.000000 
1233.913345  12.114388 1.000000 
1233.914026  12.113750 1.000000 
1233.914708  12.113926 1.000000 
1233.915389  12.113863 1.000000 
1233.916070  12.113698 1.000000 
1233.916751  12.113734 1.000000 
1233.917432  12.113285 1.000000 
1233.918113  12.113297 1.000000 
1233.918794  12.113765 1.000000 
1233.919475  12.113476 1.000000 
1233.920157  12.113472 1.000000 
1233.920838  12.114536 1.000000 
1233.921519  12.113202 1.000000 
1233.922200  12.112549 1.000000 
1233.922881  12.113239 1.000000 
1233.923562  12.113605 1.000000 
1233.924243  12.113794 1.000000 
1233.924924  12.112592 1.000000 
1233.925606  12.114203 1.000000 
1233.926287  12.113559 1.000000 
1233.926968  12.112843 1.000000 
1233.927649  12.114083 1.000000 
1233.928330  12.113546 1.000000 
1233.929011  12.113397 1.000000 
1233.929692  12.113379 1.000000 
1233.930373  12.113458 1.000000 
1233.931054  12.113514 1.000000 
1233.931736  12.112379 1.000000 
1233.932417  12.113552 1.000000 
1233.933098  12.113234 1.000000 
1233.933779  12.113460 1.000000 
1233.934460  12.113172 1.000000 
1233.935141  12.112928 1.000000 
1233.935822  12.112844 1.000000 
1233.936503  12.113354 1.000000 
1233.937185  12.113419 1.000000 
1233.937866  12.113022 1.000000 
1233.938547  12.113811 1.000000 
1233.939228  12.112553 1.000000 
1233.939909  12.112909 1.000000 
1233.940590  12.113804 1.000000 
1233.941271  12.114341 1.000000 
1233.941952  12.113368 1.000000 
1233.942633  12.113028 1.000000 
1233.943315  12.113029 1.000000 
1233.943996  12.112850 1.000000 
1233.944677  12.113797 1.000000 
1233.945358  12.113082 1.000000 
1233.946039  12.113111 1.000000 
1233.946720  12.112227 1.000000 
1233.947401  12.112583 1.000000 
1233.948082  12.112766 1.000000 
1233.948764  12.112906 1.000000 
1233.949445  12.113142 1.000000 
1233.950126  12.113707 1.000000 
1233.950807  12.112877 1.000000 
1233.951488  12.112752 1.000000 
1233.952169  12.113072 1.000000 
1233.952850  12.113259 1.000000 
1233.953531  12.112649 1.000000 
1233.954213  12.111925 1.000000 
1233.954894  12.112500 1.000000 
1233.955575  12.112585 1.000000 
1233.956256  12.113077 1.000000 
1233.956937  12.113464 1.000000 
1233.957618  12.112751 1.000000 
1233.958299  12.112740 1.000000 
1233.958980  12.112905 1.000000 
1233.959661  12.112543 1.000000 
1233.960343  12.112586 1.000000 
1233.961024  12.113228 1.000000 
1233.961705  12.112577 1.000000 
1233.962386  12.112799 1.000000 
1233.963067  12.112591 1.000000 
1233.963748  12.112883 1.000000 
1233.964429  12.112477 1.000000 
1233.965110  12.112649 1.000000 
1233.965792  12.112345 1.000000 
1233.966473  12.112005 1.000000 
1233.967154  12.111909 1.000000 
1233.967835  12.112228 1.000000 
1233.968516  12.113291 1.000000 
1233.969197  12.112379 1.000000 
1233.969878  12.111675 1.000000 
1233.970559  12.112507 1.000000 
1233.971241  12.112663 1.000000 
1233.971922  12.112700 1.000000 
1233.972603  12.111947 1.000000 
1233.973284  12.112940 1.000000 
1233.973965  12.112220 1.000000 
1233.974646  12.112797 1.000000 
1233.975327  12.111706 1.000000 
1233.976008  12.111849 1.000000 
1233.976689  12.111691 1.000000 
1233.977371  12.112086 1.000000 
1233.978052  12.111328 1.000000 
1233.978733  12.111036 1.000000 
1233.979414  12.110773 1.000000 
1233.980095  12.111206 1.000000 
1233.980776  12.109074 1.000000 
1233.981457  12.110113 1.000000 
1233.982138  12.110771 1.000000 
1233.982819  12.109880 1.000000 
1233.983501  12.110502 1.000000 
1233.984182  12.110656 1.000000 
1233.984863  12.109547 1.000000 
1233.985544  12.110049 1.000000 
1233.986225  12.109203 1.000000 
1233.986906  12.109125 1.000000 
1233.987587  12.108899 1.000000 
1233.988268  12.109511 1.000000 
1233.988950  12.108991 1.000000 
1233.989631  12.109009 1.000000 
1233.990312  12.108671 1.000000 
1233.990993  12.108862 1.000000 
1233.991674  12.108227 1.000000 
1233.992355  12.108721 1.000000 
1233.993036  12.107608 1.000000 
1233.993717  12.107868 1.000000 
1233.994399  12.107488 1.000000 
1233.995080  12.107777 1.000000 
1233.995761  12.108290 1.000000 
1233.996442  12.107975 1.000000 
1233.997123  12.106972 1.000000 
1233.997804  12.107347 1.000000 
1233.998485  12.107718 1.000000 
1233.999166  12.107361 1.000000 
1233.999847  12.107073 1.000000 
1234.000529  12.107584 1.000000 
1234.001210  12.107598 1.000000 
1234.001891  12.108774 1.000000 
1234.002572  12.107092 1.000000 
1234.003253  12.107843 1.000000 
1234.003934  12.107659 1.000000 
1234.004615  12.107460 1.000000 
1234.005296  12.107327 1.000000 
1234.005978  12.107608 1.000000 
1234.006659  12.107599 1.000000 
1234.007340  12.107136 1.000000 
1234.008021  12.108019 1.000000 
1234.008702  12.106832 1.000000 
1234.009383  12.107518 1.000000 
1234.010064  12.107733 1.000000 
1234.010745  12.106890 1.000000 
1234.011427  12.107317 1.000000 
1234.012108  12.107826 1.000000 
1234.012789  12.107169 1.000000 
1234.013470  12.107420 1.000000 
1234.014151  12.108002 1.000000 
1234.014832  12.108394 1.000000 
1234.015513  12.108042 1.000000 
1234.016194  12.108603 1.000000 
1234.016875  12.108167 1.000000 
1234.017557  12.108253 1.000000 
1234.018238  12.107051 1.000000 
1234.018919  12.107563 1.000000 
1234.019600  12.107544 1.000000 
1234.020281  12.107594 1.000000 
1234.020962  12.107527 1.000000 
1234.021643  12.107146 1.000000 
1234.022324  12.108219 1.000000 
1234.023005  12.107833 1.000000 
1234.023687  12.108835 1.000000 
1234.024368  12.107796 1.000000 
1234.025049  12.107761 1.000000 
1234.025730  12.108505 1.000000 
1234.026411  12.107534 1.000000 
1234.027092  12.107664 1.000000 
1234.027773  12.107998 1.000000 
1234.028454  12.107588 1.000000 
1234.029136  12.107995 1.000000 
1234.029817  12.107812 1.000000 
1234.030498  12.108309 1.000000 
1234.031179  12.108458 1.000000 
1234.031860  12.108236 1.000000 
1234.032541  12.108024 1.000000 
1234.033222  12.107718 1.000000 
1234.033903  12.107779 1.000000 
1234.034585  12.107004 1.000000 
1234.035266  12.108345 1.000000 
1234.035947  12.107365 1.000000 
1234.036628  12.107679 1.000000 
1234.037309  12.107528 1.000000 
1234.037990  12.108250 1.000000 
1234.038671  12.107733 1.000000 
1234.039352  12.107393 1.000000 
1234.040033  12.107669 1.000000 
1234.040715  12.108101 1.000000 
1234.041396  12.107027 1.000000 
1234.042077  12.107420 1.000000 
1234.042758  12.106590 1.000000 
1234.043439  12.107450 1.000000 
1234.044120  12.108913 1.000000 
1234.044801  12.107851 1.000000 
1234.045482  12.108303 1.000000 
1234.046163  12.107697 1.000000 
1234.046845  12.107355 1.000000 
1234.047526  12.107430 1.000000 
1234.048207  12.107623 1.000000 
1234.048888  12.107824 1.000000 
1234.049569  12.107695 1.000000 
1234.050250  12.107849 1.000000 
1234.050931  12.107661 1.000000 
1234.051612  12.108200 1.000000 
1234.052294  12.108257 1.000000 
1234.052975  12.107450 1.000000 
1234.053656  12.107395 1.000000 
1234.054337  12.107805 1.000000 
1234.055018  12.107020 1.000000 
1234.055699  12.107840 1.000000 
1234.056380  12.107012 1.000000 
1234.057061  12.107178 1.000000 
1234.057742  12.107507 1.000000 
1234.058424  12.108280 1.000000 
1234.059105  12.107378 1.000000 
1234.059786  12.107436 1.000000 
1234.060467  12.107455 1.000000 
1234.061148  12.107487 1.000000 
1234.061829  12.108056 1.000000 
1234.062510  12.107973 1.000000 
1234.063191  12.107699 1.000000 
1234.063873  12.107935 1.000000 
1234.064554  12.107508 1.000000 
1234.065235  12.107897 1.000000 
1234.065916  12.107135 1.000000 
1234.066597  12.107516 1.000000 
1234.067278  12.107312 1.000000 
1234.067959  12.107008 1.000000 
1234.068640  12.108059 1.000000 
1234.069321  12.107681 1.000000 
1234.070003  12.107202 1.000000 
1234.070684  12.107554 1.000000 
1234.071365  12.107473 1.000000 
1234.072046  12.107335 1.000000 
1234.072727  12.108452 1.000000 
1234.073408  12.108374 1.000000 
1234.074089  12.108066 1.000000 
1234.074770  12.107929 1.000000 
1234.075452  12.109056 1.000000 
1234.076133  12.108152 1.000000 
1234.076814  12.107159 1.000000 
1234.077495  12.108023 1.000000 
1234.078176  12.107704 1.000000 
1234.078857  12.107721 1.000000 
1234.079538  12.107792 1.000000 
1234.080219  12.107665 1.000000 
1234.080900  12.108060 1.000000 
1234.081582  12.107599 1.000000 
1234.082263  12.108043 1.000000 
1234.082944  12.107322 1.000000 
1234.083625  12.107481 1.000000 
1234.084306  12.107651 1.000000 
1234.084987  12.108234 1.000000 
1234.085668  12.107951 1.000000 
1234.086349  12.107681 1.000000 
1234.087031  12.107046 1.000000 
1234.087712  12.107767 1.000000 
1234.088393  12.107399 1.000000 
1234.089074  12.107417 1.000000 
1234.089755  12.107811 1.000000 
1234.090436  12.107726 1.000000 
1234.091117  12.107469 1.000000 
1234.091798  12.108206 1.000000 
1234.092480  12.107841 1.000000 
1234.093161  12.108199 1.000000 
1234.093842  12.107668 1.000000 
1234.094523  12.107681 1.000000 
1234.095204  12.107700 1.000000 
1234.095885  12.107818 1.000000 
1234.096566  12.109205 1.000000 
1234.097247  12.108849 1.000000 
1234.097929  12.107725 1.000000 
1234.098610  12.106991 1.000000 
1234.099291  12.107531 1.000000 
1234.099972  12.107744 1.000000 
1234.100653  12.108137 1.000000 
1234.101334  12.108009 1.000000 
1234.102015  12.107888 1.000000 
1234.102696  12.107071 1.000000 
1234.103377  12.107990 1.000000 
1234.104058  12.107566 1.000000 
1234.104740  12.107180 1.000000 
1234.105421  12.107527 1.000000 
1234.106102  12.108066 1.000000 
1234.106783  12.106947 1.000000 
1234.107464  12.107961 1.000000 
1234.108145  12.108304 1.000000 
1234.108826  12.108274 1.000000 
1234.109507  12.107002 1.000000 
1234.110189  12.107677 1.000000 
1234.110870  12.107885 1.000000 
1234.111551  12.107526 1.000000 
1234.112232  12.107277 1.000000 
1234.112913  12.107757 1.000000 
1234.113594  12.107951 1.000000 
1234.114275  12.107031 1.000000 
1234.114956  12.108315 1.000000 
1234.115638  12.107567 1.000000 
1234.116319  12.108032 1.000000 
1234.117000  12.107834 1.000000 
1234.117681  12.108033 1.000000 
1234.118362  12.108024 1.000000 
1234.119043  12.107534 1.000000 
1234.119724  12.107409 1.000000 
1234.120405  12.107480 1.000000 
1234.121087  12.107788 1.000000 
1234.121768  12.108005 1.000000 
1234.122449  12.107256 1.000000 
1234.123130  12.107132 1.000000 
1234.123811  12.107756 1.000000 
1234.124492  12.107847 1.000000 
1234.125173  12.107566 1.000000 
1234.125854  12.107821 1.000000 
1234.126535  12.108585 1.000000 
1234.127217  12.108145 1.000000 
1234.127898  12.107944 1.000000 
1234.128579  12.107668 1.000000 
1234.129260  12.107823 1.000000 
1234.129941  12.107993 1.000000 
1234.130622  12.107394 1.000000 
1234.131303  12.107512 1.000000 
1234.131984  12.108165 1.000000 
1234.132666  12.107695 1.000000 
1234.133347  12.108272 1.000000 
1234.134028  12.107585 1.000000 
1234.134709  12.107332 1.000000 
1234.135390  12.107563 1.000000 
1234.136071  12.108081 1.000000 
1234.136752  12.107599 1.000000 
1234.137433  12.107634 1.000000 
1234.138114  12.107594 1.000000 
1234.138796  12.107740 1.000000 
1234.139477  12.108068 1.000000 
1234.140158  12.108208 1.000000 
1234.140839  12.107985 1.000000 
1234.141520  12.107325 1.000000 
1234.142201  12.107197 1.000000 
1234.142882  12.107465 1.000000 
1234.143563  12.107527 1.000000 
1234.144245  12.107618 1.000000 
1234.144926  12.107527 1.000000 
1234.145607  12.107722 1.000000 
1234.146288  12.108743 1.000000 
1234.146969  12.107842 1.000000 
1234.147650  12.107554 1.000000 
1234.148331  12.107833 1.000000 
1234.149012  12.108260 1.000000 
1234.149693  12.107440 1.000000 
1234.150375  12.107706 1.000000 
1234.151056  12.108103 1.000000 
1234.151737  12.107571 1.000000 
1234.152418  12.107826 1.000000 
1234.153099  12.108065 1.000000 
1234.153780  12.107593 1.000000 
1234.154461  12.107443 1.000000 
1234.155142  12.107405 1.000000 
1234.155824  12.107580 1.000000 
1234.156505  12.107113 1.000000 
1234.157186  12.108472 1.000000 
1234.157867  12.107716 1.000000 
1234.158548  12.107800 1.000000 
1234.159229  12.108533 1.000000 
1234.159910  12.108066 1.000000 
1234.160591  12.107709 1.000000 
1234.161272  12.107535 1.000000 
1234.161954  12.107557 1.000000 
1234.162635  12.106958 1.000000 
1234.163316  12.108116 1.000000 
1234.163997  12.107918 1.000000 
1234.164678  12.107369 1.000000 
1234.165359  12.107521 1.000000 
1234.166040  12.107477 1.000000 
1234.166721  12.107574 1.000000 
1234.167403  12.107454 1.000000 
1234.168084  12.107802 1.000000 
1234.168765  12.107106 1.000000 
1234.169446  12.108041 1.000000 
1234.170127  12.108070 1.000000 
1234.170808  12.107162 1.000000 
1234.171489  12.107684 1.000000 
1234.172170  12.108699 1.000000 
1234.172852  12.108330 1.000000 
1234.173533  12.107979 1.000000 
1234.174214  12.107045 1.000000 
1234.174895  12.107706 1.000000 
1234.175576  12.107833 1.000000 
1234.176257  12.107628 1.000000 
1234.176938  12.107809 1.000000 
1234.177619  12.107652 1.000000 
1234.178301  12.108398 1.000000 
1234.178982  12.108278 1.000000 
1234.179663  12.107923 1.000000 
1234.180344  12.107697 1.000000 
1234.181025  12.108213 1.000000 
1234.181706  12.107201 1.000000 
1234.182387  12.107306 1.000000 
1234.183068  12.107645 1.000000 
1234.183749  12.108898 1.000000 
1234.184431  12.108108 1.000000 
1234.185112  12.107687 1.000000 
1234.185793  12.107812 1.000000 
1234.186474  12.108656 1.000000 
1234.187155  12.108259 1.000000 
1234.187836  12.108135 1.000000 
1234.188517  12.108708 1.000000 
1234.189198  12.108404 1.000000 
1234.189879  12.107910 1.000000 
1234.190561  12.107319 1.000000 
1234.191242  12.107836 1.000000 
1234.191923  12.107975 1.000000 
1234.192604  12.107719 1.000000 
1234.193285  12.107744 1.000000 
1234.193966  12.107995 1.000000 
1234.194647  12.107649 1.000000 
1234.195328  12.108274 1.000000 
1234.196009  12.106850 1.000000 
1234.196691  12.108011 1.000000 
1234.197372  12.107422 1.000000 
1234.198053  12.107666 1.000000 
1234.198734  12.108308 1.000000 
1234.199415  12.107880 1.000000 
1234.200096  12.107678 1.000000 
1234.200777  12.107649 1.000000 
1234.201458  12.107706 1.000000 
1234.202140  12.107962 1.000000 
1234.202821  12.108212 1.000000 
1234.203502  12.107918 1.000000 
1234.204183  12.107318 1.000000 
1234.204864  12.107214 1.000000 
1234.205545  12.108091 1.000000 
1234.206226  12.107962 1.000000 
1234.206907  12.107890 1.000000 
1234.207589  12.108080 1.000000 
1234.208270  12.108022 1.000000 
1234.208951  12.107239 1.000000 
1234.209632  12.107220 1.000000 
1234.210313  12.107674 1.000000 
1234.210994  12.107188 1.000000 
1234.211675  12.107515 1.000000 
1234.212356  12.107097 1.000000 
1234.213037  12.107394 1.000000 
1234.213719  12.107356 1.000000 
1234.214400  12.107121 1.000000 
1234.215081  12.107763 1.000000 
1234.215762  12.107417 1.000000 
1234.216443  12.108021 1.000000 
1234.217124  12.107933 1.000000 
1234.217805  12.107986 1.000000 
1234.218486  12.107122 1.000000 
1234.219168  12.107459 1.000000 
1234.219849  12.107003 1.000000 
1234.220530  12.107140 1.000000 
1234.221211  12.107162 1.000000 
1234.221892  12.108071 1.000000 
1234.222573  12.107487 1.000000 
1234.223254  12.107487 1.000000 
1234.223935  12.107360 1.000000 
1234.224616  12.107964 1.000000 
1234.225298  12.108017 1.000000 
1234.225979  12.106597 1.000000 
1234.226660  12.107546 1.000000 
1234.227341  12.108559 1.000000 
1234.228022  12.107547 1.000000 
1234.228703  12.108314 1.000000 
1234.229384  12.107275 1.000000 
1234.230065  12.108397 1.000000 
1234.230747  12.107161 1.000000 
1234.231428  12.107340 1.000000 
1234.232109  12.107547 1.000000 
1234.232790  12.108067 1.000000 
1234.233471  12.107694 1.000000 
1234.234152  12.107117 1.000000 
1234.234833  12.107548 1.000000 
1234.235514  12.107620 1.000000 
1234.236195  12.108242 1.000000 
1234.236877  12.107594 1.000000 
1234.237558  12.107011 1.000000 
1234.238239  12.107490 1.000000 
1234.238920  12.107589 1.000000 
1234.239601  12.107721 1.000000 
1234.240282  12.107841 1.000000 
1234.240963  12.107703 1.000000 
1234.241644  12.107517 1.000000 
1234.242326  12.107865 1.000000 
1234.243007  12.106889 1.000000 
1234.243688  12.108057 1.000000 
1234.244369  12.107671 1.000000 
1234.245050  12.107687 1.000000 
1234.245731  12.108118 1.000000 
1234.246412  12.107823 1.000000 
1234.247093  12.107283 1.000000 
1234.247775  12.107932 1.000000 
1234.248456  12.107662 1.000000 
1234.249137  12.108052 1.000000 
1234.249818  12.107988 1.000000 
1234.250499  12.107738 1.000000 
1234.251180  12.108222 1.000000 
1234.251861  12.107878 1.000000 
1234.252542  12.107817 1.000000 
1234.253223  12.108017 1.000000 
1234.253905  12.108157 1.000000 
1234.254586  12.107069 1.000000 
1234.255267  12.107569 1.000000 
1234.255948  12.106784 1.000000 
1234.256629  12.107491 1.000000 
1234.257310  12.106947 1.000000 
1234.257991  12.107223 1.000000 
1234.258672  12.107846 1.000000 
1234.259354  12.107808 1.000000 
1234.260035  12.107564 1.000000 
1234.260716  12.108089 1.000000 
1234.261397  12.107141 1.000000 
1234.262078  12.107488 1.000000 
1234.262759  12.107802 1.000000 
1234.263440  12.107939 1.000000 
1234.264121  12.108410 1.000000 
1234.264803  12.107503 1.000000 
1234.265484  12.107750 1.000000 
1234.266165  12.107588 1.000000 
1234.266846  12.107906 1.000000 
1234.267527  12.107395 1.000000 
1234.268208  12.107042 1.000000 
1234.268889  12.107642 1.000000 
1234.269570  12.106918 1.000000 
1234.270251  12.107646 1.000000 
1234.270933  12.107361 1.000000 
1234.271614  12.107294 1.000000 
1234.272295  12.107769 1.000000 
1234.272976  12.107901 1.000000 
1234.273657  12.107961 1.000000 
1234.274338  12.107359 1.000000 
1234.275019  12.107731 1.000000 
1234.275700  12.107607 1.000000 
1234.276382  12.107788 1.000000 
1234.277063  12.106670 1.000000 
1234.277744  12.108395 1.000000 
1234.278425  12.107279 1.000000 
1234.279106  12.108109 1.000000 
1234.279787  12.107986 1.000000 
1234.280468  12.107740 1.000000 
1234.281149  12.106979 1.000000 
1234.281830  12.107803 1.000000 
1234.282512  12.107452 1.000000 
1234.283193  12.107155 1.000000 
1234.283874  12.108517 1.000000 
1234.284555  12.107637 1.000000 
1234.285236  12.107617 1.000000 
1234.285917  12.107790 1.000000 
1234.286598  12.107690 1.000000 
1234.287279  12.107845 1.000000 
1234.287961  12.107857 1.000000 
1234.288642  12.107704 1.000000 
1234.289323  12.107832 1.000000 
1234.290004  12.107354 1.000000 
1234.290685  12.107271 1.000000 
1234.291366  12.107218 1.000000 
1234.292047  12.107670 1.000000 
1234.292728  12.107382 1.000000 
1234.293409  12.107526 1.000000 
1234.294091  12.107126 1.000000 
1234.294772  12.107112 1.000000 
1234.295453  12.107630 1.000000 
1234.296134  12.107973 1.000000 
1234.296815  12.108187 1.000000 
1234.297496  12.107211 1.000000 
1234.298177  12.107450 1.000000 
1234.298858  12.108214 1.000000 
1234.299540  12.108456 1.000000 
1234.300221  12.107569 1.000000 
1234.300902  12.107592 1.000000 
1234.301583  12.107497 1.000000 
1234.302264  12.107718 1.000000 
1234.302945  12.107141 1.000000 
1234.303626  12.107874 1.000000 
1234.304307  12.108084 1.000000 
1234.304989  12.108128 1.000000 
1234.305670  12.107660 1.000000 
1234.306351  12.107551 1.000000 
1234.307032  12.107888 1.000000 
1234.307713  12.107470 1.000000 
1234.308394  12.108241 1.000000 
1234.309075  12.107956 1.000000 
1234.309756  12.107369 1.000000 
1234.310437  12.107716 1.000000 
1234.311119  12.107846 1.000000 
1234.311800  12.107292 1.000000 
1234.312481  12.107164 1.000000 
1234.313162  12.107862 1.000000 
1234.313843  12.107938 1.000000 
1234.314524  12.107433 1.000000 
1234.315205  12.107026 1.000000 
1234.315886  12.107218 1.000000 
1234.316568  12.107084 1.000000 
1234.317249  12.107449 1.000000 
1234.317930  12.107269 1.000000 
1234.318611  12.107150 1.000000 
1234.319292  12.108356 1.000000 
1234.319973  12.108070 1.000000 
1234.320654  12.107771 1.000000 
1234.321335  12.107376 1.000000 
1234.322016  12.107496 1.000000 
1234.322698  12.107042 1.000000 
1234.323379  12.107733 1.000000 
1234.324060  12.107235 1.000000 
1234.324741  12.109014 1.000000 
1234.325422  12.107427 1.000000 
1234.326103  12.108263 1.000000 
1234.326784  12.107461 1.000000 
1234.327465  12.106984 1.000000 
1234.328147  12.107469 1.000000 
1234.328828  12.107258 1.000000 
1234.329509  12.107267 1.000000 
1234.330190  12.107242 1.000000 
1234.330871  12.107805 1.000000 
1234.331552  12.107131 1.000000 
1234.332233  12.107912 1.000000 
1234.332914  12.108066 1.000000 
1234.333595  12.107856 1.000000 
1234.334277  12.107689 1.000000 
1234.334958  12.108052 1.000000 
1234.335639  12.107708 1.000000 
1234.336320  12.107710 1.000000 
1234.337001  12.106936 1.000000 
1234.337682  12.107727 1.000000 
1234.338363  12.107452 1.000000 
1234.339044  12.108084 1.000000 
1234.339726  12.107049 1.000000 
1234.340407  12.107852 1.000000 
1234.341088  12.107656 1.000000 
1234.341769  12.107901 1.000000 
1234.342450  12.107061 1.000000 
1234.343131  12.107079 1.000000 
1234.343812  12.108113 1.000000 
1234.344493  12.107437 1.000000 
1234.345175  12.108018 1.000000 
1234.345856  12.107477 1.000000 
1234.346537  12.108085 1.000000 
1234.347218  12.107656 1.000000 
1234.347899  12.107566 1.000000 
1234.348580  12.107059 1.000000 
1234.349261  12.107239 1.000000 
1234.349942  12.108203 1.000000 
1234.350624  12.106470 1.000000 
1234.351304  12.107334 1.000000 
1234.351986  12.107385 1.000000 
1234.352667  12.107450 1.000000 
1234.353348  12.107403 1.000000 
1234.354029  12.107727 1.000000 
1234.354710  12.108252 1.000000 
1234.355391  12.107094 1.000000 
1234.356072  12.107515 1.000000 
1234.356753  12.107733 1.000000 
1234.357435  12.107574 1.000000 
1234.358116  12.108285 1.000000 
1234.358797  12.107913 1.000000 
1234.359478  12.107346 1.000000 
1234.360159  12.107735 1.000000 
1234.360840  12.107789 1.000000 
1234.361521  12.108349 1.000000 
1234.362202  12.107869 1.000000 
1234.362884  12.107208 1.000000 
1234.363565  12.106721 1.000000 
1234.364246  12.108190 1.000000 
1234.364927  12.107617 1.000000 
1234.365608  12.107977 1.000000 
1234.366289  12.107758 1.000000 
1234.366970  12.107517 1.000000 
1234.367651  12.107271 1.000000 
1234.368332  12.107368 1.000000 
1234.369014  12.108070 1.000000 
1234.369695  12.107755 1.000000 
1234.370376  12.107622 1.000000 
1234.371057  12.107874 1.000000 
1234.371738  12.107779 1.000000 
1234.372419  12.108383 1.000000 
1234.373100  12.107154 1.000000 
1234.373781  12.108212 1.000000 
1234.374462  12.108117 1.000000 
1234.375144  12.107890 1.000000 
1234.375825  12.108000 1.000000 
1234.376506  12.107918 1.000000 
1234.377187  12.107763 1.000000 
1234.377868  12.108566 1.000000 
1234.378549  12.107602 1.000000 
1234.379230  12.107255 1.000000 
1234.379911  12.108158 1.000000 
1234.380593  12.107480 1.000000 
1234.381274  12.107250 1.000000 
1234.381955  12.107628 1.000000 
1234.382636  12.107832 1.000000 
1234.383317  12.107861 1.000000 
1234.383998  12.107347 1.000000 
1234.384679  12.107340 1.000000 
1234.385360  12.107876 1.000000 
1234.386042  12.108148 1.000000 
1234.386723  12.107503 1.000000 
1234.387404  12.108533 1.000000 
1234.388085  12.106978 1.000000 
1234.388766  12.107783 1.000000 
1234.389447  12.107489 1.000000 
1234.390128  12.107459 1.000000 
1234.390809  12.107895 1.000000 
1234.391491  12.108015 1.000000 
1234.392172  12.108110 1.000000 
1234.392853  12.107498 1.000000 
1234.393534  12.107717 1.000000 
1234.394215  12.107349 1.000000 
1234.394896  12.107330 1.000000 
1234.395577  12.107636 1.000000 
1234.396258  12.107969 1.000000 
1234.396939  12.107481 1.000000 
1234.397621  12.107541 1.000000 
1234.398302  12.107248 1.000000 
1234.398983  12.107019 1.000000 
1234.399664  12.107763 1.000000 
1234.400345  12.107670 1.000000 
1234.401026  12.107847 1.000000 
1234.401707  12.106822 1.000000 
1234.402388  12.107293 1.000000 
1234.403070  12.108432 1.000000 
1234.403751  12.106917 1.000000 
1234.404432  12.107945 1.000000 
1234.405113  12.107244 1.000000 
1234.405794  12.107567 1.000000 
1234.406475  12.107405 1.000000 
1234.407156  12.108097 1.000000 
1234.407837  12.106812 1.000000 
1234.408519  12.107277 1.000000 
1234.409200  12.107183 1.000000 
1234.409881  12.107294 1.000000 
1234.410562  12.107061 1.000000 
1234.411243  12.107134 1.000000 
1234.411924  12.107925 1.000000 
1234.412605  12.107815 1.000000 
1234.413286  12.107880 1.000000 
1234.413967  12.107197 1.000000 
1234.414649  12.108675 1.000000 
1234.415330  12.107360 1.000000 
1234.416011  12.107613 1.000000 
1234.416692  12.107961 1.000000 
1234.417373  12.107590 1.000000 
1234.418054  12.107431 1.000000 
1234.418735  12.107185 1.000000 
1234.419416  12.107092 1.000000 
1234.420097  12.107401 1.000000 
1234.420779  12.107229 1.000000 
1234.421460  12.107774 1.000000 
1234.422141  12.107270 1.000000 
1234.422822  12.107174 1.000000 
1234.423503  12.107626 1.000000 
1234.424184  12.108390 1.000000 
1234.424865  12.107018 1.000000 
1234.425546  12.107957 1.000000 
1234.426228  12.107817 1.000000 
1234.426909  12.107065 1.000000 
1234.427590  12.107817 1.000000 
1234.428271  12.107954 1.000000 
1234.428952  12.107967 1.000000 
1234.429633  12.107913 1.000000 
1234.430314  12.107659 1.000000 
1234.430995  12.107551 1.000000 
1234.431677  12.107088 1.000000 
1234.432358  12.108244 1.000000 
1234.433039  12.107802 1.000000 
1234.433720  12.107567 1.000000 
1234.434401  12.107265 1.000000 
1234.435082  12.108108 1.000000 
1234.435763  12.107938 1.000000 
1234.436444  12.107061 1.000000 
1234.437125  12.107529 1.000000 
1234.437807  12.106655 1.000000 
1234.438488  12.107792 1.000000 
1234.439169  12.107624 1.000000 
1234.439850  12.108488 1.000000 
1234.440531  12.107992 1.000000 
1234.441212  12.107337 1.000000 
1234.441893  12.107937 1.000000 
1234.442574  12.106880 1.000000 
1234.443256  12.108155 1.000000 
1234.443937  12.108210 1.000000 
1234.444618  12.107856 1.000000 
1234.445299  12.107086 1.000000 
1234.445980  12.107207 1.000000 
1234.446661  12.108143 1.000000 
1234.447342  12.107512 1.000000 
1234.448023  12.107589 1.000000 
1234.448705  12.107051 1.000000 
1234.449386  12.107474 1.000000 
1234.450067  12.107975 1.000000 
1234.450748  12.107685 1.000000 
1234.451429  12.106777 1.000000 
1234.452110  12.108085 1.000000 
1234.452791  12.107031 1.000000 
1234.453472  12.106941 1.000000 
1234.454153  12.107840 1.000000 
1234.454835  12.106792 1.000000 
1234.455516  12.107430 1.000000 
1234.456197  12.107680 1.000000 
1234.456878  12.107370 1.000000 
1234.457559  12.107380 1.000000 
1234.458240  12.108089 1.000000 
1234.458921  12.107195 1.000000 
1234.459602  12.108349 1.000000 
1234.460284  12.107124 1.000000 
1234.460965  12.107929 1.000000 
1234.461646  12.107750 1.000000 
1234.462327  12.107813 1.000000 
1234.463008  12.107615 1.000000 
1234.463689  12.107676 1.000000 
1234.464370  12.108498 1.000000 
1234.465051  12.107574 1.000000 
1234.465732  12.107135 1.000000 
1234.466414  12.106889 1.000000 
1234.467095  12.107977 1.000000 
1234.467776  12.108117 1.000000 
1234.468457  12.107836 1.000000 
1234.469138  12.107804 1.000000 
1234.469819  12.107615 1.000000 
1234.470500  12.108034 1.000000 
1234.471181  12.107741 1.000000 
1234.471863  12.108071 1.000000 
1234.472544  12.107517 1.000000 
1234.473225  12.107284 1.000000 
1234.473906  12.106864 1.000000 
1234.474587  12.107492 1.000000 
1234.475268  12.107714 1.000000 
1234.475949  12.107202 1.000000 
1234.476630  12.107623 1.000000 
1234.477311  12.108202 1.000000 
1234.477993  12.107169 1.000000 
1234.478674  12.107842 1.000000 
1234.479355  12.107479 1.000000 
1234.480036  12.107796 1.000000 
1234.480717  12.107583 1.000000 
1234.481398  12.107044 1.000000 
1234.482079  12.107773 1.000000 
1234.482760  12.107008 1.000000 
1234.483442  12.107821 1.000000 
1234.484123  12.107119 1.000000 
1234.484804  12.107582 1.000000 
1234.485485  12.107671 1.000000 
1234.486166  12.107413 1.000000 
1234.486847  12.107906 1.000000 
1234.487528  12.107706 1.000000 
1234.488209  12.107996 1.000000 
1234.488891  12.107633 1.000000 
1234.489572  12.108241 1.000000 
1234.490253  12.107818 1.000000 
1234.490934  12.107126 1.000000 
1234.491615  12.107510 1.000000 
1234.492296  12.107306 1.000000 
1234.492977  12.108422 1.000000 
1234.493658  12.108196 1.000000 
1234.494340  12.107538 1.000000 
1234.495021  12.107384 1.000000 
1234.495702  12.107580 1.000000 
1234.496383  12.108198 1.000000 
1234.497064  12.107008 1.000000 
1234.497745  12.107497 1.000000 
1234.498426  12.106533 1.000000 
1234.499107  12.107875 1.000000 
1234.499788  12.107337 1.000000 
1234.500470  12.108297 1.000000 
1234.501151  12.107975 1.000000 
1234.501832  12.107304 1.000000 
1234.502513  12.108017 1.000000 
1234.503194  12.106883 1.000000 
1234.503875  12.107977 1.000000 
1234.504556  12.107595 1.000000 
1234.505237  12.107195 1.000000 
1234.505919  12.107278 1.000000 
1234.506600  12.108157 1.000000 
1234.507281  12.108724 1.000000 
1234.507962  12.107834 1.000000 
1234.508643  12.107059 1.000000 
1234.509324  12.107702 1.000000 
1234.510005  12.107974 1.000000 
1234.510686  12.107068 1.000000 
1234.511367  12.107411 1.000000 
1234.512048  12.107432 1.000000 
1234.512730  12.107488 1.000000 
1234.513411  12.107794 1.000000 
1234.514092  12.107286 1.000000 
1234.514773  12.107652 1.000000 
1234.515454  12.107884 1.000000 
1234.516135  12.107490 1.000000 
1234.516816  12.108223 1.000000 
1234.517497  12.107484 1.000000 
1234.518178  12.107741 1.000000 
1234.518860  12.107891 1.000000 
1234.519541  12.108023 1.000000 
1234.520222  12.107522 1.000000 
1234.520903  12.107639 1.000000 
1234.521584  12.107639 1.000000 
1234.522265  12.107653 1.000000 
1234.522946  12.108005 1.000000 
1234.523627  12.108067 1.000000 
1234.524309  12.107466 1.000000 
1234.524990  12.107664 1.000000 
1234.525671  12.107544 1.000000 
1234.526352  12.108063 1.000000 
1234.527033  12.107335 1.000000 
1234.527714  12.107428 1.000000 
1234.528395  12.107391 1.000000 
1234.529076  12.107969 1.000000 
1234.529758  12.107445 1.000000 
1234.530439  12.107256 1.000000 
1234.531120  12.107350 1.000000 
1234.531801  12.107547 1.000000 
1234.532482  12.107989 1.000000 
1234.533163  12.107710 1.000000 
1234.533844  12.107521 1.000000 
1234.534525  12.107795 1.000000 
1234.535207  12.108269 1.000000 
1234.535888  12.106964 1.000000 
1234.536569  12.108090 1.000000 
1234.537250  12.107599 1.000000 
1234.537931  12.107679 1.000000 
1234.538612  12.107736 1.000000 
1234.539293  12.108212 1.000000 
1234.539974  12.107359 1.000000 
1234.540655  12.106956 1.000000 
1234.541337  12.107929 1.000000 
1234.542018  12.107636 1.000000 
1234.542699  12.107884 1.000000 
1234.543380  12.108038 1.000000 
1234.544061  12.107571 1.000000 
1234.544742  12.107874 1.000000 
1234.545423  12.107831 1.000000 
1234.546104  12.108273 1.000000 
1234.546786  12.107776 1.000000 
1234.547467  12.108639 1.000000 
1234.548148  12.108308 1.000000 
1234.548829  12.107347 1.000000 
1234.549510  12.107027 1.000000 
1234.550191  12.107872 1.000000 
1234.550872  12.107296 1.000000 
1234.551553  12.108032 1.000000 
1234.552235  12.107841 1.000000 
1234.552916  12.107872 1.000000 
1234.553597  12.107979 1.000000 
1234.554278  12.107821 1.000000 
1234.554959  12.106936 1.000000 
1234.555640  12.107609 1.000000 
1234.556321  12.107154 1.000000 
1234.557002  12.107193 1.000000 
1234.557683  12.107777 1.000000 
1234.558365  12.107353 1.000000 
1234.559046  12.108059 1.000000 
1234.559727  12.107345 1.000000 
1234.560408  12.107642 1.000000 
1234.561089  12.107942 1.000000 
1234.561770  12.108003 1.000000 
1234.562451  12.107780 1.000000 
1234.563132  12.107573 1.000000 
1234.563813  12.107022 1.000000 
1234.564495  12.107647 1.000000 
1234.565176  12.107842 1.000000 
1234.565857  12.107811 1.000000 
1234.566538  12.106555 1.000000 
1234.567219  12.107212 1.000000 
1234.567900  12.107874 1.000000 
1234.568581  12.107894 1.000000 
1234.569262  12.107353 1.000000 
1234.569944  12.107401 1.000000 
1234.570625  12.107595 1.000000 
1234.571306  12.107528 1.000000 
1234.571987  12.107522 1.000000 
1234.572668  12.107273 1.000000 
1234.573349  12.107298 1.000000 
1234.574030  12.107509 1.000000 
1234.574711  12.107201 1.000000 
1234.575393  12.107359 1.000000 
1234.576074  12.106653 1.000000 
1234.576755  12.107693 1.000000 
1234.577436  12.107988 1.000000 
1234.578117  12.108110 1.000000 
1234.578798  12.108132 1.000000 
1234.579479  12.107519 1.000000 
1234.580160  12.107090 1.000000 
1234.580841  12.108171 1.000000 
1234.581523  12.107399 1.000000 
1234.582204  12.107926 1.000000 
1234.582885  12.107299 1.000000 
1234.583566  12.107943 1.000000 
1234.584247  12.107258 1.000000 
1234.584928  12.108009 1.000000 
1234.585609  12.107466 1.000000 
1234.586290  12.107785 1.000000 
1234.586972  12.107971 1.000000 
1234.587653  12.107909 1.000000 
1234.588334  12.107351 1.000000 
1234.589015  12.107216 1.000000 
1234.589696  12.107710 1.000000 
1234.590377  12.107271 1.000000 
1234.591058  12.107612 1.000000 
1234.591739  12.107293 1.000000 
1234.592421  12.107769 1.000000 
1234.593102  12.107821 1.000000 
1234.593783  12.107718 1.000000 
1234.594464  12.107947 1.000000 
1234.595145  12.106559 1.000000 
1234.595826  12.107346 1.000000 
1234.596507  12.108128 1.000000 
1234.597188  12.107221 1.000000 
1234.597869  12.107443 1.000000 
1234.598551  12.107471 1.000000 
1234.599232  12.107918 1.000000 
1234.599913  12.106791 1.000000 
1234.600594  12.107748 1.000000 
1234.601275  12.107812 1.000000 
1234.601956  12.107783 1.000000 
1234.602637  12.107903 1.000000 
1234.603318  12.107664 1.000000 
1234.604000  12.108292 1.000000 
1234.604681  12.107601 1.000000 
1234.605362  12.107908 1.000000 
1234.606043  12.107436 1.000000 
1234.606724  12.107741 1.000000 
1234.607405  12.107704 1.000000 
1234.608086  12.107883 1.000000 
1234.608767  12.107821 1.000000 
1234.609449  12.108231 1.000000 
1234.610130  12.106855 1.000000 
1234.610811  12.107529 1.000000 
1234.611492  12.107966 1.000000 
1234.612173  12.107322 1.000000 
1234.612854  12.106801 1.000000 
1234.613535  12.108650 1.000000 
1234.614216  12.107956 1.000000 
1234.614897  12.107951 1.000000 
1234.615579  12.107510 1.000000 
1234.616260  12.107393 1.000000 
1234.616941  12.106228 1.000000 
1234.617622  12.107354 1.000000 
1234.618303  12.108203 1.000000 
1234.618984  12.108000 1.000000 
1234.619665  12.107527 1.000000 
1234.620346  12.108088 1.000000 
1234.621027  12.108179 1.000000 
1234.621709  12.107380 1.000000 
1234.622390  12.107736 1.000000 
1234.623071  12.107445 1.000000 
1234.623752  12.107012 1.000000 
1234.624433  12.107611 1.000000 
1234.625114  12.107588 1.000000 
1234.625795  12.107154 1.000000 
1234.626476  12.107723 1.000000 
1234.627158  12.107334 1.000000 
1234.627839  12.108303 1.000000 
1234.628520  12.108327 1.000000 
1234.629201  12.107659 1.000000 
1234.629882  12.106127 1.000000 
1234.630563  12.106715 1.000000 
1234.631244  12.107775 1.000000 
1234.631925  12.108725 1.000000 
1234.632607  12.108044 1.000000 
1234.633288  12.106939 1.000000 
1234.633969  12.107690 1.000000 
1234.634650  12.107384 1.000000 
1234.635331  12.107001 1.000000 
1234.636012  12.107700 1.000000 
1234.636693  12.106931 1.000000 
1234.637374  12.108193 1.000000 
1234.638055  12.107537 1.000000 
1234.638737  12.106445 1.000000 
1234.639418  12.108184 1.000000 
1234.640099  12.107862 1.000000 
1234.640780  12.107707 1.000000 
1234.641461  12.107865 1.000000 
1234.642142  12.107475 1.000000 
1234.642823  12.108021 1.000000 
1234.643504  12.107018 1.000000 
1234.644186  12.107989 1.000000 
1234.644867  12.107002 1.000000 
1234.645548  12.107515 1.000000 
1234.646229  12.107386 1.000000 
1234.646910  12.107430 1.000000 
1234.647591  12.107622 1.000000 
1234.648272  12.107804 1.000000 
1234.648953  12.107637 1.000000 
1234.649635  12.107747 1.000000 
1234.650316  12.108104 1.000000 
1234.650997  12.107631 1.000000 
1234.651678  12.107533 1.000000 
1234.652359  12.107632 1.000000 
1234.653040  12.107727 1.000000 
1234.653721  12.107756 1.000000 
1234.654402  12.108561 1.000000 
1234.655083  12.107138 1.000000 
1234.655765  12.106558 1.000000 
1234.656446  12.107516 1.000000 
1234.657127  12.107740 1.000000 
1234.657808  12.107451 1.000000 
1234.658489  12.107632 1.000000 
1234.659170  12.108542 1.000000 
1234.659851  12.107845 1.000000 
1234.660532  12.107713 1.000000 
1234.661214  12.107498 1.000000 
1234.661895  12.107693 1.000000 
1234.662576  12.107690 1.000000 
1234.663257  12.107632 1.000000 
1234.663938  12.107131 1.000000 
1234.664619  12.107156 1.000000 
1234.665300  12.107542 1.000000 
1234.665981  12.107980 1.000000 
1234.666662  12.107483 1.000000 
1234.667343  12.107319 1.000000 
1234.668025  12.107767 1.000000 
1234.668706  12.107349 1.000000 
1234.669387  12.107347 1.000000 
1234.670068  12.107777 1.000000 
1234.670749  12.107388 1.000000 
1234.671430  12.108012 1.000000 
1234.672111  12.107950 1.000000 
1234.672792  12.107609 1.000000 
1234.673474  12.106833 1.000000 
1234.674155  12.106630 1.000000 
1234.674836  12.107597 1.000000 
1234.675517  12.108204 1.000000 
1234.676198  12.107011 1.000000 
1234.676879  12.108176 1.000000 
1234.677560  12.107800 1.000000 
1234.678241  12.107070 1.000000 
1234.678923  12.108281 1.000000 
1234.679604  12.107417 1.000000 
1234.680285  12.107124 1.000000 
1234.680966  12.107418 1.000000 
1234.681647  12.107356 1.000000 
1234.682328  12.107515 1.000000 
1234.683009  12.107153 1.000000 
1234.683690  12.108352 1.000000 
1234.684371  12.108438 1.000000 
1234.685053  12.107860 1.000000 
1234.685734  12.107804 1.000000 
1234.686415  12.107664 1.000000 
1234.687096  12.107318 1.000000 
1234.687777  12.107678 1.000000 
1234.688458  12.107313 1.000000 
1234.689139  12.107765 1.000000 
1234.689820  12.107274 1.000000 
1234.690502  12.107203 1.000000 
1234.691183  12.108138 1.000000 
1234.691864  12.107960 1.000000 
1234.692545  12.107338 1.000000 
1234.693226  12.107439 1.000000 
1234.693907  12.107737 1.000000 
1234.694588  12.107391 1.000000 
1234.695269  12.107042 1.000000 
1234.695951  12.107207 1.000000 
1234.696632  12.107590 1.000000 
1234.697313  12.107516 1.000000 
1234.697994  12.107763 1.000000 
1234.698675  12.107388 1.000000 
1234.699356  12.107489 1.000000 
1234.700037  12.107304 1.000000 
1234.700718  12.107504 1.000000 
1234.701399  12.107958 1.000000 
1234.702081  12.107851 1.000000 
1234.702762  12.107367 1.000000 
1234.703443  12.106827 1.000000 
1234.704124  12.107121 1.000000 
1234.704805  12.108052 1.000000 
1234.705486  12.108174 1.000000 
1234.706167  12.107055 1.000000 
1234.706848  12.106797 1.000000 
1234.707530  12.107082 1.000000 
1234.708211  12.107802 1.000000 
1234.708892  12.107096 1.000000 
1234.709573  12.107161 1.000000 
1234.710254  12.107373 1.000000 
1234.710935  12.107900 1.000000 
1234.711616  12.108192 1.000000 
1234.712297  12.108093 1.000000 
1234.712979  12.108266 1.000000 
1234.713660  12.107138 1.000000 
1234.714341  12.107503 1.000000 
1234.715022  12.107083 1.000000 
1234.715703  12.106730 1.000000 
1234.716384  12.108221 1.000000 
1234.717065  12.107620 1.000000 
1234.717746  12.107157 1.000000 
1234.718427  12.107541 1.000000 
1234.719109  12.107441 1.000000 
1234.719790  12.107478 1.000000 
1234.720471  12.107580 1.000000 
1234.721152  12.108136 1.000000 
1234.721833  12.107941 1.000000 
1234.722514  12.107163 1.000000 
1234.723195  12.107269 1.000000 
1234.723876  12.107523 1.000000 
1234.724557  12.107764 1.000000 
1234.725239  12.107336 1.000000 
1234.725920  12.108305 1.000000 
1234.726601  12.107346 1.000000 
1234.727282  12.107647 1.000000 
1234.727963  12.107917 1.000000 
1234.728644  12.106354 1.000000 
1234.729325  12.106846 1.000000 
1234.730006  12.107474 1.000000 
1234.730688  12.107795 1.000000 
1234.731369  12.108341 1.000000 
1234.732050  12.107738 1.000000 
1234.732731  12.107420 1.000000 
1234.733412  12.107109 1.000000 
1234.734093  12.106877 1.000000 
1234.734774  12.106863 1.000000 
1234.735455  12.107841 1.000000 
1234.736137  12.107803 1.000000 
1234.736818  12.107744 1.000000 
1234.737499  12.107510 1.000000 
1234.738180  12.107312 1.000000 
1234.738861  12.107197 1.000000 
1234.739542  12.107298 1.000000 
1234.740223  12.107809 1.000000 
1234.740904  12.106946 1.000000 
1234.741585  12.108288 1.000000 
1234.742267  12.107428 1.000000 
1234.742948  12.107012 1.000000 
1234.743629  12.107131 1.000000 
1234.744310  12.107529 1.000000 
1234.744991  12.107317 1.000000 
1234.745672  12.107826 1.000000 
1234.746353  12.107878 1.000000 
1234.747034  12.108101 1.000000 
1234.747716  12.107669 1.000000 
1234.748397  12.107121 1.000000 
1234.749078  12.107691 1.000000 
1234.749759  12.107737 1.000000 
1234.750440  12.107259 1.000000 
1234.751121  12.107403 1.000000 
1234.751802  12.107669 1.000000 
1234.752483  12.108276 1.000000 
1234.753165  12.108027 1.000000 
1234.753846  12.106821 1.000000 
1234.754527  12.107620 1.000000 
1234.755208  12.107103 1.000000 
1234.755889  12.106863 1.000000 
1234.756570  12.107174 1.000000 
1234.757251  12.107399 1.000000 
1234.757932  12.108136 1.000000 
1234.758614  12.107533 1.000000 
1234.759295  12.108085 1.000000 
1234.759976  12.107589 1.000000 
1234.760657  12.107056 1.000000 
1234.761338  12.107412 1.000000 
1234.762019  12.107985 1.000000 
1234.762700  12.107583 1.000000 
1234.763381  12.106972 1.000000 
1234.764062  12.107212 1.000000 
1234.764744  12.107785 1.000000 
1234.765425  12.107401 1.000000 
1234.766106  12.108002 1.000000 
1234.766787  12.107336 1.000000 
1234.767468  12.107208 1.000000 
1234.768149  12.107070 1.000000 
1234.768830  12.107925 1.000000 
1234.769511  12.107966 1.000000 
1234.770193  12.108032 1.000000 
1234.770874  12.107328 1.000000 
1234.771555  12.107815 1.000000 
1234.772236  12.107537 1.000000 
1234.772917  12.106897 1.000000 
1234.773598  12.107881 1.000000 
1234.774279  12.108221 1.000000 
1234.774960  12.108156 1.000000 
1234.775641  12.107330 1.000000 
1234.776323  12.107395 1.000000 
1234.777004  12.107317 1.000000 
1234.777685  12.107725 1.000000 
1234.778366  12.107306 1.000000 
1234.779047  12.107947 1.000000 
1234.779728  12.107995 1.000000 
1234.780409  12.107860 1.000000 
1234.781090  12.107641 1.000000 
1234.781771  12.107464 1.000000 
1234.782453  12.107029 1.000000 
1234.783134  12.107217 1.000000 
1234.783815  12.107881 1.000000 
1234.784496  12.107733 1.000000 
1234.785177  12.108702 1.000000 
1234.785858  12.107903 1.000000 
1234.786539  12.107084 1.000000 
1234.787220  12.106876 1.000000 
1234.787902  12.107327 1.000000 
1234.788583  12.107691 1.000000 
1234.789264  12.106888 1.000000 
1234.789945  12.107102 1.000000 
1234.790626  12.108014 1.000000 
1234.791307  12.107796 1.000000 
1234.791988  12.107236 1.000000 
1234.792669  12.107699 1.000000 
1234.793351  12.107409 1.000000 
1234.794032  12.107833 1.000000 
1234.794713  12.107086 1.000000 
1234.795394  12.108051 1.000000 
1234.796075  12.106970 1.000000 
1234.796756  12.107063 1.000000 
1234.797437  12.107293 1.000000 
1234.798118  12.107447 1.000000 
1234.798800  12.107664 1.000000 
1234.799481  12.107394 1.000000 
1234.800162  12.107056 1.000000 
1234.800843  12.108117 1.000000 
1234.801524  12.107487 1.000000 
1234.802205  12.107493 1.000000 
1234.802886  12.107414 1.000000 
1234.803567  12.107856 1.000000 
1234.804248  12.107741 1.000000 
1234.804930  12.107206 1.000000 
1234.805611  12.107469 1.000000 
1234.806292  12.108255 1.000000 
1234.806973  12.107771 1.000000 
1234.807654  12.108046 1.000000 
1234.808335  12.107328 1.000000 
1234.809016  12.107598 1.000000 
1234.809697  12.107729 1.000000 
1234.810379  12.107903 1.000000 
1234.811060  12.107243 1.000000 
1234.811741  12.107153 1.000000 
1234.812422  12.107875 1.000000 
1234.813103  12.107251 1.000000 
1234.813784  12.107958 1.000000 
1234.814465  12.106697 1.000000 
1234.815146  12.107432 1.000000 
1234.815828  12.107445 1.000000 
1234.816509  12.107493 1.000000 
1234.817190  12.107757 1.000000 
1234.817871  12.107112 1.000000 
1234.818552  12.107716 1.000000 
1234.819233  12.107499 1.000000 
1234.819914  12.107752 1.000000 
1234.820595  12.107613 1.000000 
1234.821276  12.107840 1.000000 
1234.821958  12.106730 1.000000 
1234.822639  12.107115 1.000000 
1234.823320  12.108097 1.000000 
1234.824001  12.107765 1.000000 
1234.824682  12.107315 1.000000 
1234.825363  12.108099 1.000000 
1234.826044  12.107206 1.000000 
1234.826725  12.107910 1.000000 
1234.827407  12.106747 1.000000 
1234.828088  12.107416 1.000000 
1234.828769  12.107397 1.000000 
1234.829450  12.106436 1.000000 
1234.830131  12.107710 1.000000 
1234.830812  12.107264 1.000000 
1234.831493  12.106775 1.000000 
1234.832174  12.107944 1.000000 
1234.832855  12.107553 1.000000 
1234.833536  12.108238 1.000000 
1234.834218  12.107459 1.000000 
1234.834899  12.107703 1.000000 
1234.835580  12.108184 1.000000 
1234.836261  12.108145 1.000000 
1234.836942  12.107280 1.000000 
1234.837623  12.106804 1.000000 
1234.838304  12.107252 1.000000 
1234.838986  12.107661 1.000000 
1234.839667  12.108295 1.000000 
1234.840348  12.107690 1.000000 
1234.841029  12.107632 1.000000 
1234.841710  12.107767 1.000000 
1234.842391  12.107901 1.000000 
1234.843072  12.107503 1.000000 
1234.843753  12.107569 1.000000 
1234.844434  12.107899 1.000000 
1234.845115  12.106886 1.000000 
1234.845797  12.107601 1.000000 
1234.846478  12.106916 1.000000 
1234.847159  12.107208 1.000000 
1234.847840  12.107113 1.000000 
1234.848521  12.107153 1.000000 
1234.849202  12.108063 1.000000 
1234.849883  12.107851 1.000000 
1234.850564  12.107160 1.000000 
1234.851246  12.107498 1.000000 
1234.851927  12.106953 1.000000 
1234.852608  12.107882 1.000000 
1234.853289  12.107214 1.000000 
1234.853970  12.107956 1.000000 
1234.854651  12.107391 1.000000 
1234.855332  12.107089 1.000000 
1234.856013  12.106916 1.000000 
1234.856695  12.107304 1.000000 
1234.857376  12.106796 1.000000 
1234.858057  12.106535 1.000000 
1234.858738  12.108175 1.000000 
1234.859419  12.107688 1.000000 
1234.860100  12.108185 1.000000 
1234.860781  12.108634 1.000000 
1234.861462  12.108040 1.000000 
1234.862143  12.106747 1.000000 
1234.862825  12.107536 1.000000 
1234.863506  12.107887 1.000000 
1234.864187  12.107208 1.000000 
1234.864868  12.107640 1.000000 
1234.865549  12.107500 1.000000 
1234.866230  12.107536 1.000000 
1234.866911  12.107169 1.000000 
1234.867592  12.108232 1.000000 
1234.868274  12.107157 1.000000 
1234.868955  12.108161 1.000000 
1234.869636  12.108101 1.000000 
1234.870317  12.107946 1.000000 
1234.870998  12.106868 1.000000 
1234.871679  12.107061 1.000000 
1234.872360  12.107788 1.000000 
1234.873041  12.107751 1.000000 
1234.873723  12.107294 1.000000 
1234.874404  12.108438 1.000000 
1234.875085  12.107758 1.000000 
1234.875766  12.107517 1.000000 
1234.876447  12.106270 1.000000 
1234.877128  12.107679 1.000000 
1234.877809  12.107612 1.000000 
1234.878490  12.106979 1.000000 
1234.879172  12.107428 1.000000 
1234.879853  12.107410 1.000000 
1234.880534  12.107306 1.000000 
1234.881215  12.107191 1.000000 
1234.881896  12.108651 1.000000 
1234.882577  12.107765 1.000000 
1234.883258  12.107427 1.000000 
1234.883939  12.107603 1.000000 
1234.884620  12.108187 1.000000 
1234.885302  12.108718 1.000000 
1234.885983  12.108126 1.000000 
1234.886664  12.107880 1.000000 
1234.887345  12.107853 1.000000 
1234.888026  12.107056 1.000000 
1234.888707  12.107847 1.000000 
1234.889388  12.107230 1.000000 
1234.890069  12.107346 1.000000 
1234.890750  12.108088 1.000000 
1234.891432  12.107260 1.000000 
1234.892113  12.107704 1.000000 
1234.892794  12.107601 1.000000 
1234.893475  12.106629 1.000000 
1234.894156  12.107251 1.000000 
1234.894837  12.107341 1.000000 
1234.895518  12.105963 1.000000 
1234.896199  12.107966 1.000000 
1234.896881  12.107376 1.000000 
1234.897562  12.107294 1.000000 
1234.898243  12.107546 1.000000 
1234.898924  12.108342 1.000000 
1234.899605  12.107593 1.000000 
1234.900286  12.108294 1.000000 
1234.900967  12.107496 1.000000 
1234.901648  12.107866 1.000000 
1234.902329  12.107766 1.000000 
1234.903011  12.107821 1.000000 
1234.903692  12.107288 1.000000 
1234.904373  12.107289 1.000000 
1234.905054  12.107430 1.000000 
1234.905735  12.107672 1.000000 
1234.906416  12.107819 1.000000 
1234.907097  12.107235 1.000000 
1234.907778  12.107683 1.000000 
1234.908460  12.107512 1.000000 
1234.909141  12.107264 1.000000 
1234.909822  12.107102 1.000000 
1234.910503  12.107368 1.000000 
1234.911184  12.107311 1.000000 
1234.911865  12.107784 1.000000 
1234.912546  12.107736 1.000000 
1234.913227  12.107594 1.000000 
1234.913909  12.107183 1.000000 
1234.914590  12.107614 1.000000 
1234.915271  12.108145 1.000000 
1234.915952  12.106612 1.000000 
1234.916633  12.108362 1.000000 
1234.917314  12.107984 1.000000 
1234.917995  12.107900 1.000000 
1234.918676  12.107357 1.000000 
1234.919358  12.108105 1.000000 
1234.920039  12.107631 1.000000 
1234.920720  12.107740 1.000000 
1234.921401  12.107449 1.000000 
1234.922082  12.107857 1.000000 
1234.922763  12.107737 1.000000 
1234.923444  12.107689 1.000000 
1234.924125  12.107996 1.000000 
1234.924806  12.107809 1.000000 
1234.925488  12.107408 1.000000 
1234.926169  12.107652 1.000000 
1234.926850  12.108109 1.000000 
1234.927531  12.107294 1.000000 
1234.928212  12.107697 1.000000 
1234.928893  12.107388 1.000000 
1234.929574  12.106734 1.000000 
1234.930255  12.107395 1.000000 
1234.930937  12.107942 1.000000 
1234.931618  12.108282 1.000000 
1234.932299  12.107374 1.000000 
1234.932980  12.107824 1.000000 
1234.933661  12.107441 1.000000 
1234.934342  12.107567 1.000000 
1234.935023  12.107756 1.000000 
1234.935704  12.107430 1.000000 
1234.936386  12.107937 1.000000 
1234.937067  12.106884 1.000000 
1234.937748  12.108005 1.000000 
1234.938429  12.108098 1.000000 
1234.939110  12.108366 1.000000 
1234.939791  12.107128 1.000000 
1234.940472  12.107714 1.000000 
1234.941153  12.107555 1.000000 
1234.941834  12.107974 1.000000 
1234.942516  12.108068 1.000000 
1234.943197  12.107859 1.000000 
1234.943878  12.107041 1.000000 
1234.944559  12.107452 1.000000 
1234.945240  12.107609 1.000000 
1234.945921  12.107597 1.000000 
1234.946602  12.107622 1.000000 
1234.947283  12.107422 1.000000 
1234.947964  12.107590 1.000000 
1234.948646  12.108034 1.000000 
1234.949327  12.107733 1.000000 
1234.950008  12.107735 1.000000 
1234.950689  12.107035 1.000000 
1234.951370  12.108232 1.000000 
1234.952051  12.108261 1.000000 
1234.952732  12.108434 1.000000 
1234.953413  12.107490 1.000000 
1234.954095  12.107595 1.000000 
1234.954776  12.107989 1.000000 
1234.955457  12.107969 1.000000 
1234.956138  12.106800 1.000000 
1234.956819  12.107819 1.000000 
1234.957500  12.106686 1.000000 
1234.958181  12.107292 1.000000 
1234.958862  12.107432 1.000000 
1234.959544  12.107758 1.000000 
1234.960225  12.107599 1.000000 
1234.960906  12.107813 1.000000 
1234.961587  12.108043 1.000000 
1234.962268  12.107559 1.000000 
1234.962949  12.108171 1.000000 
1234.963630  12.108429 1.000000 
1234.964311  12.108127 1.000000 
1234.964992  12.107461 1.000000 
1234.965674  12.108004 1.000000 
1234.966355  12.107002 1.000000 
1234.967036  12.108047 1.000000 
1234.967717  12.107729 1.000000 
1234.968398  12.107477 1.000000 
1234.969079  12.107185 1.000000 
1234.969760  12.107252 1.000000 
1234.970441  12.106340 1.000000 
1234.971123  12.107878 1.000000 
1234.971804  12.107961 1.000000 
1234.972485  12.108024 1.000000 
1234.973166  12.107160 1.000000 
1234.973847  12.107650 1.000000 
1234.974528  12.107449 1.000000 
1234.975209  12.108082 1.000000 
1234.975890  12.107795 1.000000 
1234.976572  12.107122 1.000000 
1234.977253  12.107573 1.000000 
1234.977934  12.107901 1.000000 
1234.978615  12.107586 1.000000 
1234.979296  12.107764 1.000000 
1234.979977  12.107035 1.000000 
1234.980658  12.107481 1.000000 
1234.981339  12.107695 1.000000 
1234.982020  12.107970 1.000000 
1234.982702  12.107435 1.000000 
1234.983383  12.107481 1.000000 
1234.984064  12.107440 1.000000 
1234.984745  12.107955 1.000000 
1234.985426  12.107698 1.000000 
1234.986107  12.107227 1.000000 
1234.986788  12.107044 1.000000 
1234.987469  12.107017 1.000000 
1234.988151  12.107788 1.000000 
1234.988832  12.108519 1.000000 
1234.989513  12.107988 1.000000 
1234.990194  12.107584 1.000000 
1234.990875  12.107923 1.000000 
1234.991556  12.106730 1.000000 
1234.992237  12.107912 1.000000 
1234.992918  12.108200 1.000000 
1234.993600  12.107408 1.000000 
1234.994281  12.108758 1.000000 
1234.994962  12.107027 1.000000 
1234.995643  12.107697 1.000000 
1234.996324  12.107876 1.000000 
1234.997005  12.107775 1.000000 
1234.997686  12.107604 1.000000 
1234.998367  12.107404 1.000000 
1234.999048  12.107075 1.000000 
1234.999730  12.107224 1.000000 
1235.000411  12.106917 1.000000 
1235.001092  12.107427 1.000000 
1235.001773  12.107115 1.000000 
1235.002454  12.107321 1.000000 
1235.003135  12.107876 1.000000 
1235.003816  12.107926 1.000000 
1235.004497  12.107405 1.000000 
1235.005179  12.107841 1.000000 
1235.005860  12.107485 1.000000 
1235.006541  12.107455 1.000000 
1235.007222  12.107309 1.000000 
1235.007903  12.107766 1.000000 
1235.008584  12.107821 1.000000 
1235.009265  12.107512 1.000000 
1235.009946  12.107031 1.000000 
1235.010627  12.106607 1.000000 
1235.011308  12.107187 1.000000 
1235.011990  12.107585 1.000000 
1235.012671  12.107676 1.000000 
1235.013352  12.108335 1.000000 
1235.014033  12.107456 1.000000 
1235.014714  12.108299 1.000000 
1235.015395  12.107527 1.000000 
1235.016076  12.107995 1.000000 
1235.016757  12.107307 1.000000 
1235.017439  12.107451 1.000000 
1235.018120  12.108504 1.000000 
1235.018801  12.107096 1.000000 
1235.019482  12.107876 1.000000 
1235.020163  12.107552 1.000000 
1235.020844  12.107900 1.000000 
1235.021525  12.107914 1.000000 
1235.022206  12.107332 1.000000 
1235.022888  12.108012 1.000000 
1235.023569  12.107461 1.000000 
1235.024250  12.107502 1.000000 
1235.024931  12.107170 1.000000 
1235.025612  12.108236 1.000000 
1235.026293  12.108409 1.000000 
1235.026974  12.107748 1.000000 
1235.027655  12.106741 1.000000 
1235.028336  12.107780 1.000000 
1235.029018  12.107681 1.000000 
1235.029699  12.107103 1.000000 
1235.030380  12.107569 1.000000 
1235.031061  12.107442 1.000000 
1235.031742  12.107674 1.000000 
1235.032423  12.107064 1.000000 
1235.033104  12.107592 1.000000 
1235.033785  12.106902 1.000000 
1235.034467  12.107780 1.000000 
1235.035148  12.108486 1.000000 
1235.035829  12.107521 1.000000 
1235.036510  12.107269 1.000000 
1235.037191  12.107342 1.000000 
1235.037872  12.107243 1.000000 
1235.038553  12.107795 1.000000 
1235.039234  12.107850 1.000000 
1235.039916  12.107156 1.000000 
1235.040597  12.108062 1.000000 
1235.041278  12.107636 1.000000 
1235.041959  12.107435 1.000000 
1235.042640  12.107761 1.000000 
1235.043321  12.107822 1.000000 
1235.044002  12.108132 1.000000 
1235.044683  12.106983 1.000000 
1235.045364  12.107590 1.000000 
1235.046046  12.108122 1.000000 
1235.046727  12.108059 1.000000 
1235.047408  12.108484 1.000000 
1235.048089  12.107661 1.000000 
1235.048770  12.107979 1.000000 
1235.049451  12.108108 1.000000 
1235.050132  12.108052 1.000000 
1235.050813  12.108460 1.000000 
1235.051495  12.106544 1.000000 
1235.052176  12.107684 1.000000 
1235.052857  12.107812 1.000000 
1235.053538  12.107833 1.000000 
1235.054219  12.107689 1.000000 
1235.054900  12.107955 1.000000 
1235.055581  12.107450 1.000000 
1235.056262  12.108081 1.000000 
1235.056944  12.107548 1.000000 
1235.057625  12.107641 1.000000 
1235.058306  12.107593 1.000000 
1235.058987  12.107275 1.000000 
1235.059668  12.107179 1.000000 
1235.060349  12.107346 1.000000 
1235.061030  12.107227 1.000000 
1235.061711  12.107395 1.000000 
1235.062392  12.107250 1.000000 
1235.063074  12.107576 1.000000 
1235.063755  12.107288 1.000000 
1235.064436  12.106970 1.000000 
1235.065117  12.106660 1.000000 
1235.065798  12.107776 1.000000 
1235.066479  12.107065 1.000000 
1235.067160  12.107471 1.000000 
1235.067841  12.107147 1.000000 
1235.068523  12.107737 1.000000 
1235.069204  12.107883 1.000000 
1235.069885  12.106912 1.000000 
1235.070566  12.107614 1.000000 
1235.071247  12.107289 1.000000 
1235.071928  12.108467 1.000000 
1235.072609  12.107700 1.000000 
1235.073290  12.107599 1.000000 
1235.073971  12.107904 1.000000 
1235.074653  12.107837 1.000000 
1235.075334  12.107828 1.000000 
1235.076015  12.107519 1.000000 
1235.076696  12.107664 1.000000 
1235.077377  12.107316 1.000000 
1235.078058  12.107284 1.000000 
1235.078739  12.107575 1.000000 
1235.079420  12.107473 1.000000 
1235.080102  12.107583 1.000000 
1235.080783  12.107187 1.000000 
1235.081464  12.108122 1.000000 
1235.082145  12.106858 1.000000 
1235.082826  12.107932 1.000000 
1235.083507  12.107784 1.000000 
1235.084188  12.106819 1.000000 
1235.084869  12.107471 1.000000 
1235.085551  12.107841 1.000000 
1235.086232  12.107328 1.000000 
1235.086913  12.107862 1.000000 
1235.087594  12.108006 1.000000 
1235.088275  12.107958 1.000000 
1235.088956  12.107401 1.000000 
1235.089637  12.107094 1.000000 
1235.090318  12.107236 1.000000 
1235.090999  12.107299 1.000000 
1235.091681  12.106464 1.000000 
1235.092362  12.108465 1.000000 
1235.093043  12.107510 1.000000 
1235.093724  12.107974 1.000000 
1235.094405  12.107983 1.000000 
1235.095086  12.107789 1.000000 
1235.095767  12.107594 1.000000 
1235.096448  12.107087 1.000000 
1235.097130  12.107872 1.000000 
1235.097811  12.107632 1.000000 
1235.098492  12.106746 1.000000 
1235.099173  12.107251 1.000000 
1235.099854  12.107745 1.000000 
1235.100535  12.107852 1.000000 
1235.101216  12.107386 1.000000 
1235.101897  12.107159 1.000000 
1235.102578  12.107334 1.000000 
1235.103260  12.107267 1.000000 
1235.103941  12.107389 1.000000 
1235.104622  12.107030 1.000000 
1235.105303  12.107775 1.000000 
1235.105984  12.107576 1.000000 
1235.106665  12.107870 1.000000 
1235.107346  12.107507 1.000000 
1235.108027  12.107403 1.000000 
1235.108709  12.107561 1.000000 
1235.109390  12.108161 1.000000 
1235.110071  12.107676 1.000000 
1235.110752  12.106709 1.000000 
1235.111433  12.107388 1.000000 
1235.112114  12.107494 1.000000 
1235.112795  12.107697 1.000000 
1235.113476  12.107440 1.000000 
1235.114158  12.107161 1.000000 
1235.114839  12.107683 1.000000 
1235.115520  12.107697 1.000000 
1235.116201  12.107354 1.000000 
1235.116882  12.107636 1.000000 
1235.117563  12.106970 1.000000 
1235.118244  12.107202 1.000000 
1235.118925  12.107281 1.000000 
1235.119606  12.107388 1.000000 
1235.120288  12.107932 1.000000 
1235.120969  12.107891 1.000000 
1235.121650  12.106868 1.000000 
1235.122331  12.107833 1.000000 
1235.123012  12.107497 1.000000 
1235.123693  12.107900 1.000000 
1235.124374  12.107475 1.000000 
1235.125055  12.107555 1.000000 
1235.125737  12.107855 1.000000 
1235.126418  12.108349 1.000000 
1235.127099  12.107166 1.000000 
1235.127780  12.107792 1.000000 
1235.128461  12.107113 1.000000 
1235.129142  12.107019 1.000000 
1235.129823  12.107689 1.000000 
1235.130504  12.106655 1.000000 
1235.131186  12.107582 1.000000 
1235.131867  12.107985 1.000000 
1235.132548  12.107201 1.000000 
1235.133229  12.106501 1.000000 
1235.133910  12.107249 1.000000 
1235.134591  12.107412 1.000000 
1235.135272  12.107373 1.000000 
1235.135953  12.107202 1.000000 
1235.136635  12.107752 1.000000 
1235.137316  12.107831 1.000000 
1235.137997  12.107827 1.000000 
1235.138678  12.108265 1.000000 
1235.139359  12.107345 1.000000 
1235.140040  12.107650 1.000000 
1235.140721  12.107373 1.000000 
1235.141402  12.107725 1.000000 
1235.142083  12.107758 1.000000 
1235.142765  12.108275 1.000000 
1235.143446  12.107671 1.000000 
1235.144127  12.107687 1.000000 
1235.144808  12.107548 1.000000 
1235.145489  12.107443 1.000000 
1235.146170  12.106936 1.000000 
1235.146851  12.107374 1.000000 
1235.147532  12.107970 1.000000 
1235.148213  12.107580 1.000000 
1235.148895  12.107512 1.000000 
1235.149576  12.108174 1.000000 
1235.150257  12.108511 1.000000 
1235.150938  12.108135 1.000000 
1235.151619  12.107280 1.000000 
1235.152300  12.107755 1.000000 
1235.152981  12.107590 1.000000 
1235.153662  12.108152 1.000000 
1235.154344  12.106985 1.000000 
1235.155025  12.106781 1.000000 
1235.155706  12.107393 1.000000 
1235.156387  12.107740 1.000000 
1235.157068  12.107925 1.000000 
1235.157749  12.106802 1.000000 
1235.158430  12.107517 1.000000 
1235.159111  12.107804 1.000000 
1235.159793  12.107225 1.000000 
1235.160474  12.107836 1.000000 
1235.161155  12.107163 1.000000 
1235.161836  12.107841 1.000000 
1235.162517  12.108154 1.000000 
1235.163198  12.107487 1.000000 
1235.163879  12.107515 1.000000 
1235.164560  12.107309 1.000000 
1235.165241  12.107571 1.000000 
1235.165923  12.107052 1.000000 
1235.166604  12.106965 1.000000 
1235.167285  12.107149 1.000000 
1235.167966  12.107461 1.000000 
1235.168647  12.108217 1.000000 
1235.169328  12.106737 1.000000 
1235.170009  12.107811 1.000000 
1235.170690  12.107296 1.000000 
1235.171372  12.106682 1.000000 
1235.172053  12.107191 1.000000 
1235.172734  12.107862 1.000000 
1235.173415  12.107866 1.000000 
1235.174096  12.107503 1.000000 
1235.174777  12.107296 1.000000 
1235.175458  12.107462 1.000000 
1235.176139  12.107553 1.000000 
1235.176821  12.107118 1.000000 
1235.177502  12.107784 1.000000 
1235.178183  12.107643 1.000000 
1235.178864  12.107604 1.000000 
1235.179545  12.107423 1.000000 
1235.180226  12.107632 1.000000 
1235.180907  12.109263 1.000000 
1235.181588  12.107416 1.000000 
1235.182269  12.108150 1.000000 
1235.182951  12.107526 1.000000 
1235.183632  12.108447 1.000000 
1235.184313  12.107870 1.000000 
1235.184994  12.107792 1.000000 
1235.185675  12.107605 1.000000 
1235.186356  12.107809 1.000000 
1235.187037  12.107995 1.000000 
1235.187718  12.107494 1.000000 
1235.188400  12.108356 1.000000 
1235.189081  12.107426 1.000000 
1235.197935  12.107309 1.000000 
1235.198616  12.106161 1.000000 
1235.199297  12.106897 1.000000 
1235.199979  12.107492 1.000000 
1235.200660  12.107230 1.000000 
1235.201341  12.107620 1.000000 
1235.202022  12.107159 1.000000 
1235.202703  12.107443 1.000000 
1235.203384  12.108212 1.000000 
1235.204065  12.107311 1.000000 
1235.204746  12.107252 1.000000 
1235.205427  12.107736 1.000000 
1235.206108  12.104862 1.000000 
1235.206790  12.107180 1.000000 
1235.207471  12.107080 1.000000 
1235.208152  12.108194 1.000000 
1235.208833  12.107732 1.000000 
1235.209514  12.107897 1.000000 
1235.210195  12.107675 1.000000 
1235.210876  12.107323 1.000000 
1235.211557  12.107202 1.000000 
1235.212239  12.108380 1.000000 
1235.212920  12.107907 1.000000 
1235.213601  12.107222 1.000000 
1235.214282  12.107000 1.000000 
1235.214963  12.108412 1.000000 
1235.215644  12.107346 1.000000 
1235.216325  12.107403 1.000000 
1235.217006  12.107662 1.000000 
1235.217688  12.107466 1.000000 
1235.218369  12.107197 1.000000 
1235.219050  12.107248 1.000000 
1235.219731  12.107630 1.000000 
1235.220412  12.108007 1.000000 
1235.221093  12.107516 1.000000 
1235.221774  12.108107 1.000000 
1235.222455  12.106882 1.000000 
1235.223136  12.107681 1.000000 
1235.223818  12.107891 1.000000 
1235.224499  12.108019 1.000000 
1235.225180  12.107579 1.000000 
1235.225861  12.107815 1.000000 
1235.226542  12.106821 1.000000 
1235.227223  12.108367 1.000000 
1235.227904  12.107322 1.000000 
1235.228585  12.106939 1.000000 
1235.229267  12.106992 1.000000 
1235.229948  12.107818 1.000000 
1235.230629  12.108110 1.000000 
1235.231310  12.108062 1.000000 
1235.231991  12.108009 1.000000 
1235.232672  12.108009 1.000000 
1235.233353  12.107382 1.000000 
1235.234034  12.106627 1.000000 
1235.234716  12.107113 1.000000 
1235.235397  12.107296 1.000000 
1235.236078  12.107736 1.000000 
1235.236759  12.108303 1.000000 
1235.237440  12.107391 1.000000 
1235.238121  12.107451 1.000000 
1235.238802  12.108148 1.000000 
1235.239483  12.108103 1.000000 
1235.240165  12.107162 1.000000 
1235.240846  12.107841 1.000000 
1235.241527  12.107528 1.000000 
1235.242208  12.107763 1.000000 
1235.242889  12.107022 1.000000 
1235.243570  12.107427 1.000000 
1235.244251  12.106915 1.000000 
1235.244932  12.107351 1.000000 
1235.245613  12.107192 1.000000 
1235.246295  12.107785 1.000000 
1235.246976  12.107782 1.000000 
1235.247657  12.106560 1.000000 
1235.248338  12.107262 1.000000 
1235.249019  12.107265 1.000000 
1235.249700  12.107107 1.000000 
1235.250381  12.107527 1.000000 
1235.251062  12.107554 1.000000 
1235.251744  12.106963 1.000000 
1235.252425  12.106857 1.000000 
1235.253106  12.107140 1.000000 
1235.253787  12.106724 1.000000 
1235.254468  12.107655 1.000000 
1235.255149  12.107274 1.000000 
1235.255830  12.107819 1.000000 
1235.256511  12.107119 1.000000 
1235.257193  12.107602 1.000000 
1235.257874  12.107403 1.000000 
1235.258555  12.107875 1.000000 
1235.259236  12.107660 1.000000 
1235.259917  12.107065 1.000000 
1235.260598  12.107018 1.000000 
1235.261279  12.107564 1.000000 
1235.261960  12.107832 1.000000 
1235.262641  12.106572 1.000000 
1235.263323  12.107646 1.000000 
1235.264004  12.107665 1.000000 
1235.264685  12.108042 1.000000 
1235.265366  12.107910 1.000000 
1235.266047  12.107776 1.000000 
1235.266728  12.108189 1.000000 
1235.267409  12.107194 1.000000 
1235.268090  12.107611 1.000000 
1235.268772  12.107714 1.000000 
1235.269453  12.108326 1.000000 
1235.270134  12.107694 1.000000 
1235.270815  12.107632 1.000000 
1235.271496  12.107059 1.000000 
1235.272177  12.106555 1.000000 
1235.272858  12.107232 1.000000 
1235.273539  12.107311 1.000000 
1235.274220  12.107277 1.000000 
1235.274902  12.107693 1.000000 
1235.275583  12.106899 1.000000 
1235.276264  12.106800 1.000000 
1235.276945  12.106830 1.000000 
1235.277626  12.107049 1.000000 
1235.278307  12.106831 1.000000 
1235.278988  12.107090 1.000000 
1235.279669  12.107541 1.000000 
1235.280351  12.107195 1.000000 
1235.281032  12.107888 1.000000 
1235.281713  12.108352 1.000000 
1235.282394  12.107398 1.000000 
1235.283075  12.106911 1.000000 
1235.283756  12.106858 1.000000 
1235.284437  12.107697 1.000000 
1235.285118  12.107508 1.000000 
1235.285799  12.107718 1.000000 
1235.286481  12.107850 1.000000 
1235.287162  12.107699 1.000000 
1235.287843  12.107559 1.000000 
1235.288524  12.107341 1.000000 
1235.289205  12.107334 1.000000 
1235.289886  12.106883 1.000000 
1235.290567  12.107203 1.000000 
1235.291248  12.107353 1.000000 
1235.291930  12.107512 1.000000 
1235.292611  12.107208 1.000000 
1235.293292  12.106956 1.000000 
1235.293973  12.107503 1.000000 
1235.294654  12.107516 1.000000 
1235.295335  12.107151 1.000000 
1235.296016  12.107134 1.000000 
1235.296697  12.107117 1.000000 
1235.297379  12.106676 1.000000 
1235.298060  12.107450 1.000000 
1235.298741  12.107553 1.000000 
1235.299422  12.107612 1.000000 
1235.300103  12.107197 1.000000 
1235.300784  12.107598 1.000000 
1235.301465  12.106874 1.000000 
1235.302146  12.107716 1.000000 
1235.302827  12.106565 1.000000 
1235.303509  12.107474 1.000000 
1235.304190  12.107363 1.000000 
1235.304871  12.107421 1.000000 
1235.305552  12.108399 1.000000 
1235.306233  12.107143 1.000000 
1235.306914  12.107522 1.000000 
1235.307595  12.107993 1.000000 
1235.308276  12.107480 1.000000 
1235.308958  12.107649 1.000000 
1235.309639  12.106906 1.000000 
1235.310320  12.107647 1.000000 
1235.311001  12.107646 1.000000 
1235.311682  12.107573 1.000000 
1235.312363  12.107418 1.000000 
1235.313044  12.106725 1.000000 
1235.313725  12.107361 1.000000 
1235.314407  12.107956 1.000000 
1235.315088  12.107788 1.000000 
1235.315769  12.107658 1.000000 
1235.316450  12.107669 1.000000 
1235.317131  12.107303 1.000000 
1235.317812  12.107531 1.000000 
1235.318493  12.107027 1.000000 
1235.319174  12.107361 1.000000 
1235.319855  12.107804 1.000000 
1235.320537  12.107574 1.000000 
1235.321218  12.107404 1.000000 
1235.321899  12.108056 1.000000 
1235.322580  12.107334 1.000000 
1235.323261  12.107595 1.000000 
1235.323942  12.106924 1.000000 
1235.324623  12.108011 1.000000 
1235.325304  12.107474 1.000000 
1235.325986  12.107492 1.000000 
1235.326667  12.107035 1.000000 
1235.327348  12.107993 1.000000 
1235.328029  12.107197 1.000000 
1235.328710  12.108387 1.000000 
1235.329391  12.108150 1.000000 
1235.330072  12.107222 1.000000 
1235.330753  12.107656 1.000000 
1235.331435  12.107439 1.000000 
1235.332116  12.107842 1.000000 
1235.332797  12.107519 1.000000 
1235.333478  12.107532 1.000000 
1235.334159  12.107812 1.000000 
1235.334840  12.107817 1.000000 
1235.335521  12.107592 1.000000 
1235.336202  12.107323 1.000000 
1235.336883  12.107254 1.000000 
1235.337565  12.107742 1.000000 
1235.338246  12.107308 1.000000 
1235.338927  12.107481 1.000000 
1235.339608  12.107586 1.000000 
1235.340289  12.106778 1.000000 
1235.340970  12.107567 1.000000 
1235.341651  12.107745 1.000000 
1235.342332  12.107391 1.000000 
1235.343014  12.106740 1.000000 
1235.343695  12.106898 1.000000 
1235.344376  12.106502 1.000000 
1235.345057  12.107916 1.000000 
1235.345738  12.107809 1.000000 
1235.346419  12.107252 1.000000 
1235.347100  12.107108 1.000000 
1235.347781  12.107729 1.000000 
1235.348463  12.107326 1.000000 
1235.349144  12.107830 1.000000 
1235.349825  12.107593 1.000000 
1235.350506  12.108479 1.000000 
1235.351187  12.106944 1.000000 
1235.351868  12.107974 1.000000 
1235.352549  12.107821 1.000000 
1235.353230  12.107049 1.000000 
1235.353911  12.107373 1.000000 
1235.354593  12.107220 1.000000 
1235.355274  12.107664 1.000000 
1235.355955  12.107494 1.000000 
1235.356636  12.108410 1.000000 
1235.357317  12.108050 1.000000 
1235.357998  12.107477 1.000000 
1235.358679  12.107813 1.000000 
1235.359360  12.108104 1.000000 
1235.360041  12.108047 1.000000 
1235.360722  12.107668 1.000000 
1235.361404  12.107408 1.000000 
1235.362085  12.108120 1.000000 
1235.362766  12.107841 1.000000 
1235.363447  12.107726 1.000000 
1235.364128  12.107789 1.000000 
1235.364809  12.107252 1.000000 
1235.365490  12.107398 1.000000 
1235.366171  12.107544 1.000000 
1235.366853  12.107195 1.000000 
1235.367534  12.107634 1.000000 
1235.368215  12.107449 1.000000 
1235.368896  12.107106 1.000000 
1235.369577  12.108561 1.000000 
1235.370258  12.107758 1.000000 
1235.370939  12.107236 1.000000 
1235.371620  12.107550 1.000000 
1235.372302  12.107168 1.000000 
1235.372983  12.107240 1.000000 
1235.373664  12.107013 1.000000 
1235.374345  12.106968 1.000000 
1235.375026  12.108319 1.000000 
1235.375707  12.107523 1.000000 
1235.376388  12.107792 1.000000 
1235.377069  12.107483 1.000000 
1235.377751  12.107336 1.000000 
1235.378432  12.106464 1.000000 
1235.379113  12.107179 1.000000 
1235.379794  12.107040 1.000000 
1235.380475  12.107671 1.000000 
1235.381156  12.107764 1.000000 
1235.381837  12.107704 1.000000 
1235.382518  12.108147 1.000000 
1235.383199  12.107309 1.000000 
1235.383881  12.107119 1.000000 
1235.384562  12.108834 1.000000 
1235.385243  12.107149 1.000000 
1235.385924  12.107639 1.000000 
1235.386605  12.106905 1.000000 
1235.387286  12.107744 1.000000 
1235.387967  12.106584 1.000000 
1235.388648  12.107506 1.000000 
1235.389330  12.107132 1.000000 
1235.390011  12.109037 1.000000 
1235.390692  12.107510 1.000000 
1235.391373  12.107651 1.000000 
1235.392054  12.107917 1.000000 
1235.392735  12.107212 1.000000 
1235.393416  12.107824 1.000000 
1235.394097  12.107365 1.000000 
1235.394779  12.107913 1.000000 
1235.395460  12.106621 1.000000 
1235.396141  12.107446 1.000000 
1235.396822  12.107954 1.000000 
1235.397503  12.108068 1.000000 
1235.398184  12.107242 1.000000 
1235.398865  12.107694 1.000000 
1235.399546  12.106577 1.000000 
1235.400227  12.107374 1.000000 
1235.400909  12.107508 1.000000 
1235.401590  12.107113 1.000000 
1235.402271  12.107380 1.000000 
1235.402952  12.107375 1.000000 
1235.403633  12.107048 1.000000 
1235.404314  12.107328 1.000000 
1235.404995  12.107373 1.000000 
1235.405676  12.106978 1.000000 
1235.406358  12.107278 1.000000 
1235.407039  12.107461 1.000000 
1235.407720  12.107298 1.000000 
1235.408401  12.107007 1.000000 
1235.409082  12.107535 1.000000 
1235.409763  12.107141 1.000000 
1235.410444  12.106577 1.000000 
1235.411125  12.107490 1.000000 
1235.411807  12.107924 1.000000 
1235.412488  12.107462 1.000000 
1235.413169  12.107061 1.000000 
1235.413850  12.107546 1.000000 
1235.414531  12.107799 1.000000 
1235.415212  12.107706 1.000000 
1235.415893  12.107462 1.000000 
1235.416574  12.107316 1.000000 
1235.417255  12.107376 1.000000 
1235.417937  12.107084 1.000000 
1235.418618  12.107847 1.000000 
1235.419299  12.107188 1.000000 
1235.419980  12.107611 1.000000 
1235.420661  12.107058 1.000000 
1235.421342  12.106489 1.000000 
1235.422023  12.107893 1.000000 
1235.422704  12.108068 1.000000 
1235.423386  12.106836 1.000000 
1235.424067  12.107796 1.000000 
1235.424748  12.107852 1.000000 
1235.425429  12.107917 1.000000 
1235.426110  12.107452 1.000000 
1235.426791  12.107617 1.000000 
1235.427472  12.107308 1.000000 
1235.428153  12.107570 1.000000 
1235.428835  12.107192 1.000000 
1235.429516  12.108157 1.000000 
1235.430197  12.108186 1.000000 
1235.430878  12.107576 1.000000 
1235.431559  12.108229 1.000000 
1235.432240  12.108123 1.000000 
1235.432921  12.107761 1.000000 
1235.433602  12.108019 1.000000 
1235.434283  12.107985 1.000000 
1235.434965  12.107220 1.000000 
1235.435646  12.107553 1.000000 
1235.436327  12.107334 1.000000 
1235.437008  12.107716 1.000000 
1235.437689  12.107388 1.000000 
1235.438370  12.106663 1.000000 
1235.439051  12.106479 1.000000 
1235.439732  12.107767 1.000000 
1235.440413  12.107485 1.000000 
1235.441095  12.107631 1.000000 
1235.441776  12.107649 1.000000 
1235.442457  12.107664 1.000000 
1235.443138  12.107432 1.000000 
1235.443819  12.107409 1.000000 
1235.444500  12.107786 1.000000 
1235.445181  12.106907 1.000000 
1235.445862  12.107496 1.000000 
1235.446544  12.107710 1.000000 
1235.447225  12.107774 1.000000 
1235.447906  12.106811 1.000000 
1235.448587  12.107891 1.000000 
1235.449268  12.107925 1.000000 
1235.449949  12.108068 1.000000 
1235.450630  12.108262 1.000000 
1235.451311  12.107574 1.000000 
1235.451993  12.107799 1.000000 
1235.452674  12.107077 1.000000 
1235.453355  12.107579 1.000000 
1235.454036  12.106943 1.000000 
1235.454717  12.108450 1.000000 
1235.455398  12.106853 1.000000 
1235.456079  12.107713 1.000000 
1235.456760  12.106955 1.000000 
1235.457442  12.107985 1.000000 
1235.458123  12.107492 1.000000 
1235.458804  12.108124 1.000000 
1235.459485  12.108060 1.000000 
1235.460166  12.106590 1.000000 
1235.460847  12.107286 1.000000 
1235.461528  12.108742 1.000000 
1235.462209  12.107718 1.000000 
1235.462890  12.107360 1.000000 
1235.463572  12.107412 1.000000 
1235.464253  12.107178 1.000000 
1235.464934  12.107508 1.000000 
1235.465615  12.107557 1.000000 
1235.466296  12.107655 1.000000 
1235.466977  12.107221 1.000000 
1235.467658  12.107459 1.000000 
1235.468339  12.107690 1.000000 
1235.469021  12.107659 1.000000 
1235.469702  12.106869 1.000000 
1235.470383  12.107225 1.000000 
1235.471064  12.107927 1.000000 
1235.471745  12.106775 1.000000 
1235.472426  12.107481 1.000000 
1235.473107  12.107623 1.000000 
1235.473788  12.107182 1.000000 
1235.474469  12.106848 1.000000 
1235.475151  12.107853 1.000000 
1235.475832  12.107665 1.000000 
1235.476513  12.106966 1.000000 
1235.477194  12.107067 1.000000 
1235.477875  12.107961 1.000000 
1235.478556  12.107691 1.000000 
1235.479237  12.107529 1.000000 
1235.479918  12.107193 1.000000 
1235.480600  12.107645 1.000000 
1235.481281  12.106865 1.000000 
1235.481962  12.107561 1.000000 
1235.482643  12.107149 1.000000 
1235.483324  12.106836 1.000000 
1235.484005  12.107664 1.000000 
1235.484686  12.108028 1.000000 
1235.485367  12.107458 1.000000 
1235.486049  12.107813 1.000000 
1235.486730  12.107523 1.000000 
1235.487411  12.107794 1.000000 
1235.488092  12.107367 1.000000 
1235.488773  12.107909 1.000000 
1235.489454  12.107360 1.000000 
1235.490135  12.107478 1.000000 
1235.490816  12.106931 1.000000 
1235.491498  12.107063 1.000000 
1235.492179  12.107420 1.000000 
1235.492860  12.108110 1.000000 
1235.493541  12.107697 1.000000 
1235.494222  12.107561 1.000000 
1235.494903  12.106950 1.000000 
1235.495584  12.107273 1.000000 
1235.496265  12.107141 1.000000 
1235.496946  12.107364 1.000000 
1235.497628  12.107719 1.000000 
1235.498309  12.106789 1.000000 
1235.498990  12.107379 1.000000 
1235.499671  12.107161 1.000000 
1235.500352  12.107664 1.000000 
1235.501033  12.107454 1.000000 
1235.501714  12.107013 1.000000 
1235.502395  12.107002 1.000000 
1235.503077  12.107212 1.000000 
1235.503758  12.107300 1.000000 
1235.504439  12.107651 1.000000 
1235.505120  12.107016 1.000000 
1235.505801  12.107306 1.000000 
1235.506482  12.107408 1.000000 
1235.507163  12.107925 1.000000 
1235.507844  12.107595 1.000000 
1235.508526  12.108634 1.000000 
1235.509207  12.107175 1.000000 
1235.509888  12.107645 1.000000 
1235.510569  12.107411 1.000000 
1235.511250  12.107599 1.000000 
1235.511931  12.107691 1.000000 
1235.512612  12.107702 1.000000 
1235.513293  12.107116 1.000000 
1235.513974  12.108358 1.000000 
1235.514656  12.107131 1.000000 
1235.515337  12.108179 1.000000 
1235.516018  12.107493 1.000000 
1235.516699  12.107134 1.000000 
1235.517380  12.107807 1.000000 
1235.518061  12.107382 1.000000 
1235.518742  12.108278 1.000000 
1235.519423  12.108120 1.000000 
1235.520104  12.108122 1.000000 
1235.520786  12.107366 1.000000 
1235.521467  12.107639 1.000000 
1235.522148  12.107237 1.000000 
1235.522829  12.107303 1.000000 
1235.523510  12.107280 1.000000 
1235.524191  12.107428 1.000000 
1235.524872  12.107752 1.000000 
1235.525553  12.107188 1.000000 
1235.526235  12.107860 1.000000 
1235.526916  12.108263 1.000000 
1235.527597  12.107130 1.000000 
1235.528278  12.107536 1.000000 
1235.528959  12.107402 1.000000 
1235.529640  12.107489 1.000000 
1235.530321  12.107567 1.000000 
1235.531002  12.108208 1.000000 
1235.531683  12.107614 1.000000 
1235.532365  12.107408 1.000000 
1235.533046  12.107567 1.000000 
1235.533727  12.107965 1.000000 
1235.534408  12.107534 1.000000 
1235.535089  12.107907 1.000000 
1235.535770  12.107428 1.000000 
1235.536451  12.107889 1.000000 
1235.537132  12.107888 1.000000 
1235.537814  12.107313 1.000000 
1235.538495  12.107193 1.000000 
1235.539176  12.107683 1.000000 
1235.539857  12.107661 1.000000 
1235.540538  12.107769 1.000000 
1235.541219  12.107965 1.000000 
1235.541900  12.108166 1.000000 
1235.542581  12.107875 1.000000 
1235.543263  12.108047 1.000000 
1235.543944  12.106722 1.000000 
1235.544625  12.108146 1.000000 
1235.545306  12.108006 1.000000 
1235.545987  12.106763 1.000000 
1235.546668  12.107764 1.000000 
1235.547349  12.107796 1.000000 
1235.548030  12.107526 1.000000 
1235.548712  12.107155 1.000000 
1235.549393  12.107116 1.000000 
1235.550074  12.107354 1.000000 
1235.550755  12.107242 1.000000 
1235.551436  12.107785 1.000000 
1235.552117  12.107565 1.000000 
1235.552798  12.107632 1.000000 
1235.553479  12.107490 1.000000 
1235.554160  12.107465 1.000000 
1235.554842  12.107353 1.000000 
1235.555523  12.107958 1.000000 
1235.556204  12.108056 1.000000 
1235.556885  12.107903 1.000000 
1235.557566  12.108253 1.000000 
1235.558247  12.107588 1.000000 
1235.558928  12.107598 1.000000 
1235.559609  12.107925 1.000000 
1235.560290  12.107785 1.000000 
1235.560972  12.107413 1.000000 
1235.561653  12.108032 1.000000 
1235.562334  12.108080 1.000000 
1235.563015  12.107989 1.000000 
1235.563696  12.107620 1.000000 
1235.564377  12.107330 1.000000 
1235.565058  12.107423 1.000000 
1235.565739  12.106737 1.000000 
1235.566421  12.106932 1.000000 
1235.567102  12.107513 1.000000 
1235.567783  12.107279 1.000000 
1235.568464  12.107285 1.000000 
1235.569145  12.107665 1.000000 
1235.569826  12.107583 1.000000 
1235.570507  12.107121 1.000000 
1235.571189  12.107947 1.000000 
1235.571869  12.107525 1.000000 
1235.572551  12.107985 1.000000 
1235.573232  12.107641 1.000000 
1235.573913  12.108202 1.000000 
1235.574594  12.107798 1.000000 
1235.575275  12.108006 1.000000 
1235.575956  12.107512 1.000000 
1235.576637  12.107327 1.000000 
1235.577318  12.106730 1.000000 
1235.578000  12.108200 1.000000 
1235.578681  12.108122 1.000000 
1235.579362  12.107776 1.000000 
1235.580043  12.107957 1.000000 
1235.580724  12.108147 1.000000 
1235.581405  12.107383 1.000000 
1235.582086  12.108028 1.000000 
1235.582767  12.108508 1.000000 
1235.583449  12.106772 1.000000 
1235.584130  12.107708 1.000000 
1235.584811  12.107038 1.000000 
1235.585492  12.107900 1.000000 
1235.586173  12.107337 1.000000 
1235.586854  12.107728 1.000000 
1235.587535  12.106797 1.000000 
1235.588216  12.107203 1.000000 
1235.588898  12.107489 1.000000 
1235.589579  12.107422 1.000000 
1235.590260  12.107127 1.000000 
1235.590941  12.107626 1.000000 
1235.591622  12.107885 1.000000 
1235.592303  12.108328 1.000000 
1235.592984  12.107522 1.000000 
1235.593665  12.107351 1.000000 
1235.594346  12.108068 1.000000 
1235.595028  12.107294 1.000000 
1235.595709  12.106922 1.000000 
1235.596390  12.107923 1.000000 
1235.597071  12.108233 1.000000 
1235.597752  12.107615 1.000000 
1235.598433  12.108168 1.000000 
1235.599114  12.107799 1.000000 
1235.599795  12.107367 1.000000 
1235.600476  12.107584 1.000000 
1235.601158  12.107474 1.000000 
1235.601839  12.106857 1.000000 
1235.602520  12.106842 1.000000 
1235.603201  12.107920 1.000000 
1235.603882  12.107432 1.000000 
1235.604563  12.108154 1.000000 
1235.605244  12.107529 1.000000 
1235.605925  12.107283 1.000000 
1235.606607  12.107450 1.000000 
1235.607288  12.107780 1.000000 
1235.607969  12.107442 1.000000 
1235.608650  12.107897 1.000000 
1235.609331  12.108223 1.000000 
1235.610012  12.107908 1.000000 
1235.610693  12.107962 1.000000 
1235.611374  12.108428 1.000000 
1235.612056  12.107487 1.000000 
1235.612737  12.107566 1.000000 
1235.613418  12.106310 1.000000 
1235.614099  12.107346 1.000000 
1235.614780  12.106544 1.000000 
