1725.476908  12.983881 1.000000 
1725.477589  12.985068 1.000000 
1725.478270  12.985357 1.000000 
1725.478951  12.983706 1.000000 
1725.479632  12.983550 1.000000 
1725.480313  12.984815 1.000000 
1725.480995  12.986904 1.000000 
1725.481676  12.985247 1.000000 
1725.482357  12.983879 1.000000 
1725.483038  12.985046 1.000000 
1725.483719  12.984818 1.000000 
1725.484400  12.985093 1.000000 
1725.485081  12.984637 1.000000 
1725.485763  12.983942 1.000000 
1725.486444  12.984304 1.000000 
1725.487125  12.984143 1.000000 
1725.487806  12.984058 1.000000 
1725.488487  12.985209 1.000000 
1725.489168  12.984672 1.000000 
1725.489849  12.985461 1.000000 
1725.490531  12.985235 1.000000 
1725.491212  12.983896 1.000000 
1725.491893  12.985301 1.000000 
1725.492574  12.985658 1.000000 
1725.493255  12.985730 1.000000 
1725.493936  12.985505 1.000000 
1725.494617  12.984688 1.000000 
1725.495299  12.983643 1.000000 
1725.495980  12.984129 1.000000 
1725.496661  12.985079 1.000000 
1725.497342  12.985409 1.000000 
1725.498023  12.984578 1.000000 
1725.498704  12.984387 1.000000 
1725.499385  12.984497 1.000000 
1725.500066  12.985247 1.000000 
1725.500748  12.986184 1.000000 
1725.501429  12.985433 1.000000 
1725.502110  12.985364 1.000000 
1725.502791  12.985268 1.000000 
1725.503472  12.985550 1.000000 
1725.504153  12.985811 1.000000 
1725.504835  12.984608 1.000000 
1725.505516  12.984088 1.000000 
1725.506197  12.986098 1.000000 
1725.506878  12.985242 1.000000 
1725.507559  12.983261 1.000000 
1725.508240  12.984500 1.000000 
1725.508921  12.984268 1.000000 
1725.509603  12.984896 1.000000 
1725.510284  12.985257 1.000000 
1725.510965  12.984684 1.000000 
1725.511646  12.985825 1.000000 
1725.512327  12.985555 1.000000 
1725.513008  12.986204 1.000000 
1725.513689  12.984873 1.000000 
1725.514371  12.985532 1.000000 
1725.515052  12.985144 1.000000 
1725.515733  12.984800 1.000000 
1725.516414  12.984228 1.000000 
1725.517095  12.984908 1.000000 
1725.517776  12.985070 1.000000 
1725.518457  12.985548 1.000000 
1725.519138  12.984210 1.000000 
1725.519820  12.984458 1.000000 
1725.520501  12.985494 1.000000 
1725.521182  12.984911 1.000000 
1725.521863  12.983618 1.000000 
1725.522544  12.985129 1.000000 
1725.523225  12.984804 1.000000 
1725.523906  12.984200 1.000000 
1725.524588  12.985971 1.000000 
1725.525269  12.984356 1.000000 
1725.525950  12.984024 1.000000 
1725.526631  12.984765 1.000000 
1725.527312  12.985748 1.000000 
1725.527993  12.984334 1.000000 
1725.528674  12.985186 1.000000 
1725.529356  12.984241 1.000000 
1725.530037  12.984946 1.000000 
1725.530718  12.983918 1.000000 
1725.531399  12.985228 1.000000 
1725.532080  12.986065 1.000000 
1725.532761  12.985160 1.000000 
1725.533442  12.984854 1.000000 
1725.534124  12.983444 1.000000 
1725.534805  12.985600 1.000000 
1725.535486  12.983829 1.000000 
1725.536167  12.985851 1.000000 
1725.536848  12.984149 1.000000 
1725.537529  12.984402 1.000000 
1725.538210  12.985340 1.000000 
1725.538892  12.983522 1.000000 
1725.539573  12.986448 1.000000 
1725.540254  12.983819 1.000000 
1725.540935  12.984629 1.000000 
1725.541616  12.984380 1.000000 
1725.542297  12.984388 1.000000 
1725.542978  12.983814 1.000000 
1725.543660  12.984941 1.000000 
1725.544341  12.986110 1.000000 
1725.545022  12.984289 1.000000 
1725.545703  12.984781 1.000000 
1725.546384  12.985051 1.000000 
1725.547065  12.984374 1.000000 
1725.547746  12.984095 1.000000 
1725.548428  12.982706 1.000000 
1725.549109  12.985311 1.000000 
1725.549790  12.985187 1.000000 
1725.550471  12.984711 1.000000 
1725.551152  12.985924 1.000000 
1725.551833  12.985354 1.000000 
1725.552514  12.984602 1.000000 
1725.553196  12.984269 1.000000 
1725.553877  12.985111 1.000000 
1725.554558  12.984423 1.000000 
1725.555239  12.985030 1.000000 
1725.555920  12.984763 1.000000 
1725.556601  12.984658 1.000000 
1725.557282  12.984608 1.000000 
1725.557964  12.985243 1.000000 
1725.558645  12.984566 1.000000 
1725.559326  12.985242 1.000000 
1725.560007  12.985299 1.000000 
1725.560688  12.984829 1.000000 
1725.561369  12.985784 1.000000 
1725.562050  12.985057 1.000000 
1725.562732  12.984266 1.000000 
1725.563413  12.984559 1.000000 
1725.564094  12.984284 1.000000 
1725.564775  12.985471 1.000000 
1725.565456  12.984815 1.000000 
1725.566137  12.983949 1.000000 
1725.566818  12.984624 1.000000 
1725.567500  12.985029 1.000000 
1725.568181  12.985516 1.000000 
1725.568862  12.984722 1.000000 
1725.569543  12.984475 1.000000 
1725.570224  12.986287 1.000000 
1725.570905  12.984318 1.000000 
1725.571586  12.986074 1.000000 
1725.572268  12.984723 1.000000 
1725.572949  12.984109 1.000000 
1725.573630  12.985082 1.000000 
1725.574311  12.983864 1.000000 
1725.574992  12.984504 1.000000 
1725.575673  12.985180 1.000000 
1725.576354  12.984731 1.000000 
1725.577036  12.984865 1.000000 
1725.577717  12.985238 1.000000 
1725.578398  12.984674 1.000000 
1725.579079  12.985716 1.000000 
1725.579760  12.985118 1.000000 
1725.580441  12.982307 1.000000 
1725.581122  12.984898 1.000000 
1725.581804  12.985834 1.000000 
1725.582485  12.986058 1.000000 
1725.583166  12.984267 1.000000 
1725.583847  12.983663 1.000000 
1725.584528  12.985783 1.000000 
1725.585209  12.983579 1.000000 
1725.585890  12.984757 1.000000 
1725.586572  12.985463 1.000000 
1725.587253  12.985577 1.000000 
1725.587934  12.984680 1.000000 
1725.588615  12.985518 1.000000 
1725.589296  12.985788 1.000000 
1725.589977  12.984581 1.000000 
1725.590658  12.985252 1.000000 
1725.591339  12.985997 1.000000 
1725.592021  12.985530 1.000000 
1725.592702  12.984672 1.000000 
1725.593383  12.983491 1.000000 
1725.594064  12.984766 1.000000 
1725.594745  12.985117 1.000000 
1725.595426  12.984764 1.000000 
1725.596107  12.985398 1.000000 
1725.596789  12.984888 1.000000 
1725.597470  12.984257 1.000000 
1725.598151  12.985854 1.000000 
1725.598832  12.985278 1.000000 
1725.599513  12.985605 1.000000 
1725.600194  12.984930 1.000000 
1725.600875  12.983439 1.000000 
1725.601557  12.984810 1.000000 
1725.602238  12.984673 1.000000 
1725.602919  12.985569 1.000000 
1725.603600  12.985467 1.000000 
1725.604281  12.984756 1.000000 
1725.604962  12.984602 1.000000 
1725.605644  12.984470 1.000000 
1725.606325  12.985345 1.000000 
1725.607006  12.983706 1.000000 
1725.607687  12.985814 1.000000 
1725.608368  12.985030 1.000000 
1725.609049  12.983941 1.000000 
1725.609730  12.985441 1.000000 
1725.610411  12.985207 1.000000 
1725.611093  12.985013 1.000000 
1725.611774  12.984230 1.000000 
1725.612455  12.985069 1.000000 
1725.613136  12.985221 1.000000 
1725.613817  12.984247 1.000000 
1725.614498  12.984142 1.000000 
1725.615180  12.984809 1.000000 
1725.615861  12.985022 1.000000 
1725.616542  12.984113 1.000000 
1725.617223  12.984124 1.000000 
1725.617904  12.985348 1.000000 
1725.618585  12.984345 1.000000 
1725.619266  12.984877 1.000000 
1725.619947  12.985644 1.000000 
1725.620629  12.983904 1.000000 
1725.621310  12.984408 1.000000 
1725.621991  12.984131 1.000000 
1725.622672  12.984558 1.000000 
1725.623353  12.985353 1.000000 
1725.624034  12.985271 1.000000 
1725.624715  12.985788 1.000000 
1725.625397  12.985256 1.000000 
1725.626078  12.985424 1.000000 
1725.626759  12.984453 1.000000 
1725.627440  12.990306 1.000000 
1725.628121  12.985355 1.000000 
1725.628802  12.985786 1.000000 
1725.629483  12.984934 1.000000 
1725.630165  12.984620 1.000000 
1725.630846  12.983615 1.000000 
1725.631527  12.984714 1.000000 
1725.632208  12.985078 1.000000 
1725.632889  12.985611 1.000000 
1725.633570  12.984925 1.000000 
1725.634251  12.984409 1.000000 
1725.634933  12.984972 1.000000 
1725.635614  12.985021 1.000000 
1725.636295  12.984427 1.000000 
1725.636976  12.984749 1.000000 
1725.637657  12.985797 1.000000 
1725.638338  12.984785 1.000000 
1725.639019  12.985009 1.000000 
1725.639700  12.984320 1.000000 
1725.640382  12.984504 1.000000 
1725.641063  12.984936 1.000000 
1725.641744  12.984772 1.000000 
1725.642425  12.984555 1.000000 
1725.643106  12.985030 1.000000 
1725.643787  12.986557 1.000000 
1725.644469  12.983825 1.000000 
1725.645150  12.983993 1.000000 
1725.645831  12.985556 1.000000 
1725.646512  12.985014 1.000000 
1725.647193  12.984894 1.000000 
1725.647874  12.984665 1.000000 
1725.648555  12.985859 1.000000 
1725.649237  12.984714 1.000000 
1725.649918  12.983689 1.000000 
1725.650599  12.985381 1.000000 
1725.651280  12.986071 1.000000 
1725.651961  12.983146 1.000000 
1725.652642  12.984809 1.000000 
1725.653323  12.984983 1.000000 
1725.654005  12.984772 1.000000 
1725.654686  12.984263 1.000000 
1725.655367  12.984778 1.000000 
1725.656048  12.984268 1.000000 
1725.656729  12.983431 1.000000 
1725.657410  12.984450 1.000000 
1725.658091  12.984616 1.000000 
1725.658772  12.983033 1.000000 
1725.659454  12.984443 1.000000 
1725.660135  12.984036 1.000000 
1725.660816  12.983613 1.000000 
1725.661497  12.984937 1.000000 
1725.662178  12.985578 1.000000 
1725.662859  12.983530 1.000000 
1725.663541  12.984039 1.000000 
1725.664222  12.983726 1.000000 
1725.664903  12.984850 1.000000 
1725.665584  12.984259 1.000000 
1725.666265  12.984743 1.000000 
1725.666946  12.984969 1.000000 
1725.667627  12.985697 1.000000 
1725.668308  12.985673 1.000000 
1725.668990  12.985485 1.000000 
1725.669671  12.985443 1.000000 
1725.670352  12.983777 1.000000 
1725.671033  12.985948 1.000000 
1725.671714  12.984133 1.000000 
1725.672395  12.983686 1.000000 
1725.673077  12.984591 1.000000 
1725.673758  12.984880 1.000000 
1725.674439  12.985061 1.000000 
1725.675120  12.985325 1.000000 
1725.675801  12.984767 1.000000 
1725.676482  12.984207 1.000000 
1725.677163  12.985284 1.000000 
1725.677844  12.984310 1.000000 
1725.678526  12.984927 1.000000 
1725.679207  12.983312 1.000000 
1725.679888  12.983814 1.000000 
1725.680569  12.984752 1.000000 
1725.681250  12.986825 1.000000 
1725.681931  12.984377 1.000000 
1725.682612  12.984611 1.000000 
1725.683294  12.986281 1.000000 
1725.683975  12.984353 1.000000 
1725.684656  12.986619 1.000000 
1725.685337  12.985615 1.000000 
1725.686018  12.985643 1.000000 
1725.686699  12.983870 1.000000 
1725.687380  12.985395 1.000000 
1725.688062  12.985595 1.000000 
1725.688743  12.983881 1.000000 
1725.689424  12.984237 1.000000 
1725.690105  12.985950 1.000000 
1725.690786  12.985658 1.000000 
1725.691467  12.984582 1.000000 
1725.692148  12.984529 1.000000 
1725.692830  12.985394 1.000000 
1725.693511  12.985111 1.000000 
1725.694192  12.984886 1.000000 
1725.694873  12.984417 1.000000 
1725.695554  12.985670 1.000000 
1725.696235  12.984312 1.000000 
1725.696916  12.985554 1.000000 
1725.697598  12.984786 1.000000 
1725.698279  12.984938 1.000000 
1725.698960  12.984403 1.000000 
1725.699641  12.985326 1.000000 
1725.700322  12.984241 1.000000 
1725.701003  12.984956 1.000000 
1725.701684  12.984887 1.000000 
1725.702366  12.984339 1.000000 
1725.703047  12.983874 1.000000 
1725.703728  12.984849 1.000000 
1725.704409  12.984286 1.000000 
1725.705090  12.983414 1.000000 
1725.705771  12.983911 1.000000 
1725.706452  12.983997 1.000000 
1725.707134  12.984519 1.000000 
1725.707815  12.986347 1.000000 
1725.708496  12.985735 1.000000 
1725.709177  12.984480 1.000000 
1725.709858  12.984929 1.000000 
1725.710539  12.984914 1.000000 
1725.711220  12.984818 1.000000 
1725.711902  12.985013 1.000000 
1725.712583  12.985191 1.000000 
1725.713264  12.983650 1.000000 
1725.713945  12.985705 1.000000 
1725.714626  12.984387 1.000000 
1725.715307  12.985553 1.000000 
1725.715988  12.984294 1.000000 
1725.716670  12.985070 1.000000 
1725.717351  12.985066 1.000000 
1725.718032  12.983842 1.000000 
1725.718713  12.985476 1.000000 
1725.719394  12.985990 1.000000 
1725.720075  12.983909 1.000000 
1725.720756  12.984708 1.000000 
1725.721438  12.985064 1.000000 
1725.722119  12.985430 1.000000 
1725.722800  12.985383 1.000000 
1725.723481  12.985225 1.000000 
1725.724162  12.984763 1.000000 
1725.724843  12.984033 1.000000 
1725.725524  12.984533 1.000000 
1725.726206  12.985589 1.000000 
1725.726887  12.983524 1.000000 
1725.727568  12.984792 1.000000 
1725.728249  12.985518 1.000000 
1725.728930  12.985513 1.000000 
1725.729611  12.984790 1.000000 
1725.730292  12.986106 1.000000 
1725.730973  12.984293 1.000000 
1725.731655  12.985115 1.000000 
1725.732336  12.984939 1.000000 
1725.733017  12.984867 1.000000 
1725.733698  12.985707 1.000000 
1725.734379  12.984722 1.000000 
1725.735060  12.985078 1.000000 
1725.735741  12.984249 1.000000 
1725.736423  12.984455 1.000000 
1725.737104  12.985088 1.000000 
1725.737785  12.984115 1.000000 
1725.738466  12.985774 1.000000 
1725.739147  12.983692 1.000000 
1725.739828  12.985404 1.000000 
1725.740510  12.985545 1.000000 
1725.741191  12.985194 1.000000 
1725.741872  12.985383 1.000000 
1725.742553  12.985340 1.000000 
1725.743234  12.984175 1.000000 
1725.743915  12.984257 1.000000 
1725.744596  12.984162 1.000000 
1725.745278  12.984387 1.000000 
1725.745959  12.985471 1.000000 
1725.746640  12.983916 1.000000 
1725.747321  12.984474 1.000000 
1725.748002  12.984950 1.000000 
1725.748683  12.985227 1.000000 
1725.749364  12.985541 1.000000 
1725.750046  12.985998 1.000000 
1725.750727  12.984029 1.000000 
1725.751408  12.984638 1.000000 
1725.752089  12.985195 1.000000 
1725.752770  12.984950 1.000000 
1725.753451  12.984306 1.000000 
1725.754132  12.984221 1.000000 
1725.754814  12.984654 1.000000 
1725.755495  12.985898 1.000000 
1725.756176  12.985651 1.000000 
1725.756857  12.986193 1.000000 
1725.757538  12.984949 1.000000 
1725.758219  12.984573 1.000000 
1725.758900  12.984729 1.000000 
1725.759581  12.985346 1.000000 
1725.760263  12.985727 1.000000 
1725.760944  12.985716 1.000000 
1725.761625  12.985158 1.000000 
1725.762306  12.984332 1.000000 
1725.762987  12.984918 1.000000 
1725.763668  12.984925 1.000000 
1725.764349  12.983986 1.000000 
1725.765031  12.984171 1.000000 
1725.765712  12.984278 1.000000 
1725.766393  12.985391 1.000000 
1725.767074  12.983804 1.000000 
1725.767755  12.984639 1.000000 
1725.768436  12.983300 1.000000 
1725.769117  12.985305 1.000000 
1725.769799  12.985530 1.000000 
1725.770480  12.984156 1.000000 
1725.771161  12.983937 1.000000 
1725.771842  12.984740 1.000000 
1725.772523  12.985318 1.000000 
1725.773204  12.984091 1.000000 
1725.773886  12.984742 1.000000 
1725.774567  12.983962 1.000000 
1725.775248  12.984319 1.000000 
1725.775929  12.984927 1.000000 
1725.776610  12.984295 1.000000 
1725.777291  12.984487 1.000000 
1725.777972  12.984929 1.000000 
1725.778653  12.984730 1.000000 
1725.779335  12.985131 1.000000 
1725.780016  12.985076 1.000000 
1725.780697  12.984966 1.000000 
1725.781378  12.984738 1.000000 
1725.782059  12.985420 1.000000 
1725.782740  12.984522 1.000000 
1725.783421  12.984469 1.000000 
1725.784103  12.985308 1.000000 
1725.784784  12.984677 1.000000 
1725.785465  12.984145 1.000000 
1725.786146  12.985067 1.000000 
1725.786827  12.986162 1.000000 
1725.787508  12.986253 1.000000 
1725.788189  12.985560 1.000000 
1725.788871  12.985114 1.000000 
1725.789552  12.984970 1.000000 
1725.790233  12.985112 1.000000 
1725.790914  12.985083 1.000000 
1725.791595  12.985281 1.000000 
1725.792276  12.984014 1.000000 
1725.792957  12.983528 1.000000 
1725.793639  12.985463 1.000000 
1725.794320  12.985787 1.000000 
1725.795001  12.986070 1.000000 
1725.795682  12.983472 1.000000 
1725.796363  12.984068 1.000000 
1725.797044  12.984422 1.000000 
1725.797725  12.983293 1.000000 
1725.798406  12.984450 1.000000 
1725.799088  12.984652 1.000000 
1725.799769  12.984994 1.000000 
1725.800450  12.985284 1.000000 
1725.801131  12.985166 1.000000 
1725.801812  12.985710 1.000000 
1725.802493  12.984221 1.000000 
1725.803175  12.983879 1.000000 
1725.803856  12.985856 1.000000 
1725.804537  12.984610 1.000000 
1725.805218  12.983879 1.000000 
1725.805899  12.985167 1.000000 
1725.806580  12.983998 1.000000 
1725.807261  12.984726 1.000000 
1725.807943  12.984410 1.000000 
1725.808624  12.986671 1.000000 
1725.809305  12.984781 1.000000 
1725.809986  12.983989 1.000000 
1725.810667  12.985107 1.000000 
1725.811348  12.985141 1.000000 
1725.812029  12.984080 1.000000 
1725.812711  12.985004 1.000000 
1725.813392  12.984781 1.000000 
1725.814073  12.985101 1.000000 
1725.814754  12.985118 1.000000 
1725.815435  12.985539 1.000000 
1725.816116  12.984648 1.000000 
1725.816797  12.984414 1.000000 
1725.817478  12.985917 1.000000 
1725.818160  12.984651 1.000000 
1725.818841  12.984948 1.000000 
1725.819522  12.985892 1.000000 
1725.820203  12.983621 1.000000 
1725.820884  12.983643 1.000000 
1725.821565  12.985365 1.000000 
1725.822246  12.985097 1.000000 
1725.822928  12.985662 1.000000 
1725.823609  12.984638 1.000000 
1725.824290  12.984655 1.000000 
1725.824971  12.986016 1.000000 
1725.825652  12.984268 1.000000 
1725.826333  12.984941 1.000000 
1725.827014  12.984868 1.000000 
1725.827696  12.984375 1.000000 
1725.828377  12.983889 1.000000 
1725.829058  12.985702 1.000000 
1725.829739  12.984328 1.000000 
1725.830420  12.984854 1.000000 
1725.831101  12.984472 1.000000 
1725.831782  12.984996 1.000000 
1725.832464  12.984652 1.000000 
1725.833145  12.985227 1.000000 
1725.833826  12.984935 1.000000 
1725.834507  12.985530 1.000000 
1725.835188  12.985152 1.000000 
1725.835869  12.984719 1.000000 
1725.836550  12.984609 1.000000 
1725.837232  12.984599 1.000000 
1725.837913  12.985059 1.000000 
1725.838594  12.985032 1.000000 
1725.839275  12.983463 1.000000 
1725.839956  12.984735 1.000000 
1725.840637  12.984828 1.000000 
1725.841319  12.983564 1.000000 
1725.842000  12.982888 1.000000 
1725.842681  12.984952 1.000000 
1725.843362  12.985048 1.000000 
1725.844043  12.984419 1.000000 
1725.844724  12.985020 1.000000 
1725.845405  12.983964 1.000000 
1725.846086  12.985866 1.000000 
1725.846768  12.984488 1.000000 
1725.847449  12.985991 1.000000 
1725.848130  12.983356 1.000000 
1725.848811  12.984544 1.000000 
1725.849492  12.986068 1.000000 
1725.850173  12.985330 1.000000 
1725.850854  12.984779 1.000000 
1725.851536  12.984103 1.000000 
1725.852217  12.985256 1.000000 
1725.852898  12.984321 1.000000 
1725.853579  12.984146 1.000000 
1725.854260  12.985468 1.000000 
1725.854941  12.984484 1.000000 
1725.855622  12.984651 1.000000 
1725.856304  12.984480 1.000000 
1725.856985  12.984655 1.000000 
1725.857666  12.984056 1.000000 
1725.858347  12.984686 1.000000 
1725.859028  12.984313 1.000000 
1725.859709  12.984667 1.000000 
1725.860390  12.985139 1.000000 
1725.861072  12.984728 1.000000 
1725.861753  12.984600 1.000000 
1725.862434  12.986275 1.000000 
1725.863115  12.984456 1.000000 
1725.863796  12.984652 1.000000 
1725.864477  12.985015 1.000000 
1725.865158  12.984844 1.000000 
1725.865840  12.983703 1.000000 
1725.866521  12.984469 1.000000 
1725.867202  12.984785 1.000000 
1725.867883  12.985826 1.000000 
1725.868564  12.985189 1.000000 
1725.869245  12.985655 1.000000 
1725.869926  12.985242 1.000000 
1725.870608  12.984832 1.000000 
1725.871289  12.984673 1.000000 
1725.871970  12.984611 1.000000 
1725.872651  12.985730 1.000000 
1725.873332  12.985417 1.000000 
1725.874013  12.985957 1.000000 
1725.874694  12.985413 1.000000 
1725.875375  12.984765 1.000000 
1725.876057  12.985322 1.000000 
1725.876738  12.984424 1.000000 
1725.877419  12.985933 1.000000 
1725.878100  12.984939 1.000000 
1725.878781  12.984841 1.000000 
1725.879462  12.985327 1.000000 
1725.880144  12.984872 1.000000 
1725.880825  12.984792 1.000000 
1725.881506  12.983688 1.000000 
1725.882187  12.984733 1.000000 
1725.882868  12.984582 1.000000 
1725.883549  12.983582 1.000000 
1725.884230  12.984620 1.000000 
1725.884911  12.984477 1.000000 
1725.885593  12.985523 1.000000 
1725.886274  12.984418 1.000000 
1725.886955  12.985149 1.000000 
1725.887636  12.984029 1.000000 
1725.888317  12.985579 1.000000 
1725.888998  12.984439 1.000000 
1725.889680  12.985349 1.000000 
1725.890361  12.984234 1.000000 
1725.891042  12.985003 1.000000 
1725.891723  12.984791 1.000000 
1725.892404  12.985847 1.000000 
1725.893085  12.984475 1.000000 
1725.893766  12.984825 1.000000 
1725.894447  12.984727 1.000000 
1725.895129  12.984129 1.000000 
1725.895810  12.984690 1.000000 
1725.896491  12.984926 1.000000 
1725.897172  12.984918 1.000000 
1725.897853  12.984521 1.000000 
1725.898534  12.984633 1.000000 
1725.899215  12.983844 1.000000 
1725.899897  12.984082 1.000000 
1725.900578  12.984614 1.000000 
1725.901259  12.984867 1.000000 
1725.901940  12.983882 1.000000 
1725.902621  12.984510 1.000000 
1725.903302  12.983074 1.000000 
1725.903983  12.985340 1.000000 
1725.904665  12.983982 1.000000 
1725.905346  12.984165 1.000000 
1725.906027  12.985934 1.000000 
1725.906708  12.985248 1.000000 
1725.907389  12.984025 1.000000 
1725.908070  12.985627 1.000000 
1725.908752  12.984037 1.000000 
1725.909433  12.984408 1.000000 
1725.910114  12.983483 1.000000 
1725.910795  12.984317 1.000000 
1725.911476  12.985175 1.000000 
1725.912157  12.984857 1.000000 
1725.912838  12.985142 1.000000 
1725.913519  12.983418 1.000000 
1725.914201  12.983709 1.000000 
1725.914882  12.984113 1.000000 
1725.915563  12.985376 1.000000 
1725.916244  12.985434 1.000000 
1725.916925  12.984318 1.000000 
1725.917606  12.983545 1.000000 
1725.918287  12.985652 1.000000 
1725.918969  12.984995 1.000000 
1725.919650  12.984955 1.000000 
1725.920331  12.984171 1.000000 
1725.921012  12.985626 1.000000 
1725.921693  12.984373 1.000000 
1725.922374  12.986359 1.000000 
1725.923055  12.983410 1.000000 
1725.923737  12.985071 1.000000 
1725.924418  12.986510 1.000000 
1725.925099  12.983877 1.000000 
1725.925780  12.983994 1.000000 
1725.926461  12.986233 1.000000 
1725.927142  12.983996 1.000000 
1725.927823  12.984534 1.000000 
1725.928505  12.984738 1.000000 
1725.929186  12.984240 1.000000 
1725.929867  12.985265 1.000000 
1725.930548  12.983637 1.000000 
1725.931229  12.984366 1.000000 
1725.931910  12.983408 1.000000 
1725.932591  12.985377 1.000000 
1725.933273  12.984679 1.000000 
1725.933954  12.983713 1.000000 
1725.934635  12.985382 1.000000 
1725.935316  12.984176 1.000000 
1725.935997  12.985075 1.000000 
1725.936678  12.984264 1.000000 
1725.937359  12.984914 1.000000 
1725.938040  12.985799 1.000000 
1725.938722  12.984640 1.000000 
1725.939403  12.985011 1.000000 
1725.940084  12.983809 1.000000 
1725.940765  12.984985 1.000000 
1725.941446  12.984034 1.000000 
1725.942127  12.983963 1.000000 
1725.942809  12.985249 1.000000 
1725.943490  12.985588 1.000000 
1725.944171  12.984419 1.000000 
1725.944852  12.985206 1.000000 
1725.945533  12.983746 1.000000 
1725.946214  12.983957 1.000000 
1725.946895  12.985832 1.000000 
1725.947577  12.985158 1.000000 
1725.948258  12.985218 1.000000 
1725.948939  12.984165 1.000000 
1725.949620  12.985512 1.000000 
1725.950301  12.984083 1.000000 
1725.950982  12.984655 1.000000 
1725.951663  12.984173 1.000000 
1725.952345  12.984711 1.000000 
1725.953026  12.984227 1.000000 
1725.953707  12.984396 1.000000 
1725.954388  12.984423 1.000000 
1725.955069  12.984747 1.000000 
1725.955750  12.984820 1.000000 
1725.956431  12.983709 1.000000 
1725.957113  12.985771 1.000000 
1725.957794  12.985290 1.000000 
1725.958475  12.985381 1.000000 
1725.959156  12.984573 1.000000 
1725.959837  12.985671 1.000000 
1725.960518  12.985160 1.000000 
1725.961199  12.985742 1.000000 
1725.961881  12.983967 1.000000 
1725.962562  12.985598 1.000000 
1725.963243  12.984353 1.000000 
1725.963924  12.985139 1.000000 
1725.964605  12.983733 1.000000 
1725.965286  12.983929 1.000000 
1725.965967  12.984100 1.000000 
1725.966648  12.985495 1.000000 
1725.967330  12.985633 1.000000 
1725.968011  12.985499 1.000000 
1725.968692  12.985842 1.000000 
1725.969373  12.985108 1.000000 
1725.970054  12.985241 1.000000 
1725.970735  12.985057 1.000000 
1725.971416  12.985005 1.000000 
1725.972098  12.985431 1.000000 
1725.972779  12.985349 1.000000 
1725.973460  12.985141 1.000000 
1725.974141  12.985084 1.000000 
1725.974822  12.985130 1.000000 
1725.975503  12.985375 1.000000 
1725.976185  12.985517 1.000000 
1725.976866  12.983409 1.000000 
1725.977547  12.983694 1.000000 
1725.978228  12.982941 1.000000 
1725.978909  12.983435 1.000000 
1725.979590  12.983671 1.000000 
1725.980271  12.983865 1.000000 
1725.980953  12.985297 1.000000 
1725.981634  12.984724 1.000000 
1725.982315  12.984009 1.000000 
1725.982996  12.985166 1.000000 
1725.983677  12.985851 1.000000 
1725.984358  12.984543 1.000000 
1725.985039  12.983980 1.000000 
1725.985720  12.983974 1.000000 
1725.986402  12.983367 1.000000 
1725.987083  12.985408 1.000000 
1725.987764  12.984695 1.000000 
1725.988445  12.985867 1.000000 
1725.989126  12.984038 1.000000 
1725.989807  12.985198 1.000000 
1725.990488  12.983434 1.000000 
1725.991170  12.984596 1.000000 
1725.991851  12.985168 1.000000 
1725.992532  12.985289 1.000000 
1725.993213  12.984949 1.000000 
1725.993894  12.983048 1.000000 
1725.994575  12.983708 1.000000 
1725.995256  12.984346 1.000000 
1725.995938  12.985294 1.000000 
1725.996619  12.984557 1.000000 
1725.997300  12.984223 1.000000 
1725.997981  12.984637 1.000000 
1725.998662  12.985573 1.000000 
1725.999343  12.985549 1.000000 
1726.000024  12.986549 1.000000 
1726.000706  12.985327 1.000000 
1726.001387  12.984645 1.000000 
1726.002068  12.983625 1.000000 
1726.002749  12.985494 1.000000 
1726.003430  12.984640 1.000000 
1726.004111  12.984641 1.000000 
1726.004792  12.984398 1.000000 
1726.005474  12.985161 1.000000 
1726.006155  12.983669 1.000000 
1726.006836  12.984064 1.000000 
1726.007517  12.984822 1.000000 
1726.008198  12.985569 1.000000 
1726.008879  12.984758 1.000000 
1726.009561  12.984154 1.000000 
1726.010242  12.984485 1.000000 
1726.010923  12.984418 1.000000 
1726.011604  12.984991 1.000000 
1726.012285  12.984378 1.000000 
1726.012966  12.985296 1.000000 
1726.013647  12.984330 1.000000 
1726.014328  12.985237 1.000000 
1726.015010  12.985622 1.000000 
1726.015691  12.986308 1.000000 
1726.016372  12.984783 1.000000 
1726.017053  12.984428 1.000000 
1726.017734  12.984481 1.000000 
1726.018415  12.984971 1.000000 
1726.019096  12.984766 1.000000 
1726.019778  12.984769 1.000000 
1726.020459  12.984385 1.000000 
1726.021140  12.985132 1.000000 
1726.021821  12.983547 1.000000 
1726.022502  12.986453 1.000000 
1726.023183  12.985419 1.000000 
1726.023864  12.983955 1.000000 
1726.024545  12.984182 1.000000 
1726.025227  12.985114 1.000000 
1726.025908  12.985094 1.000000 
1726.026589  12.984256 1.000000 
1726.027270  12.984154 1.000000 
1726.027951  12.984873 1.000000 
1726.028632  12.984716 1.000000 
1726.029314  12.984877 1.000000 
1726.029995  12.985561 1.000000 
1726.030676  12.985200 1.000000 
1726.031357  12.984813 1.000000 
1726.032038  12.983563 1.000000 
1726.032719  12.984986 1.000000 
1726.033400  12.984712 1.000000 
1726.034081  12.985370 1.000000 
1726.034763  12.983076 1.000000 
1726.035444  12.983557 1.000000 
1726.036125  12.985553 1.000000 
1726.036806  12.984410 1.000000 
1726.037487  12.986377 1.000000 
1726.038168  12.984929 1.000000 
1726.038849  12.984316 1.000000 
1726.039531  12.983347 1.000000 
1726.040212  12.985538 1.000000 
1726.040893  12.984715 1.000000 
1726.041574  12.985240 1.000000 
1726.042255  12.984023 1.000000 
1726.042936  12.983861 1.000000 
1726.043617  12.984623 1.000000 
1726.044299  12.985092 1.000000 
1726.044980  12.984937 1.000000 
1726.045661  12.985425 1.000000 
1726.046342  12.984816 1.000000 
1726.047023  12.984518 1.000000 
1726.047704  12.984873 1.000000 
1726.048386  12.985106 1.000000 
1726.049067  12.985362 1.000000 
1726.049748  12.983839 1.000000 
1726.050429  12.984542 1.000000 
1726.051110  12.984757 1.000000 
1726.051791  12.985910 1.000000 
1726.052472  12.985171 1.000000 
1726.053153  12.985079 1.000000 
1726.053835  12.984498 1.000000 
1726.054516  12.985956 1.000000 
1726.055197  12.985121 1.000000 
1726.055878  12.985373 1.000000 
1726.056559  12.984032 1.000000 
1726.057240  12.983483 1.000000 
1726.057921  12.983351 1.000000 
1726.058603  12.984536 1.000000 
1726.059284  12.984178 1.000000 
1726.059965  12.984837 1.000000 
1726.060646  12.983931 1.000000 
1726.061327  12.984224 1.000000 
1726.062008  12.985517 1.000000 
1726.062689  12.984219 1.000000 
1726.063371  12.984877 1.000000 
1726.064052  12.985103 1.000000 
1726.064733  12.984591 1.000000 
1726.065414  12.984766 1.000000 
1726.066095  12.985300 1.000000 
1726.066776  12.984685 1.000000 
1726.067457  12.986399 1.000000 
1726.068139  12.984955 1.000000 
1726.068820  12.984992 1.000000 
1726.069501  12.984299 1.000000 
1726.070182  12.984746 1.000000 
1726.070863  12.983853 1.000000 
1726.071544  12.984802 1.000000 
1726.072225  12.979664 1.000000 
1726.072907  12.984775 1.000000 
1726.073588  12.985209 1.000000 
1726.074269  12.985292 1.000000 
1726.074950  12.983834 1.000000 
1726.075631  12.984998 1.000000 
1726.076312  12.984548 1.000000 
1726.076993  12.984899 1.000000 
1726.077675  12.985074 1.000000 
1726.078356  12.985269 1.000000 
1726.079037  12.984521 1.000000 
1726.079718  12.984837 1.000000 
1726.080399  12.984430 1.000000 
1726.081080  12.984440 1.000000 
1726.081761  12.984145 1.000000 
1726.082443  12.985540 1.000000 
1726.083124  12.985546 1.000000 
1726.083805  12.984271 1.000000 
1726.084486  12.984711 1.000000 
1726.085167  12.984638 1.000000 
1726.085848  12.985645 1.000000 
1726.086529  12.984793 1.000000 
1726.087211  12.984547 1.000000 
1726.087892  12.984493 1.000000 
1726.088573  12.985952 1.000000 
1726.089254  12.983712 1.000000 
1726.089935  12.985610 1.000000 
1726.090616  12.985077 1.000000 
1726.091297  12.983370 1.000000 
1726.091979  12.985341 1.000000 
1726.092660  12.984283 1.000000 
1726.093341  12.985073 1.000000 
1726.094022  12.986233 1.000000 
1726.094703  12.985031 1.000000 
1726.095384  12.985075 1.000000 
1726.096065  12.985389 1.000000 
1726.096747  12.984516 1.000000 
1726.097428  12.986221 1.000000 
1726.098109  12.986721 1.000000 
1726.098790  12.984690 1.000000 
1726.099471  12.985152 1.000000 
1726.100152  12.985234 1.000000 
1726.100833  12.985404 1.000000 
1726.101514  12.984886 1.000000 
1726.102196  12.986501 1.000000 
1726.102877  12.984944 1.000000 
1726.103558  12.984856 1.000000 
1726.104239  12.985155 1.000000 
1726.104920  12.984396 1.000000 
1726.105601  12.984271 1.000000 
1726.106282  12.984856 1.000000 
1726.106964  12.983780 1.000000 
1726.107645  12.984244 1.000000 
1726.108326  12.985055 1.000000 
1726.109007  12.985604 1.000000 
1726.109688  12.985413 1.000000 
1726.110369  12.985097 1.000000 
1726.111050  12.982823 1.000000 
1726.111732  12.983630 1.000000 
1726.112413  12.985596 1.000000 
1726.113094  12.985071 1.000000 
1726.113775  12.984565 1.000000 
1726.114456  12.984727 1.000000 
1726.115137  12.983716 1.000000 
1726.115819  12.984970 1.000000 
1726.116500  12.987126 1.000000 
1726.117181  12.985076 1.000000 
1726.117862  12.984926 1.000000 
1726.118543  12.984562 1.000000 
1726.119224  12.984657 1.000000 
1726.119905  12.985316 1.000000 
1726.120586  12.984254 1.000000 
1726.121268  12.984586 1.000000 
1726.121949  12.984391 1.000000 
1726.122630  12.983642 1.000000 
1726.123311  12.985333 1.000000 
1726.123992  12.985364 1.000000 
1726.124673  12.984359 1.000000 
1726.125354  12.985490 1.000000 
1726.126036  12.985553 1.000000 
1726.126717  12.984873 1.000000 
1726.127398  12.985577 1.000000 
1726.128079  12.985624 1.000000 
1726.128760  12.984818 1.000000 
1726.129441  12.984811 1.000000 
1726.130122  12.984526 1.000000 
1726.130804  12.985372 1.000000 
1726.131485  12.984934 1.000000 
1726.132166  12.984973 1.000000 
1726.132847  12.986531 1.000000 
1726.133528  12.985681 1.000000 
1726.134209  12.985375 1.000000 
1726.134890  12.983778 1.000000 
1726.135572  12.984739 1.000000 
1726.136253  12.985114 1.000000 
1726.136934  12.986855 1.000000 
1726.137615  12.984376 1.000000 
1726.138296  12.986148 1.000000 
1726.138977  12.985338 1.000000 
1726.139658  12.985424 1.000000 
1726.140340  12.984312 1.000000 
1726.141021  12.984154 1.000000 
1726.141702  12.985116 1.000000 
1726.142383  12.985672 1.000000 
1726.143064  12.983761 1.000000 
1726.143745  12.985966 1.000000 
1726.144427  12.985978 1.000000 
1726.145108  12.983098 1.000000 
1726.145789  12.986060 1.000000 
1726.146470  12.984013 1.000000 
1726.147151  12.984903 1.000000 
1726.147832  12.984740 1.000000 
1726.148513  12.985122 1.000000 
1726.149194  12.984946 1.000000 
1726.149876  12.986229 1.000000 
1726.150557  12.984573 1.000000 
1726.151238  12.984878 1.000000 
1726.151919  12.985059 1.000000 
1726.152600  12.984474 1.000000 
1726.153281  12.984296 1.000000 
1726.153962  12.983859 1.000000 
1726.154644  12.985769 1.000000 
1726.155325  12.984396 1.000000 
1726.156006  12.985138 1.000000 
1726.156687  12.984874 1.000000 
1726.157368  12.984945 1.000000 
1726.158049  12.985390 1.000000 
1726.158730  12.985065 1.000000 
1726.159412  12.984622 1.000000 
1726.160093  12.984916 1.000000 
1726.160774  12.984610 1.000000 
1726.161455  12.984585 1.000000 
1726.162136  12.985304 1.000000 
1726.162817  12.985060 1.000000 
1726.163498  12.984261 1.000000 
1726.164180  12.985047 1.000000 
1726.164861  12.984120 1.000000 
1726.165542  12.984112 1.000000 
1726.166223  12.983795 1.000000 
1726.166904  12.984647 1.000000 
1726.167585  12.985029 1.000000 
1726.168266  12.983502 1.000000 
1726.168948  12.985340 1.000000 
1726.169629  12.983311 1.000000 
1726.170310  12.985857 1.000000 
1726.170991  12.984403 1.000000 
1726.171672  12.985772 1.000000 
1726.172353  12.983557 1.000000 
1726.173034  12.985244 1.000000 
1726.173715  12.985984 1.000000 
1726.174397  12.983878 1.000000 
1726.175078  12.984282 1.000000 
1726.175759  12.984833 1.000000 
1726.176440  12.986417 1.000000 
1726.177121  12.983417 1.000000 
1726.177802  12.985275 1.000000 
1726.178483  12.984739 1.000000 
1726.179165  12.984164 1.000000 
1726.179846  12.985287 1.000000 
1726.180527  12.985707 1.000000 
1726.181208  12.984135 1.000000 
1726.181889  12.984200 1.000000 
1726.182570  12.984599 1.000000 
1726.183252  12.985868 1.000000 
1726.183933  12.984904 1.000000 
1726.184614  12.984266 1.000000 
1726.185295  12.984631 1.000000 
1726.185976  12.985222 1.000000 
1726.186657  12.983595 1.000000 
1726.187338  12.983767 1.000000 
1726.188020  12.985213 1.000000 
1726.188701  12.984986 1.000000 
1726.189382  12.984687 1.000000 
1726.190063  12.983867 1.000000 
1726.190744  12.983990 1.000000 
1726.191425  12.984343 1.000000 
1726.192106  12.984644 1.000000 
1726.192787  12.984663 1.000000 
1726.193469  12.984758 1.000000 
1726.194150  12.984720 1.000000 
1726.194831  12.985798 1.000000 
1726.195512  12.984068 1.000000 
1726.196193  12.985517 1.000000 
1726.196874  12.984797 1.000000 
1726.197555  12.986269 1.000000 
1726.198237  12.985289 1.000000 
1726.198918  12.984542 1.000000 
1726.199599  12.984456 1.000000 
1726.200280  12.986058 1.000000 
1726.200961  12.985631 1.000000 
1726.201642  12.984813 1.000000 
1726.202323  12.983792 1.000000 
1726.203005  12.985174 1.000000 
1726.203686  12.986049 1.000000 
1726.204367  12.983409 1.000000 
1726.205048  12.983838 1.000000 
1726.205729  12.985833 1.000000 
1726.206410  12.984160 1.000000 
1726.207091  12.984810 1.000000 
1726.207773  12.984202 1.000000 
1726.208454  12.985321 1.000000 
1726.209135  12.984745 1.000000 
1726.209816  12.984154 1.000000 
1726.210497  12.984073 1.000000 
1726.211178  12.984563 1.000000 
1726.211859  12.985111 1.000000 
1726.212541  12.984730 1.000000 
1726.213222  12.983767 1.000000 
1726.213903  12.984550 1.000000 
1726.214584  12.984813 1.000000 
1726.215265  12.984431 1.000000 
1726.215946  12.985095 1.000000 
1726.216627  12.984907 1.000000 
1726.217309  12.984666 1.000000 
1726.217990  12.984374 1.000000 
1726.218671  12.984998 1.000000 
1726.219352  12.985597 1.000000 
1726.220033  12.985024 1.000000 
1726.220714  12.984468 1.000000 
1726.221395  12.983803 1.000000 
1726.222077  12.985816 1.000000 
1726.222758  12.984726 1.000000 
1726.223439  12.984856 1.000000 
1726.224120  12.986001 1.000000 
1726.224801  12.984839 1.000000 
1726.225482  12.986590 1.000000 
1726.226163  12.984862 1.000000 
1726.226845  12.985645 1.000000 
1726.227526  12.985070 1.000000 
1726.228207  12.984689 1.000000 
1726.228888  12.985027 1.000000 
1726.229569  12.984295 1.000000 
1726.230250  12.985050 1.000000 
1726.230931  12.984916 1.000000 
1726.231613  12.985760 1.000000 
1726.232294  12.984150 1.000000 
1726.232975  12.985630 1.000000 
1726.233656  12.984740 1.000000 
1726.234337  12.985435 1.000000 
1726.235018  12.984075 1.000000 
1726.235699  12.983875 1.000000 
1726.236381  12.986483 1.000000 
1726.237062  12.985633 1.000000 
1726.237743  12.984823 1.000000 
1726.238424  12.986254 1.000000 
1726.239105  12.984559 1.000000 
1726.239786  12.985235 1.000000 
1726.240467  12.985306 1.000000 
1726.241148  12.985091 1.000000 
1726.241830  12.986206 1.000000 
1726.242511  12.985841 1.000000 
1726.243192  12.984924 1.000000 
1726.243873  12.985362 1.000000 
1726.244554  12.984434 1.000000 
1726.245235  12.985046 1.000000 
1726.245916  12.984535 1.000000 
1726.246598  12.984855 1.000000 
1726.247279  12.982401 1.000000 
1726.247960  12.984921 1.000000 
1726.248641  12.985809 1.000000 
1726.249322  12.985811 1.000000 
1726.250003  12.984205 1.000000 
1726.250685  12.983366 1.000000 
1726.251366  12.984042 1.000000 
1726.252047  12.984500 1.000000 
1726.252728  12.984534 1.000000 
1726.253409  12.984825 1.000000 
1726.254090  12.984370 1.000000 
1726.254771  12.985055 1.000000 
1726.255453  12.984312 1.000000 
1726.256134  12.984416 1.000000 
1726.256815  12.983717 1.000000 
1726.257496  12.984248 1.000000 
1726.258177  12.984544 1.000000 
1726.258858  12.985139 1.000000 
1726.259539  12.984839 1.000000 
1726.260220  12.984642 1.000000 
1726.260902  12.984042 1.000000 
1726.261583  12.984527 1.000000 
1726.262264  12.985094 1.000000 
1726.262945  12.984430 1.000000 
1726.263626  12.985092 1.000000 
1726.264307  12.984803 1.000000 
1726.264989  12.985692 1.000000 
1726.265670  12.984721 1.000000 
1726.266351  12.984853 1.000000 
1726.267032  12.983833 1.000000 
1726.267713  12.983671 1.000000 
1726.268394  12.984346 1.000000 
1726.269075  12.984893 1.000000 
1726.269756  12.984797 1.000000 
1726.270438  12.985544 1.000000 
1726.271119  12.983920 1.000000 
1726.271800  12.985756 1.000000 
1726.272481  12.984951 1.000000 
1726.273162  12.984986 1.000000 
1726.273843  12.984746 1.000000 
1726.274524  12.986106 1.000000 
1726.275206  12.984738 1.000000 
1726.275887  12.986297 1.000000 
1726.276568  12.986506 1.000000 
1726.277249  12.985040 1.000000 
1726.277930  12.987512 1.000000 
1726.278611  12.986538 1.000000 
1726.279292  12.987153 1.000000 
1726.279973  12.987236 1.000000 
1726.280655  12.987996 1.000000 
1726.281336  12.988057 1.000000 
1726.282017  12.988259 1.000000 
1726.282698  12.987959 1.000000 
1726.283379  12.987173 1.000000 
1726.284061  12.988432 1.000000 
1726.284742  12.988116 1.000000 
1726.285423  12.989533 1.000000 
1726.286104  12.989013 1.000000 
1726.286785  12.988703 1.000000 
1726.287466  12.989011 1.000000 
1726.288147  12.988868 1.000000 
1726.288828  12.988651 1.000000 
1726.289510  12.988196 1.000000 
1726.290191  12.988591 1.000000 
1726.290872  12.989429 1.000000 
1726.291553  12.988614 1.000000 
1726.292234  12.989844 1.000000 
1726.292915  12.989040 1.000000 
1726.293596  12.989503 1.000000 
1726.294278  12.988341 1.000000 
1726.294959  12.990231 1.000000 
1726.295640  12.987074 1.000000 
1726.296321  12.988796 1.000000 
1726.297002  12.988998 1.000000 
1726.297683  12.987718 1.000000 
1726.298364  12.989205 1.000000 
1726.299046  12.987943 1.000000 
1726.299727  12.988659 1.000000 
1726.300408  12.990266 1.000000 
1726.301089  12.988543 1.000000 
1726.301770  12.988654 1.000000 
1726.302451  12.988541 1.000000 
1726.303132  12.988208 1.000000 
1726.303814  12.988574 1.000000 
1726.304495  12.988678 1.000000 
1726.305176  12.988191 1.000000 
1726.305857  12.989046 1.000000 
1726.306538  12.988816 1.000000 
1726.307219  12.990148 1.000000 
1726.307900  12.989422 1.000000 
1726.308581  12.989107 1.000000 
1726.309263  12.989335 1.000000 
1726.309944  12.990047 1.000000 
1726.310625  12.988522 1.000000 
1726.311306  12.989339 1.000000 
1726.311987  12.989189 1.000000 
1726.312668  12.988356 1.000000 
1726.313349  12.989197 1.000000 
1726.314031  12.988967 1.000000 
1726.314712  12.989284 1.000000 
1726.315393  12.990003 1.000000 
1726.316074  12.989684 1.000000 
1726.316755  12.990790 1.000000 
1726.317436  12.989178 1.000000 
1726.318118  12.991063 1.000000 
1726.318799  12.989306 1.000000 
1726.319480  12.990051 1.000000 
1726.320161  12.989910 1.000000 
1726.320842  12.990242 1.000000 
1726.321523  12.989352 1.000000 
1726.322204  12.989231 1.000000 
1726.322886  12.989589 1.000000 
1726.323567  12.989741 1.000000 
1726.324248  12.989975 1.000000 
1726.324929  12.989773 1.000000 
1726.325610  12.989909 1.000000 
1726.326291  12.990002 1.000000 
1726.326972  12.990516 1.000000 
1726.327653  12.989877 1.000000 
1726.328335  12.989365 1.000000 
1726.329016  12.990053 1.000000 
1726.329697  12.990597 1.000000 
1726.330378  12.989707 1.000000 
1726.331059  12.989752 1.000000 
1726.331740  12.989364 1.000000 
1726.332421  12.990939 1.000000 
1726.333103  12.990406 1.000000 
1726.333784  12.989528 1.000000 
1726.334465  12.989234 1.000000 
1726.335146  12.988789 1.000000 
1726.335827  12.990392 1.000000 
1726.336508  12.989853 1.000000 
1726.337189  12.989842 1.000000 
1726.337871  12.989543 1.000000 
1726.338552  12.991322 1.000000 
1726.339233  12.990095 1.000000 
1726.339914  12.988783 1.000000 
1726.340595  12.990173 1.000000 
1726.341276  12.989594 1.000000 
1726.341957  12.989531 1.000000 
1726.342639  12.988718 1.000000 
1726.343320  12.989380 1.000000 
1726.344001  12.989877 1.000000 
1726.344682  12.990229 1.000000 
1726.345363  12.989417 1.000000 
1726.346044  12.989385 1.000000 
1726.346725  12.991060 1.000000 
1726.347407  12.990757 1.000000 
1726.348088  12.989870 1.000000 
1726.348769  12.989333 1.000000 
1726.349450  12.989360 1.000000 
1726.350131  12.988146 1.000000 
1726.350812  12.989828 1.000000 
1726.351494  12.988693 1.000000 
1726.352175  12.989059 1.000000 
1726.352856  12.989539 1.000000 
1726.353537  12.988659 1.000000 
1726.354218  12.988831 1.000000 
1726.354899  12.988334 1.000000 
1726.355580  12.988397 1.000000 
1726.356261  12.989745 1.000000 
1726.356943  12.988795 1.000000 
1726.357624  12.988798 1.000000 
1726.358305  12.990900 1.000000 
1726.358986  12.989931 1.000000 
1726.359667  12.989469 1.000000 
1726.360348  12.989743 1.000000 
1726.361029  12.989534 1.000000 
1726.361711  12.989500 1.000000 
1726.362392  12.987838 1.000000 
1726.363073  12.990697 1.000000 
1726.363754  12.990095 1.000000 
1726.364435  12.990438 1.000000 
1726.365116  12.989839 1.000000 
1726.365797  12.990086 1.000000 
1726.366479  12.990390 1.000000 
1726.367160  12.988493 1.000000 
1726.367841  12.989383 1.000000 
1726.368522  12.989640 1.000000 
1726.369203  12.990626 1.000000 
1726.369884  12.990269 1.000000 
1726.370565  12.989987 1.000000 
1726.371247  12.989309 1.000000 
1726.371928  12.989214 1.000000 
1726.372609  12.990058 1.000000 
1726.373290  12.990054 1.000000 
1726.373971  12.991109 1.000000 
1726.374652  12.988703 1.000000 
1726.375333  12.989452 1.000000 
1726.376015  12.990367 1.000000 
1726.376696  12.989015 1.000000 
1726.377377  12.990338 1.000000 
1726.378058  12.990140 1.000000 
1726.378739  12.989304 1.000000 
1726.379420  12.988642 1.000000 
1726.380101  12.990909 1.000000 
1726.380782  12.989440 1.000000 
1726.381464  12.990257 1.000000 
1726.382145  12.990037 1.000000 
1726.382826  12.989935 1.000000 
1726.383507  12.990061 1.000000 
1726.384188  12.988678 1.000000 
1726.384869  12.989924 1.000000 
1726.385551  12.989341 1.000000 
1726.386232  12.990304 1.000000 
1726.386913  12.989727 1.000000 
1726.387594  12.988873 1.000000 
1726.388275  12.989500 1.000000 
1726.388956  12.990187 1.000000 
1726.389637  12.990301 1.000000 
1726.390319  12.989225 1.000000 
1726.391000  12.989892 1.000000 
1726.391681  12.989555 1.000000 
1726.392362  12.988946 1.000000 
1726.393043  12.989517 1.000000 
1726.393724  12.989157 1.000000 
1726.394405  12.988664 1.000000 
1726.395087  12.988384 1.000000 
1726.395768  12.987742 1.000000 
1726.396449  12.987992 1.000000 
1726.397130  12.988341 1.000000 
1726.397811  12.988114 1.000000 
1726.398492  12.989216 1.000000 
1726.399173  12.990110 1.000000 
1726.399854  12.988957 1.000000 
1726.400536  12.989052 1.000000 
1726.401217  12.989643 1.000000 
1726.401898  12.989134 1.000000 
1726.402579  12.989579 1.000000 
1726.403260  12.989173 1.000000 
1726.403941  12.988417 1.000000 
1726.404623  12.988939 1.000000 
1726.405304  12.989014 1.000000 
1726.405985  12.989208 1.000000 
1726.406666  12.988471 1.000000 
1726.407347  12.988547 1.000000 
1726.408028  12.989439 1.000000 
1726.408709  12.988413 1.000000 
1726.409390  12.989481 1.000000 
1726.410072  12.988487 1.000000 
1726.410753  12.989627 1.000000 
1726.411434  12.989820 1.000000 
1726.412115  12.989784 1.000000 
1726.412796  12.989232 1.000000 
1726.413477  12.989477 1.000000 
1726.414158  12.987839 1.000000 
1726.414840  12.988839 1.000000 
1726.415521  12.989575 1.000000 
1726.416202  12.988146 1.000000 
1726.416883  12.987177 1.000000 
1726.417564  12.988146 1.000000 
1726.418245  12.987568 1.000000 
1726.418926  12.987974 1.000000 
1726.419608  12.987225 1.000000 
1726.420289  12.986562 1.000000 
1726.420970  12.986948 1.000000 
1726.421651  12.985996 1.000000 
1726.422332  12.986271 1.000000 
1726.423013  12.985727 1.000000 
1726.423695  12.985708 1.000000 
1726.424376  12.987154 1.000000 
1726.425057  12.985353 1.000000 
1726.425738  12.985571 1.000000 
1726.426419  12.985284 1.000000 
1726.427100  12.985161 1.000000 
1726.427781  12.984835 1.000000 
1726.428462  12.985572 1.000000 
1726.429144  12.984845 1.000000 
1726.429825  12.984975 1.000000 
1726.430506  12.985866 1.000000 
1726.431187  12.984997 1.000000 
1726.431868  12.984262 1.000000 
1726.432549  12.984434 1.000000 
1726.433230  12.985555 1.000000 
1726.433912  12.985355 1.000000 
1726.434593  12.984477 1.000000 
1726.435274  12.983885 1.000000 
1726.435955  12.984394 1.000000 
1726.436636  12.985133 1.000000 
1726.437317  12.985123 1.000000 
1726.437998  12.985063 1.000000 
1726.438680  12.984229 1.000000 
1726.439361  12.985505 1.000000 
1726.440042  12.984531 1.000000 
1726.440723  12.984709 1.000000 
1726.441404  12.984579 1.000000 
1726.442085  12.985380 1.000000 
1726.442766  12.985611 1.000000 
1726.443448  12.984253 1.000000 
1726.444129  12.983265 1.000000 
1726.444810  12.985146 1.000000 
1726.445491  12.984943 1.000000 
1726.446172  12.985275 1.000000 
1726.446853  12.985362 1.000000 
1726.447534  12.984843 1.000000 
1726.448215  12.984387 1.000000 
1726.448897  12.986216 1.000000 
1726.449578  12.983283 1.000000 
1726.450259  12.983388 1.000000 
1726.450940  12.984029 1.000000 
1726.451621  12.983890 1.000000 
1726.452302  12.984772 1.000000 
1726.452984  12.984364 1.000000 
1726.453665  12.984354 1.000000 
1726.454346  12.984467 1.000000 
1726.455027  12.984738 1.000000 
1726.455708  12.985137 1.000000 
1726.456389  12.984690 1.000000 
1726.457070  12.985348 1.000000 
1726.457752  12.985571 1.000000 
1726.458433  12.984108 1.000000 
1726.459114  12.983708 1.000000 
1726.459795  12.984504 1.000000 
1726.460476  12.984165 1.000000 
1726.461157  12.983927 1.000000 
1726.461838  12.984831 1.000000 
1726.462520  12.984710 1.000000 
1726.463201  12.984180 1.000000 
1726.463882  12.985335 1.000000 
1726.464563  12.985483 1.000000 
1726.465244  12.984827 1.000000 
1726.465925  12.985039 1.000000 
1726.466606  12.984858 1.000000 
1726.467288  12.984636 1.000000 
1726.467969  12.983287 1.000000 
1726.468650  12.984518 1.000000 
1726.469331  12.983471 1.000000 
1726.470012  12.984780 1.000000 
1726.470693  12.984472 1.000000 
1726.471374  12.984631 1.000000 
1726.472056  12.984737 1.000000 
1726.472737  12.985066 1.000000 
1726.473418  12.985386 1.000000 
1726.474099  12.984881 1.000000 
1726.474780  12.984153 1.000000 
1726.475461  12.984457 1.000000 
1726.476142  12.984418 1.000000 
1726.476823  12.986201 1.000000 
1726.477505  12.984586 1.000000 
1726.478186  12.985191 1.000000 
1726.478867  12.985529 1.000000 
1726.479548  12.984589 1.000000 
1726.480229  12.982516 1.000000 
1726.480910  12.985781 1.000000 
1726.481591  12.984783 1.000000 
1726.482273  12.985203 1.000000 
1726.482954  12.983292 1.000000 
1726.483635  12.984288 1.000000 
1726.484316  12.985225 1.000000 
1726.484997  12.984620 1.000000 
1726.485678  12.985429 1.000000 
1726.486359  12.984653 1.000000 
1726.487041  12.984481 1.000000 
1726.487722  12.983032 1.000000 
1726.488403  12.984391 1.000000 
1726.489084  12.985014 1.000000 
1726.489765  12.984132 1.000000 
1726.490446  12.984467 1.000000 
1726.491128  12.984866 1.000000 
1726.491809  12.984809 1.000000 
1726.492490  12.984393 1.000000 
1726.493171  12.983894 1.000000 
1726.493852  12.984446 1.000000 
1726.494533  12.985594 1.000000 
1726.495214  12.984989 1.000000 
1726.495895  12.984297 1.000000 
1726.496577  12.985084 1.000000 
1726.497258  12.984267 1.000000 
1726.497939  12.985309 1.000000 
1726.498620  12.984830 1.000000 
1726.499301  12.983745 1.000000 
1726.499982  12.985086 1.000000 
1726.500663  12.984662 1.000000 
1726.501345  12.985815 1.000000 
1726.502026  12.985381 1.000000 
1726.502707  12.985465 1.000000 
1726.503388  12.984420 1.000000 
1726.504069  12.983893 1.000000 
1726.504750  12.985370 1.000000 
1726.505431  12.983925 1.000000 
1726.506113  12.984815 1.000000 
1726.506794  12.984362 1.000000 
1726.507475  12.984612 1.000000 
1726.508156  12.984287 1.000000 
1726.508837  12.985245 1.000000 
1726.509518  12.983954 1.000000 
1726.510199  12.984588 1.000000 
1726.510881  12.984775 1.000000 
1726.511562  12.986105 1.000000 
1726.512243  12.986069 1.000000 
1726.512924  12.984447 1.000000 
1726.513605  12.985747 1.000000 
1726.514286  12.984656 1.000000 
1726.514967  12.984968 1.000000 
1726.515648  12.984055 1.000000 
1726.516330  12.984393 1.000000 
1726.517011  12.984767 1.000000 
1726.517692  12.983824 1.000000 
1726.518373  12.984925 1.000000 
1726.519054  12.985725 1.000000 
1726.519735  12.984769 1.000000 
1726.520417  12.985440 1.000000 
1726.521098  12.985846 1.000000 
1726.521779  12.984860 1.000000 
1726.522460  12.985168 1.000000 
1726.523141  12.984548 1.000000 
1726.523822  12.985445 1.000000 
1726.524503  12.983517 1.000000 
1726.525185  12.984439 1.000000 
1726.525866  12.983746 1.000000 
1726.526547  12.985263 1.000000 
1726.527228  12.983946 1.000000 
1726.527909  12.985522 1.000000 
1726.528590  12.985255 1.000000 
1726.529271  12.984436 1.000000 
1726.529953  12.984998 1.000000 
1726.530634  12.984449 1.000000 
1726.531315  12.984811 1.000000 
1726.531996  12.984822 1.000000 
1726.532677  12.984589 1.000000 
1726.533358  12.985746 1.000000 
1726.534039  12.984942 1.000000 
1726.534720  12.983612 1.000000 
1726.535402  12.984349 1.000000 
1726.536083  12.985615 1.000000 
1726.536764  12.985432 1.000000 
1726.537445  12.984054 1.000000 
1726.538126  12.983305 1.000000 
1726.538807  12.984924 1.000000 
1726.539488  12.984060 1.000000 
1726.540170  12.984627 1.000000 
1726.540851  12.983824 1.000000 
1726.541532  12.984321 1.000000 
1726.542213  12.984459 1.000000 
1726.542894  12.985647 1.000000 
1726.543575  12.983862 1.000000 
1726.544256  12.983735 1.000000 
1726.544938  12.983923 1.000000 
1726.545619  12.984441 1.000000 
1726.546300  12.984755 1.000000 
1726.546981  12.985791 1.000000 
1726.547662  12.984737 1.000000 
1726.548343  12.985984 1.000000 
1726.549024  12.984776 1.000000 
1726.549706  12.983800 1.000000 
1726.550387  12.984175 1.000000 
1726.551068  12.984184 1.000000 
1726.551749  12.983415 1.000000 
1726.552430  12.985393 1.000000 
1726.553111  12.985162 1.000000 
1726.553793  12.984745 1.000000 
1726.554474  12.984588 1.000000 
1726.555155  12.984707 1.000000 
1726.555836  12.984356 1.000000 
1726.556517  12.984480 1.000000 
1726.557198  12.985101 1.000000 
1726.557879  12.984992 1.000000 
1726.558561  12.984397 1.000000 
1726.559242  12.982983 1.000000 
1726.559923  12.984244 1.000000 
1726.560604  12.985293 1.000000 
1726.561285  12.985496 1.000000 
1726.561966  12.984518 1.000000 
1726.562647  12.984202 1.000000 
1726.563328  12.985207 1.000000 
1726.564010  12.984889 1.000000 
1726.564691  12.985632 1.000000 
1726.565372  12.985066 1.000000 
1726.566053  12.984205 1.000000 
1726.566734  12.984821 1.000000 
1726.567415  12.985599 1.000000 
1726.568096  12.984548 1.000000 
1726.568778  12.984720 1.000000 
1726.569459  12.984810 1.000000 
1726.570140  12.985015 1.000000 
1726.570821  12.984908 1.000000 
1726.571502  12.985413 1.000000 
1726.572183  12.985318 1.000000 
1726.572864  12.984986 1.000000 
1726.573546  12.984898 1.000000 
1726.574227  12.986492 1.000000 
1726.574908  12.984710 1.000000 
1726.575589  12.984097 1.000000 
1726.576270  12.984345 1.000000 
1726.576951  12.985147 1.000000 
1726.577632  12.983305 1.000000 
1726.578314  12.983926 1.000000 
1726.578995  12.983661 1.000000 
1726.579676  12.985753 1.000000 
1726.580357  12.984501 1.000000 
1726.581038  12.983937 1.000000 
1726.581719  12.983832 1.000000 
1726.582400  12.984534 1.000000 
1726.583081  12.985066 1.000000 
1726.583763  12.984637 1.000000 
1726.584444  12.984757 1.000000 
1726.585125  12.983068 1.000000 
1726.585806  12.984342 1.000000 
1726.586487  12.984137 1.000000 
1726.587168  12.985377 1.000000 
1726.587850  12.985130 1.000000 
1726.588531  12.983426 1.000000 
1726.589212  12.984597 1.000000 
1726.589893  12.986108 1.000000 
1726.590574  12.983220 1.000000 
1726.591255  12.985827 1.000000 
1726.591936  12.984739 1.000000 
1726.592618  12.984331 1.000000 
1726.593299  12.984499 1.000000 
1726.593980  12.983653 1.000000 
1726.594661  12.985176 1.000000 
1726.595342  12.984928 1.000000 
1726.596023  12.984819 1.000000 
1726.596704  12.984546 1.000000 
1726.597386  12.985200 1.000000 
1726.598067  12.983635 1.000000 
1726.598748  12.984056 1.000000 
1726.599429  12.983894 1.000000 
1726.600110  12.984258 1.000000 
1726.600791  12.984436 1.000000 
1726.601472  12.984089 1.000000 
1726.602153  12.984808 1.000000 
1726.602835  12.985503 1.000000 
1726.603516  12.984102 1.000000 
1726.604197  12.984665 1.000000 
1726.604878  12.985499 1.000000 
1726.605559  12.985803 1.000000 
1726.606240  12.984519 1.000000 
1726.606922  12.984581 1.000000 
1726.607603  12.984292 1.000000 
1726.608284  12.985125 1.000000 
1726.608965  12.985556 1.000000 
1726.609646  12.984858 1.000000 
1726.610327  12.985197 1.000000 
1726.611008  12.984668 1.000000 
1726.611689  12.984346 1.000000 
1726.612371  12.985040 1.000000 
1726.613052  12.984709 1.000000 
1726.613733  12.984350 1.000000 
1726.614414  12.985163 1.000000 
1726.615095  12.984381 1.000000 
1726.615776  12.985250 1.000000 
1726.616457  12.984079 1.000000 
1726.617139  12.984386 1.000000 
1726.617820  12.983547 1.000000 
1726.618501  12.985418 1.000000 
1726.619182  12.984732 1.000000 
1726.619863  12.984068 1.000000 
1726.620544  12.984583 1.000000 
1726.621225  12.983805 1.000000 
1726.621907  12.984016 1.000000 
1726.622588  12.983898 1.000000 
1726.623269  12.984546 1.000000 
1726.623950  12.984333 1.000000 
1726.624631  12.984944 1.000000 
1726.625312  12.984225 1.000000 
1726.625993  12.985320 1.000000 
1726.626675  12.984501 1.000000 
1726.627356  12.984652 1.000000 
1726.628037  12.983301 1.000000 
1726.628718  12.984001 1.000000 
1726.629399  12.984328 1.000000 
1726.630080  12.984650 1.000000 
1726.630761  12.985443 1.000000 
1726.631443  12.984525 1.000000 
1726.632124  12.984870 1.000000 
1726.632805  12.984172 1.000000 
1726.633486  12.984758 1.000000 
1726.634167  12.984606 1.000000 
1726.634848  12.984397 1.000000 
1726.635529  12.986202 1.000000 
1726.636211  12.985043 1.000000 
1726.636892  12.985268 1.000000 
1726.637573  12.985191 1.000000 
1726.638254  12.985231 1.000000 
1726.638935  12.986083 1.000000 
1726.639616  12.985469 1.000000 
1726.640297  12.984088 1.000000 
1726.640979  12.984460 1.000000 
1726.641660  12.985201 1.000000 
1726.642341  12.985488 1.000000 
1726.643022  12.984223 1.000000 
1726.643703  12.984682 1.000000 
1726.644384  12.985317 1.000000 
1726.645065  12.985658 1.000000 
1726.645747  12.985012 1.000000 
1726.646428  12.984240 1.000000 
1726.647109  12.985479 1.000000 
1726.647790  12.984730 1.000000 
1726.648471  12.984840 1.000000 
1726.649152  12.984976 1.000000 
1726.649833  12.984511 1.000000 
1726.650515  12.984428 1.000000 
1726.651196  12.985430 1.000000 
1726.651877  12.984881 1.000000 
1726.652558  12.985164 1.000000 
1726.653239  12.985105 1.000000 
1726.653920  12.985482 1.000000 
1726.654601  12.985102 1.000000 
1726.655282  12.985613 1.000000 
1726.655964  12.985843 1.000000 
1726.656645  12.983931 1.000000 
1726.657326  12.984795 1.000000 
1726.658007  12.984588 1.000000 
1726.658688  12.985324 1.000000 
1726.659369  12.985075 1.000000 
1726.660051  12.984961 1.000000 
1726.660732  12.984334 1.000000 
1726.661413  12.985072 1.000000 
1726.662094  12.982948 1.000000 
1726.662775  12.983942 1.000000 
1726.663456  12.984340 1.000000 
1726.664137  12.983036 1.000000 
1726.664819  12.983981 1.000000 
1726.665500  12.983276 1.000000 
1726.666181  12.984858 1.000000 
1726.666862  12.984799 1.000000 
1726.667543  12.984259 1.000000 
1726.668224  12.983641 1.000000 
1726.668905  12.983591 1.000000 
1726.669587  12.984903 1.000000 
1726.670268  12.984324 1.000000 
1726.670949  12.984585 1.000000 
1726.671630  12.983580 1.000000 
1726.672311  12.983974 1.000000 
1726.672992  12.984179 1.000000 
1726.673673  12.984155 1.000000 
1726.674354  12.985319 1.000000 
1726.675036  12.984469 1.000000 
1726.675717  12.983525 1.000000 
1726.676398  12.985112 1.000000 
1726.677079  12.985593 1.000000 
1726.677760  12.985401 1.000000 
1726.678441  12.984372 1.000000 
1726.679123  12.985403 1.000000 
1726.679804  12.984164 1.000000 
1726.680485  12.984539 1.000000 
1726.681166  12.984976 1.000000 
1726.681847  12.985361 1.000000 
1726.682528  12.984959 1.000000 
1726.683209  12.984810 1.000000 
1726.683890  12.984594 1.000000 
1726.684572  12.984728 1.000000 
1726.685253  12.985086 1.000000 
1726.685934  12.984256 1.000000 
1726.686615  12.985713 1.000000 
1726.687296  12.984981 1.000000 
1726.687977  12.985692 1.000000 
1726.688659  12.984632 1.000000 
1726.689340  12.984968 1.000000 
1726.690021  12.984462 1.000000 
1726.690702  12.984999 1.000000 
1726.691383  12.984908 1.000000 
1726.692064  12.985154 1.000000 
1726.692745  12.982949 1.000000 
1726.693427  12.984716 1.000000 
1726.694108  12.983611 1.000000 
1726.694789  12.985144 1.000000 
1726.695470  12.985169 1.000000 
1726.696151  12.984773 1.000000 
1726.696832  12.984411 1.000000 
1726.697513  12.986221 1.000000 
1726.698195  12.984573 1.000000 
1726.698876  12.986188 1.000000 
1726.699557  12.985883 1.000000 
1726.700238  12.986404 1.000000 
1726.700919  12.985324 1.000000 
1726.701600  12.985434 1.000000 
1726.702281  12.984125 1.000000 
1726.702962  12.984539 1.000000 
1726.703644  12.984961 1.000000 
1726.704325  12.986085 1.000000 
1726.705006  12.985457 1.000000 
1726.705687  12.985828 1.000000 
1726.706368  12.985563 1.000000 
1726.707049  12.983358 1.000000 
1726.707730  12.984380 1.000000 
1726.708412  12.984838 1.000000 
1726.709093  12.983049 1.000000 
1726.709774  12.984521 1.000000 
1726.710455  12.984903 1.000000 
1726.711136  12.984605 1.000000 
1726.711817  12.985921 1.000000 
1726.712498  12.984377 1.000000 
1726.713180  12.984727 1.000000 
1726.713861  12.985551 1.000000 
1726.714542  12.983431 1.000000 
1726.715223  12.984882 1.000000 
1726.715904  12.983237 1.000000 
1726.716585  12.984572 1.000000 
1726.717266  12.984309 1.000000 
1726.717948  12.984620 1.000000 
1726.718629  12.984988 1.000000 
1726.719310  12.984826 1.000000 
1726.719991  12.984321 1.000000 
1726.720672  12.985372 1.000000 
1726.721353  12.985805 1.000000 
1726.722034  12.984772 1.000000 
1726.722715  12.984348 1.000000 
1726.723397  12.985801 1.000000 
1726.724078  12.985306 1.000000 
1726.724759  12.985574 1.000000 
1726.725440  12.984497 1.000000 
1726.726121  12.984226 1.000000 
1726.726802  12.984447 1.000000 
1726.727484  12.985310 1.000000 
1726.728165  12.984244 1.000000 
1726.728846  12.984823 1.000000 
1726.729527  12.983672 1.000000 
1726.730208  12.984230 1.000000 
1726.730889  12.985665 1.000000 
1726.731570  12.985125 1.000000 
1726.732252  12.985217 1.000000 
1726.732933  12.985597 1.000000 
1726.733614  12.984056 1.000000 
1726.734295  12.984553 1.000000 
1726.734976  12.984900 1.000000 
1726.735657  12.984648 1.000000 
1726.736338  12.985591 1.000000 
1726.737020  12.985676 1.000000 
1726.737701  12.984799 1.000000 
1726.738382  12.984109 1.000000 
1726.739063  12.985080 1.000000 
1726.739744  12.986121 1.000000 
1726.740425  12.984713 1.000000 
1726.741106  12.985021 1.000000 
1726.741787  12.984933 1.000000 
1726.742469  12.983841 1.000000 
1726.743150  12.985372 1.000000 
1726.743831  12.984715 1.000000 
1726.744512  12.985376 1.000000 
1726.745193  12.985599 1.000000 
1726.745874  12.984234 1.000000 
1726.746556  12.984728 1.000000 
1726.747237  12.985503 1.000000 
1726.747918  12.984990 1.000000 
1726.748599  12.984950 1.000000 
1726.749280  12.984109 1.000000 
1726.749961  12.985583 1.000000 
1726.750642  12.984597 1.000000 
1726.751323  12.984551 1.000000 
1726.752005  12.985392 1.000000 
1726.752686  12.985371 1.000000 
1726.753367  12.984386 1.000000 
1726.754048  12.984883 1.000000 
1726.754729  12.983924 1.000000 
1726.755410  12.984241 1.000000 
1726.756092  12.983986 1.000000 
1726.756773  12.984877 1.000000 
1726.757454  12.984744 1.000000 
1726.758135  12.985420 1.000000 
1726.758816  12.983906 1.000000 
1726.759497  12.984789 1.000000 
1726.760178  12.985996 1.000000 
1726.760859  12.985056 1.000000 
1726.761541  12.985075 1.000000 
1726.762222  12.983798 1.000000 
1726.762903  12.984390 1.000000 
1726.763584  12.983953 1.000000 
1726.764265  12.985203 1.000000 
1726.764946  12.984618 1.000000 
1726.765628  12.985333 1.000000 
1726.766309  12.985278 1.000000 
1726.766990  12.985032 1.000000 
1726.767671  12.984240 1.000000 
1726.768352  12.984249 1.000000 
1726.769033  12.985498 1.000000 
1726.769714  12.985173 1.000000 
1726.770395  12.983926 1.000000 
1726.771077  12.984453 1.000000 
1726.771758  12.985715 1.000000 
1726.772439  12.984240 1.000000 
1726.773120  12.984753 1.000000 
1726.773801  12.984332 1.000000 
1726.774482  12.985040 1.000000 
1726.775163  12.984288 1.000000 
1726.775845  12.985674 1.000000 
1726.776526  12.984924 1.000000 
1726.777207  12.985287 1.000000 
1726.777888  12.985351 1.000000 
1726.778569  12.985544 1.000000 
1726.779250  12.984823 1.000000 
1726.779931  12.984828 1.000000 
1726.780613  12.985275 1.000000 
1726.781294  12.985545 1.000000 
1726.781975  12.984849 1.000000 
1726.782656  12.983634 1.000000 
1726.783337  12.984670 1.000000 
1726.784018  12.985286 1.000000 
1726.784699  12.984874 1.000000 
1726.785381  12.984942 1.000000 
1726.786062  12.985422 1.000000 
1726.786743  12.985485 1.000000 
1726.787424  12.985042 1.000000 
1726.788105  12.986647 1.000000 
1726.788786  12.985503 1.000000 
1726.789467  12.984598 1.000000 
1726.790148  12.985015 1.000000 
1726.790830  12.984566 1.000000 
1726.791511  12.985222 1.000000 
1726.792192  12.985474 1.000000 
1726.792873  12.985379 1.000000 
1726.793554  12.984586 1.000000 
1726.794235  12.986537 1.000000 
1726.794917  12.985920 1.000000 
1726.795598  12.984163 1.000000 
1726.796279  12.984858 1.000000 
1726.796960  12.986646 1.000000 
1726.797641  12.985177 1.000000 
1726.798322  12.984823 1.000000 
1726.799003  12.984443 1.000000 
1726.799685  12.985443 1.000000 
1726.800366  12.985823 1.000000 
1726.801047  12.984491 1.000000 
1726.801728  12.986073 1.000000 
1726.802409  12.985342 1.000000 
1726.803090  12.985487 1.000000 
1726.803771  12.985187 1.000000 
1726.804453  12.983945 1.000000 
1726.805134  12.983827 1.000000 
1726.805815  12.984280 1.000000 
1726.806496  12.984316 1.000000 
1726.807177  12.983803 1.000000 
1726.807858  12.983358 1.000000 
1726.808539  12.983868 1.000000 
1726.809221  12.983428 1.000000 
1726.809902  12.984982 1.000000 
1726.810583  12.985135 1.000000 
1726.811264  12.984858 1.000000 
1726.811945  12.985390 1.000000 
1726.812626  12.984696 1.000000 
1726.813307  12.986370 1.000000 
1726.813989  12.984734 1.000000 
1726.814670  12.984543 1.000000 
1726.815351  12.984120 1.000000 
1726.816032  12.983935 1.000000 
1726.816713  12.985794 1.000000 
1726.817394  12.983446 1.000000 
1726.818075  12.986040 1.000000 
1726.818756  12.985299 1.000000 
1726.819438  12.985768 1.000000 
1726.820119  12.985821 1.000000 
1726.820800  12.986008 1.000000 
1726.821481  12.984995 1.000000 
1726.822162  12.985622 1.000000 
1726.822843  12.985177 1.000000 
1726.823524  12.984976 1.000000 
1726.824206  12.985558 1.000000 
1726.824887  12.985621 1.000000 
1726.825568  12.985449 1.000000 
1726.826249  12.985490 1.000000 
1726.826930  12.985843 1.000000 
1726.827611  12.985241 1.000000 
1726.828292  12.984612 1.000000 
1726.828974  12.984261 1.000000 
1726.829655  12.986038 1.000000 
1726.830336  12.985051 1.000000 
1726.831017  12.984803 1.000000 
1726.831698  12.984918 1.000000 
1726.832379  12.985097 1.000000 
1726.833061  12.985247 1.000000 
1726.833742  12.985241 1.000000 
1726.834423  12.984557 1.000000 
1726.835104  12.984692 1.000000 
1726.835785  12.984640 1.000000 
1726.836466  12.983629 1.000000 
1726.837147  12.985475 1.000000 
1726.837828  12.985566 1.000000 
1726.838510  12.984112 1.000000 
1726.839191  12.985274 1.000000 
1726.839872  12.984501 1.000000 
1726.840553  12.983504 1.000000 
1726.841234  12.984642 1.000000 
1726.841915  12.984381 1.000000 
1726.842596  12.985923 1.000000 
1726.843278  12.984225 1.000000 
1726.843959  12.985364 1.000000 
1726.844640  12.985064 1.000000 
1726.845321  12.984233 1.000000 
1726.846002  12.985124 1.000000 
1726.846683  12.985131 1.000000 
1726.847364  12.985701 1.000000 
1726.848046  12.984357 1.000000 
1726.848727  12.984395 1.000000 
1726.849408  12.983696 1.000000 
1726.850089  12.984176 1.000000 
1726.850770  12.984771 1.000000 
1726.851451  12.984245 1.000000 
1726.852132  12.983969 1.000000 
1726.852814  12.984890 1.000000 
1726.853495  12.983997 1.000000 
1726.854176  12.984251 1.000000 
1726.854857  12.983133 1.000000 
1726.855538  12.985051 1.000000 
1726.856219  12.985174 1.000000 
1726.856900  12.984692 1.000000 
1726.857581  12.984629 1.000000 
1726.858263  12.984873 1.000000 
1726.858944  12.985650 1.000000 
1726.859625  12.982983 1.000000 
1726.860306  12.983752 1.000000 
1726.860987  12.984835 1.000000 
1726.861668  12.985313 1.000000 
1726.862350  12.985820 1.000000 
1726.863031  12.984634 1.000000 
1726.863712  12.985908 1.000000 
1726.864393  12.984851 1.000000 
1726.865074  12.985659 1.000000 
1726.865755  12.984626 1.000000 
1726.866436  12.985139 1.000000 
1726.867118  12.985286 1.000000 
1726.867799  12.984496 1.000000 
1726.868480  12.985111 1.000000 
1726.869161  12.986134 1.000000 
1726.869842  12.985539 1.000000 
1726.870523  12.985068 1.000000 
1726.871204  12.984422 1.000000 
1726.871886  12.984474 1.000000 
1726.872567  12.985013 1.000000 
1726.873248  12.986032 1.000000 
1726.873929  12.985978 1.000000 
1726.874610  12.986039 1.000000 
1726.875291  12.984228 1.000000 
1726.875972  12.986021 1.000000 
1726.876653  12.984127 1.000000 
1726.877335  12.984929 1.000000 
1726.878016  12.983656 1.000000 
1726.878697  12.985138 1.000000 
1726.879378  12.985638 1.000000 
1726.880059  12.984806 1.000000 
1726.880740  12.985533 1.000000 
1726.881421  12.984503 1.000000 
1726.882103  12.984148 1.000000 
1726.882784  12.985595 1.000000 
1726.883465  12.984850 1.000000 
1726.884146  12.984265 1.000000 
1726.884827  12.985053 1.000000 
1726.885508  12.985170 1.000000 
1726.886189  12.984245 1.000000 
1726.886871  12.984420 1.000000 
1726.887552  12.985244 1.000000 
1726.888233  12.984797 1.000000 
1726.888914  12.983825 1.000000 
1726.889595  12.985163 1.000000 
1726.890276  12.985631 1.000000 
1726.890957  12.985197 1.000000 
1726.891639  12.984587 1.000000 
1726.892320  12.984604 1.000000 
1726.893001  12.985862 1.000000 
1726.893682  12.984728 1.000000 
1726.894363  12.983117 1.000000 
1726.895044  12.985896 1.000000 
1726.895726  12.985163 1.000000 
1726.896407  12.984104 1.000000 
1726.897088  12.984971 1.000000 
1726.897769  12.984467 1.000000 
1726.898450  12.984587 1.000000 
1726.899131  12.984566 1.000000 
1726.899812  12.984613 1.000000 
1726.900494  12.984255 1.000000 
1726.901175  12.984024 1.000000 
1726.901856  12.984576 1.000000 
1726.902537  12.984497 1.000000 
1726.903218  12.984846 1.000000 
1726.903899  12.984122 1.000000 
1726.904580  12.985807 1.000000 
1726.905261  12.985128 1.000000 
1726.905943  12.983250 1.000000 
1726.906624  12.985107 1.000000 
1726.907305  12.984496 1.000000 
1726.907986  12.985289 1.000000 
1726.908667  12.984679 1.000000 
1726.909348  12.984220 1.000000 
1726.910029  12.985377 1.000000 
1726.910711  12.985304 1.000000 
1726.911392  12.983868 1.000000 
1726.912073  12.985938 1.000000 
1726.912754  12.985949 1.000000 
1726.913435  12.985216 1.000000 
1726.914116  12.984216 1.000000 
1726.914797  12.984718 1.000000 
1726.915479  12.985938 1.000000 
1726.916160  12.985221 1.000000 
1726.916841  12.986154 1.000000 
1726.917522  12.983916 1.000000 
1726.918203  12.985349 1.000000 
1726.918884  12.985713 1.000000 
1726.919565  12.985312 1.000000 
1726.920247  12.984921 1.000000 
1726.920928  12.985785 1.000000 
1726.921609  12.985928 1.000000 
1726.922290  12.985066 1.000000 
1726.922971  12.985549 1.000000 
1726.923652  12.986035 1.000000 
1726.924333  12.984352 1.000000 
1726.925014  12.985077 1.000000 
1726.925696  12.985632 1.000000 
1726.926377  12.986152 1.000000 
1726.927058  12.985208 1.000000 
1726.927739  12.984954 1.000000 
1726.928420  12.985309 1.000000 
1726.929101  12.986429 1.000000 
1726.929783  12.986144 1.000000 
1726.930464  12.984283 1.000000 
1726.931145  12.985638 1.000000 
1726.931826  12.984454 1.000000 
1726.932507  12.985763 1.000000 
1726.933188  12.984413 1.000000 
1726.933869  12.985211 1.000000 
1726.934551  12.986124 1.000000 
1726.935232  12.985808 1.000000 
1726.935913  12.985509 1.000000 
1726.936594  12.986063 1.000000 
1726.937275  12.984493 1.000000 
1726.937956  12.985369 1.000000 
1726.938637  12.985189 1.000000 
1726.939319  12.984374 1.000000 
1726.940000  12.985619 1.000000 
1726.940681  12.984311 1.000000 
1726.941362  12.984899 1.000000 
1726.942043  12.985091 1.000000 
1726.942724  12.983019 1.000000 
1726.943405  12.986451 1.000000 
1726.944086  12.985020 1.000000 
1726.944768  12.985655 1.000000 
1726.945449  12.984634 1.000000 
1726.946130  12.985307 1.000000 
1726.946811  12.984715 1.000000 
1726.947492  12.984024 1.000000 
1726.948173  12.985147 1.000000 
1726.948855  12.985312 1.000000 
1726.949536  12.983852 1.000000 
1726.950217  12.984735 1.000000 
1726.950898  12.984673 1.000000 
1726.951579  12.983745 1.000000 
1726.952260  12.984765 1.000000 
1726.952941  12.985811 1.000000 
1726.953622  12.985810 1.000000 
1726.954304  12.982702 1.000000 
1726.954985  12.985724 1.000000 
1726.955666  12.983728 1.000000 
1726.956347  12.984051 1.000000 
1726.957028  12.985128 1.000000 
1726.957709  12.984489 1.000000 
1726.958390  12.984298 1.000000 
1726.959072  12.984217 1.000000 
1726.959753  12.983884 1.000000 
1726.960434  12.985168 1.000000 
1726.961115  12.985647 1.000000 
1726.961796  12.984828 1.000000 
1726.962477  12.984208 1.000000 
1726.963158  12.986017 1.000000 
1726.963840  12.985534 1.000000 
1726.964521  12.985747 1.000000 
1726.965202  12.984388 1.000000 
1726.965883  12.984510 1.000000 
1726.966564  12.985933 1.000000 
1726.967245  12.984865 1.000000 
1726.967926  12.984817 1.000000 
1726.968608  12.984824 1.000000 
1726.969289  12.984255 1.000000 
1726.969970  12.984097 1.000000 
1726.970651  12.985055 1.000000 
1726.971332  12.984890 1.000000 
1726.972013  12.984217 1.000000 
1726.972694  12.984317 1.000000 
1726.973376  12.985846 1.000000 
1726.974057  12.985580 1.000000 
1726.974738  12.984340 1.000000 
1726.975419  12.984501 1.000000 
1726.976100  12.985125 1.000000 
1726.976781  12.985856 1.000000 
1726.977462  12.985214 1.000000 
1726.978144  12.984399 1.000000 
1726.978825  12.985307 1.000000 
1726.979506  12.984896 1.000000 
1726.980187  12.985734 1.000000 
1726.980868  12.984351 1.000000 
1726.981549  12.985832 1.000000 
1726.982230  12.984544 1.000000 
1726.982912  12.984580 1.000000 
1726.983593  12.984284 1.000000 
1726.984274  12.984519 1.000000 
1726.984955  12.985562 1.000000 
1726.985636  12.984173 1.000000 
1726.986317  12.984618 1.000000 
1726.986998  12.984439 1.000000 
1726.987680  12.984582 1.000000 
1726.988361  12.985968 1.000000 
1726.989042  12.983915 1.000000 
1726.989723  12.984336 1.000000 
1726.990404  12.984386 1.000000 
1726.991085  12.985839 1.000000 
1726.991766  12.984566 1.000000 
1726.992448  12.985288 1.000000 
1726.993129  12.984753 1.000000 
1726.993810  12.983891 1.000000 
1726.994491  12.985621 1.000000 
1726.995172  12.984808 1.000000 
1726.995853  12.984843 1.000000 
1726.996534  12.983858 1.000000 
1726.997216  12.984794 1.000000 
1726.997897  12.984415 1.000000 
1726.998578  12.986416 1.000000 
1726.999259  12.986196 1.000000 
1726.999940  12.985145 1.000000 
1727.000621  12.985572 1.000000 
1727.001302  12.985346 1.000000 
1727.001984  12.985636 1.000000 
1727.002665  12.985538 1.000000 
1727.003346  12.984891 1.000000 
1727.004027  12.985471 1.000000 
1727.004708  12.985012 1.000000 
1727.005389  12.983912 1.000000 
1727.006070  12.983128 1.000000 
1727.006752  12.984255 1.000000 
1727.007433  12.987018 1.000000 
1727.008114  12.985098 1.000000 
1727.008795  12.984953 1.000000 
1727.009476  12.985807 1.000000 
1727.010157  12.984468 1.000000 
1727.010838  12.986210 1.000000 
1727.011519  12.984652 1.000000 
1727.012201  12.985819 1.000000 
1727.012882  12.985447 1.000000 
1727.013563  12.984211 1.000000 
1727.014244  12.984902 1.000000 
1727.014925  12.985115 1.000000 
1727.015606  12.983614 1.000000 
1727.016288  12.984758 1.000000 
1727.016969  12.985177 1.000000 
1727.017650  12.985496 1.000000 
1727.018331  12.984982 1.000000 
1727.019012  12.986304 1.000000 
1727.019693  12.983987 1.000000 
1727.020374  12.985274 1.000000 
1727.021055  12.986365 1.000000 
1727.021737  12.984341 1.000000 
1727.022418  12.986083 1.000000 
1727.023099  12.984450 1.000000 
1727.023780  12.986595 1.000000 
1727.024461  12.985213 1.000000 
1727.025142  12.985083 1.000000 
1727.025823  12.985062 1.000000 
1727.026505  12.984306 1.000000 
1727.027186  12.985109 1.000000 
1727.027867  12.983591 1.000000 
1727.028548  12.984971 1.000000 
1727.029229  12.985546 1.000000 
1727.029910  12.984762 1.000000 
1727.030591  12.984134 1.000000 
1727.031273  12.985171 1.000000 
1727.031954  12.983868 1.000000 
1727.032635  12.985262 1.000000 
1727.033316  12.985128 1.000000 
1727.033997  12.984925 1.000000 
1727.034678  12.983700 1.000000 
1727.035360  12.984009 1.000000 
1727.036041  12.983247 1.000000 
1727.036722  12.983724 1.000000 
1727.037403  12.985231 1.000000 
1727.038084  12.985574 1.000000 
1727.038765  12.984124 1.000000 
1727.039446  12.985172 1.000000 
1727.040127  12.983997 1.000000 
1727.040809  12.984257 1.000000 
1727.041490  12.984535 1.000000 
1727.042171  12.984605 1.000000 
1727.042852  12.984354 1.000000 
1727.043533  12.984090 1.000000 
1727.044214  12.983748 1.000000 
1727.044895  12.985479 1.000000 
1727.045577  12.984377 1.000000 
1727.046258  12.983314 1.000000 
1727.046939  12.983880 1.000000 
1727.047620  12.985156 1.000000 
1727.048301  12.985365 1.000000 
1727.048982  12.984414 1.000000 
1727.049663  12.986537 1.000000 
1727.050345  12.984675 1.000000 
1727.051026  12.984706 1.000000 
1727.051707  12.982892 1.000000 
1727.052388  12.984878 1.000000 
1727.053069  12.984978 1.000000 
1727.053750  12.985354 1.000000 
1727.054431  12.983879 1.000000 
1727.055113  12.985982 1.000000 
1727.055794  12.984238 1.000000 
1727.056475  12.986141 1.000000 
1727.057156  12.985633 1.000000 
1727.057837  12.985196 1.000000 
1727.058518  12.985129 1.000000 
1727.059199  12.984233 1.000000 
1727.059881  12.984069 1.000000 
1727.060562  12.984734 1.000000 
1727.061243  12.984476 1.000000 
1727.061924  12.984451 1.000000 
1727.062605  12.984879 1.000000 
1727.063286  12.985127 1.000000 
1727.063967  12.985497 1.000000 
1727.064648  12.984389 1.000000 
1727.065330  12.986076 1.000000 
1727.066011  12.984512 1.000000 
1727.066692  12.985332 1.000000 
1727.067373  12.984841 1.000000 
1727.068054  12.985347 1.000000 
1727.068735  12.985861 1.000000 
1727.069417  12.985159 1.000000 
1727.070098  12.984869 1.000000 
1727.070779  12.985803 1.000000 
1727.071460  12.985883 1.000000 
1727.072141  12.984559 1.000000 
1727.072822  12.984986 1.000000 
1727.073503  12.984812 1.000000 
1727.074185  12.985640 1.000000 
1727.074866  12.985298 1.000000 
1727.075547  12.984125 1.000000 
1727.076228  12.985571 1.000000 
1727.076909  12.985430 1.000000 
1727.077590  12.985040 1.000000 
1727.078271  12.983858 1.000000 
1727.078953  12.983319 1.000000 
1727.079634  12.984875 1.000000 
1727.080315  12.984186 1.000000 
1727.080996  12.985052 1.000000 
1727.081677  12.984539 1.000000 
1727.082358  12.984133 1.000000 
1727.083039  12.985126 1.000000 
1727.083720  12.983981 1.000000 
1727.084402  12.984337 1.000000 
1727.085083  12.983875 1.000000 
1727.085764  12.984520 1.000000 
1727.086445  12.984013 1.000000 
1727.087126  12.984800 1.000000 
1727.087807  12.985255 1.000000 
1727.088489  12.985446 1.000000 
1727.089170  12.985292 1.000000 
1727.089851  12.983706 1.000000 
1727.090532  12.984196 1.000000 
1727.091213  12.984804 1.000000 
1727.091894  12.984214 1.000000 
1727.092575  12.984613 1.000000 
1727.093256  12.985121 1.000000 
1727.093938  12.985642 1.000000 
1727.094619  12.984408 1.000000 
1727.095300  12.984895 1.000000 
1727.095981  12.984675 1.000000 
1727.096662  12.985344 1.000000 
1727.097343  12.984675 1.000000 
1727.098025  12.984255 1.000000 
1727.098706  12.984509 1.000000 
1727.099387  12.983932 1.000000 
1727.100068  12.986281 1.000000 
1727.100749  12.985157 1.000000 
1727.101430  12.983778 1.000000 
1727.102111  12.985740 1.000000 
1727.102793  12.984727 1.000000 
1727.103474  12.983924 1.000000 
1727.104155  12.985865 1.000000 
1727.104836  12.984076 1.000000 
1727.105517  12.985825 1.000000 
1727.106198  12.984375 1.000000 
1727.106879  12.985029 1.000000 
1727.107560  12.984978 1.000000 
1727.108242  12.984883 1.000000 
1727.108923  12.984188 1.000000 
1727.109604  12.984052 1.000000 
1727.110285  12.985384 1.000000 
1727.110966  12.984729 1.000000 
1727.111647  12.984639 1.000000 
1727.112328  12.984607 1.000000 
1727.113010  12.985128 1.000000 
1727.113691  12.985290 1.000000 
1727.114372  12.985347 1.000000 
1727.115053  12.985125 1.000000 
1727.115734  12.985514 1.000000 
1727.116415  12.985012 1.000000 
1727.117096  12.985067 1.000000 
1727.117778  12.984726 1.000000 
1727.118459  12.985035 1.000000 
1727.119140  12.985403 1.000000 
1727.119821  12.984828 1.000000 
1727.120502  12.984541 1.000000 
1727.121183  12.984456 1.000000 
1727.121864  12.984827 1.000000 
1727.122546  12.984087 1.000000 
1727.123227  12.984428 1.000000 
1727.123908  12.983646 1.000000 
1727.124589  12.984209 1.000000 
1727.125270  12.984894 1.000000 
1727.125951  12.984623 1.000000 
1727.126632  12.984591 1.000000 
1727.127314  12.984722 1.000000 
1727.127995  12.985183 1.000000 
1727.128676  12.984808 1.000000 
1727.129357  12.984159 1.000000 
1727.130038  12.984613 1.000000 
1727.130719  12.985420 1.000000 
1727.131400  12.984643 1.000000 
1727.132081  12.984780 1.000000 
1727.132763  12.984784 1.000000 
1727.133444  12.984618 1.000000 
1727.134125  12.985598 1.000000 
1727.134806  12.983473 1.000000 
1727.135487  12.983900 1.000000 
1727.136168  12.985170 1.000000 
1727.136850  12.982870 1.000000 
1727.137531  12.985565 1.000000 
1727.138212  12.983935 1.000000 
1727.138893  12.983446 1.000000 
1727.139574  12.984710 1.000000 
1727.140255  12.984015 1.000000 
1727.140936  12.985108 1.000000 
1727.141618  12.985508 1.000000 
1727.142299  12.984645 1.000000 
1727.142980  12.985238 1.000000 
1727.143661  12.984278 1.000000 
1727.144342  12.984987 1.000000 
1727.145023  12.984358 1.000000 
1727.145704  12.984017 1.000000 
1727.146386  12.984465 1.000000 
1727.147067  12.984074 1.000000 
1727.147748  12.984811 1.000000 
1727.148429  12.984228 1.000000 
1727.149110  12.985950 1.000000 
1727.149791  12.986131 1.000000 
1727.150472  12.984356 1.000000 
1727.151154  12.985189 1.000000 
1727.151835  12.985410 1.000000 
1727.152516  12.984613 1.000000 
1727.153197  12.984967 1.000000 
1727.153878  12.985191 1.000000 
1727.154559  12.985684 1.000000 
1727.155240  12.985054 1.000000 
1727.155922  12.984766 1.000000 
1727.156603  12.985319 1.000000 
1727.157284  12.984133 1.000000 
1727.157965  12.985095 1.000000 
1727.158646  12.984438 1.000000 
1727.159327  12.983572 1.000000 
1727.160008  12.984471 1.000000 
1727.160689  12.985964 1.000000 
1727.161371  12.986425 1.000000 
1727.162052  12.985500 1.000000 
1727.162733  12.984932 1.000000 
1727.163414  12.985847 1.000000 
1727.164095  12.984401 1.000000 
1727.164776  12.985420 1.000000 
1727.165458  12.984609 1.000000 
1727.166139  12.983318 1.000000 
1727.166820  12.984099 1.000000 
1727.167501  12.984372 1.000000 
1727.168182  12.985011 1.000000 
1727.168863  12.985412 1.000000 
1727.169544  12.984257 1.000000 
1727.170225  12.985024 1.000000 
1727.170907  12.984320 1.000000 
1727.171588  12.985113 1.000000 
1727.172269  12.986696 1.000000 
1727.172950  12.985232 1.000000 
1727.173631  12.984423 1.000000 
1727.174312  12.984184 1.000000 
1727.174994  12.983547 1.000000 
1727.175675  12.984168 1.000000 
1727.176356  12.984024 1.000000 
1727.177037  12.982743 1.000000 
1727.177718  12.984143 1.000000 
1727.178399  12.983356 1.000000 
1727.179080  12.984095 1.000000 
1727.179761  12.984321 1.000000 
1727.180443  12.985881 1.000000 
1727.181124  12.985002 1.000000 
1727.181805  12.984691 1.000000 
1727.182486  12.983559 1.000000 
