1630.891681  13.689314 1.000000 
1630.892362  13.687202 1.000000 
1630.893043  13.688982 1.000000 
1630.893724  13.687292 1.000000 
1630.894405  13.688890 1.000000 
1630.895087  13.688298 1.000000 
1630.895768  13.689776 1.000000 
1630.896449  13.688402 1.000000 
1630.897130  13.688547 1.000000 
1630.897811  13.689875 1.000000 
1630.898492  13.689168 1.000000 
1630.899173  13.687639 1.000000 
1630.899854  13.690359 1.000000 
1630.900535  13.687828 1.000000 
1630.901217  13.688856 1.000000 
1630.901898  13.691744 1.000000 
1630.902579  13.688851 1.000000 
1630.903260  13.688530 1.000000 
1630.903941  13.688862 1.000000 
1630.904622  13.688680 1.000000 
1630.905303  13.689667 1.000000 
1630.905985  13.687702 1.000000 
1630.906666  13.688586 1.000000 
1630.907347  13.688032 1.000000 
1630.908028  13.690088 1.000000 
1630.908709  13.688298 1.000000 
1630.909390  13.688996 1.000000 
1630.910071  13.689880 1.000000 
1630.910753  13.689110 1.000000 
1630.911434  13.690187 1.000000 
1630.912115  13.690250 1.000000 
1630.912796  13.688873 1.000000 
1630.913477  13.689713 1.000000 
1630.914158  13.689931 1.000000 
1630.914839  13.688288 1.000000 
1630.915520  13.688955 1.000000 
1630.916202  13.687661 1.000000 
1630.916883  13.689702 1.000000 
1630.917564  13.688667 1.000000 
1630.918245  13.690218 1.000000 
1630.918926  13.689376 1.000000 
1630.919607  13.688838 1.000000 
1630.920288  13.688580 1.000000 
1630.920969  13.688738 1.000000 
1630.921651  13.689325 1.000000 
1630.922332  13.688601 1.000000 
1630.923013  13.689595 1.000000 
1630.923694  13.689009 1.000000 
1630.924375  13.688062 1.000000 
1630.925056  13.688709 1.000000 
1630.925737  13.688526 1.000000 
1630.926419  13.688479 1.000000 
1630.927100  13.689575 1.000000 
1630.927781  13.687879 1.000000 
1630.928462  13.689037 1.000000 
1630.929143  13.690376 1.000000 
1630.929824  13.689044 1.000000 
1630.930505  13.690482 1.000000 
1630.931186  13.689811 1.000000 
1630.931867  13.689101 1.000000 
1630.932549  13.687597 1.000000 
1630.933230  13.688365 1.000000 
1630.933911  13.686358 1.000000 
1630.934592  13.689304 1.000000 
1630.935273  13.690045 1.000000 
1630.935954  13.688505 1.000000 
1630.936635  13.689524 1.000000 
1630.937317  13.687849 1.000000 
1630.937998  13.689486 1.000000 
1630.938679  13.688774 1.000000 
1630.939360  13.688863 1.000000 
1630.940041  13.688104 1.000000 
1630.940722  13.688868 1.000000 
1630.941403  13.689424 1.000000 
1630.942084  13.689642 1.000000 
1630.942766  13.688793 1.000000 
1630.943447  13.689023 1.000000 
1630.944128  13.689902 1.000000 
1630.944809  13.689184 1.000000 
1630.945490  13.688463 1.000000 
1630.946171  13.690454 1.000000 
1630.946852  13.687511 1.000000 
1630.947533  13.689281 1.000000 
1630.948215  13.688024 1.000000 
1630.948896  13.690141 1.000000 
1630.949577  13.688958 1.000000 
1630.950258  13.687588 1.000000 
1630.950939  13.689099 1.000000 
1630.951620  13.688920 1.000000 
1630.952301  13.690956 1.000000 
1630.952982  13.690322 1.000000 
1630.953664  13.688251 1.000000 
1630.954345  13.689932 1.000000 
1630.955026  13.688452 1.000000 
1630.955707  13.689230 1.000000 
1630.956388  13.689125 1.000000 
1630.957069  13.689844 1.000000 
1630.957750  13.688424 1.000000 
1630.958432  13.690135 1.000000 
1630.959113  13.688880 1.000000 
1630.959794  13.689458 1.000000 
1630.960475  13.687391 1.000000 
1630.961156  13.689981 1.000000 
1630.961837  13.687655 1.000000 
1630.962518  13.690055 1.000000 
1630.963199  13.688422 1.000000 
1630.963880  13.688688 1.000000 
1630.964562  13.689106 1.000000 
1630.965243  13.690091 1.000000 
1630.965924  13.688459 1.000000 
1630.966605  13.690319 1.000000 
1630.967286  13.688570 1.000000 
1630.967967  13.689083 1.000000 
1630.968648  13.689319 1.000000 
1630.969330  13.689858 1.000000 
1630.970011  13.690212 1.000000 
1630.970692  13.687361 1.000000 
1630.971373  13.688723 1.000000 
1630.972054  13.689614 1.000000 
1630.972735  13.688751 1.000000 
1630.973416  13.689672 1.000000 
1630.974097  13.689703 1.000000 
1630.974779  13.689058 1.000000 
1630.975460  13.688026 1.000000 
1630.976141  13.688262 1.000000 
1630.976822  13.689128 1.000000 
1630.977503  13.688951 1.000000 
1630.978184  13.689115 1.000000 
1630.978865  13.687475 1.000000 
1630.979546  13.689814 1.000000 
1630.980228  13.689152 1.000000 
1630.980909  13.688677 1.000000 
1630.981590  13.689051 1.000000 
1630.982271  13.688310 1.000000 
1630.982952  13.688943 1.000000 
1630.983633  13.688310 1.000000 
1630.984314  13.686247 1.000000 
1630.984995  13.690148 1.000000 
1630.985677  13.689690 1.000000 
1630.986358  13.687439 1.000000 
1630.987039  13.689476 1.000000 
1630.987720  13.687793 1.000000 
1630.988401  13.688236 1.000000 
1630.989082  13.688021 1.000000 
1630.989763  13.687051 1.000000 
1630.990445  13.689087 1.000000 
1630.991126  13.686749 1.000000 
1630.991807  13.688313 1.000000 
1630.992488  13.689495 1.000000 
1630.993169  13.688278 1.000000 
1630.993850  13.688631 1.000000 
1630.994531  13.688647 1.000000 
1630.995212  13.689423 1.000000 
1630.995893  13.689028 1.000000 
1630.996575  13.689652 1.000000 
1630.997256  13.689810 1.000000 
1630.997937  13.689433 1.000000 
1630.998618  13.689358 1.000000 
1630.999299  13.688536 1.000000 
1630.999980  13.689180 1.000000 
1631.000662  13.689938 1.000000 
1631.001343  13.688848 1.000000 
1631.002024  13.690141 1.000000 
1631.002705  13.689747 1.000000 
1631.003386  13.691018 1.000000 
1631.004067  13.691677 1.000000 
1631.004748  13.688504 1.000000 
1631.005429  13.687521 1.000000 
1631.006111  13.689883 1.000000 
1631.006792  13.688857 1.000000 
1631.007473  13.689955 1.000000 
1631.008154  13.689022 1.000000 
1631.008835  13.688343 1.000000 
1631.009516  13.688128 1.000000 
1631.010197  13.689610 1.000000 
1631.010878  13.688929 1.000000 
1631.011560  13.691298 1.000000 
1631.012241  13.689962 1.000000 
1631.012922  13.690168 1.000000 
1631.013603  13.689175 1.000000 
1631.014284  13.687706 1.000000 
1631.014965  13.689461 1.000000 
1631.015646  13.689092 1.000000 
1631.016327  13.689478 1.000000 
1631.017009  13.688723 1.000000 
1631.017690  13.690117 1.000000 
1631.018371  13.687239 1.000000 
1631.019052  13.690290 1.000000 
1631.019733  13.688284 1.000000 
1631.020414  13.689281 1.000000 
1631.021095  13.688889 1.000000 
1631.021777  13.690451 1.000000 
1631.022458  13.688450 1.000000 
1631.023139  13.689467 1.000000 
1631.023820  13.689598 1.000000 
1631.024501  13.688876 1.000000 
1631.025182  13.689006 1.000000 
1631.025863  13.689597 1.000000 
1631.026544  13.688787 1.000000 
1631.027225  13.689178 1.000000 
1631.027907  13.687845 1.000000 
1631.028588  13.689274 1.000000 
1631.029269  13.689615 1.000000 
1631.029950  13.687809 1.000000 
1631.030631  13.688519 1.000000 
1631.031312  13.688481 1.000000 
1631.031993  13.687760 1.000000 
1631.032675  13.689888 1.000000 
1631.033356  13.688486 1.000000 
1631.034037  13.689161 1.000000 
1631.034718  13.687975 1.000000 
1631.035399  13.688400 1.000000 
1631.036080  13.688908 1.000000 
1631.036761  13.688756 1.000000 
1631.037442  13.690380 1.000000 
1631.038124  13.687080 1.000000 
1631.038805  13.688974 1.000000 
1631.039486  13.689222 1.000000 
1631.040167  13.687351 1.000000 
1631.040848  13.688251 1.000000 
1631.041529  13.690472 1.000000 
1631.042210  13.688527 1.000000 
1631.042891  13.689264 1.000000 
1631.043573  13.688362 1.000000 
1631.044254  13.688972 1.000000 
1631.044935  13.688276 1.000000 
1631.045616  13.689235 1.000000 
1631.046297  13.691471 1.000000 
1631.046978  13.690607 1.000000 
1631.047659  13.689131 1.000000 
1631.048340  13.689474 1.000000 
1631.049022  13.687633 1.000000 
1631.049703  13.689572 1.000000 
1631.050384  13.687529 1.000000 
1631.051065  13.689309 1.000000 
1631.051746  13.689974 1.000000 
1631.052427  13.689222 1.000000 
1631.053108  13.688620 1.000000 
1631.053790  13.688724 1.000000 
1631.054471  13.689644 1.000000 
1631.055152  13.689955 1.000000 
1631.055833  13.687946 1.000000 
1631.056514  13.689526 1.000000 
1631.057195  13.687117 1.000000 
1631.057876  13.690016 1.000000 
1631.058557  13.688012 1.000000 
1631.059239  13.689101 1.000000 
1631.059920  13.687531 1.000000 
1631.060601  13.688899 1.000000 
1631.061282  13.688937 1.000000 
1631.061963  13.689582 1.000000 
1631.062644  13.689138 1.000000 
1631.063325  13.690084 1.000000 
1631.064006  13.687538 1.000000 
1631.064688  13.689144 1.000000 
1631.065369  13.689003 1.000000 
1631.066050  13.687757 1.000000 
1631.066731  13.689834 1.000000 
1631.067412  13.689043 1.000000 
1631.068093  13.689024 1.000000 
1631.068774  13.690064 1.000000 
1631.069455  13.687864 1.000000 
1631.070137  13.688145 1.000000 
1631.070818  13.690662 1.000000 
1631.071499  13.689025 1.000000 
1631.072180  13.688822 1.000000 
1631.072861  13.690929 1.000000 
1631.073542  13.690964 1.000000 
1631.074223  13.690041 1.000000 
1631.074905  13.689487 1.000000 
1631.075586  13.689568 1.000000 
1631.076267  13.688370 1.000000 
1631.076948  13.688421 1.000000 
1631.077629  13.690160 1.000000 
1631.078310  13.688480 1.000000 
1631.078991  13.688164 1.000000 
1631.079672  13.688974 1.000000 
1631.080354  13.689454 1.000000 
1631.081035  13.688391 1.000000 
1631.081716  13.688734 1.000000 
1631.082397  13.688848 1.000000 
1631.083078  13.690078 1.000000 
1631.083759  13.689379 1.000000 
1631.084440  13.689137 1.000000 
1631.085122  13.690151 1.000000 
1631.085803  13.692095 1.000000 
1631.086484  13.689338 1.000000 
1631.087165  13.689499 1.000000 
1631.087846  13.688679 1.000000 
1631.088527  13.687828 1.000000 
1631.089208  13.687796 1.000000 
1631.089889  13.689134 1.000000 
1631.090571  13.689068 1.000000 
1631.091252  13.689341 1.000000 
1631.091933  13.688242 1.000000 
1631.092614  13.689363 1.000000 
1631.093295  13.689076 1.000000 
1631.093976  13.691089 1.000000 
1631.094657  13.690327 1.000000 
1631.095338  13.690121 1.000000 
1631.096020  13.689436 1.000000 
1631.096701  13.691381 1.000000 
1631.097382  13.687849 1.000000 
1631.098063  13.690939 1.000000 
1631.098744  13.689049 1.000000 
1631.099425  13.690718 1.000000 
1631.100106  13.688413 1.000000 
1631.100787  13.689161 1.000000 
1631.101469  13.687532 1.000000 
1631.102150  13.689106 1.000000 
1631.102831  13.688560 1.000000 
1631.103512  13.689214 1.000000 
1631.104193  13.687176 1.000000 
1631.104874  13.687465 1.000000 
1631.105555  13.688852 1.000000 
1631.106237  13.690302 1.000000 
1631.106918  13.688427 1.000000 
1631.107599  13.687956 1.000000 
1631.108280  13.688290 1.000000 
1631.108961  13.690111 1.000000 
1631.109642  13.688702 1.000000 
1631.110323  13.691208 1.000000 
1631.111004  13.688433 1.000000 
1631.111685  13.688831 1.000000 
1631.112367  13.688718 1.000000 
1631.113048  13.688257 1.000000 
1631.113729  13.688925 1.000000 
1631.114410  13.689230 1.000000 
1631.115091  13.688638 1.000000 
1631.115772  13.689124 1.000000 
1631.116453  13.689290 1.000000 
1631.117135  13.686987 1.000000 
1631.117816  13.688034 1.000000 
1631.118497  13.688584 1.000000 
1631.119178  13.688242 1.000000 
1631.119859  13.687815 1.000000 
1631.120540  13.688300 1.000000 
1631.121221  13.689225 1.000000 
1631.121902  13.688162 1.000000 
1631.122584  13.689448 1.000000 
1631.123265  13.690549 1.000000 
1631.123946  13.689098 1.000000 
1631.124627  13.689557 1.000000 
1631.125308  13.688787 1.000000 
1631.125989  13.687967 1.000000 
1631.126670  13.689266 1.000000 
1631.127351  13.690020 1.000000 
1631.128033  13.687936 1.000000 
1631.128714  13.689953 1.000000 
1631.129395  13.689802 1.000000 
1631.130076  13.690616 1.000000 
1631.130757  13.688762 1.000000 
1631.131438  13.688383 1.000000 
1631.132119  13.688902 1.000000 
1631.132800  13.689301 1.000000 
1631.133482  13.687780 1.000000 
1631.134163  13.691391 1.000000 
1631.134844  13.690689 1.000000 
1631.135525  13.687698 1.000000 
1631.136206  13.688605 1.000000 
1631.136887  13.689267 1.000000 
1631.137568  13.688719 1.000000 
1631.138250  13.688944 1.000000 
1631.138931  13.689639 1.000000 
1631.139612  13.689610 1.000000 
1631.140293  13.689346 1.000000 
1631.140974  13.689146 1.000000 
1631.141655  13.687340 1.000000 
1631.142336  13.689681 1.000000 
1631.143017  13.688223 1.000000 
1631.143698  13.690403 1.000000 
1631.144380  13.688169 1.000000 
1631.145061  13.691286 1.000000 
1631.145742  13.689578 1.000000 
1631.146423  13.689337 1.000000 
1631.147104  13.689690 1.000000 
1631.147785  13.687101 1.000000 
1631.148466  13.688784 1.000000 
1631.149148  13.689314 1.000000 
1631.149829  13.688623 1.000000 
1631.150510  13.689327 1.000000 
1631.151191  13.689186 1.000000 
1631.151872  13.688231 1.000000 
1631.152553  13.687799 1.000000 
1631.153234  13.689583 1.000000 
1631.153915  13.688473 1.000000 
1631.154597  13.689610 1.000000 
1631.155278  13.688969 1.000000 
1631.155959  13.687555 1.000000 
1631.156640  13.690565 1.000000 
1631.157321  13.688566 1.000000 
1631.158002  13.690288 1.000000 
1631.158683  13.688074 1.000000 
1631.159364  13.689492 1.000000 
1631.160046  13.688259 1.000000 
1631.160727  13.689143 1.000000 
1631.161408  13.687565 1.000000 
1631.162089  13.688405 1.000000 
1631.162770  13.688710 1.000000 
1631.163451  13.689381 1.000000 
1631.164132  13.690745 1.000000 
1631.164814  13.689233 1.000000 
1631.165495  13.689743 1.000000 
1631.166176  13.688231 1.000000 
1631.166857  13.689877 1.000000 
1631.167538  13.688799 1.000000 
1631.168219  13.689665 1.000000 
1631.168900  13.688293 1.000000 
1631.169582  13.690386 1.000000 
1631.170263  13.689615 1.000000 
1631.170944  13.686741 1.000000 
1631.171625  13.687803 1.000000 
1631.172306  13.690773 1.000000 
1631.172987  13.688850 1.000000 
1631.173668  13.689843 1.000000 
1631.174349  13.688496 1.000000 
1631.175030  13.688324 1.000000 
1631.175711  13.689453 1.000000 
1631.176393  13.688418 1.000000 
1631.177074  13.689919 1.000000 
1631.177755  13.689645 1.000000 
1631.178436  13.688696 1.000000 
1631.179117  13.689883 1.000000 
1631.179798  13.689639 1.000000 
1631.180480  13.687881 1.000000 
1631.181161  13.688028 1.000000 
1631.181842  13.689777 1.000000 
1631.182523  13.689172 1.000000 
1631.183204  13.690428 1.000000 
1631.183885  13.689466 1.000000 
1631.184566  13.690212 1.000000 
1631.185247  13.688856 1.000000 
1631.185929  13.687779 1.000000 
1631.186610  13.688158 1.000000 
1631.187291  13.687350 1.000000 
1631.187972  13.690172 1.000000 
1631.188653  13.689153 1.000000 
1631.189334  13.690184 1.000000 
1631.190015  13.688694 1.000000 
1631.190696  13.689233 1.000000 
1631.191378  13.688367 1.000000 
1631.192059  13.689905 1.000000 
1631.192740  13.689859 1.000000 
1631.193421  13.690259 1.000000 
1631.194102  13.688666 1.000000 
1631.194783  13.689781 1.000000 
1631.195464  13.688793 1.000000 
1631.196145  13.689856 1.000000 
1631.196827  13.686546 1.000000 
1631.197508  13.689083 1.000000 
1631.198189  13.690323 1.000000 
1631.198870  13.686664 1.000000 
1631.199551  13.689068 1.000000 
1631.200232  13.687893 1.000000 
1631.200913  13.688166 1.000000 
1631.201595  13.689549 1.000000 
1631.202276  13.688241 1.000000 
1631.202957  13.688128 1.000000 
1631.203638  13.689044 1.000000 
1631.204319  13.689154 1.000000 
1631.205000  13.688986 1.000000 
1631.205681  13.688711 1.000000 
1631.206362  13.690109 1.000000 
1631.207043  13.688248 1.000000 
1631.207725  13.689029 1.000000 
1631.208406  13.689169 1.000000 
1631.209087  13.689196 1.000000 
1631.209768  13.688825 1.000000 
1631.210449  13.687620 1.000000 
1631.211130  13.689821 1.000000 
1631.211811  13.688606 1.000000 
1631.212493  13.689199 1.000000 
1631.213174  13.687359 1.000000 
1631.213855  13.688955 1.000000 
1631.214536  13.688936 1.000000 
1631.215217  13.686975 1.000000 
1631.215898  13.690501 1.000000 
1631.216579  13.690290 1.000000 
1631.217260  13.689613 1.000000 
1631.217942  13.690761 1.000000 
1631.218623  13.688637 1.000000 
1631.219304  13.688789 1.000000 
1631.219985  13.687189 1.000000 
1631.220666  13.690094 1.000000 
1631.221347  13.688101 1.000000 
1631.222028  13.687548 1.000000 
1631.222709  13.687801 1.000000 
1631.223391  13.689820 1.000000 
1631.224072  13.689299 1.000000 
1631.224753  13.689883 1.000000 
1631.225434  13.689172 1.000000 
1631.226115  13.688542 1.000000 
1631.226796  13.688526 1.000000 
1631.227477  13.690259 1.000000 
1631.228158  13.687430 1.000000 
1631.228840  13.688591 1.000000 
1631.229521  13.687908 1.000000 
1631.230202  13.689219 1.000000 
1631.230883  13.689951 1.000000 
1631.231564  13.689633 1.000000 
1631.232245  13.688107 1.000000 
1631.232926  13.689137 1.000000 
1631.233608  13.688932 1.000000 
1631.234289  13.689093 1.000000 
1631.234970  13.690351 1.000000 
1631.235651  13.688939 1.000000 
1631.236332  13.689387 1.000000 
1631.237013  13.689614 1.000000 
1631.237694  13.689476 1.000000 
1631.238375  13.688721 1.000000 
1631.239057  13.688755 1.000000 
1631.239738  13.688824 1.000000 
1631.240419  13.688034 1.000000 
1631.241100  13.687856 1.000000 
1631.241781  13.689061 1.000000 
1631.242462  13.689134 1.000000 
1631.243143  13.689109 1.000000 
1631.243824  13.689620 1.000000 
1631.244506  13.689690 1.000000 
1631.245187  13.686830 1.000000 
1631.245868  13.688992 1.000000 
1631.246549  13.688457 1.000000 
1631.247230  13.688371 1.000000 
1631.247911  13.689530 1.000000 
1631.248592  13.689947 1.000000 
1631.249274  13.688583 1.000000 
1631.249955  13.688519 1.000000 
1631.250636  13.688049 1.000000 
1631.251317  13.689414 1.000000 
1631.251998  13.688339 1.000000 
1631.252679  13.686820 1.000000 
1631.253360  13.688905 1.000000 
1631.254041  13.688934 1.000000 
1631.254723  13.689163 1.000000 
1631.255404  13.688403 1.000000 
1631.256085  13.689191 1.000000 
1631.256766  13.690043 1.000000 
1631.257447  13.689209 1.000000 
1631.258128  13.689674 1.000000 
1631.258809  13.690172 1.000000 
1631.259490  13.688176 1.000000 
1631.260171  13.689541 1.000000 
1631.260853  13.690742 1.000000 
1631.261534  13.687878 1.000000 
1631.262215  13.689116 1.000000 
1631.262896  13.687891 1.000000 
1631.263577  13.687887 1.000000 
1631.264258  13.689878 1.000000 
1631.264940  13.688591 1.000000 
1631.265621  13.690269 1.000000 
1631.266302  13.688310 1.000000 
1631.266983  13.689158 1.000000 
1631.267664  13.689214 1.000000 
1631.268345  13.687746 1.000000 
1631.269026  13.689331 1.000000 
1631.269707  13.689620 1.000000 
1631.270389  13.689409 1.000000 
1631.271070  13.688418 1.000000 
1631.271751  13.689115 1.000000 
1631.272432  13.690902 1.000000 
1631.273113  13.686573 1.000000 
1631.273794  13.689430 1.000000 
1631.274475  13.689338 1.000000 
1631.275156  13.687902 1.000000 
1631.275838  13.688789 1.000000 
1631.276519  13.688255 1.000000 
1631.277200  13.689093 1.000000 
1631.277881  13.688009 1.000000 
1631.278562  13.688771 1.000000 
1631.279243  13.688988 1.000000 
1631.279924  13.688014 1.000000 
1631.280605  13.689798 1.000000 
1631.281287  13.691010 1.000000 
1631.281968  13.689049 1.000000 
1631.282649  13.689236 1.000000 
1631.283330  13.688890 1.000000 
1631.284011  13.687975 1.000000 
1631.284692  13.688295 1.000000 
1631.285373  13.688833 1.000000 
1631.286055  13.687655 1.000000 
1631.286736  13.689337 1.000000 
1631.287417  13.689696 1.000000 
1631.288098  13.689404 1.000000 
1631.288779  13.689616 1.000000 
1631.289460  13.688217 1.000000 
1631.290141  13.690578 1.000000 
1631.290822  13.688791 1.000000 
1631.291504  13.688206 1.000000 
1631.292185  13.687551 1.000000 
1631.292866  13.688013 1.000000 
1631.293547  13.689762 1.000000 
1631.294228  13.690601 1.000000 
1631.294909  13.691018 1.000000 
1631.295590  13.690917 1.000000 
1631.296271  13.688781 1.000000 
1631.296953  13.689280 1.000000 
1631.297634  13.689330 1.000000 
1631.298315  13.688328 1.000000 
1631.298996  13.689191 1.000000 
1631.299677  13.687927 1.000000 
1631.300358  13.687801 1.000000 
1631.301039  13.688667 1.000000 
1631.301721  13.689506 1.000000 
1631.302402  13.687544 1.000000 
1631.303083  13.690177 1.000000 
1631.303764  13.688815 1.000000 
1631.304445  13.688937 1.000000 
1631.305126  13.688489 1.000000 
1631.305807  13.687135 1.000000 
1631.306488  13.688066 1.000000 
1631.307169  13.688238 1.000000 
1631.307851  13.689718 1.000000 
1631.308532  13.688024 1.000000 
1631.309213  13.687933 1.000000 
1631.309894  13.687894 1.000000 
1631.310575  13.688711 1.000000 
1631.311256  13.688631 1.000000 
1631.311937  13.688591 1.000000 
1631.312618  13.687332 1.000000 
1631.313300  13.688193 1.000000 
1631.313981  13.688209 1.000000 
1631.314662  13.690382 1.000000 
1631.315343  13.690628 1.000000 
1631.316024  13.687756 1.000000 
1631.316705  13.689840 1.000000 
1631.317386  13.689559 1.000000 
1631.318068  13.689575 1.000000 
1631.318749  13.688929 1.000000 
1631.319430  13.689169 1.000000 
1631.320111  13.688071 1.000000 
1631.320792  13.689172 1.000000 
1631.321473  13.689503 1.000000 
1631.322154  13.687640 1.000000 
1631.322835  13.688297 1.000000 
1631.323517  13.689738 1.000000 
1631.324198  13.688138 1.000000 
1631.324879  13.687465 1.000000 
1631.325560  13.688244 1.000000 
1631.326241  13.686953 1.000000 
1631.326922  13.687088 1.000000 
1631.327603  13.689741 1.000000 
1631.328284  13.688704 1.000000 
1631.328966  13.688822 1.000000 
1631.329647  13.689465 1.000000 
1631.330328  13.691597 1.000000 
1631.331009  13.690620 1.000000 
1631.331690  13.687275 1.000000 
1631.332371  13.688566 1.000000 
1631.333052  13.689949 1.000000 
1631.333734  13.690769 1.000000 
1631.334415  13.687985 1.000000 
1631.335096  13.689368 1.000000 
1631.335777  13.689128 1.000000 
1631.336458  13.690535 1.000000 
1631.337139  13.689560 1.000000 
1631.337820  13.688715 1.000000 
1631.338501  13.688564 1.000000 
1631.339182  13.687907 1.000000 
1631.339864  13.687818 1.000000 
1631.340545  13.690189 1.000000 
1631.341226  13.688844 1.000000 
1631.341907  13.688614 1.000000 
1631.342588  13.689766 1.000000 
1631.343269  13.688253 1.000000 
1631.343950  13.688871 1.000000 
1631.344631  13.689677 1.000000 
1631.345313  13.687929 1.000000 
1631.345994  13.688166 1.000000 
1631.346675  13.689858 1.000000 
1631.347356  13.687385 1.000000 
1631.348037  13.689005 1.000000 
1631.348718  13.688641 1.000000 
1631.349400  13.689344 1.000000 
1631.350081  13.689748 1.000000 
1631.350762  13.690458 1.000000 
1631.351443  13.689567 1.000000 
1631.352124  13.689290 1.000000 
1631.352805  13.688386 1.000000 
1631.353486  13.688936 1.000000 
1631.354167  13.689268 1.000000 
1631.354849  13.688416 1.000000 
1631.355530  13.688861 1.000000 
1631.356211  13.688443 1.000000 
1631.356892  13.688370 1.000000 
1631.357573  13.688931 1.000000 
1631.358254  13.689940 1.000000 
1631.358935  13.689806 1.000000 
1631.359616  13.690166 1.000000 
1631.360298  13.687955 1.000000 
1631.360979  13.689854 1.000000 
1631.361660  13.687901 1.000000 
1631.362341  13.689203 1.000000 
1631.363022  13.687634 1.000000 
1631.363703  13.689142 1.000000 
1631.364384  13.688116 1.000000 
1631.365065  13.689139 1.000000 
1631.365747  13.688896 1.000000 
1631.366428  13.689020 1.000000 
1631.367109  13.689487 1.000000 
1631.367790  13.687233 1.000000 
1631.368471  13.690475 1.000000 
1631.369152  13.689180 1.000000 
1631.369833  13.689315 1.000000 
1631.370515  13.688910 1.000000 
1631.371196  13.688271 1.000000 
1631.371877  13.688955 1.000000 
1631.372558  13.688842 1.000000 
1631.373239  13.688669 1.000000 
1631.373920  13.689549 1.000000 
1631.374601  13.688352 1.000000 
1631.375282  13.687977 1.000000 
1631.375964  13.689289 1.000000 
1631.376645  13.689054 1.000000 
1631.377326  13.688418 1.000000 
1631.378007  13.689321 1.000000 
1631.378688  13.688815 1.000000 
1631.379369  13.689722 1.000000 
1631.380050  13.688227 1.000000 
1631.380731  13.689730 1.000000 
1631.381413  13.688776 1.000000 
1631.382094  13.689105 1.000000 
1631.382775  13.687141 1.000000 
1631.383456  13.688308 1.000000 
1631.384137  13.687919 1.000000 
1631.384818  13.689390 1.000000 
1631.385499  13.688082 1.000000 
1631.386181  13.690474 1.000000 
1631.386862  13.689576 1.000000 
1631.387543  13.689477 1.000000 
1631.388224  13.689528 1.000000 
1631.388905  13.686384 1.000000 
1631.389586  13.688406 1.000000 
1631.390267  13.688478 1.000000 
1631.390948  13.688015 1.000000 
1631.391629  13.688959 1.000000 
1631.392311  13.689959 1.000000 
1631.392992  13.688585 1.000000 
1631.393673  13.690758 1.000000 
1631.394354  13.689344 1.000000 
1631.395035  13.687745 1.000000 
1631.395716  13.689004 1.000000 
1631.396397  13.688523 1.000000 
1631.397078  13.689037 1.000000 
1631.397760  13.688988 1.000000 
1631.398441  13.690125 1.000000 
1631.399122  13.689985 1.000000 
1631.399803  13.690024 1.000000 
1631.400484  13.690074 1.000000 
1631.401165  13.689483 1.000000 
1631.401846  13.689428 1.000000 
1631.402528  13.688844 1.000000 
1631.403209  13.687815 1.000000 
1631.403890  13.689327 1.000000 
1631.404571  13.689395 1.000000 
1631.405252  13.688470 1.000000 
1631.405933  13.689344 1.000000 
1631.406614  13.690487 1.000000 
1631.407295  13.688758 1.000000 
1631.407977  13.690046 1.000000 
1631.408658  13.689672 1.000000 
1631.409339  13.685486 1.000000 
1631.410020  13.688288 1.000000 
1631.410701  13.689957 1.000000 
1631.411382  13.688826 1.000000 
1631.412063  13.690473 1.000000 
1631.412744  13.688614 1.000000 
1631.413426  13.690021 1.000000 
1631.414107  13.690157 1.000000 
1631.414788  13.688218 1.000000 
1631.415469  13.689762 1.000000 
1631.416150  13.689615 1.000000 
1631.416831  13.689386 1.000000 
1631.417512  13.688710 1.000000 
1631.418194  13.686607 1.000000 
1631.418875  13.689518 1.000000 
1631.419556  13.689470 1.000000 
1631.420237  13.688087 1.000000 
1631.420918  13.688868 1.000000 
1631.421599  13.689564 1.000000 
1631.422280  13.688759 1.000000 
1631.422961  13.688778 1.000000 
1631.423642  13.689125 1.000000 
1631.424324  13.688114 1.000000 
1631.425005  13.689153 1.000000 
1631.425686  13.689766 1.000000 
1631.426367  13.689434 1.000000 
1631.427048  13.689652 1.000000 
1631.427729  13.687889 1.000000 
1631.428410  13.689213 1.000000 
1631.429092  13.688622 1.000000 
1631.429773  13.689425 1.000000 
1631.430454  13.689067 1.000000 
1631.431135  13.690233 1.000000 
1631.431816  13.688408 1.000000 
1631.432497  13.689709 1.000000 
1631.433178  13.688870 1.000000 
1631.433860  13.689068 1.000000 
1631.434541  13.690540 1.000000 
1631.435222  13.688008 1.000000 
1631.435903  13.688465 1.000000 
1631.436584  13.689016 1.000000 
1631.437265  13.688090 1.000000 
1631.437946  13.689802 1.000000 
1631.438627  13.687820 1.000000 
1631.439309  13.688972 1.000000 
1631.439990  13.688519 1.000000 
1631.440671  13.688675 1.000000 
1631.441352  13.689732 1.000000 
1631.442033  13.689725 1.000000 
1631.442714  13.690008 1.000000 
1631.443395  13.689049 1.000000 
1631.444076  13.689304 1.000000 
1631.444758  13.690128 1.000000 
1631.445439  13.688275 1.000000 
1631.446120  13.689029 1.000000 
1631.446801  13.687712 1.000000 
1631.447482  13.688595 1.000000 
1631.448163  13.688909 1.000000 
1631.448844  13.690412 1.000000 
1631.449525  13.689960 1.000000 
1631.450207  13.688282 1.000000 
1631.450888  13.690720 1.000000 
1631.451569  13.689728 1.000000 
1631.452250  13.689011 1.000000 
1631.452931  13.689487 1.000000 
1631.453612  13.690359 1.000000 
1631.454293  13.689045 1.000000 
1631.454974  13.688572 1.000000 
1631.455656  13.689552 1.000000 
1631.456337  13.692135 1.000000 
1631.457018  13.690174 1.000000 
1631.457699  13.688829 1.000000 
1631.458380  13.691637 1.000000 
1631.459061  13.691694 1.000000 
1631.459742  13.690780 1.000000 
1631.460424  13.689316 1.000000 
1631.461105  13.691028 1.000000 
1631.461786  13.690094 1.000000 
1631.462467  13.689188 1.000000 
1631.463148  13.689522 1.000000 
1631.463829  13.689568 1.000000 
1631.464510  13.688943 1.000000 
1631.465191  13.689388 1.000000 
1631.465873  13.690609 1.000000 
1631.466554  13.691328 1.000000 
1631.467235  13.689586 1.000000 
1631.467916  13.691028 1.000000 
1631.468597  13.691113 1.000000 
1631.469278  13.690656 1.000000 
1631.469959  13.690335 1.000000 
1631.470641  13.689935 1.000000 
1631.471322  13.691007 1.000000 
1631.472003  13.690962 1.000000 
1631.472684  13.689896 1.000000 
1631.473365  13.691017 1.000000 
1631.474046  13.692194 1.000000 
1631.474727  13.692087 1.000000 
1631.475408  13.690701 1.000000 
1631.476089  13.690262 1.000000 
1631.476771  13.690479 1.000000 
1631.477452  13.691918 1.000000 
1631.478133  13.690958 1.000000 
1631.478814  13.693144 1.000000 
1631.479495  13.691679 1.000000 
1631.480176  13.690775 1.000000 
1631.480857  13.691601 1.000000 
1631.481539  13.693450 1.000000 
1631.482220  13.691007 1.000000 
1631.482901  13.693053 1.000000 
1631.483582  13.691908 1.000000 
1631.484263  13.693230 1.000000 
1631.484944  13.692543 1.000000 
1631.485625  13.692132 1.000000 
1631.486306  13.691492 1.000000 
1631.486988  13.690765 1.000000 
1631.487669  13.692304 1.000000 
1631.488350  13.691982 1.000000 
1631.489031  13.690187 1.000000 
1631.489712  13.690803 1.000000 
1631.490393  13.690788 1.000000 
1631.491074  13.691395 1.000000 
1631.491755  13.693458 1.000000 
1631.492437  13.691807 1.000000 
1631.493118  13.691076 1.000000 
1631.493799  13.691627 1.000000 
1631.494480  13.691629 1.000000 
1631.495161  13.689962 1.000000 
1631.495842  13.691944 1.000000 
1631.496523  13.691404 1.000000 
1631.497204  13.692147 1.000000 
1631.497886  13.691290 1.000000 
1631.498567  13.690110 1.000000 
1631.499248  13.693478 1.000000 
1631.499929  13.691822 1.000000 
1631.500610  13.690122 1.000000 
1631.501291  13.692580 1.000000 
1631.501972  13.692411 1.000000 
1631.502654  13.690866 1.000000 
1631.503335  13.691155 1.000000 
1631.504016  13.691439 1.000000 
1631.504697  13.689718 1.000000 
1631.505378  13.691092 1.000000 
1631.506059  13.691971 1.000000 
1631.506740  13.691082 1.000000 
1631.507421  13.692563 1.000000 
1631.508102  13.691042 1.000000 
1631.508784  13.691785 1.000000 
1631.509465  13.690612 1.000000 
1631.510146  13.690865 1.000000 
1631.510827  13.690425 1.000000 
1631.511508  13.692328 1.000000 
1631.512189  13.691493 1.000000 
1631.512870  13.690682 1.000000 
1631.513552  13.691569 1.000000 
1631.514233  13.690384 1.000000 
1631.514914  13.691171 1.000000 
1631.515595  13.691109 1.000000 
1631.516276  13.691517 1.000000 
1631.516957  13.690928 1.000000 
1631.517638  13.692398 1.000000 
1631.518320  13.689604 1.000000 
1631.519001  13.691232 1.000000 
1631.519682  13.690269 1.000000 
1631.520363  13.691599 1.000000 
1631.521044  13.688824 1.000000 
1631.521725  13.690495 1.000000 
1631.522406  13.690278 1.000000 
1631.523087  13.691839 1.000000 
1631.523769  13.690041 1.000000 
1631.524450  13.692133 1.000000 
1631.525131  13.691161 1.000000 
1631.525812  13.691076 1.000000 
1631.526493  13.691202 1.000000 
1631.527174  13.690001 1.000000 
1631.527855  13.689837 1.000000 
1631.528536  13.692191 1.000000 
1631.529218  13.689537 1.000000 
1631.529899  13.688934 1.000000 
1631.530580  13.688638 1.000000 
1631.531261  13.689868 1.000000 
1631.531942  13.691084 1.000000 
1631.532623  13.690434 1.000000 
1631.533304  13.688323 1.000000 
1631.533986  13.692507 1.000000 
1631.534667  13.687840 1.000000 
1631.535348  13.687718 1.000000 
1631.536029  13.689692 1.000000 
1631.536710  13.689247 1.000000 
1631.537391  13.688643 1.000000 
1631.538072  13.689610 1.000000 
1631.538753  13.688669 1.000000 
1631.539435  13.689168 1.000000 
1631.540116  13.689210 1.000000 
1631.540797  13.689596 1.000000 
1631.541478  13.687947 1.000000 
1631.542159  13.689930 1.000000 
1631.542840  13.687082 1.000000 
1631.543521  13.688723 1.000000 
1631.544202  13.688158 1.000000 
1631.544883  13.689448 1.000000 
1631.545565  13.688644 1.000000 
1631.546246  13.688997 1.000000 
1631.546927  13.688391 1.000000 
1631.547608  13.688412 1.000000 
1631.548289  13.687336 1.000000 
1631.548970  13.688869 1.000000 
1631.549651  13.688641 1.000000 
1631.550333  13.687738 1.000000 
1631.551014  13.688023 1.000000 
1631.551695  13.687074 1.000000 
1631.552376  13.689859 1.000000 
1631.553057  13.688076 1.000000 
1631.553738  13.689178 1.000000 
1631.554419  13.688990 1.000000 
1631.555101  13.689342 1.000000 
1631.555782  13.690112 1.000000 
1631.556463  13.688796 1.000000 
1631.557144  13.691925 1.000000 
1631.557825  13.688270 1.000000 
1631.558506  13.688670 1.000000 
1631.559187  13.689782 1.000000 
1631.559868  13.689152 1.000000 
1631.560549  13.686860 1.000000 
1631.561231  13.689610 1.000000 
1631.561912  13.689347 1.000000 
1631.562593  13.688974 1.000000 
1631.563274  13.688467 1.000000 
1631.563955  13.689568 1.000000 
1631.564636  13.689062 1.000000 
1631.565317  13.689033 1.000000 
1631.565999  13.688902 1.000000 
1631.566680  13.689834 1.000000 
1631.567361  13.688019 1.000000 
1631.568042  13.689629 1.000000 
1631.568723  13.689377 1.000000 
1631.569404  13.688803 1.000000 
1631.570085  13.688214 1.000000 
1631.570766  13.687842 1.000000 
1631.571448  13.688946 1.000000 
1631.572129  13.689743 1.000000 
1631.572810  13.688084 1.000000 
1631.573491  13.689539 1.000000 
1631.574172  13.688739 1.000000 
1631.574853  13.689187 1.000000 
1631.575534  13.689104 1.000000 
1631.576215  13.688013 1.000000 
1631.576897  13.688851 1.000000 
1631.577578  13.689829 1.000000 
1631.578259  13.689095 1.000000 
1631.578940  13.689117 1.000000 
1631.579621  13.689149 1.000000 
1631.580302  13.689356 1.000000 
1631.580983  13.689781 1.000000 
1631.581664  13.688559 1.000000 
1631.582346  13.687906 1.000000 
1631.583027  13.688394 1.000000 
1631.583708  13.689737 1.000000 
1631.584389  13.689635 1.000000 
1631.585070  13.688820 1.000000 
1631.585751  13.689815 1.000000 
1631.586432  13.688528 1.000000 
1631.587114  13.690742 1.000000 
1631.587795  13.690160 1.000000 
1631.588476  13.689386 1.000000 
1631.589157  13.688570 1.000000 
1631.589838  13.689244 1.000000 
1631.590519  13.688696 1.000000 
1631.591200  13.687481 1.000000 
1631.591881  13.689511 1.000000 
1631.592562  13.688292 1.000000 
1631.593244  13.689210 1.000000 
1631.593925  13.688969 1.000000 
1631.594606  13.689445 1.000000 
1631.595287  13.688842 1.000000 
1631.595968  13.689346 1.000000 
1631.596649  13.689045 1.000000 
1631.597330  13.688326 1.000000 
1631.598012  13.686631 1.000000 
1631.598693  13.689321 1.000000 
1631.599374  13.688274 1.000000 
1631.600055  13.688568 1.000000 
1631.600736  13.688418 1.000000 
1631.601417  13.688766 1.000000 
1631.602098  13.689988 1.000000 
1631.602780  13.689163 1.000000 
1631.603461  13.690082 1.000000 
1631.604142  13.689242 1.000000 
1631.604823  13.689338 1.000000 
1631.605504  13.689054 1.000000 
1631.606185  13.688819 1.000000 
1631.606866  13.688863 1.000000 
1631.607547  13.688793 1.000000 
1631.608229  13.689092 1.000000 
1631.608910  13.689076 1.000000 
1631.609591  13.689083 1.000000 
1631.610272  13.689871 1.000000 
1631.610953  13.688858 1.000000 
1631.611634  13.689722 1.000000 
1631.612315  13.689158 1.000000 
1631.612996  13.687856 1.000000 
1631.613678  13.689511 1.000000 
1631.614359  13.687894 1.000000 
1631.615040  13.687861 1.000000 
1631.615721  13.689178 1.000000 
1631.616402  13.688261 1.000000 
1631.617083  13.688184 1.000000 
1631.617764  13.689658 1.000000 
1631.618446  13.689894 1.000000 
1631.619127  13.690093 1.000000 
1631.619808  13.687464 1.000000 
1631.620489  13.688675 1.000000 
1631.621170  13.688513 1.000000 
1631.621851  13.688028 1.000000 
1631.622532  13.689350 1.000000 
1631.623213  13.688094 1.000000 
1631.623895  13.688917 1.000000 
1631.624576  13.689305 1.000000 
1631.625257  13.688523 1.000000 
1631.625938  13.688398 1.000000 
1631.626619  13.690392 1.000000 
1631.627300  13.688881 1.000000 
1631.627981  13.689872 1.000000 
1631.628662  13.688541 1.000000 
1631.629344  13.689371 1.000000 
1631.630025  13.689798 1.000000 
1631.630706  13.690029 1.000000 
1631.631387  13.688009 1.000000 
1631.632068  13.688228 1.000000 
1631.632749  13.689042 1.000000 
1631.633430  13.687517 1.000000 
1631.634111  13.688467 1.000000 
1631.634793  13.689424 1.000000 
1631.635474  13.689010 1.000000 
1631.636155  13.690148 1.000000 
1631.636836  13.688872 1.000000 
1631.637517  13.690283 1.000000 
1631.638198  13.690781 1.000000 
1631.638879  13.688790 1.000000 
1631.639561  13.689216 1.000000 
1631.640242  13.687651 1.000000 
1631.640923  13.689230 1.000000 
1631.641604  13.688977 1.000000 
1631.642285  13.690866 1.000000 
1631.642966  13.689616 1.000000 
1631.643647  13.688929 1.000000 
1631.644328  13.689067 1.000000 
1631.645009  13.689538 1.000000 
1631.645691  13.688412 1.000000 
1631.646372  13.689779 1.000000 
1631.647053  13.690485 1.000000 
1631.647734  13.688137 1.000000 
1631.648415  13.690899 1.000000 
1631.649096  13.690951 1.000000 
1631.649777  13.689075 1.000000 
1631.650459  13.687723 1.000000 
1631.651140  13.689087 1.000000 
1631.651821  13.689352 1.000000 
1631.652502  13.691107 1.000000 
1631.653183  13.689443 1.000000 
1631.653864  13.688743 1.000000 
1631.654545  13.688205 1.000000 
1631.655226  13.686873 1.000000 
1631.655908  13.688150 1.000000 
1631.656589  13.689407 1.000000 
1631.657270  13.690584 1.000000 
1631.657951  13.688586 1.000000 
1631.658632  13.690584 1.000000 
1631.659313  13.691668 1.000000 
1631.659994  13.689750 1.000000 
1631.660675  13.689032 1.000000 
1631.661357  13.689457 1.000000 
1631.662038  13.688013 1.000000 
1631.662719  13.689200 1.000000 
1631.663400  13.691040 1.000000 
1631.664081  13.690660 1.000000 
1631.664762  13.688857 1.000000 
1631.665443  13.690088 1.000000 
1631.666124  13.690582 1.000000 
1631.666806  13.690431 1.000000 
1631.667487  13.689467 1.000000 
1631.668168  13.688942 1.000000 
1631.668849  13.689383 1.000000 
1631.669530  13.689062 1.000000 
1631.670211  13.689608 1.000000 
1631.670892  13.688747 1.000000 
1631.671574  13.688438 1.000000 
1631.672255  13.688715 1.000000 
1631.672936  13.688809 1.000000 
1631.673617  13.689180 1.000000 
1631.674298  13.689987 1.000000 
1631.674979  13.689105 1.000000 
1631.675660  13.691019 1.000000 
1631.676341  13.690631 1.000000 
1631.677023  13.689913 1.000000 
1631.677704  13.689819 1.000000 
1631.678385  13.688086 1.000000 
1631.679066  13.687070 1.000000 
1631.679747  13.688131 1.000000 
1631.680428  13.690792 1.000000 
1631.681109  13.686559 1.000000 
1631.681790  13.690474 1.000000 
1631.682472  13.687860 1.000000 
1631.683153  13.687528 1.000000 
1631.683834  13.688956 1.000000 
1631.684515  13.689149 1.000000 
1631.685196  13.688808 1.000000 
1631.685877  13.689716 1.000000 
1631.686558  13.689186 1.000000 
1631.687240  13.686787 1.000000 
1631.687921  13.689824 1.000000 
1631.688602  13.688452 1.000000 
1631.689283  13.688978 1.000000 
1631.689964  13.687346 1.000000 
1631.690645  13.689216 1.000000 
1631.691326  13.688328 1.000000 
1631.692007  13.688187 1.000000 
1631.692689  13.689887 1.000000 
1631.693370  13.686869 1.000000 
1631.694051  13.687909 1.000000 
1631.694732  13.688352 1.000000 
1631.695413  13.691894 1.000000 
1631.696094  13.688375 1.000000 
1631.696775  13.686736 1.000000 
1631.697456  13.688024 1.000000 
1631.698138  13.690021 1.000000 
1631.698819  13.688280 1.000000 
1631.699500  13.690389 1.000000 
1631.700181  13.688934 1.000000 
1631.700862  13.689096 1.000000 
1631.701543  13.689327 1.000000 
1631.702224  13.690418 1.000000 
1631.702906  13.689925 1.000000 
1631.703587  13.690330 1.000000 
1631.704268  13.689244 1.000000 
1631.704949  13.690535 1.000000 
1631.705630  13.687908 1.000000 
1631.706311  13.689819 1.000000 
1631.706992  13.690165 1.000000 
1631.707673  13.689363 1.000000 
1631.708355  13.687805 1.000000 
1631.709036  13.689013 1.000000 
1631.709717  13.689312 1.000000 
1631.710398  13.689023 1.000000 
1631.711079  13.688236 1.000000 
1631.711760  13.689757 1.000000 
1631.712441  13.688459 1.000000 
1631.713122  13.689741 1.000000 
1631.713804  13.688996 1.000000 
1631.714485  13.689397 1.000000 
1631.715166  13.690210 1.000000 
1631.715847  13.688441 1.000000 
1631.716528  13.689650 1.000000 
1631.717209  13.689627 1.000000 
1631.717890  13.689148 1.000000 
1631.718571  13.688680 1.000000 
1631.719253  13.690182 1.000000 
1631.719934  13.690621 1.000000 
1631.720615  13.687900 1.000000 
1631.721296  13.689830 1.000000 
1631.721977  13.688589 1.000000 
1631.722658  13.689979 1.000000 
1631.732875  13.689935 1.000000 
1631.733556  13.688255 1.000000 
1631.734237  13.689621 1.000000 
1631.734919  13.688920 1.000000 
1631.735600  13.688895 1.000000 
1631.736281  13.691441 1.000000 
1631.736962  13.690101 1.000000 
1631.737643  13.688437 1.000000 
1631.738324  13.689291 1.000000 
1631.739005  13.690999 1.000000 
1631.739686  13.687794 1.000000 
1631.740368  13.687650 1.000000 
1631.741049  13.689734 1.000000 
1631.741730  13.688444 1.000000 
1631.742411  13.689365 1.000000 
1631.743092  13.687875 1.000000 
1631.743773  13.688968 1.000000 
1631.744454  13.690523 1.000000 
1631.745135  13.691307 1.000000 
1631.745817  13.689578 1.000000 
1631.746498  13.688825 1.000000 
1631.747179  13.688322 1.000000 
1631.747860  13.688440 1.000000 
1631.748541  13.688720 1.000000 
1631.749222  13.688146 1.000000 
1631.749903  13.686088 1.000000 
1631.750584  13.690086 1.000000 
1631.751266  13.689063 1.000000 
1631.751947  13.688861 1.000000 
1631.752628  13.689266 1.000000 
1631.753309  13.689758 1.000000 
1631.753990  13.688142 1.000000 
1631.754671  13.688732 1.000000 
1631.755352  13.690018 1.000000 
1631.756034  13.688375 1.000000 
1631.756715  13.691102 1.000000 
1631.757396  13.690225 1.000000 
1631.758077  13.687876 1.000000 
1631.758758  13.690187 1.000000 
1631.759439  13.688282 1.000000 
1631.760120  13.689277 1.000000 
1631.760801  13.688347 1.000000 
1631.761483  13.689748 1.000000 
1631.762164  13.690546 1.000000 
1631.762845  13.688961 1.000000 
1631.763526  13.689728 1.000000 
1631.764207  13.688892 1.000000 
1631.764888  13.690222 1.000000 
1631.765569  13.687357 1.000000 
1631.766250  13.688618 1.000000 
1631.766932  13.688320 1.000000 
1631.767613  13.689386 1.000000 
1631.768294  13.688534 1.000000 
1631.768975  13.687716 1.000000 
1631.769656  13.691346 1.000000 
1631.770337  13.687635 1.000000 
1631.771018  13.689804 1.000000 
1631.771700  13.689311 1.000000 
1631.772381  13.688803 1.000000 
1631.773062  13.687838 1.000000 
1631.773743  13.689365 1.000000 
1631.774424  13.687795 1.000000 
1631.775105  13.689192 1.000000 
1631.775786  13.688822 1.000000 
1631.776468  13.688332 1.000000 
1631.777149  13.688247 1.000000 
1631.777830  13.688825 1.000000 
1631.778511  13.686958 1.000000 
1631.779192  13.688266 1.000000 
1631.779873  13.689359 1.000000 
1631.780554  13.689486 1.000000 
1631.781235  13.688622 1.000000 
1631.781916  13.688066 1.000000 
1631.782598  13.689801 1.000000 
1631.783279  13.687691 1.000000 
1631.783960  13.688367 1.000000 
1631.784641  13.689034 1.000000 
1631.785322  13.689367 1.000000 
1631.786003  13.688406 1.000000 
1631.786684  13.689857 1.000000 
1631.787366  13.687286 1.000000 
1631.788047  13.687883 1.000000 
1631.788728  13.688852 1.000000 
1631.789409  13.689342 1.000000 
1631.790090  13.688381 1.000000 
1631.790771  13.689662 1.000000 
1631.791452  13.689829 1.000000 
1631.792133  13.687775 1.000000 
1631.792815  13.688440 1.000000 
1631.793496  13.689051 1.000000 
1631.794177  13.689444 1.000000 
1631.794858  13.687489 1.000000 
1631.795539  13.687912 1.000000 
1631.796220  13.689537 1.000000 
1631.796901  13.689074 1.000000 
1631.797582  13.689229 1.000000 
1631.798264  13.689343 1.000000 
1631.798945  13.688082 1.000000 
1631.799626  13.688117 1.000000 
1631.800307  13.688156 1.000000 
1631.800988  13.690012 1.000000 
1631.801669  13.688927 1.000000 
1631.802350  13.687620 1.000000 
1631.803031  13.688848 1.000000 
1631.803713  13.689611 1.000000 
1631.804394  13.688892 1.000000 
1631.805075  13.689044 1.000000 
1631.805756  13.690021 1.000000 
1631.806437  13.689728 1.000000 
1631.807118  13.687222 1.000000 
1631.807799  13.690764 1.000000 
1631.808481  13.692047 1.000000 
1631.809162  13.689702 1.000000 
1631.809843  13.688082 1.000000 
1631.810524  13.688529 1.000000 
1631.811205  13.687424 1.000000 
1631.811886  13.690078 1.000000 
1631.812567  13.689659 1.000000 
1631.813248  13.689349 1.000000 
1631.813930  13.689348 1.000000 
1631.814611  13.689798 1.000000 
1631.815292  13.688452 1.000000 
1631.815973  13.690613 1.000000 
1631.816654  13.688477 1.000000 
1631.817335  13.689683 1.000000 
1631.818016  13.690536 1.000000 
1631.818697  13.689248 1.000000 
1631.819379  13.687744 1.000000 
1631.820060  13.691123 1.000000 
1631.820741  13.689454 1.000000 
1631.821422  13.689167 1.000000 
1631.822103  13.689740 1.000000 
1631.822784  13.689873 1.000000 
1631.823465  13.690727 1.000000 
1631.824146  13.688589 1.000000 
1631.824828  13.688646 1.000000 
1631.825509  13.689377 1.000000 
1631.826190  13.688812 1.000000 
1631.826871  13.689182 1.000000 
1631.827552  13.689366 1.000000 
1631.828233  13.688690 1.000000 
1631.828914  13.688919 1.000000 
1631.829595  13.688301 1.000000 
1631.830277  13.688490 1.000000 
1631.830958  13.688311 1.000000 
1631.831639  13.688705 1.000000 
1631.832320  13.687465 1.000000 
1631.833001  13.688552 1.000000 
1631.833682  13.687737 1.000000 
1631.834363  13.689383 1.000000 
1631.835044  13.689855 1.000000 
1631.835726  13.688800 1.000000 
1631.836407  13.688477 1.000000 
1631.837088  13.688913 1.000000 
1631.837769  13.688291 1.000000 
1631.838450  13.688160 1.000000 
1631.839131  13.690729 1.000000 
1631.839812  13.689610 1.000000 
1631.840494  13.688557 1.000000 
1631.841175  13.689369 1.000000 
1631.841856  13.688966 1.000000 
1631.842537  13.690322 1.000000 
1631.843218  13.687216 1.000000 
1631.843899  13.690275 1.000000 
1631.844580  13.688939 1.000000 
1631.845261  13.689919 1.000000 
1631.845943  13.690399 1.000000 
1631.846624  13.688443 1.000000 
1631.847305  13.687537 1.000000 
1631.847986  13.688593 1.000000 
1631.848667  13.689305 1.000000 
1631.849348  13.690310 1.000000 
1631.850029  13.688648 1.000000 
1631.850710  13.689633 1.000000 
1631.851392  13.690681 1.000000 
1631.852073  13.688210 1.000000 
1631.852754  13.688717 1.000000 
1631.853435  13.688294 1.000000 
1631.854116  13.688767 1.000000 
1631.854797  13.690575 1.000000 
1631.855478  13.689286 1.000000 
1631.856159  13.688599 1.000000 
1631.856841  13.689096 1.000000 
1631.857522  13.687970 1.000000 
1631.858203  13.689353 1.000000 
1631.858884  13.689152 1.000000 
1631.859565  13.688057 1.000000 
1631.860246  13.690029 1.000000 
1631.860928  13.690741 1.000000 
1631.861609  13.689076 1.000000 
1631.862290  13.688847 1.000000 
1631.862971  13.689054 1.000000 
1631.863652  13.690596 1.000000 
1631.864333  13.688828 1.000000 
1631.865014  13.689461 1.000000 
1631.865695  13.689263 1.000000 
1631.866377  13.688498 1.000000 
1631.867058  13.691368 1.000000 
1631.867739  13.689274 1.000000 
1631.868420  13.689152 1.000000 
1631.869101  13.688152 1.000000 
1631.869782  13.689762 1.000000 
1631.870463  13.688353 1.000000 
1631.871144  13.689115 1.000000 
1631.871826  13.689884 1.000000 
1631.872507  13.689156 1.000000 
1631.873188  13.688313 1.000000 
1631.873869  13.690555 1.000000 
1631.874550  13.689816 1.000000 
1631.875231  13.690883 1.000000 
1631.875912  13.688408 1.000000 
1631.876593  13.688566 1.000000 
1631.877275  13.688845 1.000000 
1631.877956  13.687789 1.000000 
1631.878637  13.689300 1.000000 
1631.879318  13.687769 1.000000 
1631.879999  13.689324 1.000000 
1631.880680  13.688335 1.000000 
1631.881361  13.688206 1.000000 
1631.882042  13.690086 1.000000 
1631.882724  13.687622 1.000000 
1631.883405  13.688114 1.000000 
1631.884086  13.688658 1.000000 
1631.884767  13.688958 1.000000 
1631.885448  13.687107 1.000000 
1631.886129  13.690711 1.000000 
1631.886810  13.689184 1.000000 
1631.887491  13.690254 1.000000 
1631.888173  13.686711 1.000000 
1631.888854  13.689039 1.000000 
1631.889535  13.688748 1.000000 
1631.890216  13.689611 1.000000 
1631.890897  13.687963 1.000000 
1631.891578  13.690063 1.000000 
1631.892259  13.689349 1.000000 
1631.892941  13.689024 1.000000 
1631.893622  13.689114 1.000000 
1631.894303  13.690742 1.000000 
1631.894984  13.689115 1.000000 
1631.895665  13.687860 1.000000 
1631.896346  13.689117 1.000000 
1631.897027  13.689166 1.000000 
1631.897708  13.689274 1.000000 
1631.898390  13.688829 1.000000 
1631.899071  13.688805 1.000000 
1631.899752  13.689749 1.000000 
1631.900433  13.689369 1.000000 
1631.901114  13.689395 1.000000 
1631.901795  13.687687 1.000000 
1631.902476  13.689836 1.000000 
1631.903157  13.689301 1.000000 
1631.903839  13.689348 1.000000 
1631.904520  13.689493 1.000000 
1631.905201  13.690148 1.000000 
1631.905882  13.691381 1.000000 
1631.906563  13.689354 1.000000 
1631.907244  13.690043 1.000000 
1631.907925  13.691038 1.000000 
1631.908606  13.688681 1.000000 
1631.909288  13.689443 1.000000 
1631.909969  13.689459 1.000000 
1631.910650  13.689824 1.000000 
1631.911331  13.690334 1.000000 
1631.912012  13.690216 1.000000 
1631.912693  13.688192 1.000000 
1631.913374  13.689691 1.000000 
1631.914055  13.689881 1.000000 
1631.914737  13.688894 1.000000 
1631.915418  13.689105 1.000000 
1631.916099  13.690393 1.000000 
1631.916780  13.687462 1.000000 
1631.917461  13.688698 1.000000 
1631.918142  13.689819 1.000000 
1631.918823  13.689007 1.000000 
1631.919505  13.689491 1.000000 
1631.920186  13.690224 1.000000 
1631.920867  13.688533 1.000000 
1631.921548  13.689587 1.000000 
1631.922229  13.689941 1.000000 
1631.922910  13.690857 1.000000 
1631.923591  13.689871 1.000000 
1631.924272  13.689344 1.000000 
1631.924954  13.687840 1.000000 
1631.925635  13.689213 1.000000 
1631.926316  13.688364 1.000000 
1631.926997  13.689299 1.000000 
1631.927678  13.689267 1.000000 
1631.928359  13.688072 1.000000 
1631.929040  13.689234 1.000000 
1631.929721  13.688410 1.000000 
1631.930403  13.688818 1.000000 
1631.931084  13.690119 1.000000 
1631.931765  13.688336 1.000000 
1631.932446  13.687658 1.000000 
1631.933127  13.690702 1.000000 
1631.933808  13.688713 1.000000 
1631.934489  13.687957 1.000000 
1631.935171  13.689139 1.000000 
1631.935852  13.690357 1.000000 
1631.936533  13.687493 1.000000 
1631.937214  13.689425 1.000000 
1631.937895  13.688027 1.000000 
1631.938576  13.690179 1.000000 
1631.939257  13.690390 1.000000 
1631.939938  13.689996 1.000000 
1631.940619  13.688366 1.000000 
1631.941301  13.689291 1.000000 
1631.941982  13.691979 1.000000 
1631.942663  13.689124 1.000000 
1631.943344  13.687303 1.000000 
1631.944025  13.688724 1.000000 
1631.944706  13.688728 1.000000 
1631.945387  13.688451 1.000000 
1631.946069  13.689311 1.000000 
1631.946750  13.689572 1.000000 
1631.947431  13.688837 1.000000 
1631.948112  13.689053 1.000000 
1631.948793  13.689873 1.000000 
1631.949474  13.688336 1.000000 
1631.950155  13.688791 1.000000 
1631.950837  13.689644 1.000000 
1631.951518  13.688250 1.000000 
1631.952199  13.687912 1.000000 
1631.952880  13.689249 1.000000 
1631.953561  13.689434 1.000000 
1631.954242  13.686834 1.000000 
1631.954923  13.689104 1.000000 
1631.955604  13.689919 1.000000 
1631.956286  13.688484 1.000000 
1631.956967  13.688662 1.000000 
1631.957648  13.689248 1.000000 
1631.958329  13.686868 1.000000 
1631.959010  13.687534 1.000000 
1631.959691  13.690880 1.000000 
1631.960372  13.686921 1.000000 
1631.961053  13.689410 1.000000 
1631.961735  13.690216 1.000000 
1631.962416  13.689417 1.000000 
1631.963097  13.690301 1.000000 
1631.963778  13.688477 1.000000 
1631.964459  13.687566 1.000000 
1631.965140  13.689981 1.000000 
1631.965821  13.689598 1.000000 
1631.966502  13.688400 1.000000 
1631.967184  13.688425 1.000000 
1631.967865  13.688812 1.000000 
1631.968546  13.691120 1.000000 
1631.969227  13.689387 1.000000 
1631.969908  13.689596 1.000000 
1631.970589  13.688085 1.000000 
1631.971270  13.688384 1.000000 
1631.971952  13.688975 1.000000 
1631.972633  13.690044 1.000000 
1631.973314  13.689347 1.000000 
1631.973995  13.689865 1.000000 
1631.974676  13.685045 1.000000 
1631.975357  13.688542 1.000000 
1631.976038  13.690165 1.000000 
1631.976719  13.688873 1.000000 
1631.977401  13.690235 1.000000 
1631.978082  13.690426 1.000000 
1631.978763  13.688380 1.000000 
1631.979444  13.689686 1.000000 
1631.980125  13.689856 1.000000 
1631.980806  13.689774 1.000000 
1631.981487  13.689363 1.000000 
1631.982168  13.688957 1.000000 
1631.982850  13.688910 1.000000 
1631.983531  13.690034 1.000000 
1631.984212  13.689627 1.000000 
1631.984893  13.688304 1.000000 
1631.985574  13.689649 1.000000 
1631.986255  13.689890 1.000000 
1631.986936  13.690179 1.000000 
1631.987618  13.688786 1.000000 
1631.988299  13.689101 1.000000 
1631.988980  13.689540 1.000000 
1631.989661  13.688509 1.000000 
1631.990342  13.689347 1.000000 
1631.991023  13.688959 1.000000 
1631.991704  13.689838 1.000000 
1631.992385  13.689054 1.000000 
1631.993066  13.688896 1.000000 
1631.993748  13.690215 1.000000 
1631.994429  13.689334 1.000000 
1631.995110  13.689657 1.000000 
1631.995791  13.688231 1.000000 
1631.996472  13.689811 1.000000 
1631.997153  13.689071 1.000000 
1631.997834  13.688823 1.000000 
1631.998515  13.688142 1.000000 
1631.999197  13.690549 1.000000 
1631.999878  13.690589 1.000000 
1632.000559  13.687496 1.000000 
1632.001240  13.689445 1.000000 
1632.001921  13.689798 1.000000 
1632.002602  13.690157 1.000000 
1632.003283  13.689130 1.000000 
1632.003965  13.690681 1.000000 
1632.004646  13.688899 1.000000 
1632.005327  13.689013 1.000000 
1632.006008  13.689834 1.000000 
1632.006689  13.689063 1.000000 
1632.007370  13.690207 1.000000 
1632.008051  13.687742 1.000000 
1632.008732  13.689607 1.000000 
1632.009414  13.688446 1.000000 
1632.010095  13.690430 1.000000 
1632.010776  13.690351 1.000000 
1632.011457  13.689768 1.000000 
1632.012138  13.688601 1.000000 
1632.012819  13.689366 1.000000 
1632.013500  13.689859 1.000000 
1632.014181  13.688028 1.000000 
1632.014863  13.687496 1.000000 
1632.015544  13.688832 1.000000 
1632.016225  13.689514 1.000000 
1632.016906  13.690226 1.000000 
1632.017587  13.688444 1.000000 
1632.018268  13.688597 1.000000 
1632.018949  13.689444 1.000000 
1632.019631  13.688391 1.000000 
1632.020312  13.688938 1.000000 
1632.020993  13.687861 1.000000 
1632.021674  13.690166 1.000000 
1632.022355  13.688666 1.000000 
1632.023036  13.689206 1.000000 
1632.023717  13.689839 1.000000 
1632.024399  13.688465 1.000000 
1632.025080  13.688857 1.000000 
1632.025761  13.688981 1.000000 
1632.026442  13.689439 1.000000 
1632.027123  13.689130 1.000000 
1632.027804  13.689725 1.000000 
1632.028485  13.688644 1.000000 
1632.029166  13.687281 1.000000 
1632.029847  13.688982 1.000000 
1632.030529  13.690516 1.000000 
1632.031210  13.690050 1.000000 
1632.031891  13.689625 1.000000 
1632.032572  13.688578 1.000000 
1632.033253  13.689972 1.000000 
1632.033934  13.687064 1.000000 
1632.034615  13.686954 1.000000 
1632.035297  13.689181 1.000000 
1632.035978  13.689229 1.000000 
1632.036659  13.687168 1.000000 
1632.037340  13.687947 1.000000 
1632.038021  13.690228 1.000000 
1632.038702  13.688551 1.000000 
1632.039383  13.689443 1.000000 
1632.040065  13.689124 1.000000 
1632.040746  13.690849 1.000000 
1632.041427  13.688909 1.000000 
1632.042108  13.690484 1.000000 
1632.042789  13.689734 1.000000 
1632.043470  13.689658 1.000000 
1632.044151  13.689295 1.000000 
1632.044832  13.687313 1.000000 
1632.045513  13.688408 1.000000 
1632.046195  13.689671 1.000000 
1632.046876  13.688457 1.000000 
1632.047557  13.689199 1.000000 
1632.048238  13.688737 1.000000 
1632.048919  13.689301 1.000000 
1632.049600  13.687830 1.000000 
1632.050281  13.689175 1.000000 
1632.050962  13.689482 1.000000 
1632.051644  13.689528 1.000000 
1632.052325  13.687624 1.000000 
1632.053006  13.690818 1.000000 
1632.053687  13.689503 1.000000 
1632.054368  13.689751 1.000000 
1632.055049  13.686321 1.000000 
1632.055730  13.688601 1.000000 
1632.056412  13.687985 1.000000 
1632.057093  13.688391 1.000000 
1632.057774  13.688940 1.000000 
1632.058455  13.688047 1.000000 
1632.059136  13.689054 1.000000 
1632.059817  13.688980 1.000000 
1632.060498  13.689600 1.000000 
1632.061179  13.689654 1.000000 
1632.061861  13.687945 1.000000 
1632.062542  13.690994 1.000000 
1632.063223  13.688652 1.000000 
1632.063904  13.690752 1.000000 
1632.064585  13.689434 1.000000 
1632.065266  13.690011 1.000000 
1632.065947  13.688804 1.000000 
1632.066628  13.689474 1.000000 
1632.067310  13.688404 1.000000 
1632.067991  13.687893 1.000000 
1632.068672  13.688447 1.000000 
1632.069353  13.689703 1.000000 
1632.070034  13.689419 1.000000 
1632.070715  13.690106 1.000000 
1632.071396  13.688120 1.000000 
1632.072078  13.688499 1.000000 
1632.072759  13.689665 1.000000 
1632.073440  13.690718 1.000000 
1632.074121  13.691103 1.000000 
1632.074802  13.690902 1.000000 
1632.075483  13.689502 1.000000 
1632.076164  13.688768 1.000000 
1632.076845  13.689448 1.000000 
1632.077527  13.690336 1.000000 
1632.078208  13.688843 1.000000 
1632.078889  13.690459 1.000000 
1632.079570  13.687841 1.000000 
1632.080251  13.689180 1.000000 
1632.080932  13.689340 1.000000 
1632.081613  13.690016 1.000000 
1632.082294  13.690875 1.000000 
1632.082976  13.689569 1.000000 
1632.083657  13.690078 1.000000 
1632.084338  13.688962 1.000000 
1632.085019  13.691470 1.000000 
1632.085700  13.690878 1.000000 
1632.086381  13.688480 1.000000 
1632.087062  13.688739 1.000000 
1632.087743  13.689734 1.000000 
1632.088425  13.691488 1.000000 
1632.089106  13.689148 1.000000 
1632.089787  13.688847 1.000000 
1632.090468  13.690774 1.000000 
1632.091149  13.689438 1.000000 
1632.091830  13.688981 1.000000 
1632.092511  13.687538 1.000000 
1632.093192  13.690383 1.000000 
1632.093874  13.688146 1.000000 
1632.094555  13.690488 1.000000 
1632.095236  13.688646 1.000000 
