1633.923227  13.456392 1.000000 
1633.923908  13.457968 1.000000 
1633.924589  13.458322 1.000000 
1633.925270  13.458192 1.000000 
1633.925952  13.455769 1.000000 
1633.926633  13.455978 1.000000 
1633.927314  13.456903 1.000000 
1633.927995  13.457039 1.000000 
1633.928676  13.458386 1.000000 
1633.929357  13.455967 1.000000 
1633.930038  13.456194 1.000000 
1633.930719  13.456745 1.000000 
1633.931401  13.457219 1.000000 
1633.932082  13.456718 1.000000 
1633.932763  13.455309 1.000000 
1633.933444  13.455413 1.000000 
1633.934125  13.455753 1.000000 
1633.934806  13.455623 1.000000 
1633.935487  13.455151 1.000000 
1633.936169  13.457344 1.000000 
1633.936850  13.456090 1.000000 
1633.937531  13.456794 1.000000 
1633.938212  13.454925 1.000000 
1633.938893  13.457701 1.000000 
1633.939574  13.457775 1.000000 
1633.940255  13.455711 1.000000 
1633.940936  13.455334 1.000000 
1633.941618  13.457373 1.000000 
1633.942299  13.455874 1.000000 
1633.942980  13.455989 1.000000 
1633.943661  13.455420 1.000000 
1633.944342  13.456043 1.000000 
1633.945023  13.456884 1.000000 
1633.945704  13.456761 1.000000 
1633.946386  13.456071 1.000000 
1633.947067  13.455918 1.000000 
1633.947748  13.455974 1.000000 
1633.948429  13.457013 1.000000 
1633.949110  13.455265 1.000000 
1633.949791  13.457661 1.000000 
1633.950472  13.457233 1.000000 
1633.951153  13.456406 1.000000 
1633.951835  13.457050 1.000000 
1633.952516  13.455070 1.000000 
1633.953197  13.456387 1.000000 
1633.953878  13.456265 1.000000 
1633.954559  13.458349 1.000000 
1633.955240  13.455547 1.000000 
1633.955921  13.454482 1.000000 
1633.956603  13.456128 1.000000 
1633.957284  13.455287 1.000000 
1633.957965  13.457024 1.000000 
1633.958646  13.455388 1.000000 
1633.959327  13.456364 1.000000 
1633.960008  13.457377 1.000000 
1633.960689  13.457506 1.000000 
1633.961370  13.457043 1.000000 
1633.962052  13.455492 1.000000 
1633.962733  13.456326 1.000000 
1633.963414  13.456529 1.000000 
1633.964095  13.457773 1.000000 
1633.964776  13.456652 1.000000 
1633.965457  13.455687 1.000000 
1633.966138  13.457743 1.000000 
1633.966819  13.454960 1.000000 
1633.967501  13.456313 1.000000 
1633.968182  13.457901 1.000000 
1633.968863  13.456642 1.000000 
1633.969544  13.457662 1.000000 
1633.970225  13.455083 1.000000 
1633.970906  13.455197 1.000000 
1633.971587  13.456661 1.000000 
1633.972269  13.456940 1.000000 
1633.972950  13.456753 1.000000 
1633.973631  13.458254 1.000000 
1633.974312  13.456120 1.000000 
1633.974993  13.457539 1.000000 
1633.975674  13.455884 1.000000 
1633.976355  13.456132 1.000000 
1633.977037  13.458223 1.000000 
1633.977718  13.457140 1.000000 
1633.978399  13.457406 1.000000 
1633.979080  13.456465 1.000000 
1633.979761  13.457702 1.000000 
1633.980442  13.456423 1.000000 
1633.981123  13.456980 1.000000 
1633.981804  13.455821 1.000000 
1633.982486  13.457079 1.000000 
1633.983167  13.456523 1.000000 
1633.983848  13.455442 1.000000 
1633.984529  13.457687 1.000000 
1633.985210  13.455970 1.000000 
1633.985891  13.456919 1.000000 
1633.986572  13.456610 1.000000 
1633.987253  13.456059 1.000000 
1633.987935  13.457070 1.000000 
1633.988616  13.457525 1.000000 
1633.989297  13.456530 1.000000 
1633.989978  13.456771 1.000000 
1633.990659  13.456765 1.000000 
1633.991340  13.456739 1.000000 
1633.992021  13.457042 1.000000 
1633.992703  13.457426 1.000000 
1633.993384  13.456921 1.000000 
1633.994065  13.456402 1.000000 
1633.994746  13.457448 1.000000 
1633.995427  13.456255 1.000000 
1633.996108  13.456480 1.000000 
1633.996789  13.455570 1.000000 
1633.997470  13.455985 1.000000 
1633.998152  13.456701 1.000000 
1633.998833  13.457375 1.000000 
1633.999514  13.456091 1.000000 
1634.000195  13.455221 1.000000 
1634.000876  13.456543 1.000000 
1634.001557  13.456316 1.000000 
1634.002238  13.455854 1.000000 
1634.002920  13.457302 1.000000 
1634.003601  13.456094 1.000000 
1634.004282  13.456184 1.000000 
1634.004963  13.457912 1.000000 
1634.005644  13.455865 1.000000 
1634.006325  13.455255 1.000000 
1634.007006  13.455456 1.000000 
1634.007687  13.455712 1.000000 
1634.008369  13.455156 1.000000 
1634.009050  13.456568 1.000000 
1634.009731  13.456738 1.000000 
1634.010412  13.456573 1.000000 
1634.011093  13.456884 1.000000 
1634.011774  13.456667 1.000000 
1634.012455  13.455263 1.000000 
1634.013137  13.456026 1.000000 
1634.013818  13.457063 1.000000 
1634.014499  13.456028 1.000000 
1634.015180  13.456989 1.000000 
1634.015861  13.455444 1.000000 
1634.016542  13.456818 1.000000 
1634.017223  13.456968 1.000000 
1634.017904  13.456583 1.000000 
1634.018586  13.456453 1.000000 
1634.019267  13.457633 1.000000 
1634.019948  13.456242 1.000000 
1634.020629  13.455089 1.000000 
1634.021310  13.456749 1.000000 
1634.021991  13.456078 1.000000 
1634.022672  13.457245 1.000000 
1634.023353  13.456888 1.000000 
1634.024035  13.456043 1.000000 
1634.024716  13.457027 1.000000 
1634.025397  13.454494 1.000000 
1634.026078  13.454376 1.000000 
1634.026759  13.457523 1.000000 
1634.027440  13.457382 1.000000 
1634.028121  13.456837 1.000000 
1634.028803  13.455345 1.000000 
1634.029484  13.456707 1.000000 
1634.030165  13.456290 1.000000 
1634.030846  13.457039 1.000000 
1634.031527  13.456533 1.000000 
1634.032208  13.457339 1.000000 
1634.032889  13.456762 1.000000 
1634.033571  13.457014 1.000000 
1634.034252  13.456497 1.000000 
1634.034933  13.458168 1.000000 
1634.035614  13.456528 1.000000 
1634.036295  13.457381 1.000000 
1634.036976  13.456996 1.000000 
1634.037657  13.456310 1.000000 
1634.038339  13.456520 1.000000 
1634.039020  13.456211 1.000000 
1634.039701  13.457482 1.000000 
1634.040382  13.454861 1.000000 
1634.041063  13.457700 1.000000 
1634.041744  13.455160 1.000000 
1634.042425  13.456242 1.000000 
1634.043106  13.458205 1.000000 
1634.043788  13.456918 1.000000 
1634.044469  13.457069 1.000000 
1634.045150  13.457414 1.000000 
1634.045831  13.456981 1.000000 
1634.046512  13.456014 1.000000 
1634.047193  13.456065 1.000000 
1634.047874  13.457064 1.000000 
1634.048555  13.457800 1.000000 
1634.049237  13.457056 1.000000 
1634.049918  13.456697 1.000000 
1634.050599  13.457302 1.000000 
1634.051280  13.456091 1.000000 
1634.051961  13.457156 1.000000 
1634.052642  13.455401 1.000000 
1634.053323  13.456238 1.000000 
1634.054005  13.456428 1.000000 
1634.054686  13.457500 1.000000 
1634.055367  13.455790 1.000000 
1634.056048  13.457758 1.000000 
1634.056729  13.457530 1.000000 
1634.057410  13.456512 1.000000 
1634.058091  13.454626 1.000000 
1634.058772  13.455913 1.000000 
1634.059454  13.456904 1.000000 
1634.060135  13.456196 1.000000 
1634.060816  13.457187 1.000000 
1634.061497  13.456012 1.000000 
1634.062178  13.457123 1.000000 
1634.062859  13.456696 1.000000 
1634.063540  13.456171 1.000000 
1634.064222  13.458217 1.000000 
1634.064903  13.456405 1.000000 
1634.065584  13.457127 1.000000 
1634.066265  13.458214 1.000000 
1634.066946  13.456902 1.000000 
1634.067627  13.457291 1.000000 
1634.068308  13.455647 1.000000 
1634.068989  13.454884 1.000000 
1634.069671  13.454371 1.000000 
1634.070352  13.455698 1.000000 
1634.071033  13.457594 1.000000 
1634.071714  13.458225 1.000000 
1634.072395  13.456711 1.000000 
1634.073076  13.455538 1.000000 
1634.073757  13.456820 1.000000 
1634.074439  13.458096 1.000000 
1634.075120  13.455349 1.000000 
1634.075801  13.457218 1.000000 
1634.076482  13.456835 1.000000 
1634.077163  13.456074 1.000000 
1634.077844  13.456741 1.000000 
1634.078525  13.455919 1.000000 
1634.079206  13.455703 1.000000 
1634.079888  13.457299 1.000000 
1634.080569  13.457301 1.000000 
1634.081250  13.457497 1.000000 
1634.081931  13.457234 1.000000 
1634.082612  13.455423 1.000000 
1634.083293  13.457365 1.000000 
1634.083974  13.456079 1.000000 
1634.084655  13.456045 1.000000 
1634.085337  13.455688 1.000000 
1634.086018  13.456752 1.000000 
1634.086699  13.454753 1.000000 
1634.087380  13.456059 1.000000 
1634.088061  13.455665 1.000000 
1634.088742  13.456728 1.000000 
1634.089424  13.456441 1.000000 
1634.090105  13.455751 1.000000 
1634.090786  13.455873 1.000000 
1634.091467  13.455317 1.000000 
1634.092148  13.455696 1.000000 
1634.092829  13.456099 1.000000 
1634.093510  13.456644 1.000000 
1634.094191  13.456708 1.000000 
1634.094873  13.456345 1.000000 
1634.095554  13.457405 1.000000 
1634.096235  13.456392 1.000000 
1634.096916  13.456650 1.000000 
1634.097597  13.456613 1.000000 
1634.098278  13.456398 1.000000 
1634.098959  13.456386 1.000000 
1634.099641  13.457272 1.000000 
1634.100322  13.456084 1.000000 
1634.101003  13.456443 1.000000 
1634.101684  13.457224 1.000000 
1634.102365  13.457159 1.000000 
1634.103046  13.456820 1.000000 
1634.103727  13.456056 1.000000 
1634.104408  13.456976 1.000000 
1634.105090  13.456079 1.000000 
1634.105771  13.456688 1.000000 
1634.106452  13.455813 1.000000 
1634.107133  13.457151 1.000000 
1634.107814  13.456553 1.000000 
1634.108495  13.456951 1.000000 
1634.109176  13.457072 1.000000 
1634.109857  13.457150 1.000000 
1634.110539  13.458315 1.000000 
1634.111220  13.457826 1.000000 
1634.111901  13.457094 1.000000 
1634.112582  13.458039 1.000000 
1634.113263  13.457148 1.000000 
1634.113944  13.456772 1.000000 
1634.114625  13.456851 1.000000 
1634.115307  13.456456 1.000000 
1634.115988  13.457932 1.000000 
1634.116669  13.457026 1.000000 
1634.117350  13.457072 1.000000 
1634.118031  13.456361 1.000000 
1634.118712  13.455560 1.000000 
1634.119393  13.457238 1.000000 
1634.120074  13.456604 1.000000 
1634.120756  13.457706 1.000000 
1634.121437  13.456256 1.000000 
1634.122118  13.458036 1.000000 
1634.122799  13.456760 1.000000 
1634.123480  13.454621 1.000000 
1634.124161  13.456770 1.000000 
1634.124842  13.455183 1.000000 
1634.125524  13.456194 1.000000 
1634.126205  13.456917 1.000000 
1634.126886  13.457128 1.000000 
1634.127567  13.456293 1.000000 
1634.128248  13.456684 1.000000 
1634.128929  13.457388 1.000000 
1634.129610  13.455950 1.000000 
1634.130291  13.456405 1.000000 
1634.130973  13.455627 1.000000 
1634.131654  13.457266 1.000000 
1634.132335  13.456877 1.000000 
1634.133016  13.456350 1.000000 
1634.133697  13.456889 1.000000 
1634.134378  13.455932 1.000000 
1634.135059  13.457772 1.000000 
1634.135740  13.456761 1.000000 
1634.136422  13.457127 1.000000 
1634.137103  13.457626 1.000000 
1634.137784  13.456982 1.000000 
1634.138465  13.456828 1.000000 
1634.139146  13.455927 1.000000 
1634.139827  13.457829 1.000000 
1634.140508  13.455120 1.000000 
1634.141190  13.456475 1.000000 
1634.141871  13.457157 1.000000 
1634.142552  13.456614 1.000000 
1634.143233  13.450022 1.000000 
1634.143914  13.458230 1.000000 
1634.144595  13.455412 1.000000 
1634.145276  13.457438 1.000000 
1634.145958  13.456200 1.000000 
1634.146639  13.455667 1.000000 
1634.147320  13.455973 1.000000 
1634.148001  13.456705 1.000000 
1634.148682  13.457809 1.000000 
1634.149363  13.456402 1.000000 
1634.150044  13.459522 1.000000 
1634.150725  13.457397 1.000000 
1634.151407  13.456079 1.000000 
1634.152088  13.456530 1.000000 
1634.152769  13.456203 1.000000 
1634.153450  13.457409 1.000000 
1634.154131  13.455395 1.000000 
1634.154812  13.456648 1.000000 
1634.155493  13.456923 1.000000 
1634.156174  13.456347 1.000000 
1634.156856  13.456481 1.000000 
1634.157537  13.455860 1.000000 
1634.158218  13.455439 1.000000 
1634.158899  13.456144 1.000000 
1634.159580  13.456320 1.000000 
1634.160261  13.455641 1.000000 
1634.160942  13.456485 1.000000 
1634.161624  13.455693 1.000000 
1634.162305  13.456986 1.000000 
1634.162986  13.456195 1.000000 
1634.163667  13.457104 1.000000 
1634.164348  13.456050 1.000000 
1634.165029  13.456412 1.000000 
1634.165710  13.457056 1.000000 
1634.166391  13.455550 1.000000 
1634.167073  13.457500 1.000000 
1634.167754  13.455898 1.000000 
1634.168435  13.456557 1.000000 
1634.169116  13.456732 1.000000 
1634.169797  13.456161 1.000000 
1634.170478  13.456738 1.000000 
1634.171159  13.455889 1.000000 
1634.171841  13.455606 1.000000 
1634.172522  13.457218 1.000000 
1634.173203  13.457028 1.000000 
1634.173884  13.456209 1.000000 
1634.174565  13.456961 1.000000 
1634.175246  13.456217 1.000000 
1634.175927  13.456097 1.000000 
1634.176608  13.455954 1.000000 
1634.177290  13.457241 1.000000 
1634.177971  13.455177 1.000000 
1634.178652  13.456610 1.000000 
1634.179333  13.455192 1.000000 
1634.180014  13.456772 1.000000 
1634.180695  13.456405 1.000000 
1634.181376  13.456700 1.000000 
1634.182058  13.455084 1.000000 
1634.182739  13.456867 1.000000 
1634.183420  13.456678 1.000000 
1634.184101  13.456930 1.000000 
1634.184782  13.456738 1.000000 
1634.185463  13.456352 1.000000 
1634.186144  13.456147 1.000000 
1634.186825  13.457205 1.000000 
1634.187507  13.456227 1.000000 
1634.188188  13.455890 1.000000 
1634.188869  13.455852 1.000000 
1634.189550  13.456652 1.000000 
1634.190231  13.456823 1.000000 
1634.190912  13.457644 1.000000 
1634.191593  13.457594 1.000000 
1634.192274  13.455694 1.000000 
1634.192956  13.455368 1.000000 
1634.193637  13.455488 1.000000 
1634.194318  13.456959 1.000000 
1634.194999  13.455462 1.000000 
1634.195680  13.457916 1.000000 
1634.196361  13.456576 1.000000 
1634.197042  13.457072 1.000000 
1634.197724  13.456448 1.000000 
1634.198405  13.457178 1.000000 
1634.199086  13.456421 1.000000 
1634.199767  13.458797 1.000000 
1634.200448  13.457703 1.000000 
1634.201129  13.455916 1.000000 
1634.201810  13.456103 1.000000 
1634.202491  13.458042 1.000000 
1634.203173  13.456268 1.000000 
1634.203854  13.457302 1.000000 
1634.204535  13.456584 1.000000 
1634.205216  13.456939 1.000000 
1634.205897  13.456337 1.000000 
1634.206578  13.455759 1.000000 
1634.207260  13.456805 1.000000 
1634.207941  13.457604 1.000000 
1634.208622  13.457166 1.000000 
1634.209303  13.455321 1.000000 
1634.209984  13.456665 1.000000 
1634.210665  13.455044 1.000000 
1634.211346  13.455383 1.000000 
1634.212027  13.456366 1.000000 
1634.212709  13.456250 1.000000 
1634.213390  13.455623 1.000000 
1634.214071  13.455746 1.000000 
1634.214752  13.454874 1.000000 
1634.215433  13.456599 1.000000 
1634.216114  13.455617 1.000000 
1634.216795  13.455715 1.000000 
1634.217476  13.456530 1.000000 
1634.218158  13.457124 1.000000 
1634.218839  13.457455 1.000000 
1634.219520  13.455593 1.000000 
1634.220201  13.455635 1.000000 
1634.220882  13.456256 1.000000 
1634.221563  13.455570 1.000000 
1634.222244  13.456166 1.000000 
1634.222926  13.456572 1.000000 
1634.223607  13.457056 1.000000 
1634.224288  13.456307 1.000000 
1634.224969  13.456491 1.000000 
1634.225650  13.455519 1.000000 
1634.226331  13.457479 1.000000 
1634.227012  13.456285 1.000000 
1634.227693  13.455616 1.000000 
1634.228375  13.456796 1.000000 
1634.229056  13.455635 1.000000 
1634.229737  13.455585 1.000000 
1634.230418  13.456290 1.000000 
1634.231099  13.457775 1.000000 
1634.231780  13.455941 1.000000 
1634.232461  13.457429 1.000000 
1634.233143  13.455712 1.000000 
1634.233824  13.456450 1.000000 
1634.234505  13.458014 1.000000 
1634.235186  13.456686 1.000000 
1634.235867  13.456596 1.000000 
1634.236548  13.456648 1.000000 
1634.237229  13.456711 1.000000 
1634.237910  13.456714 1.000000 
1634.238592  13.455029 1.000000 
1634.239273  13.455340 1.000000 
1634.239954  13.456156 1.000000 
1634.240635  13.457296 1.000000 
1634.241316  13.456644 1.000000 
1634.241997  13.456087 1.000000 
1634.242678  13.454887 1.000000 
1634.243360  13.455170 1.000000 
1634.244041  13.457336 1.000000 
1634.244722  13.455350 1.000000 
1634.245403  13.456421 1.000000 
1634.246084  13.455156 1.000000 
1634.246765  13.455897 1.000000 
1634.247446  13.457152 1.000000 
1634.248127  13.454981 1.000000 
1634.248809  13.455469 1.000000 
1634.249490  13.456436 1.000000 
1634.250171  13.455296 1.000000 
1634.250852  13.456350 1.000000 
1634.251533  13.457415 1.000000 
1634.252214  13.457691 1.000000 
1634.252895  13.457044 1.000000 
1634.253576  13.456437 1.000000 
1634.254258  13.455420 1.000000 
1634.254939  13.457629 1.000000 
1634.255620  13.455845 1.000000 
1634.256301  13.456388 1.000000 
1634.256982  13.456338 1.000000 
1634.257663  13.456652 1.000000 
1634.258345  13.456307 1.000000 
1634.259026  13.455841 1.000000 
1634.259707  13.456413 1.000000 
1634.260388  13.457194 1.000000 
1634.261069  13.458097 1.000000 
1634.261750  13.455742 1.000000 
1634.262431  13.456823 1.000000 
1634.263112  13.457778 1.000000 
1634.263794  13.457143 1.000000 
1634.264475  13.455812 1.000000 
1634.265156  13.456989 1.000000 
1634.265837  13.456165 1.000000 
1634.266518  13.456156 1.000000 
1634.267199  13.456647 1.000000 
1634.267880  13.457146 1.000000 
1634.268562  13.456362 1.000000 
1634.269243  13.455665 1.000000 
1634.269924  13.456250 1.000000 
1634.270605  13.455893 1.000000 
1634.271286  13.457073 1.000000 
1634.271967  13.456686 1.000000 
1634.272648  13.456717 1.000000 
1634.273329  13.456875 1.000000 
1634.274011  13.457178 1.000000 
1634.274692  13.454988 1.000000 
1634.275373  13.455794 1.000000 
1634.276054  13.455986 1.000000 
1634.276735  13.458530 1.000000 
1634.277416  13.457069 1.000000 
1634.278097  13.457042 1.000000 
1634.278778  13.456632 1.000000 
1634.279460  13.456772 1.000000 
1634.280141  13.456728 1.000000 
1634.280822  13.456385 1.000000 
1634.281503  13.456242 1.000000 
1634.282184  13.456899 1.000000 
1634.282865  13.456717 1.000000 
1634.283546  13.456494 1.000000 
1634.284228  13.456013 1.000000 
1634.284909  13.455954 1.000000 
1634.285590  13.456154 1.000000 
1634.286271  13.454810 1.000000 
1634.286952  13.455411 1.000000 
1634.287633  13.458186 1.000000 
1634.288314  13.458149 1.000000 
1634.288995  13.457926 1.000000 
1634.289677  13.455659 1.000000 
1634.290358  13.456471 1.000000 
1634.291039  13.455564 1.000000 
1634.291720  13.458551 1.000000 
1634.292401  13.456338 1.000000 
1634.293082  13.456918 1.000000 
1634.293763  13.456223 1.000000 
1634.294445  13.456614 1.000000 
1634.295126  13.456157 1.000000 
1634.295807  13.458265 1.000000 
1634.296488  13.457104 1.000000 
1634.297169  13.457563 1.000000 
1634.297850  13.455718 1.000000 
1634.298531  13.457165 1.000000 
1634.299212  13.457735 1.000000 
1634.299894  13.456742 1.000000 
1634.300575  13.457883 1.000000 
1634.301256  13.455760 1.000000 
1634.301937  13.456614 1.000000 
1634.302618  13.456470 1.000000 
1634.303299  13.457501 1.000000 
1634.303980  13.457541 1.000000 
1634.304662  13.455668 1.000000 
1634.305343  13.455750 1.000000 
1634.306024  13.455822 1.000000 
1634.306705  13.457022 1.000000 
1634.307386  13.456934 1.000000 
1634.308067  13.456561 1.000000 
1634.308748  13.455979 1.000000 
1634.309429  13.455659 1.000000 
1634.310111  13.456394 1.000000 
1634.310792  13.457311 1.000000 
1634.311473  13.455507 1.000000 
1634.312154  13.456024 1.000000 
1634.312835  13.455839 1.000000 
1634.313516  13.456770 1.000000 
1634.314197  13.456155 1.000000 
1634.314879  13.456895 1.000000 
1634.315560  13.456629 1.000000 
1634.316241  13.456542 1.000000 
1634.316922  13.456380 1.000000 
1634.317603  13.457749 1.000000 
1634.318284  13.456692 1.000000 
1634.318965  13.455192 1.000000 
1634.319647  13.455373 1.000000 
1634.320328  13.457130 1.000000 
1634.321009  13.456034 1.000000 
1634.321690  13.457026 1.000000 
1634.322371  13.455252 1.000000 
1634.323052  13.457405 1.000000 
1634.323733  13.456953 1.000000 
1634.324414  13.455267 1.000000 
1634.325096  13.456383 1.000000 
1634.325777  13.456389 1.000000 
1634.326458  13.457958 1.000000 
1634.327139  13.457953 1.000000 
1634.327820  13.458606 1.000000 
1634.328501  13.456222 1.000000 
1634.329182  13.457493 1.000000 
1634.329864  13.456918 1.000000 
1634.330545  13.455692 1.000000 
1634.331226  13.455255 1.000000 
1634.331907  13.457299 1.000000 
1634.332588  13.457290 1.000000 
1634.333269  13.455737 1.000000 
1634.333950  13.456777 1.000000 
1634.334631  13.457258 1.000000 
1634.335313  13.455909 1.000000 
1634.335994  13.459184 1.000000 
1634.336675  13.457051 1.000000 
1634.337356  13.455904 1.000000 
1634.338037  13.456625 1.000000 
1634.338718  13.456717 1.000000 
1634.339399  13.456114 1.000000 
1634.340080  13.456347 1.000000 
1634.340762  13.456184 1.000000 
1634.341443  13.456643 1.000000 
1634.342124  13.457525 1.000000 
1634.342805  13.456765 1.000000 
1634.343486  13.456733 1.000000 
1634.344167  13.455422 1.000000 
1634.344848  13.457652 1.000000 
1634.345530  13.457223 1.000000 
1634.346211  13.457750 1.000000 
1634.346892  13.455636 1.000000 
1634.347573  13.457229 1.000000 
1634.348254  13.457051 1.000000 
1634.348935  13.456796 1.000000 
1634.349616  13.456034 1.000000 
1634.350298  13.457299 1.000000 
1634.350979  13.456293 1.000000 
1634.351660  13.456059 1.000000 
1634.352341  13.458011 1.000000 
1634.353022  13.455629 1.000000 
1634.353703  13.456182 1.000000 
1634.354384  13.457020 1.000000 
1634.355065  13.455896 1.000000 
1634.355747  13.457010 1.000000 
1634.356428  13.457359 1.000000 
1634.357109  13.456380 1.000000 
1634.357790  13.457348 1.000000 
1634.358471  13.457152 1.000000 
1634.359152  13.455283 1.000000 
1634.359833  13.456274 1.000000 
1634.360514  13.457286 1.000000 
1634.361196  13.456148 1.000000 
1634.361877  13.456837 1.000000 
1634.362558  13.456985 1.000000 
1634.363239  13.455922 1.000000 
1634.363920  13.456808 1.000000 
1634.364601  13.455913 1.000000 
1634.365282  13.457071 1.000000 
1634.365964  13.457966 1.000000 
1634.366645  13.455480 1.000000 
1634.367326  13.457349 1.000000 
1634.368007  13.456450 1.000000 
1634.368688  13.457301 1.000000 
1634.369369  13.457569 1.000000 
1634.370050  13.457211 1.000000 
1634.370731  13.455244 1.000000 
1634.371413  13.456027 1.000000 
1634.372094  13.456766 1.000000 
1634.372775  13.456818 1.000000 
1634.373456  13.456470 1.000000 
1634.374137  13.455670 1.000000 
1634.374818  13.456118 1.000000 
1634.375499  13.456183 1.000000 
1634.376181  13.455631 1.000000 
1634.376862  13.456711 1.000000 
1634.377543  13.455929 1.000000 
1634.378224  13.455960 1.000000 
1634.378905  13.455174 1.000000 
1634.379586  13.456071 1.000000 
1634.380267  13.456226 1.000000 
1634.380948  13.457043 1.000000 
1634.381630  13.455439 1.000000 
1634.382311  13.454758 1.000000 
1634.382992  13.456427 1.000000 
1634.383673  13.455976 1.000000 
1634.384354  13.456921 1.000000 
1634.385035  13.457216 1.000000 
1634.385716  13.456484 1.000000 
1634.386397  13.457090 1.000000 
1634.387079  13.456876 1.000000 
1634.387760  13.455702 1.000000 
1634.388441  13.456764 1.000000 
1634.389122  13.457000 1.000000 
1634.389803  13.457644 1.000000 
1634.390484  13.456561 1.000000 
1634.391165  13.457142 1.000000 
1634.391847  13.456742 1.000000 
1634.392528  13.455463 1.000000 
1634.393209  13.455149 1.000000 
1634.393890  13.456828 1.000000 
1634.394571  13.457247 1.000000 
1634.395252  13.455530 1.000000 
1634.395933  13.456094 1.000000 
1634.396614  13.455717 1.000000 
1634.397296  13.456380 1.000000 
1634.397977  13.457169 1.000000 
1634.398658  13.457395 1.000000 
1634.399339  13.456498 1.000000 
1634.400020  13.456933 1.000000 
1634.400701  13.457766 1.000000 
1634.401382  13.456419 1.000000 
1634.402064  13.456596 1.000000 
1634.402745  13.457019 1.000000 
1634.403426  13.456959 1.000000 
1634.404107  13.457788 1.000000 
1634.404788  13.456703 1.000000 
1634.405469  13.456304 1.000000 
1634.406150  13.457868 1.000000 
1634.406831  13.457588 1.000000 
1634.407513  13.457411 1.000000 
1634.408194  13.455801 1.000000 
1634.408875  13.456812 1.000000 
1634.409556  13.456176 1.000000 
1634.410237  13.455999 1.000000 
1634.410918  13.455257 1.000000 
1634.411599  13.457161 1.000000 
1634.412281  13.456962 1.000000 
1634.412962  13.455966 1.000000 
1634.413643  13.457404 1.000000 
1634.414324  13.455454 1.000000 
1634.415005  13.456075 1.000000 
1634.415686  13.456691 1.000000 
1634.416367  13.455948 1.000000 
1634.417048  13.456710 1.000000 
1634.417730  13.457290 1.000000 
1634.418411  13.455516 1.000000 
1634.419092  13.455889 1.000000 
1634.419773  13.456152 1.000000 
1634.420454  13.457552 1.000000 
1634.421135  13.457203 1.000000 
1634.421816  13.456230 1.000000 
1634.422497  13.456924 1.000000 
1634.423179  13.455530 1.000000 
1634.423860  13.455163 1.000000 
1634.424541  13.456790 1.000000 
1634.425222  13.457447 1.000000 
1634.425903  13.455620 1.000000 
1634.426584  13.456508 1.000000 
1634.427266  13.457054 1.000000 
1634.427947  13.457552 1.000000 
1634.428628  13.456631 1.000000 
1634.429309  13.456387 1.000000 
1634.429990  13.456952 1.000000 
1634.430671  13.458005 1.000000 
1634.431352  13.455664 1.000000 
1634.432033  13.455704 1.000000 
1634.432715  13.457194 1.000000 
1634.433396  13.456703 1.000000 
1634.434077  13.456453 1.000000 
1634.434758  13.455264 1.000000 
1634.435439  13.457862 1.000000 
1634.436120  13.456255 1.000000 
1634.436801  13.456318 1.000000 
1634.437483  13.455604 1.000000 
1634.438164  13.456387 1.000000 
1634.438845  13.456119 1.000000 
1634.439526  13.456776 1.000000 
1634.440207  13.455473 1.000000 
1634.440888  13.457043 1.000000 
1634.441569  13.457355 1.000000 
1634.442250  13.457191 1.000000 
1634.442932  13.456257 1.000000 
1634.443613  13.456842 1.000000 
1634.444294  13.455926 1.000000 
1634.444975  13.456885 1.000000 
1634.445656  13.456555 1.000000 
1634.446337  13.456354 1.000000 
1634.447018  13.457813 1.000000 
1634.447699  13.457230 1.000000 
1634.448381  13.456419 1.000000 
1634.449062  13.456238 1.000000 
1634.449743  13.456907 1.000000 
1634.450424  13.456252 1.000000 
1634.451105  13.456606 1.000000 
1634.451786  13.457430 1.000000 
1634.452467  13.457388 1.000000 
1634.453149  13.456554 1.000000 
1634.453830  13.455617 1.000000 
1634.454511  13.456738 1.000000 
1634.455192  13.457306 1.000000 
1634.455873  13.457206 1.000000 
1634.456554  13.456373 1.000000 
1634.457235  13.457519 1.000000 
1634.457916  13.457282 1.000000 
1634.458598  13.455948 1.000000 
1634.459279  13.455277 1.000000 
1634.459960  13.456346 1.000000 
1634.460641  13.456299 1.000000 
1634.461322  13.456875 1.000000 
1634.462003  13.457013 1.000000 
1634.462684  13.456380 1.000000 
1634.463366  13.455769 1.000000 
1634.464047  13.455265 1.000000 
1634.464728  13.456786 1.000000 
1634.465409  13.456736 1.000000 
1634.466090  13.456651 1.000000 
1634.466771  13.454876 1.000000 
1634.467452  13.456568 1.000000 
1634.468133  13.456610 1.000000 
1634.468815  13.456329 1.000000 
1634.469496  13.455960 1.000000 
1634.470177  13.455277 1.000000 
1634.470858  13.456342 1.000000 
1634.471539  13.455736 1.000000 
1634.472220  13.455719 1.000000 
1634.472901  13.455869 1.000000 
1634.473583  13.456676 1.000000 
1634.474264  13.456436 1.000000 
1634.474945  13.456585 1.000000 
1634.475626  13.457352 1.000000 
1634.476307  13.457811 1.000000 
1634.476988  13.457233 1.000000 
1634.477669  13.456234 1.000000 
1634.478350  13.456479 1.000000 
1634.479032  13.454750 1.000000 
1634.479713  13.456108 1.000000 
1634.480394  13.455913 1.000000 
1634.481075  13.456561 1.000000 
1634.481756  13.456455 1.000000 
1634.482437  13.457505 1.000000 
1634.483118  13.457225 1.000000 
1634.483799  13.463291 1.000000 
1634.484481  13.456335 1.000000 
1634.485162  13.456272 1.000000 
1634.485843  13.455229 1.000000 
1634.486524  13.456786 1.000000 
1634.487205  13.457399 1.000000 
1634.487886  13.456250 1.000000 
1634.488568  13.456947 1.000000 
1634.489249  13.455832 1.000000 
1634.489930  13.457158 1.000000 
1634.490611  13.455803 1.000000 
1634.491292  13.457390 1.000000 
1634.491973  13.456919 1.000000 
1634.492654  13.455976 1.000000 
1634.493335  13.457207 1.000000 
1634.494017  13.456384 1.000000 
1634.494698  13.456593 1.000000 
1634.495379  13.456653 1.000000 
1634.496060  13.456884 1.000000 
1634.496741  13.458027 1.000000 
1634.497422  13.458195 1.000000 
1634.498103  13.456486 1.000000 
1634.498785  13.454934 1.000000 
1634.499466  13.457455 1.000000 
1634.500147  13.457219 1.000000 
1634.500828  13.455921 1.000000 
1634.501509  13.454476 1.000000 
1634.502190  13.455632 1.000000 
1634.502871  13.455155 1.000000 
1634.503552  13.456415 1.000000 
1634.504234  13.456450 1.000000 
1634.504915  13.457547 1.000000 
1634.505596  13.456535 1.000000 
1634.506277  13.455382 1.000000 
1634.506958  13.456414 1.000000 
1634.507639  13.456602 1.000000 
1634.508320  13.455347 1.000000 
1634.509001  13.456517 1.000000 
1634.509683  13.456567 1.000000 
1634.510364  13.455858 1.000000 
1634.511045  13.455843 1.000000 
1634.511726  13.453230 1.000000 
1634.512407  13.455153 1.000000 
1634.513088  13.454939 1.000000 
1634.513769  13.455835 1.000000 
1634.514451  13.457191 1.000000 
1634.515132  13.456144 1.000000 
1634.515813  13.455699 1.000000 
1634.516494  13.454067 1.000000 
1634.517175  13.455257 1.000000 
1634.517856  13.454911 1.000000 
1634.518537  13.457543 1.000000 
1634.519219  13.455255 1.000000 
1634.519900  13.456537 1.000000 
1634.520581  13.455740 1.000000 
1634.521262  13.456982 1.000000 
1634.521943  13.456928 1.000000 
1634.522624  13.456608 1.000000 
1634.523305  13.455473 1.000000 
1634.523986  13.457043 1.000000 
1634.524668  13.456734 1.000000 
1634.525349  13.457300 1.000000 
1634.526030  13.456917 1.000000 
1634.526711  13.457108 1.000000 
1634.527392  13.455335 1.000000 
1634.528073  13.456815 1.000000 
1634.528754  13.456314 1.000000 
1634.529435  13.458570 1.000000 
1634.530117  13.456106 1.000000 
1634.530798  13.458024 1.000000 
1634.531479  13.456471 1.000000 
1634.532160  13.455556 1.000000 
1634.532841  13.455910 1.000000 
1634.533522  13.456275 1.000000 
1634.534203  13.455666 1.000000 
1634.534885  13.456195 1.000000 
1634.535566  13.457740 1.000000 
1634.536247  13.456766 1.000000 
1634.536928  13.455540 1.000000 
1634.537609  13.456642 1.000000 
1634.538290  13.456004 1.000000 
1634.538971  13.457785 1.000000 
1634.539653  13.455945 1.000000 
1634.540334  13.456189 1.000000 
1634.541015  13.455718 1.000000 
1634.541696  13.457848 1.000000 
1634.542377  13.455784 1.000000 
1634.543058  13.457367 1.000000 
1634.543739  13.455853 1.000000 
1634.544421  13.457970 1.000000 
1634.545102  13.460734 1.000000 
1634.545783  13.456656 1.000000 
1634.546464  13.456614 1.000000 
1634.547145  13.456770 1.000000 
1634.547826  13.456934 1.000000 
1634.548507  13.456298 1.000000 
1634.549188  13.456183 1.000000 
1634.549870  13.456450 1.000000 
1634.550551  13.457067 1.000000 
1634.551232  13.455812 1.000000 
1634.551913  13.456748 1.000000 
1634.552594  13.457388 1.000000 
1634.553275  13.456384 1.000000 
1634.553956  13.456732 1.000000 
1634.554637  13.454906 1.000000 
1634.555319  13.456831 1.000000 
1634.556000  13.455741 1.000000 
1634.556681  13.457125 1.000000 
1634.557362  13.456399 1.000000 
1634.558043  13.455904 1.000000 
1634.558724  13.456356 1.000000 
1634.559405  13.456516 1.000000 
1634.560087  13.455983 1.000000 
1634.560768  13.456384 1.000000 
1634.561449  13.458367 1.000000 
1634.562130  13.455744 1.000000 
1634.562811  13.456287 1.000000 
1634.563492  13.456800 1.000000 
1634.564173  13.455505 1.000000 
1634.564854  13.457388 1.000000 
1634.565536  13.457403 1.000000 
1634.566217  13.456723 1.000000 
1634.566898  13.456543 1.000000 
1634.567579  13.456665 1.000000 
1634.568260  13.456156 1.000000 
1634.568941  13.456710 1.000000 
1634.569622  13.455612 1.000000 
1634.570304  13.456945 1.000000 
1634.570985  13.456317 1.000000 
1634.571666  13.455984 1.000000 
1634.572347  13.457066 1.000000 
1634.573028  13.457001 1.000000 
1634.573709  13.456395 1.000000 
1634.574390  13.458071 1.000000 
1634.575071  13.456804 1.000000 
1634.575753  13.455275 1.000000 
1634.576434  13.457661 1.000000 
1634.577115  13.456689 1.000000 
1634.577796  13.456069 1.000000 
1634.578477  13.457263 1.000000 
1634.579158  13.456207 1.000000 
1634.579839  13.455585 1.000000 
1634.580521  13.455723 1.000000 
1634.581202  13.454972 1.000000 
1634.581883  13.455795 1.000000 
1634.582564  13.456594 1.000000 
1634.583245  13.455200 1.000000 
1634.583926  13.455760 1.000000 
1634.584607  13.454918 1.000000 
1634.585288  13.456403 1.000000 
1634.585970  13.457199 1.000000 
1634.586651  13.456157 1.000000 
1634.587332  13.455923 1.000000 
1634.588013  13.457098 1.000000 
1634.588694  13.456820 1.000000 
1634.589375  13.456536 1.000000 
1634.590056  13.455969 1.000000 
1634.590737  13.454450 1.000000 
1634.591419  13.455481 1.000000 
1634.592100  13.456005 1.000000 
1634.592781  13.456790 1.000000 
1634.593462  13.456823 1.000000 
1634.594143  13.456858 1.000000 
1634.594824  13.456100 1.000000 
1634.595506  13.455690 1.000000 
1634.596187  13.456804 1.000000 
1634.596868  13.455961 1.000000 
1634.597549  13.455757 1.000000 
1634.598230  13.456486 1.000000 
1634.598911  13.456743 1.000000 
1634.599592  13.458107 1.000000 
1634.600273  13.456719 1.000000 
1634.600955  13.456659 1.000000 
1634.601636  13.456567 1.000000 
1634.602317  13.456146 1.000000 
1634.602998  13.455654 1.000000 
1634.603679  13.457429 1.000000 
1634.604360  13.456741 1.000000 
1634.605041  13.456282 1.000000 
1634.605723  13.457839 1.000000 
1634.606404  13.456942 1.000000 
1634.607085  13.456326 1.000000 
1634.607766  13.456524 1.000000 
1634.608447  13.454786 1.000000 
1634.609128  13.456791 1.000000 
1634.609809  13.455263 1.000000 
1634.610490  13.456033 1.000000 
1634.611172  13.457607 1.000000 
1634.611853  13.455827 1.000000 
1634.612534  13.457361 1.000000 
1634.613215  13.456608 1.000000 
1634.613896  13.455565 1.000000 
1634.614577  13.457724 1.000000 
1634.615258  13.456126 1.000000 
1634.615939  13.455692 1.000000 
1634.616621  13.456891 1.000000 
1634.617302  13.454743 1.000000 
1634.617983  13.457540 1.000000 
1634.618664  13.455801 1.000000 
1634.619345  13.458259 1.000000 
1634.620026  13.456050 1.000000 
1634.620707  13.456594 1.000000 
1634.621389  13.457458 1.000000 
1634.622070  13.456556 1.000000 
1634.622751  13.456072 1.000000 
1634.623432  13.457041 1.000000 
1634.624113  13.455950 1.000000 
1634.624794  13.456323 1.000000 
1634.625475  13.457229 1.000000 
1634.626156  13.456299 1.000000 
1634.626838  13.458149 1.000000 
1634.627519  13.455038 1.000000 
1634.628200  13.456729 1.000000 
1634.628881  13.457575 1.000000 
1634.629562  13.456040 1.000000 
1634.630243  13.456786 1.000000 
1634.630924  13.454883 1.000000 
1634.631606  13.455738 1.000000 
1634.632287  13.455679 1.000000 
1634.632968  13.456946 1.000000 
1634.633649  13.456436 1.000000 
1634.634330  13.457458 1.000000 
1634.635011  13.457082 1.000000 
1634.635692  13.456675 1.000000 
1634.636373  13.456182 1.000000 
1634.637055  13.457995 1.000000 
1634.637736  13.456399 1.000000 
1634.638417  13.456676 1.000000 
1634.639098  13.456822 1.000000 
1634.639779  13.456848 1.000000 
1634.640460  13.456974 1.000000 
1634.641141  13.456541 1.000000 
1634.641823  13.456770 1.000000 
1634.642504  13.456102 1.000000 
1634.643185  13.455365 1.000000 
1634.643866  13.457430 1.000000 
1634.644547  13.455598 1.000000 
1634.645228  13.456045 1.000000 
1634.645909  13.458121 1.000000 
1634.646591  13.456624 1.000000 
1634.647272  13.454903 1.000000 
1634.647953  13.456812 1.000000 
1634.648634  13.457319 1.000000 
1634.649315  13.456685 1.000000 
1634.649996  13.454898 1.000000 
1634.650677  13.457076 1.000000 
1634.651358  13.455412 1.000000 
1634.652040  13.456380 1.000000 
1634.652721  13.457392 1.000000 
1634.653402  13.455918 1.000000 
1634.654083  13.457397 1.000000 
1634.654764  13.457098 1.000000 
1634.655445  13.456249 1.000000 
1634.656126  13.456360 1.000000 
1634.656808  13.456564 1.000000 
1634.657489  13.457720 1.000000 
1634.658170  13.456612 1.000000 
1634.658851  13.456173 1.000000 
1634.659532  13.456341 1.000000 
1634.660213  13.456541 1.000000 
1634.660894  13.455143 1.000000 
1634.661575  13.457327 1.000000 
1634.662257  13.457226 1.000000 
1634.662938  13.454985 1.000000 
1634.663619  13.456398 1.000000 
1634.664300  13.455942 1.000000 
1634.664981  13.456819 1.000000 
1634.665662  13.456919 1.000000 
1634.666343  13.456261 1.000000 
1634.667025  13.455820 1.000000 
1634.667706  13.457263 1.000000 
1634.668387  13.456214 1.000000 
1634.669068  13.456650 1.000000 
1634.669749  13.457000 1.000000 
1634.670430  13.456462 1.000000 
1634.671111  13.455387 1.000000 
1634.671792  13.456690 1.000000 
1634.672474  13.455864 1.000000 
1634.673155  13.456200 1.000000 
1634.673836  13.457445 1.000000 
1634.674517  13.455268 1.000000 
1634.675198  13.456150 1.000000 
1634.675879  13.455938 1.000000 
1634.676560  13.457386 1.000000 
1634.677241  13.457025 1.000000 
1634.677923  13.456326 1.000000 
1634.678604  13.456059 1.000000 
1634.679285  13.457909 1.000000 
1634.679966  13.456895 1.000000 
1634.680647  13.456618 1.000000 
1634.681328  13.455850 1.000000 
1634.682009  13.456425 1.000000 
1634.682691  13.457619 1.000000 
1634.683372  13.456219 1.000000 
1634.684053  13.456520 1.000000 
1634.684734  13.456188 1.000000 
1634.685415  13.456404 1.000000 
1634.686096  13.456596 1.000000 
1634.686777  13.456547 1.000000 
1634.687458  13.456204 1.000000 
1634.688140  13.456232 1.000000 
1634.688821  13.458158 1.000000 
1634.689502  13.456339 1.000000 
1634.690183  13.457954 1.000000 
1634.690864  13.456717 1.000000 
1634.691545  13.456861 1.000000 
1634.692226  13.456532 1.000000 
1634.692908  13.458082 1.000000 
1634.693589  13.455894 1.000000 
1634.694270  13.455395 1.000000 
1634.694951  13.456291 1.000000 
1634.695632  13.457350 1.000000 
1634.696313  13.456323 1.000000 
1634.696994  13.456748 1.000000 
1634.697675  13.456591 1.000000 
1634.698357  13.455832 1.000000 
1634.699038  13.457067 1.000000 
1634.699719  13.455680 1.000000 
1634.700400  13.455980 1.000000 
1634.701081  13.458092 1.000000 
1634.701762  13.456049 1.000000 
1634.702443  13.456257 1.000000 
1634.703125  13.456293 1.000000 
1634.703806  13.457772 1.000000 
1634.704487  13.457172 1.000000 
1634.705168  13.459017 1.000000 
1634.705849  13.455999 1.000000 
1634.716066  13.456579 1.000000 
1634.716747  13.457268 1.000000 
1634.717428  13.456465 1.000000 
1634.718109  13.457376 1.000000 
1634.718791  13.457094 1.000000 
1634.719472  13.456319 1.000000 
1634.720153  13.458186 1.000000 
1634.720834  13.457152 1.000000 
1634.721515  13.456827 1.000000 
1634.722196  13.456928 1.000000 
1634.722877  13.455957 1.000000 
1634.723559  13.456380 1.000000 
1634.724240  13.456174 1.000000 
1634.724921  13.457114 1.000000 
1634.725602  13.457162 1.000000 
1634.726283  13.456746 1.000000 
1634.726964  13.457377 1.000000 
1634.727645  13.456014 1.000000 
1634.728326  13.456136 1.000000 
1634.729008  13.456507 1.000000 
1634.729689  13.457767 1.000000 
1634.730370  13.456409 1.000000 
1634.731051  13.455632 1.000000 
1634.731732  13.456375 1.000000 
1634.732413  13.456413 1.000000 
1634.733094  13.458082 1.000000 
1634.733776  13.456961 1.000000 
1634.734457  13.455774 1.000000 
1634.735138  13.457932 1.000000 
1634.735819  13.456499 1.000000 
1634.736500  13.456354 1.000000 
1634.737181  13.457366 1.000000 
1634.737862  13.455690 1.000000 
1634.738543  13.457982 1.000000 
1634.739225  13.455803 1.000000 
1634.739906  13.455683 1.000000 
1634.740587  13.456590 1.000000 
1634.741268  13.455687 1.000000 
1634.741949  13.456880 1.000000 
1634.742630  13.456367 1.000000 
1634.743311  13.456853 1.000000 
1634.743992  13.456810 1.000000 
1634.744674  13.456398 1.000000 
1634.745355  13.458082 1.000000 
1634.746036  13.456120 1.000000 
1634.746717  13.456102 1.000000 
1634.747398  13.455221 1.000000 
1634.748079  13.456327 1.000000 
1634.748760  13.457464 1.000000 
1634.749442  13.456117 1.000000 
1634.750123  13.455790 1.000000 
1634.750804  13.455947 1.000000 
1634.751485  13.456415 1.000000 
1634.752166  13.455982 1.000000 
1634.752847  13.455636 1.000000 
1634.753528  13.455502 1.000000 
1634.754209  13.455660 1.000000 
1634.754891  13.454793 1.000000 
1634.755572  13.457234 1.000000 
1634.756253  13.457753 1.000000 
1634.756934  13.455956 1.000000 
1634.757615  13.456557 1.000000 
1634.758296  13.455878 1.000000 
1634.758977  13.456328 1.000000 
1634.759659  13.455674 1.000000 
1634.760340  13.455770 1.000000 
1634.761021  13.456275 1.000000 
1634.761702  13.456288 1.000000 
1634.762383  13.457416 1.000000 
1634.763064  13.455426 1.000000 
1634.763745  13.456938 1.000000 
1634.764427  13.456355 1.000000 
1634.765108  13.457018 1.000000 
1634.765789  13.456161 1.000000 
1634.766470  13.456380 1.000000 
1634.767151  13.457701 1.000000 
1634.767832  13.456538 1.000000 
1634.768513  13.457337 1.000000 
1634.769194  13.456748 1.000000 
1634.769876  13.457354 1.000000 
1634.770557  13.456818 1.000000 
1634.771238  13.455887 1.000000 
1634.771919  13.458029 1.000000 
1634.772600  13.457528 1.000000 
1634.773281  13.458206 1.000000 
1634.773962  13.458922 1.000000 
1634.774644  13.458764 1.000000 
1634.775325  13.459217 1.000000 
1634.776006  13.459876 1.000000 
1634.776687  13.460331 1.000000 
1634.777368  13.459012 1.000000 
1634.778049  13.459705 1.000000 
1634.778730  13.460790 1.000000 
1634.779411  13.461235 1.000000 
1634.780093  13.460934 1.000000 
1634.780774  13.462544 1.000000 
1634.781455  13.461472 1.000000 
1634.782136  13.461167 1.000000 
1634.782817  13.462354 1.000000 
1634.783498  13.463797 1.000000 
1634.784179  13.464434 1.000000 
1634.784860  13.463984 1.000000 
1634.785542  13.462879 1.000000 
1634.786223  13.465715 1.000000 
1634.786904  13.465348 1.000000 
1634.787585  13.467081 1.000000 
1634.788266  13.466280 1.000000 
1634.788947  13.467279 1.000000 
1634.789628  13.467936 1.000000 
1634.790310  13.467047 1.000000 
1634.790991  13.467737 1.000000 
1634.791672  13.467323 1.000000 
1634.792353  13.467462 1.000000 
1634.793034  13.468550 1.000000 
1634.793715  13.469964 1.000000 
1634.794396  13.468935 1.000000 
1634.795077  13.470881 1.000000 
1634.795759  13.469106 1.000000 
1634.796440  13.469077 1.000000 
1634.797121  13.470580 1.000000 
1634.797802  13.471504 1.000000 
1634.798483  13.472223 1.000000 
1634.799164  13.471224 1.000000 
1634.799845  13.471655 1.000000 
1634.800527  13.470932 1.000000 
1634.801208  13.470453 1.000000 
1634.801889  13.471268 1.000000 
1634.802570  13.470671 1.000000 
1634.803251  13.471457 1.000000 
1634.803932  13.471539 1.000000 
1634.804613  13.470688 1.000000 
1634.805294  13.471223 1.000000 
1634.805976  13.471034 1.000000 
1634.806657  13.471394 1.000000 
1634.807338  13.469984 1.000000 
1634.808019  13.471447 1.000000 
1634.808700  13.471718 1.000000 
1634.809381  13.471409 1.000000 
1634.810062  13.471645 1.000000 
1634.810744  13.472219 1.000000 
1634.811425  13.470572 1.000000 
1634.812106  13.471779 1.000000 
1634.812787  13.470965 1.000000 
1634.813468  13.472120 1.000000 
1634.814149  13.471901 1.000000 
1634.814830  13.470317 1.000000 
1634.815512  13.472792 1.000000 
1634.816193  13.472980 1.000000 
1634.816874  13.472118 1.000000 
1634.817555  13.470869 1.000000 
1634.818236  13.472243 1.000000 
1634.818917  13.472102 1.000000 
1634.819598  13.472532 1.000000 
1634.820279  13.471416 1.000000 
1634.820961  13.471896 1.000000 
1634.821642  13.472246 1.000000 
1634.822323  13.472214 1.000000 
1634.823004  13.471441 1.000000 
1634.823685  13.473269 1.000000 
1634.824366  13.472548 1.000000 
1634.825047  13.474132 1.000000 
1634.825729  13.472138 1.000000 
1634.826410  13.472720 1.000000 
1634.827091  13.472383 1.000000 
1634.827772  13.471959 1.000000 
1634.828453  13.472038 1.000000 
1634.829134  13.473349 1.000000 
1634.829815  13.473543 1.000000 
1634.830496  13.471978 1.000000 
1634.831178  13.472281 1.000000 
1634.831859  13.472475 1.000000 
1634.832540  13.473027 1.000000 
1634.833221  13.472692 1.000000 
1634.833902  13.474535 1.000000 
1634.834583  13.471323 1.000000 
1634.835264  13.473552 1.000000 
1634.835946  13.473250 1.000000 
1634.836627  13.472216 1.000000 
1634.837308  13.472340 1.000000 
1634.837989  13.471785 1.000000 
1634.838670  13.473712 1.000000 
1634.839351  13.471667 1.000000 
1634.840032  13.473509 1.000000 
1634.840713  13.473425 1.000000 
1634.841395  13.472436 1.000000 
1634.842076  13.472402 1.000000 
1634.842757  13.471746 1.000000 
1634.843438  13.471889 1.000000 
1634.844119  13.472297 1.000000 
1634.844800  13.471089 1.000000 
1634.845481  13.473536 1.000000 
1634.846162  13.471644 1.000000 
1634.846844  13.473995 1.000000 
1634.847525  13.473125 1.000000 
1634.848206  13.472988 1.000000 
1634.848887  13.472545 1.000000 
1634.849568  13.473373 1.000000 
1634.850249  13.472293 1.000000 
1634.850930  13.471499 1.000000 
1634.851612  13.472010 1.000000 
1634.852293  13.472574 1.000000 
1634.852974  13.472478 1.000000 
1634.853655  13.472498 1.000000 
1634.854336  13.473203 1.000000 
1634.855017  13.472885 1.000000 
1634.855698  13.472292 1.000000 
1634.856379  13.472164 1.000000 
1634.857061  13.474043 1.000000 
1634.857742  13.473543 1.000000 
1634.858423  13.472859 1.000000 
1634.859104  13.472075 1.000000 
1634.859785  13.471175 1.000000 
1634.860466  13.472798 1.000000 
1634.861147  13.473413 1.000000 
1634.861829  13.471948 1.000000 
1634.862510  13.471127 1.000000 
1634.863191  13.470856 1.000000 
1634.863872  13.471958 1.000000 
1634.864553  13.471163 1.000000 
1634.865234  13.471101 1.000000 
1634.865915  13.471663 1.000000 
1634.866596  13.472786 1.000000 
1634.867278  13.470819 1.000000 
1634.867959  13.471267 1.000000 
1634.868640  13.472220 1.000000 
1634.869321  13.470157 1.000000 
1634.870002  13.472092 1.000000 
1634.870683  13.470565 1.000000 
1634.871364  13.470175 1.000000 
1634.872046  13.470255 1.000000 
1634.872727  13.472325 1.000000 
1634.873408  13.471502 1.000000 
1634.874089  13.471334 1.000000 
1634.874770  13.469880 1.000000 
1634.875451  13.471041 1.000000 
1634.876132  13.470347 1.000000 
1634.876814  13.469355 1.000000 
1634.877495  13.469831 1.000000 
1634.878176  13.471285 1.000000 
1634.878857  13.469484 1.000000 
1634.879538  13.468575 1.000000 
1634.880219  13.468876 1.000000 
1634.880900  13.467795 1.000000 
1634.881581  13.469864 1.000000 
1634.882263  13.469624 1.000000 
1634.882944  13.466688 1.000000 
1634.883625  13.467907 1.000000 
1634.884306  13.467475 1.000000 
1634.884987  13.467279 1.000000 
1634.885668  13.466005 1.000000 
1634.886349  13.465531 1.000000 
1634.887031  13.464621 1.000000 
1634.887712  13.465254 1.000000 
1634.888393  13.464877 1.000000 
1634.889074  13.465421 1.000000 
1634.889755  13.464572 1.000000 
1634.890436  13.464025 1.000000 
1634.891117  13.463672 1.000000 
1634.891798  13.463813 1.000000 
1634.892480  13.464490 1.000000 
1634.893161  13.461025 1.000000 
1634.893842  13.460651 1.000000 
1634.894523  13.462503 1.000000 
1634.895204  13.460049 1.000000 
1634.895885  13.460189 1.000000 
1634.896566  13.458987 1.000000 
1634.897248  13.459418 1.000000 
1634.897929  13.457794 1.000000 
1634.898610  13.458641 1.000000 
1634.899291  13.458159 1.000000 
1634.899972  13.458055 1.000000 
1634.900653  13.458653 1.000000 
1634.901334  13.459083 1.000000 
1634.902015  13.457205 1.000000 
1634.902697  13.456430 1.000000 
1634.903378  13.456451 1.000000 
1634.904059  13.457452 1.000000 
1634.904740  13.457492 1.000000 
1634.905421  13.458410 1.000000 
1634.906102  13.456139 1.000000 
1634.906783  13.456608 1.000000 
1634.907464  13.455083 1.000000 
1634.908146  13.455980 1.000000 
1634.908827  13.457302 1.000000 
1634.909508  13.455831 1.000000 
1634.910189  13.456381 1.000000 
1634.910870  13.455995 1.000000 
1634.911551  13.456076 1.000000 
1634.912232  13.455788 1.000000 
1634.912914  13.455313 1.000000 
1634.913595  13.456337 1.000000 
1634.914276  13.454906 1.000000 
1634.914957  13.457738 1.000000 
1634.915638  13.456758 1.000000 
1634.916319  13.456151 1.000000 
1634.917000  13.456561 1.000000 
1634.917681  13.457865 1.000000 
1634.918363  13.456271 1.000000 
1634.919044  13.456043 1.000000 
1634.919725  13.456147 1.000000 
1634.920406  13.455286 1.000000 
1634.921087  13.456562 1.000000 
1634.921768  13.455725 1.000000 
1634.922450  13.455338 1.000000 
1634.923131  13.457191 1.000000 
1634.923812  13.456195 1.000000 
1634.924493  13.456447 1.000000 
1634.925174  13.456738 1.000000 
1634.925855  13.456059 1.000000 
1634.926536  13.456463 1.000000 
1634.927217  13.456990 1.000000 
1634.927899  13.456250 1.000000 
1634.928580  13.457467 1.000000 
1634.929261  13.456520 1.000000 
1634.929942  13.457009 1.000000 
1634.930623  13.456170 1.000000 
1634.931304  13.458275 1.000000 
1634.931985  13.455894 1.000000 
1634.932666  13.457014 1.000000 
1634.933348  13.456852 1.000000 
1634.934029  13.456699 1.000000 
1634.934710  13.456939 1.000000 
1634.935391  13.454870 1.000000 
1634.936072  13.457489 1.000000 
1634.936753  13.455518 1.000000 
1634.937434  13.456880 1.000000 
1634.938116  13.455444 1.000000 
1634.938797  13.458283 1.000000 
1634.939478  13.455280 1.000000 
1634.940159  13.456953 1.000000 
1634.940840  13.456304 1.000000 
1634.941521  13.457110 1.000000 
1634.942202  13.456959 1.000000 
1634.942883  13.457368 1.000000 
1634.943565  13.455813 1.000000 
1634.944246  13.456814 1.000000 
1634.944927  13.456345 1.000000 
1634.945608  13.456393 1.000000 
1634.946289  13.456398 1.000000 
1634.946970  13.457384 1.000000 
1634.947651  13.456246 1.000000 
1634.948333  13.455557 1.000000 
1634.949014  13.455445 1.000000 
1634.949695  13.456076 1.000000 
1634.950376  13.457334 1.000000 
1634.951057  13.455963 1.000000 
1634.951738  13.458271 1.000000 
1634.952419  13.455985 1.000000 
1634.953100  13.455769 1.000000 
1634.953782  13.457008 1.000000 
1634.954463  13.455564 1.000000 
1634.955144  13.457327 1.000000 
1634.955825  13.457439 1.000000 
1634.956506  13.454769 1.000000 
1634.957187  13.456433 1.000000 
1634.957868  13.456409 1.000000 
1634.958550  13.455946 1.000000 
1634.959231  13.456013 1.000000 
1634.959912  13.455059 1.000000 
1634.960593  13.455919 1.000000 
1634.961274  13.455976 1.000000 
1634.961955  13.457438 1.000000 
1634.962636  13.455948 1.000000 
1634.963317  13.456287 1.000000 
1634.963999  13.456989 1.000000 
1634.964680  13.455561 1.000000 
1634.965361  13.456821 1.000000 
1634.966042  13.456872 1.000000 
1634.966723  13.457614 1.000000 
1634.967404  13.456046 1.000000 
1634.968085  13.456560 1.000000 
1634.968766  13.457926 1.000000 
1634.969448  13.458042 1.000000 
1634.970129  13.457140 1.000000 
1634.970810  13.456482 1.000000 
1634.971491  13.456430 1.000000 
1634.972172  13.457230 1.000000 
1634.972853  13.455465 1.000000 
1634.973534  13.456663 1.000000 
1634.974216  13.456089 1.000000 
1634.974897  13.456974 1.000000 
1634.975578  13.457190 1.000000 
1634.976259  13.456428 1.000000 
1634.976940  13.457038 1.000000 
1634.977621  13.458288 1.000000 
1634.978302  13.454965 1.000000 
1634.978984  13.455821 1.000000 
1634.979665  13.455698 1.000000 
1634.980346  13.453639 1.000000 
1634.981027  13.457235 1.000000 
1634.981708  13.457204 1.000000 
1634.982389  13.455846 1.000000 
1634.983070  13.458212 1.000000 
1634.983752  13.456934 1.000000 
1634.984433  13.455309 1.000000 
1634.985114  13.456530 1.000000 
1634.985795  13.456717 1.000000 
1634.986476  13.455889 1.000000 
1634.987157  13.455957 1.000000 
1634.987838  13.457871 1.000000 
1634.988519  13.456310 1.000000 
1634.989201  13.454866 1.000000 
1634.989882  13.456033 1.000000 
1634.990563  13.457492 1.000000 
1634.991244  13.455854 1.000000 
1634.991925  13.457401 1.000000 
1634.992606  13.456565 1.000000 
1634.993287  13.457018 1.000000 
1634.993968  13.456442 1.000000 
1634.994650  13.456768 1.000000 
1634.995331  13.455350 1.000000 
1634.996012  13.456752 1.000000 
1634.996693  13.457260 1.000000 
1634.997374  13.457349 1.000000 
1634.998055  13.457568 1.000000 
1634.998736  13.457187 1.000000 
1634.999418  13.456318 1.000000 
1635.000099  13.457422 1.000000 
1635.000780  13.456198 1.000000 
1635.001461  13.454773 1.000000 
1635.002142  13.456761 1.000000 
1635.002823  13.456060 1.000000 
1635.003504  13.457453 1.000000 
1635.004185  13.455256 1.000000 
1635.004867  13.456417 1.000000 
1635.005548  13.455550 1.000000 
1635.006229  13.457429 1.000000 
1635.006910  13.455817 1.000000 
1635.007591  13.455095 1.000000 
1635.008272  13.458174 1.000000 
1635.008953  13.457645 1.000000 
1635.009635  13.456461 1.000000 
1635.010316  13.455480 1.000000 
1635.010997  13.455665 1.000000 
1635.011678  13.456279 1.000000 
1635.012359  13.455855 1.000000 
1635.013040  13.455649 1.000000 
1635.013721  13.457079 1.000000 
1635.014402  13.455181 1.000000 
1635.015084  13.456050 1.000000 
1635.015765  13.456669 1.000000 
1635.016446  13.455822 1.000000 
1635.017127  13.456828 1.000000 
1635.017808  13.456519 1.000000 
1635.018489  13.455879 1.000000 
1635.019170  13.457636 1.000000 
1635.019851  13.454948 1.000000 
1635.020533  13.457714 1.000000 
1635.021214  13.457054 1.000000 
1635.021895  13.456469 1.000000 
1635.022576  13.455912 1.000000 
1635.023257  13.456932 1.000000 
1635.023938  13.456970 1.000000 
1635.024619  13.456803 1.000000 
1635.025301  13.456442 1.000000 
1635.025982  13.456942 1.000000 
1635.026663  13.456594 1.000000 
1635.027344  13.455956 1.000000 
1635.028025  13.456307 1.000000 
1635.028706  13.456326 1.000000 
1635.029388  13.455524 1.000000 
1635.030069  13.457950 1.000000 
1635.030750  13.456547 1.000000 
1635.031431  13.456590 1.000000 
1635.032112  13.457340 1.000000 
1635.032793  13.457117 1.000000 
1635.033474  13.457502 1.000000 
1635.034155  13.457348 1.000000 
1635.034837  13.456532 1.000000 
1635.035518  13.456109 1.000000 
1635.036199  13.456512 1.000000 
1635.036880  13.456733 1.000000 
1635.037561  13.455544 1.000000 
1635.038242  13.456691 1.000000 
1635.038923  13.454948 1.000000 
1635.039604  13.455782 1.000000 
1635.040286  13.456661 1.000000 
1635.040967  13.454798 1.000000 
1635.041648  13.457109 1.000000 
1635.042329  13.456828 1.000000 
1635.043010  13.456280 1.000000 
1635.043691  13.456305 1.000000 
1635.044372  13.455828 1.000000 
1635.045054  13.456304 1.000000 
1635.045735  13.457447 1.000000 
1635.046416  13.456095 1.000000 
1635.047097  13.455677 1.000000 
1635.047778  13.457026 1.000000 
1635.048459  13.455163 1.000000 
1635.049140  13.456654 1.000000 
1635.049821  13.456388 1.000000 
1635.050503  13.457400 1.000000 
1635.051184  13.456762 1.000000 
1635.051865  13.457089 1.000000 
1635.052546  13.457787 1.000000 
1635.053227  13.456066 1.000000 
1635.053908  13.456472 1.000000 
1635.054589  13.456624 1.000000 
1635.055271  13.456131 1.000000 
1635.055952  13.456717 1.000000 
1635.056633  13.456752 1.000000 
1635.057314  13.457280 1.000000 
1635.057995  13.456513 1.000000 
1635.058676  13.456314 1.000000 
1635.059357  13.456442 1.000000 
1635.060038  13.457294 1.000000 
1635.060720  13.456347 1.000000 
1635.061401  13.456913 1.000000 
1635.062082  13.456646 1.000000 
1635.062763  13.457273 1.000000 
1635.063444  13.457458 1.000000 
1635.064125  13.456070 1.000000 
1635.064806  13.456475 1.000000 
1635.065487  13.456322 1.000000 
1635.066169  13.457915 1.000000 
1635.066850  13.456964 1.000000 
1635.067531  13.458478 1.000000 
1635.068212  13.457083 1.000000 
1635.068893  13.455433 1.000000 
1635.069574  13.456443 1.000000 
1635.070255  13.455194 1.000000 
1635.070937  13.455294 1.000000 
1635.071618  13.457106 1.000000 
1635.072299  13.455959 1.000000 
1635.072980  13.455647 1.000000 
1635.073661  13.457477 1.000000 
1635.074342  13.456805 1.000000 
1635.075023  13.456413 1.000000 
1635.075704  13.457504 1.000000 
1635.076386  13.457452 1.000000 
1635.077067  13.456259 1.000000 
1635.077748  13.456669 1.000000 
1635.078429  13.457700 1.000000 
1635.079110  13.456129 1.000000 
1635.079791  13.455879 1.000000 
1635.080472  13.455878 1.000000 
1635.081154  13.455516 1.000000 
1635.081835  13.456894 1.000000 
1635.082516  13.456180 1.000000 
1635.083197  13.455515 1.000000 
1635.083878  13.457138 1.000000 
1635.084559  13.455944 1.000000 
1635.085240  13.456610 1.000000 
1635.085921  13.456419 1.000000 
1635.086603  13.455497 1.000000 
1635.087284  13.457232 1.000000 
1635.087965  13.457502 1.000000 
1635.088646  13.456565 1.000000 
1635.089327  13.455636 1.000000 
1635.090008  13.456618 1.000000 
1635.090689  13.455760 1.000000 
1635.091371  13.457582 1.000000 
1635.092052  13.454363 1.000000 
1635.092733  13.457528 1.000000 
1635.093414  13.457023 1.000000 
1635.094095  13.457342 1.000000 
1635.094776  13.456629 1.000000 
1635.095457  13.457069 1.000000 
1635.096139  13.456789 1.000000 
1635.096820  13.456255 1.000000 
1635.097501  13.456841 1.000000 
1635.098182  13.455877 1.000000 
1635.098863  13.455789 1.000000 
1635.099544  13.456690 1.000000 
1635.100225  13.456284 1.000000 
1635.100906  13.455330 1.000000 
1635.101588  13.456959 1.000000 
1635.102269  13.455578 1.000000 
1635.102950  13.457609 1.000000 
1635.103631  13.455885 1.000000 
1635.104312  13.456365 1.000000 
1635.104993  13.457554 1.000000 
1635.105674  13.456957 1.000000 
1635.106356  13.456361 1.000000 
1635.107037  13.456370 1.000000 
1635.107718  13.456128 1.000000 
1635.108399  13.456485 1.000000 
1635.109080  13.456709 1.000000 
1635.109761  13.456943 1.000000 
1635.110442  13.455483 1.000000 
1635.111123  13.456357 1.000000 
1635.111805  13.456173 1.000000 
1635.112486  13.456690 1.000000 
1635.113167  13.456411 1.000000 
1635.113848  13.456771 1.000000 
1635.114529  13.457156 1.000000 
1635.115210  13.457124 1.000000 
1635.115891  13.456722 1.000000 
1635.116573  13.457339 1.000000 
1635.117254  13.457747 1.000000 
1635.117935  13.458252 1.000000 
1635.118616  13.456913 1.000000 
1635.119297  13.456497 1.000000 
1635.119978  13.456131 1.000000 
1635.120659  13.456843 1.000000 
1635.121340  13.456182 1.000000 
1635.122022  13.457301 1.000000 
1635.122703  13.456417 1.000000 
1635.123384  13.456869 1.000000 
1635.124065  13.455420 1.000000 
1635.124746  13.456270 1.000000 
1635.125427  13.455592 1.000000 
1635.126108  13.456761 1.000000 
1635.126789  13.458593 1.000000 
1635.127471  13.454559 1.000000 
1635.128152  13.456604 1.000000 
1635.128833  13.456576 1.000000 
1635.129514  13.455865 1.000000 
1635.130195  13.456114 1.000000 
1635.130876  13.456387 1.000000 
1635.131557  13.456240 1.000000 
1635.132239  13.456271 1.000000 
1635.132920  13.457296 1.000000 
1635.133601  13.458061 1.000000 
1635.134282  13.457586 1.000000 
1635.134963  13.456686 1.000000 
1635.135644  13.456041 1.000000 
1635.136325  13.457482 1.000000 
1635.137006  13.454803 1.000000 
1635.137688  13.456901 1.000000 
1635.138369  13.457076 1.000000 
1635.139050  13.456962 1.000000 
1635.139731  13.456079 1.000000 
1635.140412  13.457521 1.000000 
1635.141093  13.455821 1.000000 
1635.141775  13.455045 1.000000 
1635.142456  13.455697 1.000000 
1635.143137  13.458026 1.000000 
1635.143818  13.458166 1.000000 
1635.144499  13.455378 1.000000 
1635.145180  13.455873 1.000000 
1635.145861  13.456604 1.000000 
1635.146542  13.456157 1.000000 
1635.147224  13.456100 1.000000 
1635.147905  13.457293 1.000000 
1635.148586  13.455883 1.000000 
1635.149267  13.456806 1.000000 
1635.149948  13.457004 1.000000 
1635.150629  13.457125 1.000000 
1635.151310  13.456764 1.000000 
1635.151991  13.455325 1.000000 
1635.152673  13.455461 1.000000 
1635.153354  13.456689 1.000000 
1635.154035  13.456375 1.000000 
1635.154716  13.456234 1.000000 
1635.155397  13.455746 1.000000 
1635.156078  13.454741 1.000000 
1635.156759  13.456053 1.000000 
1635.157441  13.457222 1.000000 
1635.158122  13.457479 1.000000 
1635.158803  13.457148 1.000000 
1635.159484  13.458565 1.000000 
1635.160165  13.455500 1.000000 
1635.160846  13.456724 1.000000 
1635.161527  13.456675 1.000000 
1635.162208  13.457038 1.000000 
1635.162890  13.455998 1.000000 
1635.163571  13.457319 1.000000 
1635.164252  13.458224 1.000000 
1635.164933  13.455468 1.000000 
1635.165614  13.456288 1.000000 
1635.166295  13.457151 1.000000 
1635.166976  13.457362 1.000000 
1635.167658  13.456179 1.000000 
1635.168339  13.457747 1.000000 
1635.169020  13.456061 1.000000 
1635.169701  13.456023 1.000000 
1635.170382  13.457031 1.000000 
1635.171063  13.456333 1.000000 
1635.171744  13.456698 1.000000 
1635.172425  13.457457 1.000000 
1635.173107  13.456835 1.000000 
1635.173788  13.457978 1.000000 
1635.174469  13.456488 1.000000 
1635.175150  13.455750 1.000000 
1635.175831  13.456232 1.000000 
1635.176512  13.456437 1.000000 
1635.177193  13.456932 1.000000 
1635.177875  13.458035 1.000000 
1635.178556  13.457759 1.000000 
1635.179237  13.457385 1.000000 
1635.179918  13.456758 1.000000 
1635.180599  13.456590 1.000000 
1635.181280  13.456393 1.000000 
1635.181961  13.458088 1.000000 
1635.182642  13.456002 1.000000 
1635.183324  13.456647 1.000000 
1635.184005  13.457453 1.000000 
1635.184686  13.456762 1.000000 
1635.185367  13.455513 1.000000 
1635.186048  13.455992 1.000000 
1635.186729  13.456673 1.000000 
1635.187410  13.456237 1.000000 
1635.188091  13.456873 1.000000 
1635.188773  13.455040 1.000000 
1635.189454  13.456727 1.000000 
1635.190135  13.456522 1.000000 
1635.190816  13.456415 1.000000 
1635.191497  13.456867 1.000000 
1635.192178  13.455717 1.000000 
1635.192859  13.456532 1.000000 
1635.193541  13.457573 1.000000 
1635.194222  13.456436 1.000000 
1635.194903  13.457057 1.000000 
1635.195584  13.457128 1.000000 
1635.196265  13.457607 1.000000 
1635.196946  13.457596 1.000000 
1635.197627  13.457171 1.000000 
1635.198308  13.455086 1.000000 
1635.198990  13.454763 1.000000 
1635.199671  13.456369 1.000000 
1635.200352  13.456354 1.000000 
1635.201033  13.457235 1.000000 
1635.201714  13.456507 1.000000 
1635.202395  13.456800 1.000000 
1635.203077  13.456084 1.000000 
1635.203758  13.455551 1.000000 
1635.204439  13.456632 1.000000 
1635.205120  13.456446 1.000000 
1635.205801  13.457295 1.000000 
1635.206482  13.456275 1.000000 
1635.207163  13.455954 1.000000 
1635.207844  13.455872 1.000000 
1635.208526  13.457754 1.000000 
1635.209207  13.457492 1.000000 
1635.209888  13.455946 1.000000 
1635.210569  13.456758 1.000000 
1635.211250  13.456872 1.000000 
1635.211931  13.457215 1.000000 
1635.212612  13.456120 1.000000 
1635.213293  13.456861 1.000000 
1635.213975  13.457076 1.000000 
1635.214656  13.457225 1.000000 
1635.215337  13.455719 1.000000 
1635.216018  13.457568 1.000000 
1635.216699  13.454426 1.000000 
1635.217380  13.457865 1.000000 
1635.218061  13.456652 1.000000 
1635.218743  13.456192 1.000000 
1635.219424  13.457868 1.000000 
1635.220105  13.458200 1.000000 
1635.220786  13.457981 1.000000 
1635.221467  13.456767 1.000000 
1635.222148  13.457933 1.000000 
1635.222829  13.455917 1.000000 
1635.223510  13.456850 1.000000 
1635.224192  13.455946 1.000000 
1635.224873  13.455694 1.000000 
1635.225554  13.456152 1.000000 
1635.226235  13.456669 1.000000 
1635.226916  13.456843 1.000000 
1635.227597  13.456184 1.000000 
1635.228278  13.456777 1.000000 
1635.228960  13.455823 1.000000 
1635.229641  13.455711 1.000000 
1635.230322  13.455279 1.000000 
1635.231003  13.456591 1.000000 
1635.231684  13.455568 1.000000 
1635.232365  13.456466 1.000000 
1635.233046  13.456920 1.000000 
1635.233728  13.456394 1.000000 
1635.234409  13.455703 1.000000 
1635.235090  13.456876 1.000000 
1635.235771  13.456066 1.000000 
1635.236452  13.455572 1.000000 
1635.237133  13.458097 1.000000 
1635.237814  13.456594 1.000000 
1635.238495  13.456138 1.000000 
1635.239177  13.457226 1.000000 
1635.239858  13.457926 1.000000 
1635.240539  13.456599 1.000000 
1635.241220  13.455464 1.000000 
1635.241901  13.456742 1.000000 
1635.242582  13.457263 1.000000 
1635.243263  13.457195 1.000000 
1635.243945  13.457300 1.000000 
1635.244626  13.457117 1.000000 
1635.245307  13.456079 1.000000 
1635.245988  13.455798 1.000000 
1635.246669  13.456895 1.000000 
1635.247350  13.456910 1.000000 
1635.248031  13.456514 1.000000 
1635.248712  13.455932 1.000000 
1635.249394  13.456158 1.000000 
1635.250075  13.457254 1.000000 
1635.250756  13.455828 1.000000 
1635.251437  13.457211 1.000000 
1635.252118  13.456723 1.000000 
1635.252799  13.456920 1.000000 
1635.253480  13.455406 1.000000 
1635.254162  13.456856 1.000000 
1635.254843  13.456757 1.000000 
1635.255524  13.455878 1.000000 
1635.256205  13.457302 1.000000 
1635.256886  13.456050 1.000000 
1635.257567  13.456402 1.000000 
1635.258248  13.456155 1.000000 
1635.258929  13.456457 1.000000 
1635.259611  13.457796 1.000000 
1635.260292  13.455697 1.000000 
1635.260973  13.456331 1.000000 
1635.261654  13.456675 1.000000 
1635.262335  13.456513 1.000000 
1635.263016  13.454996 1.000000 
1635.263697  13.455918 1.000000 
1635.264379  13.457472 1.000000 
1635.265060  13.456618 1.000000 
1635.265741  13.457114 1.000000 
1635.266422  13.456907 1.000000 
1635.267103  13.457635 1.000000 
1635.267784  13.453962 1.000000 
1635.268465  13.458622 1.000000 
1635.269147  13.457133 1.000000 
1635.269828  13.457508 1.000000 
1635.270509  13.456215 1.000000 
1635.271190  13.456561 1.000000 
1635.271871  13.456814 1.000000 
1635.272552  13.455740 1.000000 
1635.273233  13.456863 1.000000 
1635.273914  13.455856 1.000000 
1635.274596  13.455354 1.000000 
1635.275277  13.457457 1.000000 
1635.275958  13.456103 1.000000 
1635.276639  13.457347 1.000000 
1635.277320  13.455937 1.000000 
1635.278001  13.456930 1.000000 
1635.278682  13.456981 1.000000 
1635.279364  13.456427 1.000000 
1635.280045  13.455722 1.000000 
1635.280726  13.455842 1.000000 
1635.281407  13.457444 1.000000 
1635.282088  13.456681 1.000000 
1635.282769  13.455828 1.000000 
1635.283450  13.457254 1.000000 
1635.284131  13.457848 1.000000 
1635.284813  13.457460 1.000000 
1635.285494  13.455620 1.000000 
1635.286175  13.455856 1.000000 
1635.286856  13.456137 1.000000 
1635.287537  13.456865 1.000000 
1635.288218  13.456856 1.000000 
1635.288899  13.457714 1.000000 
1635.289581  13.456038 1.000000 
1635.290262  13.456307 1.000000 
1635.290943  13.455747 1.000000 
1635.291624  13.457806 1.000000 
1635.292305  13.455965 1.000000 
1635.292986  13.455776 1.000000 
1635.293667  13.455418 1.000000 
1635.294348  13.456700 1.000000 
1635.295030  13.457188 1.000000 
1635.295711  13.455250 1.000000 
1635.296392  13.456629 1.000000 
1635.297073  13.454831 1.000000 
1635.297754  13.456608 1.000000 
1635.298435  13.457883 1.000000 
1635.299116  13.455629 1.000000 
1635.299797  13.457271 1.000000 
1635.300479  13.456581 1.000000 
1635.301160  13.457600 1.000000 
1635.301841  13.456956 1.000000 
1635.302522  13.457947 1.000000 
1635.303203  13.455392 1.000000 
1635.303884  13.455664 1.000000 
1635.304566  13.456431 1.000000 
1635.305247  13.458090 1.000000 
1635.305928  13.455889 1.000000 
1635.306609  13.456526 1.000000 
1635.307290  13.457727 1.000000 
1635.307971  13.455894 1.000000 
1635.308652  13.456723 1.000000 
1635.309333  13.456069 1.000000 
1635.310015  13.456637 1.000000 
1635.310696  13.455950 1.000000 
1635.311377  13.455884 1.000000 
1635.312058  13.456741 1.000000 
1635.312739  13.456633 1.000000 
1635.313420  13.457222 1.000000 
1635.314101  13.456800 1.000000 
1635.314783  13.457416 1.000000 
1635.315464  13.458082 1.000000 
1635.316145  13.455666 1.000000 
1635.316826  13.457417 1.000000 
1635.317507  13.456756 1.000000 
1635.318188  13.455898 1.000000 
1635.318869  13.455842 1.000000 
1635.319550  13.456456 1.000000 
1635.320232  13.455999 1.000000 
1635.320913  13.456043 1.000000 
1635.321594  13.455965 1.000000 
1635.322275  13.457582 1.000000 
1635.322956  13.455871 1.000000 
1635.323637  13.458031 1.000000 
1635.324318  13.456872 1.000000 
1635.324999  13.457901 1.000000 
1635.325681  13.455451 1.000000 
1635.326362  13.456519 1.000000 
1635.327043  13.457680 1.000000 
1635.327724  13.456183 1.000000 
1635.328405  13.456218 1.000000 
1635.329086  13.457275 1.000000 
1635.329767  13.457540 1.000000 
1635.330449  13.456412 1.000000 
1635.331130  13.456927 1.000000 
1635.331811  13.455054 1.000000 
1635.332492  13.455871 1.000000 
1635.333173  13.454896 1.000000 
1635.333854  13.456647 1.000000 
1635.334535  13.455000 1.000000 
1635.335216  13.455592 1.000000 
1635.335898  13.456861 1.000000 
1635.336579  13.455248 1.000000 
1635.337260  13.457762 1.000000 
1635.337941  13.455742 1.000000 
1635.338622  13.457349 1.000000 
1635.339303  13.457810 1.000000 
1635.339984  13.455160 1.000000 
1635.340666  13.456622 1.000000 
1635.341347  13.457047 1.000000 
1635.342028  13.457505 1.000000 
1635.342709  13.456379 1.000000 
1635.343390  13.456181 1.000000 
1635.344071  13.456460 1.000000 
1635.344752  13.456386 1.000000 
1635.345433  13.455933 1.000000 
1635.346115  13.457120 1.000000 
1635.346796  13.457791 1.000000 
1635.347477  13.455995 1.000000 
1635.348158  13.455630 1.000000 
1635.348839  13.455873 1.000000 
1635.349520  13.456261 1.000000 
1635.350201  13.456547 1.000000 
1635.350883  13.456030 1.000000 
1635.351564  13.457260 1.000000 
1635.352245  13.456934 1.000000 
1635.352926  13.455455 1.000000 
1635.353607  13.456013 1.000000 
1635.354288  13.457071 1.000000 
