2455087.441560  14.541824 1.000000 
2455087.461993  14.541347 1.000000 
2455087.482426  14.542095 1.000000 
2455087.502859  14.541365 1.000000 
2455087.523293  14.542230 1.000000 
2455087.543726  14.542049 1.000000 
2455087.564159  14.542196 1.000000 
2455087.584592  14.541719 1.000000 
2455087.605025  14.541751 1.000000 
2455087.625458  14.542245 1.000000 
2455087.645891  14.542163 1.000000 
2455087.666324  14.542180 1.000000 
2455087.686758  14.541761 1.000000 
2455087.707191  14.541851 1.000000 
2455087.727624  14.542080 1.000000 
2455087.748057  14.542402 1.000000 
2455087.768490  14.542231 1.000000 
2455087.788923  14.542541 1.000000 
2455087.809356  14.541994 1.000000 
2455087.829789  14.541508 1.000000 
2455087.850222  14.542059 1.000000 
2455087.870655  14.541937 1.000000 
2455087.891089  14.541711 1.000000 
2455087.911522  14.542280 1.000000 
2455087.931955  14.541187 1.000000 
2455087.952388  14.542547 1.000000 
2455087.972821  14.542033 1.000000 
2455087.993254  14.541757 1.000000 
2455088.013687  14.541999 1.000000 
2455088.034121  14.542151 1.000000 
2455088.054554  14.542384 1.000000 
2455088.074987  14.542384 1.000000 
2455088.095420  14.542078 1.000000 
2455088.115853  14.541985 1.000000 
2455088.136286  14.542033 1.000000 
2455088.156719  14.542203 1.000000 
2455088.177152  14.541780 1.000000 
2455088.197585  14.542193 1.000000 
2455088.218018  14.542318 1.000000 
2455088.238451  14.542020 1.000000 
2455088.258885  14.541941 1.000000 
2455088.279318  14.541742 1.000000 
2455088.299751  14.542064 1.000000 
2455088.320184  14.541926 1.000000 
2455088.340617  14.542312 1.000000 
2455088.361050  14.541952 1.000000 
2455088.381483  14.542270 1.000000 
2455089.341839  14.544243 1.000000 
2455089.362272  14.541585 1.000000 
2455089.382705  14.541963 1.000000 
2455089.403139  14.541546 1.000000 
2455089.423571  14.543245 1.000000 
2455089.444005  14.541565 1.000000 
2455089.464438  14.541513 1.000000 
2455089.484871  14.541325 1.000000 
2455089.505304  14.541448 1.000000 
2455089.525737  14.541268 1.000000 
2455089.546170  14.541940 1.000000 
2455089.566603  14.541824 1.000000 
2455089.587036  14.541317 1.000000 
2455089.607469  14.541775 1.000000 
2455089.627902  14.541316 1.000000 
2455089.668769  14.541120 1.000000 
2455089.689202  14.541420 1.000000 
2455089.709635  14.541598 1.000000 
2455089.730068  14.541096 1.000000 
2455089.750501  14.542338 1.000000 
2455089.770934  14.541818 1.000000 
2455089.791367  14.541135 1.000000 
2455089.811800  14.541402 1.000000 
2455089.832234  14.541718 1.000000 
2455089.852667  14.541646 1.000000 
2455089.873100  14.541322 1.000000 
2455089.893533  14.541193 1.000000 
2455089.913966  14.541645 1.000000 
2455089.934399  14.540781 1.000000 
2455089.954832  14.541220 1.000000 
2455089.975265  14.541610 1.000000 
2455089.995698  14.541340 1.000000 
2455090.016131  14.541591 1.000000 
2455090.036564  14.541193 1.000000 
2455090.056997  14.541936 1.000000 
2455090.077431  14.541891 1.000000 
2455090.097864  14.540991 1.000000 
2455090.118297  14.541976 1.000000 
2455090.138730  14.541292 1.000000 
2455090.159163  14.541297 1.000000 
2455090.179596  14.541741 1.000000 
2455090.200029  14.541312 1.000000 
2455090.220462  14.541221 1.000000 
2455090.240895  14.541417 1.000000 
2455090.261328  14.541202 1.000000 
2455090.281761  14.540975 1.000000 
2455090.302194  14.541449 1.000000 
2455090.322628  14.541791 1.000000 
2455090.343061  14.541440 1.000000 
2455090.363494  14.541335 1.000000 
2455090.383927  14.541420 1.000000 
2455090.404360  14.541527 1.000000 
2455090.424793  14.541927 1.000000 
2455090.445226  14.541177 1.000000 
2455090.465659  14.541122 1.000000 
2455090.486092  14.540939 1.000000 
2455090.506525  14.541265 1.000000 
2455090.526958  14.541649 1.000000 
2455090.547392  14.541839 1.000000 
2455090.567825  14.541904 1.000000 
2455090.588258  14.541375 1.000000 
2455090.608691  14.541308 1.000000 
2455090.629124  14.541159 1.000000 
2455090.649557  14.540988 1.000000 
2455090.669990  14.541575 1.000000 
2455090.690423  14.541544 1.000000 
2455090.710856  14.541378 1.000000 
2455090.731289  14.541666 1.000000 
2455090.751722  14.540940 1.000000 
2455090.772155  14.542144 1.000000 
2455090.792588  14.541410 1.000000 
2455090.813022  14.540983 1.000000 
2455090.833455  14.541284 1.000000 
2455090.853888  14.541613 1.000000 
2455090.874321  14.541364 1.000000 
2455090.894754  14.541146 1.000000 
2455090.915187  14.541363 1.000000 
2455090.935620  14.541087 1.000000 
2455090.956053  14.541697 1.000000 
2455090.976486  14.541601 1.000000 
