2455546.498756  11.041073 1.000000 
2455546.519189  11.041118 1.000000 
2455546.539622  11.041138 1.000000 
2455546.560055  11.041046 1.000000 
2455546.580488  11.041099 1.000000 
2455546.600921  11.041186 1.000000 
2455546.621354  11.041096 1.000000 
2455546.682653  11.041004 1.000000 
2455546.703086  11.041161 1.000000 
2455546.723519  11.041047 1.000000 
2455546.743952  11.041115 1.000000 
2455546.764385  11.041084 1.000000 
2455546.784818  11.041108 1.000000 
2455546.805251  11.041090 1.000000 
2455546.825684  11.041008 1.000000 
2455546.846117  11.041093 1.000000 
2455546.866550  11.041042 1.000000 
2455546.886983  11.041170 1.000000 
2455546.907416  11.041081 1.000000 
2455546.927848  11.041012 1.000000 
2455546.948281  11.041029 1.000000 
2455546.968714  11.041068 1.000000 
2455546.989147  11.041079 1.000000 
2455547.009580  11.042857 1.000000 
2455547.030013  11.043270 1.000000 
2455547.050446  11.043426 1.000000 
2455547.070879  11.043092 1.000000 
2455547.091312  11.041475 1.000000 
2455547.111745  11.040947 1.000000 
2455547.193477  11.041032 1.000000 
2455547.213910  11.041042 1.000000 
2455547.234343  11.041037 1.000000 
2455547.254776  11.040981 1.000000 
2455547.275209  11.040971 1.000000 
2455547.295642  11.040961 1.000000 
2455547.316075  11.041065 1.000000 
2455547.336508  11.040957 1.000000 
2455547.356941  11.040986 1.000000 
2455547.377374  11.041026 1.000000 
2455547.397807  11.041016 1.000000 
2455547.418239  11.040917 1.000000 
2455547.438672  11.041012 1.000000 
2455547.459106  11.040928 1.000000 
2455547.479538  11.040951 1.000000 
2455547.499971  11.040922 1.000000 
2455547.520404  11.040900 1.000000 
2455547.540837  11.040951 1.000000 
2455547.561270  11.041005 1.000000 
2455547.581703  11.040930 1.000000 
