1420.182953  -0.000236
1420.203386  -0.000148
1420.223820  -0.000151
1420.244253  -0.000076
1420.264686  -0.000172
1420.285120  -0.000146
1420.305553  -0.000173
1420.325987  -0.000206
1420.346420  -0.000190
1420.387287  -0.000041
1420.407720  -0.000195
1420.428153  -0.000159
1420.448587  -0.000180
1420.469020  -0.000129
1420.489453  -0.000177
1420.509887  -0.000218
1420.530320  -0.000110
1420.550753  -0.000185
1420.571187  -0.000203
1420.591620  -0.000139
1420.612053  -0.000122
1420.632487  -0.000111
1420.652920  -0.000184
1420.673353  -0.000144
1420.693787   0.001543
1420.714220   0.002134
1420.734653   0.002177
1420.755087   0.001826
1420.775520   0.000229
1420.795954  -0.000159
1420.816387  -0.000128
1420.836820  -0.000131
1420.857254  -0.000198
1420.877687  -0.000245
1420.898120  -0.000247
1420.918554  -0.000211
1420.938987  -0.000243
1420.959420  -0.000185
1420.979854  -0.000219
1421.000287  -0.000125
1421.020720  -0.000196
1421.041154  -0.000074
1421.061587  -0.000237
1421.082020  -0.000217
1421.102454  -0.000241
1421.122887  -0.000166
1421.143320  -0.000169
1421.163754  -0.000159
1421.184187  -0.000084
1421.204620  -0.000185
1421.225054  -0.000002
1421.245487  -0.000119
1421.265920  -0.000176
