1546.498756  -0.000190
1546.519189  -0.000147
1546.539622  -0.000128
1546.560055  -0.000222
1546.580488  -0.000168
1546.600921  -0.000083
1546.621354  -0.000173
1546.682653  -0.000266
1546.703086  -0.000108
1546.723519  -0.000222
1546.743952  -0.000152
1546.764385  -0.000184
1546.784818  -0.000159
1546.805251  -0.000175
1546.825684  -0.000255
1546.846117  -0.000169
1546.866550  -0.000219
1546.886983  -0.000089
1546.907416  -0.000176
1546.927848  -0.000242
1546.948281  -0.000223
1546.968714  -0.000182
1546.989147  -0.000169
1547.009580   0.001612
1547.030013   0.002028
1547.050446   0.002188
1547.070879   0.001858
1547.091312   0.000244
1547.111745  -0.000280
1547.193477  -0.000178
1547.213910  -0.000164
1547.234343  -0.000164
1547.254776  -0.000216
1547.275209  -0.000220
1547.295642  -0.000225
1547.316075  -0.000116
1547.336508  -0.000218
1547.356941  -0.000183
1547.377374  -0.000137
1547.397807  -0.000140
1547.418239  -0.000234
1547.438672  -0.000131
1547.459105  -0.000209
1547.479538  -0.000179
1547.499971  -0.000202
1547.520404  -0.000217
1547.540837  -0.000157
1547.561270  -0.000097
1547.581703  -0.000163
