1514.909662  -0.000041
1514.930095  -0.000152
1514.950527  -0.000193
1514.970960  -0.000200
1514.991393  -0.000159
1515.011825  -0.000155
1515.032258  -0.000165
1515.052691  -0.000125
1515.073123  -0.000099
1515.093556  -0.000190
1515.113989  -0.000125
1515.134421  -0.000084
1515.154854  -0.000144
1515.175287  -0.000184
1515.195719  -0.000100
1515.216152  -0.000080
1515.236585  -0.000268
1515.257017  -0.000226
1515.277450  -0.000193
1515.297883  -0.000187
1515.318315  -0.000155
1515.338748  -0.000167
1515.359181  -0.000250
1515.379613  -0.000178
1515.400046  -0.000221
1515.420479   0.000592
1515.440912   0.002065
1515.461344   0.002243
1515.481777   0.002040
1515.502210   0.001023
1515.522642  -0.000207
1515.543075  -0.000214
1515.563508  -0.000217
1515.583940  -0.000198
1515.604373  -0.000148
1515.624806  -0.000174
1515.645238  -0.000260
1515.665671  -0.000051
1515.686104  -0.000172
1515.706536  -0.000195
1515.726969  -0.000141
1515.747402  -0.000178
1515.767834  -0.000147
1515.788267  -0.000050
1515.808700  -0.000138
1515.829132  -0.000243
1515.849565  -0.000063
1515.869998  -0.000118
1515.890430  -0.000095
1515.910863  -0.000119
1515.931296  -0.000217
1515.951728  -0.000128
1515.972161  -0.000162
1515.992594  -0.000154
1516.013026  -0.000132
