2455009.651412  11.043158 1.000000 
2455009.671846  11.043180 1.000000 
2455009.692279  11.043177 1.000000 
2455009.712713  11.043141 1.000000 
2455009.733147  11.043159 1.000000 
2455009.753581  11.043104 1.000000 
2455009.774015  11.043249 1.000000 
2455009.794449  11.043180 1.000000 
2455009.814883  11.043159 1.000000 
2455009.835317  11.043218 1.000000 
2455009.855751  11.043141 1.000000 
2455009.876185  11.043244 1.000000 
2455009.896619  11.043189 1.000000 
2455009.917053  11.043190 1.000000 
2455009.937487  11.043227 1.000000 
2455009.957921  11.043187 1.000000 
2455009.978355  11.043145 1.000000 
2455009.998789  11.043192 1.000000 
2455010.019222  11.043160 1.000000 
2455010.039656  11.043275 1.000000 
2455010.060090  11.043186 1.000000 
2455010.080524  11.043141 1.000000 
2455010.100958  11.043150 1.000000 
2455010.121392  11.043119 1.000000 
2455010.141826  11.043212 1.000000 
2455010.162260  11.043870 1.000000 
2455010.182694  11.045317 1.000000 
2455010.203128  11.045502 1.000000 
2455010.223562  11.045342 1.000000 
2455010.243996  11.044351 1.000000 
2455010.264430  11.043110 1.000000 
2455010.284864  11.043053 1.000000 
2455010.305298  11.043088 1.000000 
2455010.325732  11.043137 1.000000 
2455010.346166  11.043082 1.000000 
2455010.366599  11.043182 1.000000 
2455010.387033  11.043046 1.000000 
2455010.407467  11.043125 1.000000 
2455010.427901  11.043196 1.000000 
2455010.448335  11.043200 1.000000 
2455010.468769  11.043092 1.000000 
2455010.489203  11.043140 1.000000 
2455010.509637  11.043073 1.000000 
2455010.530071  11.043078 1.000000 
2455010.550505  11.043077 1.000000 
2455010.570939  11.043040 1.000000 
2455010.591373  11.043145 1.000000 
2455010.611806  11.043093 1.000000 
2455010.632241  11.042964 1.000000 
2455010.652674  11.043055 1.000000 
2455010.673108  11.043035 1.000000 
2455010.693542  11.043077 1.000000 
2455010.713976  11.043003 1.000000 
2455010.734410  11.043107 1.000000 
2455010.754844  11.042992 1.000000 
