1483.341219  -0.000127
1483.361652   0.000001
1483.382084  -0.000179
1483.402517  -0.000223
1483.422950  -0.000147
1483.443382  -0.000174
1483.463815  -0.000274
1483.484248  -0.000176
1483.504680  -0.000195
1483.525113  -0.000161
1483.545546  -0.000147
1483.565978  -0.000153
1483.586411  -0.000191
1483.606844  -0.000146
1483.627276  -0.000113
1483.647709  -0.000046
1483.668142  -0.000119
1483.688574  -0.000092
1483.709007  -0.000058
1483.729440  -0.000237
1483.749873  -0.000151
1483.770305  -0.000231
1483.790738  -0.000211
1483.811171  -0.000204
1483.831603  -0.000183
1483.852036   0.001603
1483.872469   0.002087
1483.892901   0.002094
1483.913334   0.001841
1483.933767   0.000149
1483.954199  -0.000170
1483.974632  -0.000102
1483.995065  -0.000154
1484.015497  -0.000178
1484.035930  -0.000171
1484.056363  -0.000231
1484.076795  -0.000186
1484.097228  -0.000218
1484.117661  -0.000217
1484.138093  -0.000157
1484.158526  -0.000179
1484.178959  -0.000129
1484.199391  -0.000168
1484.219824  -0.000132
1484.240257  -0.000067
1484.260689  -0.000160
1484.281122  -0.000193
1484.301555  -0.000120
1484.321987  -0.000075
1484.342420  -0.000197
1484.362853  -0.000155
1484.383285  -0.000216
1484.403718  -0.000090
1484.424151  -0.000171
