2209.655017  -0.000251
2209.675450  -0.000221
2209.695883  -0.000205
2209.716316  -0.000075
2209.736749  -0.000162
2209.757181  -0.000074
2209.777614  -0.000162
2209.798047  -0.000129
2209.818480  -0.000200
2209.838912  -0.000119
2209.859345  -0.000132
2209.879778  -0.000007
2209.900211  -0.000177
2209.920644   0.000009
2209.941076  -0.000088
2209.961509  -0.000116
2209.981942  -0.000224
2210.002375  -0.000279
2210.022808  -0.000103
2210.043240  -0.000171
2210.063673  -0.000245
2210.084106  -0.000109
2210.104539  -0.000207
2210.124972  -0.000093
2210.145404   0.000055
2210.165837   0.001664
2210.186270   0.002054
2210.206703   0.002007
2210.227135   0.001578
2210.247568  -0.000201
2210.268001  -0.000215
2210.288434  -0.000262
2210.308867  -0.000200
2210.349732  -0.000168
2210.370165  -0.000207
2210.390598  -0.000159
2210.411031  -0.000133
2210.431463  -0.000242
2210.451896  -0.000046
2210.472329  -0.000122
2210.492762  -0.000127
2210.513195  -0.000073
2210.533627  -0.000242
2210.554060  -0.000168
2210.574493  -0.000218
2210.594926  -0.000161
2210.615358  -0.000105
2210.635791  -0.000068
2210.656224  -0.000059
2210.676657  -0.000154
2210.697090  -0.000146
2210.717522  -0.000159
2210.737955  -0.000182
