1957.009030  -0.000168
1957.029464  -0.000116
1957.049897  -0.000228
1957.070331  -0.000140
1957.090765  -0.000102
1957.111198  -0.000161
1957.131632  -0.000050
1957.152065  -0.000097
1957.172499  -0.000271
1957.192932  -0.000130
1957.213366  -0.000230
1957.233799  -0.000119
1957.254233  -0.000115
1957.274666  -0.000053
1957.295100  -0.000217
1957.315534  -0.000187
1957.335967  -0.000108
1957.356401  -0.000111
1957.376834  -0.000192
1957.397268  -0.000210
1957.417701  -0.000158
1957.438135  -0.000211
1957.458569  -0.000230
1957.479002  -0.000175
1957.499436  -0.000134
1957.519869   0.000392
1957.540303   0.001924
1957.560736   0.002174
1957.581170   0.002137
1957.601604   0.001181
1957.622037  -0.000077
1957.642471  -0.000166
1957.662904  -0.000190
1957.683338  -0.000160
1957.703771  -0.000184
1957.724205  -0.000215
1957.744639  -0.000266
1957.765072  -0.000224
1957.785506  -0.000196
1957.805939  -0.000170
1957.826373  -0.000160
1957.846806  -0.000115
1957.867240  -0.000080
1957.887673  -0.000090
1957.908107  -0.000168
1957.928541  -0.000125
1957.948974  -0.000132
1957.969408  -0.000187
1957.989841  -0.000259
1958.010275  -0.000104
1958.030709  -0.000148
1958.051142  -0.000129
1958.071576  -0.000134
1958.092009  -0.000065
1958.112443  -0.000149
