1451.752126  -0.000184
1451.772559  -0.000140
1451.792992  -0.000142
1451.813425  -0.000141
1451.833858  -0.000178
1451.854290  -0.000078
1451.874723  -0.000229
1451.895156  -0.000175
1451.915589  -0.000199
1451.936022  -0.000087
1451.956455  -0.000143
1451.976888  -0.000068
1451.997321  -0.000115
1452.017754  -0.000180
1452.038187  -0.000158
1452.058620  -0.000111
1452.079053  -0.000139
1452.099486  -0.000079
1452.140351  -0.000207
1452.160784  -0.000232
1452.181217  -0.000273
1452.201650  -0.000128
1452.222083  -0.000225
1452.242516  -0.000154
1452.262949   0.000478
1452.283382   0.001895
1452.303815   0.002172
1452.324248   0.002083
1452.344681   0.001153
1452.365114  -0.000269
1452.385546  -0.000264
1452.405980  -0.000119
1452.426412  -0.000193
1452.446845  -0.000199
1452.467278  -0.000176
1452.487711  -0.000199
1452.508144  -0.000211
1452.528577  -0.000178
1452.549010  -0.000137
1452.569443  -0.000151
1452.589876  -0.000171
1452.610309  -0.000052
1452.630742  -0.000087
1452.651175  -0.000132
1452.671607  -0.000176
1452.692040  -0.000099
1452.712473  -0.000238
1452.732906  -0.000151
1452.753339  -0.000175
1452.773772  -0.000134
1452.794205  -0.000161
1452.814638  -0.000102
1452.835071  -0.000188
1452.855504  -0.000058
