1799.123953  -0.000228
1799.144386  -0.000083
1799.164819  -0.000033
1799.185252   0.000010
1799.226119  -0.000097
1799.246552  -0.000132
1799.266985  -0.000157
1799.287419  -0.000119
1799.307852  -0.000158
1799.328285  -0.000102
1799.348718  -0.000094
1799.369152  -0.000224
1799.389585  -0.000101
1799.410018  -0.000155
1799.430451  -0.000096
1799.450885  -0.000128
1799.471318  -0.000071
1799.491751  -0.000137
1799.512184  -0.000237
1799.532618  -0.000119
1799.553051  -0.000118
1799.573484  -0.000055
1799.593917   0.000009
1799.614351  -0.000066
1799.634784   0.001151
1799.655217   0.002096
1799.675650   0.002185
1799.736950  -0.000111
1799.757383  -0.000062
1799.777817  -0.000134
1799.798250  -0.000135
1799.839116  -0.000106
1799.859550  -0.000013
1799.879983  -0.000128
1799.900416  -0.000141
1799.920849  -0.000048
1799.941283  -0.000186
1799.961716  -0.000181
1799.982149  -0.000074
1800.002582  -0.000164
1800.023016  -0.000175
1800.043449  -0.000141
1800.063882  -0.000072
1800.084315  -0.000187
1800.104748  -0.000137
1800.125182  -0.000066
1800.145615  -0.000067
1800.166048  -0.000048
1800.186481  -0.000146
1800.206915  -0.000113
1800.227348  -0.000107
