1862.281994  -0.000080
1862.302427  -0.000086
1862.322859  -0.000119
1862.343292  -0.000167
1862.363725  -0.000209
1862.384157  -0.000186
1862.404590  -0.000246
1862.425022  -0.000210
1862.445455  -0.000228
1862.465888  -0.000156
1862.486320  -0.000184
1862.506753  -0.000219
1862.527186  -0.000139
1862.547618  -0.000208
1862.568051  -0.000099
1862.588484  -0.000238
1862.608916  -0.000124
1862.629349  -0.000247
1862.649782  -0.000214
1862.670214  -0.000062
1862.690647  -0.000115
1862.711080  -0.000200
1862.731512  -0.000237
1862.751945  -0.000210
1862.772378  -0.000198
1862.792810   0.001259
1862.813243   0.002101
1862.833675   0.002177
1862.854108   0.001841
1862.874541   0.000375
1862.894973  -0.000123
1862.915406  -0.000136
1862.935839  -0.000204
1862.956271  -0.000126
1862.976704  -0.000200
1862.997137  -0.000059
1863.017569  -0.000199
1863.038002  -0.000184
1863.058435  -0.000109
1863.078867  -0.000081
1863.099300  -0.000110
1863.140165  -0.000218
1863.221896  -0.000223
1863.242329  -0.000113
1863.262761  -0.000173
1863.283194  -0.000177
1863.303626  -0.000212
1863.324059  -0.000206
1863.344492  -0.000182
1863.364924  -0.000154
1863.385357  -0.000185
