2455609.658482  11.039924 1.000000 
2455609.678915  11.039788 1.000000 
2455609.699349  11.039904 1.000000 
2455609.719783  11.039831 1.000000 
2455609.740217  11.039831 1.000000 
2455609.760651  11.039942 1.000000 
2455609.781085  11.039881 1.000000 
2455609.801519  11.039871 1.000000 
2455609.821953  11.039882 1.000000 
2455609.842387  11.039913 1.000000 
2455609.862821  11.039913 1.000000 
2455609.883255  11.039798 1.000000 
2455609.903689  11.039876 1.000000 
2455609.924123  11.039815 1.000000 
2455609.944557  11.039856 1.000000 
2455609.964991  11.039884 1.000000 
2455609.985425  11.039878 1.000000 
2455610.005859  11.039905 1.000000 
2455610.026293  11.039838 1.000000 
2455610.046727  11.039932 1.000000 
2455610.067161  11.039859 1.000000 
2455610.087595  11.039866 1.000000 
2455610.108029  11.039880 1.000000 
2455610.128463  11.039804 1.000000 
2455610.148897  11.039905 1.000000 
2455610.169331  11.041715 1.000000 
2455610.189765  11.042088 1.000000 
2455610.210199  11.042107 1.000000 
2455610.230633  11.041799 1.000000 
2455610.251067  11.039924 1.000000 
2455610.271501  11.039793 1.000000 
2455610.291935  11.039803 1.000000 
2455610.312369  11.039861 1.000000 
2455610.332803  11.039827 1.000000 
2455610.353237  11.039811 1.000000 
2455610.373671  11.039765 1.000000 
2455610.394104  11.039774 1.000000 
2455610.414538  11.039879 1.000000 
2455610.434973  11.039926 1.000000 
2455610.455406  11.039855 1.000000 
2455610.475840  11.039720 1.000000 
2455610.496274  11.039885 1.000000 
2455610.516708  11.039800 1.000000 
2455610.537142  11.039813 1.000000 
2455610.557576  11.039798 1.000000 
2455610.578010  11.039748 1.000000 
2455610.598444  11.039807 1.000000 
2455610.618878  11.039788 1.000000 
2455610.639312  11.039765 1.000000 
2455610.659746  11.039887 1.000000 
2455610.680180  11.039713 1.000000 
2455610.700614  11.039728 1.000000 
2455610.721048  11.039748 1.000000 
2455610.741482  11.039903 1.000000 
