1925.439622  -0.000217
1925.460055  -0.000221
1925.480488  -0.000155
1925.500921  -0.000271
1925.521354  -0.000176
1925.541787  -0.000240
1925.562220  -0.000205
1925.582653  -0.000147
1925.603086  -0.000162
1925.623519  -0.000239
1925.643952  -0.000181
1925.664385  -0.000235
1925.684819  -0.000186
1925.705252  -0.000227
1925.725685  -0.000288
1925.746118  -0.000156
1925.766551  -0.000223
1925.786984  -0.000226
1925.807417  -0.000207
1925.827850  -0.000247
1925.848283  -0.000182
1925.868716  -0.000223
1925.889149  -0.000060
1925.909582  -0.000205
1925.930015  -0.000288
1925.950448   0.001156
1925.970881   0.001961
1925.991314   0.002052
