1609.658481  -0.000104
1609.678915  -0.000240
1609.699349  -0.000125
1609.719783  -0.000197
1609.740217  -0.000197
1609.760651  -0.000086
1609.781085  -0.000147
1609.801519  -0.000157
1609.821953  -0.000145
1609.842387  -0.000114
1609.862821  -0.000113
1609.883255  -0.000227
1609.903689  -0.000149
1609.924123  -0.000209
1609.944557  -0.000167
1609.964991  -0.000138
1609.985425  -0.000143
1610.005859  -0.000115
1610.026293  -0.000181
1610.046727  -0.000086
1610.067161  -0.000157
1610.087595  -0.000148
1610.108029  -0.000133
1610.128463  -0.000207
1610.148897  -0.000105
1610.169331   0.001707
1610.189765   0.002081
1610.210199   0.002102
1610.230633   0.001796
1610.251067  -0.000077
1610.271501  -0.000206
1610.291935  -0.000194
1610.312369  -0.000133
1610.332803  -0.000165
1610.353237  -0.000179
1610.373671  -0.000222
1610.394105  -0.000211
1610.414538  -0.000103
1610.434973  -0.000053
1610.455406  -0.000121
1610.475840  -0.000254
1610.496274  -0.000086
1610.516708  -0.000168
1610.537142  -0.000152
1610.557576  -0.000163
1610.578010  -0.000210
1610.598444  -0.000148
1610.618878  -0.000163
1610.639312  -0.000183
1610.659746  -0.000057
1610.680180  -0.000228
1610.700614  -0.000209
1610.721048  -0.000185
1610.741482  -0.000026
