2146.496087  -0.000155
2146.516520  -0.000233
2146.536954  -0.000327
2146.557388  -0.000089
2146.577821  -0.000155
2146.598255  -0.000082
2146.618688  -0.000102
2146.639122  -0.000016
2146.659556  -0.000049
2146.679989  -0.000177
2146.700423  -0.000229
2146.720857  -0.000201
2146.741290  -0.000251
2146.761724  -0.000384
2146.782157  -0.000258
2146.802591  -0.000154
2146.823025  -0.000165
2146.843458  -0.000067
2146.863892  -0.000033
2146.884326   0.000024
2146.904759  -0.000075
2146.925193  -0.000094
2146.945627  -0.000141
2146.966060  -0.000048
2147.006927   0.001721
2147.027361   0.002182
2147.047795   0.002059
2147.068228   0.001679
2147.088662  -0.000164
2147.109095  -0.000184
2147.129529  -0.000294
2147.149963  -0.000295
2147.170396  -0.000176
2147.190830  -0.000069
2147.211263  -0.000161
2147.231697  -0.000132
2147.252131  -0.000167
2147.272564  -0.000050
2147.292998  -0.000157
2147.313432  -0.000165
2147.333865  -0.000107
2147.354299  -0.000150
2147.374732  -0.000153
2147.395166  -0.000139
2147.415600  -0.000190
2147.436033  -0.000289
2147.456467  -0.000340
2147.476900  -0.000270
2147.497334  -0.000294
2147.517768  -0.000325
2147.538201  -0.000087
2147.558635  -0.000012
2147.579069   0.000190
