2455451.752126  11.040180 1.000000 
2455451.772559  11.040227 1.000000 
2455451.792992  11.040229 1.000000 
2455451.813425  11.040235 1.000000 
2455451.833857  11.040202 1.000000 
2455451.854290  11.040305 1.000000 
2455451.874724  11.040158 1.000000 
2455451.895156  11.040216 1.000000 
2455451.915589  11.040195 1.000000 
2455451.936022  11.040309 1.000000 
2455451.956455  11.040258 1.000000 
2455451.976888  11.040335 1.000000 
2455451.997321  11.040291 1.000000 
2455452.017754  11.040229 1.000000 
2455452.038187  11.040254 1.000000 
2455452.058620  11.040305 1.000000 
2455452.079053  11.040279 1.000000 
2455452.099486  11.040342 1.000000 
2455452.140351  11.040219 1.000000 
2455452.160784  11.040196 1.000000 
2455452.181217  11.040158 1.000000 
2455452.201650  11.040305 1.000000 
2455452.222083  11.040209 1.000000 
2455452.242516  11.040283 1.000000 
2455452.262949  11.040917 1.000000 
2455452.283382  11.042336 1.000000 
2455452.303815  11.042614 1.000000 
2455452.324248  11.042527 1.000000 
2455452.344681  11.041599 1.000000 
2455452.365114  11.040178 1.000000 
2455452.385546  11.040184 1.000000 
2455452.405980  11.040330 1.000000 
2455452.426412  11.040258 1.000000 
2455452.446845  11.040252 1.000000 
2455452.467278  11.040277 1.000000 
2455452.487711  11.040254 1.000000 
2455452.508144  11.040244 1.000000 
2455452.528577  11.040277 1.000000 
2455452.549010  11.040319 1.000000 
2455452.569443  11.040306 1.000000 
2455452.589876  11.040286 1.000000 
2455452.610309  11.040405 1.000000 
2455452.630742  11.040370 1.000000 
2455452.651175  11.040326 1.000000 
2455452.671607  11.040282 1.000000 
2455452.692040  11.040359 1.000000 
2455452.712473  11.040220 1.000000 
2455452.732906  11.040307 1.000000 
2455452.753339  11.040282 1.000000 
2455452.773772  11.040323 1.000000 
2455452.794205  11.040294 1.000000 
2455452.814638  11.040353 1.000000 
2455452.835071  11.040267 1.000000 
2455452.855504  11.040396 1.000000 
