2455388.613052  11.040689 1.000000 
2455388.633485  11.040552 1.000000 
2455388.653919  11.040655 1.000000 
2455388.674353  11.040636 1.000000 
2455388.694787  11.040838 1.000000 
2455388.715221  11.040752 1.000000 
2455388.735654  11.040580 1.000000 
2455388.756088  11.040682 1.000000 
2455388.776522  11.040676 1.000000 
2455388.796956  11.040659 1.000000 
2455388.817390  11.040726 1.000000 
2455388.837824  11.040631 1.000000 
2455388.858257  11.040715 1.000000 
2455388.878691  11.040664 1.000000 
2455388.899125  11.040822 1.000000 
2455388.919559  11.040658 1.000000 
2455388.939993  11.040734 1.000000 
2455388.960427  11.040743 1.000000 
2455388.980860  11.040769 1.000000 
2455389.001294  11.040746 1.000000 
2455389.042162  11.040823 1.000000 
2455389.062596  11.040735 1.000000 
2455389.083030  11.040753 1.000000 
2455389.103463  11.041264 1.000000 
2455389.123897  11.042958 1.000000 
2455389.144331  11.043117 1.000000 
2455389.164765  11.042961 1.000000 
2455389.185199  11.042196 1.000000 
2455389.205632  11.040660 1.000000 
2455389.226066  11.040670 1.000000 
2455389.246500  11.040740 1.000000 
2455389.266934  11.040726 1.000000 
2455389.287368  11.040706 1.000000 
2455389.307802  11.040746 1.000000 
2455389.328235  11.040678 1.000000 
2455389.348669  11.040734 1.000000 
2455389.369103  11.040555 1.000000 
2455389.389537  11.040644 1.000000 
2455389.409971  11.040514 1.000000 
2455389.430405  11.040605 1.000000 
2455389.450838  11.040507 1.000000 
2455389.471272  11.040648 1.000000 
2455389.491706  11.040658 1.000000 
2455389.512140  11.040561 1.000000 
2455389.532574  11.039955 1.000000 
2455389.553007  11.040620 1.000000 
2455389.573441  11.040584 1.000000 
2455389.593875  11.040569 1.000000 
2455389.614309  11.040491 1.000000 
2455389.634743  11.040602 1.000000 
2455389.655176  11.040568 1.000000 
2455389.675610  11.040487 1.000000 
2455389.696044  11.040550 1.000000 
