1578.067986  -0.000187
1578.088419  -0.000068
1578.108853  -0.000129
1578.129286  -0.000088
1578.149720  -0.000123
1578.170153  -0.000095
1578.190586  -0.000139
1578.211020  -0.000172
1578.231453  -0.000128
1578.251887  -0.000214
1578.272320  -0.000138
1578.292754  -0.000065
1578.313187  -0.000138
1578.333621  -0.000151
1578.354054  -0.000228
1578.374488  -0.000264
1578.394921  -0.000175
1578.415354  -0.000125
1578.435788  -0.000219
1578.456221  -0.000131
1578.476655  -0.000234
1578.497088  -0.000304
1578.517522  -0.000221
1578.537955  -0.000238
1578.558388  -0.000273
1578.578822   0.000598
1578.599255   0.001976
1578.619689   0.002093
1578.640122   0.002092
1578.660556   0.001039
1578.680989  -0.000100
1578.701423  -0.000072
1578.721856  -0.000143
1578.742289  -0.000056
1578.762723  -0.000178
1578.783156  -0.000116
1578.803590  -0.000211
1578.824023  -0.000150
1578.844457  -0.000167
1578.864890  -0.000181
1578.885324  -0.000174
1578.905757  -0.000104
1578.926191  -0.000079
1578.946624  -0.000117
1578.967058  -0.000177
1578.987491  -0.000110
1579.007924  -0.000301
1579.028358  -0.000157
1579.048791  -0.000155
1579.069225  -0.000153
1579.089658  -0.000127
1579.110092  -0.000160
1579.130525  -0.000172
1579.150959  -0.000100
1579.171392  -0.000089
