2455514.909662  11.039636 1.000000 
2455514.930095  11.039529 1.000000 
2455514.950527  11.039491 1.000000 
2455514.970960  11.039488 1.000000 
2455514.991393  11.039532 1.000000 
2455515.011825  11.039540 1.000000 
2455515.032258  11.039532 1.000000 
2455515.052691  11.039576 1.000000 
2455515.073123  11.039605 1.000000 
2455515.093556  11.039517 1.000000 
2455515.113989  11.039584 1.000000 
2455515.134421  11.039627 1.000000 
2455515.154854  11.039569 1.000000 
2455515.175287  11.039531 1.000000 
2455515.195719  11.039618 1.000000 
2455515.216152  11.039639 1.000000 
2455515.236585  11.039452 1.000000 
2455515.257017  11.039496 1.000000 
2455515.277450  11.039530 1.000000 
2455515.297883  11.039538 1.000000 
2455515.318315  11.039570 1.000000 
2455515.338748  11.039560 1.000000 
2455515.359181  11.039478 1.000000 
2455515.379613  11.039550 1.000000 
2455515.400046  11.039507 1.000000 
2455515.420479  11.040322 1.000000 
2455515.440911  11.041794 1.000000 
2455515.461344  11.041973 1.000000 
2455515.481777  11.041770 1.000000 
2455515.502210  11.040753 1.000000 
2455515.522642  11.039523 1.000000 
2455515.543075  11.039515 1.000000 
2455515.563508  11.039511 1.000000 
2455515.583940  11.039529 1.000000 
2455515.604373  11.039579 1.000000 
2455515.624806  11.039551 1.000000 
2455515.645238  11.039464 1.000000 
2455515.665671  11.039672 1.000000 
2455515.686104  11.039549 1.000000 
2455515.706536  11.039526 1.000000 
2455515.726969  11.039578 1.000000 
2455515.747402  11.039539 1.000000 
2455515.767834  11.039567 1.000000 
2455515.788267  11.039663 1.000000 
2455515.808700  11.039572 1.000000 
2455515.829132  11.039465 1.000000 
2455515.849565  11.039643 1.000000 
2455515.869998  11.039586 1.000000 
2455515.890430  11.039606 1.000000 
2455515.910863  11.039579 1.000000 
2455515.931296  11.039478 1.000000 
2455515.951728  11.039564 1.000000 
2455515.972161  11.039526 1.000000 
2455515.992594  11.039530 1.000000 
2455516.013026  11.039548 1.000000 
