2455483.341219  11.040809 1.000000 
2455483.361652  11.040944 1.000000 
2455483.382084  11.040768 1.000000 
2455483.402517  11.040728 1.000000 
2455483.422950  11.040809 1.000000 
2455483.443382  11.040787 1.000000 
2455483.463815  11.040692 1.000000 
2455483.484248  11.040794 1.000000 
2455483.504680  11.040780 1.000000 
2455483.525113  11.040818 1.000000 
2455483.545546  11.040836 1.000000 
2455483.565978  11.040833 1.000000 
2455483.586411  11.040799 1.000000 
2455483.606844  11.040847 1.000000 
2455483.627276  11.040884 1.000000 
2455483.647709  11.040953 1.000000 
2455483.668142  11.040884 1.000000 
2455483.688574  11.040915 1.000000 
2455483.709007  11.040951 1.000000 
2455483.729440  11.040775 1.000000 
2455483.749873  11.040864 1.000000 
2455483.770305  11.040785 1.000000 
2455483.790738  11.040808 1.000000 
2455483.811171  11.040818 1.000000 
2455483.831603  11.040841 1.000000 
2455483.852036  11.042629 1.000000 
2455483.872469  11.043114 1.000000 
2455483.892901  11.043124 1.000000 
2455483.913334  11.042873 1.000000 
2455483.933767  11.041181 1.000000 
2455483.954199  11.040864 1.000000 
2455483.974632  11.040933 1.000000 
2455483.995065  11.040883 1.000000 
2455484.015497  11.040860 1.000000 
2455484.035930  11.040867 1.000000 
2455484.056363  11.040808 1.000000 
2455484.076795  11.040854 1.000000 
2455484.097228  11.040823 1.000000 
2455484.117661  11.040823 1.000000 
2455484.138093  11.040884 1.000000 
2455484.158526  11.040862 1.000000 
2455484.178959  11.040911 1.000000 
2455484.199391  11.040873 1.000000 
2455484.219824  11.040908 1.000000 
2455484.240257  11.040972 1.000000 
2455484.260689  11.040880 1.000000 
2455484.281122  11.040845 1.000000 
2455484.301555  11.040918 1.000000 
2455484.321987  11.040962 1.000000 
2455484.342420  11.040839 1.000000 
2455484.362853  11.040880 1.000000 
2455484.383285  11.040818 1.000000 
2455484.403718  11.040942 1.000000 
2455484.424151  11.040860 1.000000 
