2241.223533  -0.000142
2241.243965  -0.000179
2241.264398  -0.000126
2241.284831  -0.000141
2241.305263  -0.000029
2241.325696  -0.000128
2241.346129  -0.000133
2241.366561  -0.000182
2241.386994  -0.000124
2241.407426  -0.000215
2241.427859  -0.000132
2241.448292  -0.000109
2241.468724  -0.000046
2241.489157  -0.000113
2241.509590  -0.000297
2241.530022  -0.000098
2241.550455  -0.000283
2241.570888  -0.000262
2241.591320  -0.000247
2241.611753  -0.000246
2241.632185  -0.000159
2241.652618  -0.000217
2241.673051  -0.000160
2241.693483  -0.000111
2241.713916  -0.000091
2241.734349   0.000989
2241.754781   0.001941
2241.775214   0.002178
2241.795647   0.001908
2241.816079   0.000749
2241.836512  -0.000145
2241.856944  -0.000208
2241.877377  -0.000067
2241.897810  -0.000173
2241.918242  -0.000153
2241.938675  -0.000180
2241.959108  -0.000183
2241.979540  -0.000235
2241.999973  -0.000132
2242.020406  -0.000187
2242.040838  -0.000260
2242.061271  -0.000202
2242.081703  -0.000167
2242.102136  -0.000205
2242.122569  -0.000204
2242.143001  -0.000207
2242.163434  -0.000144
2242.183867  -0.000254
2242.224732  -0.000200
2242.245165  -0.000101
2242.265597  -0.000101
2242.286030  -0.000048
2242.306463   0.000012
2242.326895  -0.000049
