2455578.067986  11.039927 1.000000 
2455578.088419  11.040052 1.000000 
2455578.108853  11.039996 1.000000 
2455578.129286  11.040042 1.000000 
2455578.149720  11.040012 1.000000 
2455578.170153  11.040044 1.000000 
2455578.190586  11.040005 1.000000 
2455578.211020  11.039976 1.000000 
2455578.231453  11.040024 1.000000 
2455578.251887  11.039942 1.000000 
2455578.272320  11.040022 1.000000 
2455578.292754  11.040098 1.000000 
2455578.313187  11.040029 1.000000 
2455578.333621  11.040019 1.000000 
2455578.354054  11.039945 1.000000 
2455578.374488  11.039912 1.000000 
2455578.394921  11.040004 1.000000 
2455578.415354  11.040057 1.000000 
2455578.435788  11.039965 1.000000 
2455578.456221  11.040055 1.000000 
2455578.476655  11.039954 1.000000 
2455578.497088  11.039886 1.000000 
2455578.517522  11.039971 1.000000 
2455578.537955  11.039956 1.000000 
2455578.558389  11.039922 1.000000 
2455578.578822  11.040795 1.000000 
2455578.599255  11.042174 1.000000 
2455578.619689  11.042292 1.000000 
2455578.640122  11.042292 1.000000 
2455578.660556  11.041239 1.000000 
2455578.680989  11.040101 1.000000 
2455578.701423  11.040129 1.000000 
2455578.721856  11.040059 1.000000 
2455578.742289  11.040146 1.000000 
2455578.762723  11.040024 1.000000 
2455578.783157  11.040085 1.000000 
2455578.803590  11.039990 1.000000 
2455578.824023  11.040050 1.000000 
2455578.844457  11.040031 1.000000 
2455578.864890  11.040018 1.000000 
2455578.885324  11.040023 1.000000 
2455578.905757  11.040092 1.000000 
2455578.926191  11.040116 1.000000 
2455578.946624  11.040076 1.000000 
2455578.967058  11.040015 1.000000 
2455578.987491  11.040080 1.000000 
2455579.007924  11.039887 1.000000 
2455579.028358  11.040028 1.000000 
2455579.048791  11.040028 1.000000 
2455579.069225  11.040027 1.000000 
2455579.089658  11.040051 1.000000 
2455579.110092  11.040015 1.000000 
2455579.130525  11.040000 1.000000 
2455579.150959  11.040069 1.000000 
2455579.171392  11.040076 1.000000 
