1388.592618  -0.000185
1388.613052  -0.000096
1388.633485  -0.000244
1388.653919  -0.000152
1388.674353  -0.000181
1388.694787   0.000011
1388.715221  -0.000084
1388.735655  -0.000263
1388.756088  -0.000169
1388.776522  -0.000184
1388.796956  -0.000207
1388.817390  -0.000146
1388.837824  -0.000247
1388.858257  -0.000168
1388.878691  -0.000223
1388.899125  -0.000070
1388.919559  -0.000236
1388.939993  -0.000164
1388.960427  -0.000156
1388.980860  -0.000131
1389.001294  -0.000155
1389.042162  -0.000079
1389.062596  -0.000167
1389.083030  -0.000147
1389.103463   0.000366
1389.123897   0.002062
1389.144331   0.002225
1389.164765   0.002072
1389.185199   0.001312
1389.205632  -0.000218
1389.226066  -0.000204
1389.246500  -0.000128
1389.266934  -0.000134
1389.287368  -0.000147
1389.307802  -0.000099
1389.328235  -0.000160
1389.348669  -0.000095
1389.369103  -0.000264
1389.389537  -0.000164
1389.409971  -0.000283
1389.430404  -0.000182
1389.450838  -0.000268
1389.471272  -0.000114
1389.491706  -0.000090
1389.512140  -0.000173
1389.532574  -0.000766
1389.553007  -0.000085
1389.573441  -0.000105
1389.593875  -0.000105
1389.614309  -0.000167
1389.634743  -0.000037
1389.655176  -0.000054
1389.675610  -0.000117
1389.696044  -0.000035
