2272.812434  -0.000065
2272.832867  -0.000028
2272.853300  -0.000162
2272.873733  -0.000104
2272.894165  -0.000208
2272.914598  -0.000299
2272.935031  -0.000329
2272.955464  -0.000284
2272.975896  -0.000195
2272.996329  -0.000055
2273.016762  -0.000216
2273.037195  -0.000143
2273.057627  -0.000166
2273.078060  -0.000142
2273.098493  -0.000128
2273.118926  -0.000174
2273.139359  -0.000117
2273.159791  -0.000132
2273.180224  -0.000135
2273.200657  -0.000155
2273.221090  -0.000212
2273.241522  -0.000208
2273.261955  -0.000139
2273.282388  -0.000146
2273.302821   0.000102
2273.323253   0.001812
2273.343686   0.002152
2273.364119   0.002122
2273.384552   0.001683
2273.404985  -0.000096
2273.425417  -0.000020
2273.445850  -0.000174
2273.466283  -0.000151
2273.486716  -0.000117
2273.507148  -0.000310
2273.527581  -0.000128
2273.548014  -0.000175
2273.568447  -0.000208
2273.588879  -0.000286
2273.609312  -0.000311
2273.629745  -0.000214
2273.650178  -0.000297
2273.670610  -0.000206
2273.691043  -0.000137
2273.711476  -0.000084
2273.731909   0.000028
2273.752342  -0.000052
2273.772774  -0.000194
2273.793207  -0.000110
2273.813640  -0.000212
2273.854505  -0.000134
2273.874938  -0.000180
2273.895371  -0.000161
