1893.870881  -0.000068
1893.891313  -0.000171
1893.911746  -0.000167
1893.932179  -0.000092
1893.952611  -0.000142
1893.973044  -0.000121
1893.993477  -0.000056
1894.013910  -0.000143
1894.034342  -0.000162
1894.054775  -0.000270
1894.075208  -0.000239
1894.095640  -0.000221
1894.116073  -0.000224
1894.136506  -0.000152
1894.156939  -0.000124
1894.177371  -0.000228
1894.197804  -0.000159
1894.218237  -0.000159
1894.238669  -0.000216
1894.259102  -0.000156
1894.279535  -0.000213
1894.299968  -0.000081
1894.320400  -0.000158
1894.340833  -0.000079
1894.361266   0.000273
1894.381699   0.001863
1894.402131   0.002185
1894.422564   0.002063
1894.442997   0.001303
1894.463429  -0.000226
1894.483862  -0.000088
1894.504295  -0.000220
1894.524727  -0.000182
1894.545160  -0.000223
1894.565593  -0.000090
1894.586026  -0.000150
1894.606458  -0.000145
1894.626891  -0.000138
1894.647324  -0.000073
1894.667756  -0.000092
1894.688189  -0.000163
1894.708622  -0.000229
1894.729055  -0.000120
1894.749487  -0.000117
1894.769920  -0.000255
1894.790353  -0.000243
1894.810785  -0.000132
1894.831218  -0.000264
1894.851651  -0.000148
1894.872084  -0.000099
1894.892516  -0.000152
1894.912949  -0.000079
1894.933382  -0.000089
1894.953815  -0.000170
