1009.651412  -0.000171
1009.671846  -0.000151
1009.692279  -0.000154
1009.712713  -0.000191
1009.733147  -0.000175
1009.753581  -0.000230
1009.774015  -0.000086
1009.794449  -0.000156
1009.814883  -0.000178
1009.835317  -0.000118
1009.855751  -0.000195
1009.876185  -0.000092
1009.896619  -0.000147
1009.917053  -0.000145
1009.937487  -0.000108
1009.957921  -0.000147
1009.978355  -0.000188
1009.998789  -0.000140
1010.019222  -0.000171
1010.039656  -0.000054
1010.060090  -0.000142
1010.080524  -0.000185
1010.100958  -0.000174
1010.121392  -0.000203
1010.141826  -0.000108
1010.162260   0.000552
1010.182694   0.002002
1010.203128   0.002190
1010.223562   0.002033
1010.243996   0.001044
1010.264430  -0.000193
1010.284864  -0.000247
1010.305298  -0.000208
1010.325732  -0.000157
1010.346166  -0.000207
1010.366599  -0.000103
1010.387033  -0.000235
1010.407467  -0.000151
1010.427901  -0.000076
1010.448335  -0.000068
1010.468769  -0.000170
1010.489203  -0.000117
1010.509637  -0.000179
1010.530071  -0.000169
1010.550505  -0.000164
1010.570939  -0.000196
1010.591373  -0.000085
1010.611807  -0.000131
1010.632241  -0.000254
1010.652674  -0.000157
1010.673108  -0.000171
1010.693542  -0.000121
1010.713976  -0.000188
1010.734410  -0.000078
1010.754844  -0.000185
