1767.554212  -0.000202
1767.574645  -0.000136
1767.595079  -0.000177
1767.615513  -0.000213
1767.635947  -0.000110
1767.656380  -0.000010
1767.676814  -0.000052
1767.697248  -0.000247
1767.717681  -0.000080
1767.738115  -0.000192
1767.758549  -0.000148
1767.778983  -0.000181
1767.799416  -0.000130
1767.819850  -0.000261
1767.840284  -0.000171
1767.860718  -0.000163
1767.881151  -0.000198
1767.901585  -0.000145
1767.922019  -0.000136
1767.942452  -0.000220
1767.962886  -0.000272
1767.983320  -0.000171
1768.003753  -0.000071
1768.024187  -0.000147
1768.044621   0.000182
1768.065055   0.001819
1768.085488   0.002154
1768.105922   0.001979
1768.126356   0.001623
1768.146790  -0.000110
1768.167223  -0.000166
1768.187657  -0.000122
1768.208091  -0.000178
1768.228524  -0.000270
1768.248958  -0.000205
1768.269392  -0.000109
1768.289826  -0.000172
1768.310259  -0.000189
1768.330693  -0.000106
1768.351127  -0.000105
1768.371560  -0.000187
1768.391994  -0.000140
1768.412428  -0.000291
1768.432862  -0.000147
1768.453295  -0.000111
1768.473729  -0.000159
1768.494163  -0.000174
1768.514596  -0.000084
1768.535030  -0.000154
1768.555464  -0.000190
1768.575897  -0.000110
1768.596331  -0.000125
1768.616765  -0.000171
1768.637199  -0.000143
