2178.065675  -0.000112
2178.086108  -0.000163
2178.106542  -0.000382
2178.126975  -0.000356
2178.147408  -0.000358
2178.167841  -0.000186
2178.188274  -0.000130
2178.208707  -0.000021
2178.229141   0.000036
2178.249574   0.000073
2178.270007  -0.000060
2178.310873  -0.000064
2178.331306  -0.000068
2178.351740  -0.000059
2178.372173  -0.000207
2178.392606  -0.000044
2178.413039  -0.000022
2178.433472  -0.000258
2178.453905  -0.000199
2178.474338  -0.000189
2178.494771  -0.000188
2178.515205  -0.000073
2178.535638  -0.000138
2178.556071  -0.000104
2178.576504   0.000924
2178.596937   0.002074
2178.617371   0.002038
2178.637804   0.001923
2178.658237   0.000628
2178.678670  -0.000174
2178.699103  -0.000167
2178.719536  -0.000280
2178.739969  -0.000211
2178.760403  -0.000178
2178.780836  -0.000236
2178.801269  -0.000349
2178.821702  -0.000292
2178.842135  -0.000260
2178.862568  -0.000158
2178.883002  -0.000319
2178.903435  -0.000315
2178.923868  -0.000306
2178.944301  -0.000331
2178.964734  -0.000318
2178.985167  -0.000148
2179.005600  -0.000079
2179.026033  -0.000024
2179.046467  -0.000062
2179.087333  -0.000013
2179.107766  -0.000020
2179.128199  -0.000071
2179.148632   0.000025
2179.169066  -0.000031
