2455420.182953  11.040205 1.000000 
2455420.203386  11.040294 1.000000 
2455420.223820  11.040291 1.000000 
2455420.244253  11.040367 1.000000 
2455420.264687  11.040269 1.000000 
2455420.285120  11.040296 1.000000 
2455420.305553  11.040268 1.000000 
2455420.325986  11.040234 1.000000 
2455420.346420  11.040250 1.000000 
2455420.387287  11.040397 1.000000 
2455420.407720  11.040243 1.000000 
2455420.428153  11.040278 1.000000 
2455420.448586  11.040256 1.000000 
2455420.469020  11.040306 1.000000 
2455420.489453  11.040256 1.000000 
2455420.509887  11.040214 1.000000 
2455420.530320  11.040320 1.000000 
2455420.550753  11.040244 1.000000 
2455420.571187  11.040224 1.000000 
2455420.591620  11.040286 1.000000 
2455420.612053  11.040301 1.000000 
2455420.632487  11.040309 1.000000 
2455420.652920  11.040233 1.000000 
2455420.673354  11.040271 1.000000 
2455420.693787  11.041956 1.000000 
2455420.714220  11.042545 1.000000 
2455420.734653  11.042586 1.000000 
2455420.755087  11.042231 1.000000 
2455420.775520  11.040632 1.000000 
2455420.795954  11.040241 1.000000 
2455420.816387  11.040268 1.000000 
2455420.836820  11.040263 1.000000 
2455420.857254  11.040191 1.000000 
2455420.877687  11.040142 1.000000 
2455420.898120  11.040136 1.000000 
2455420.918554  11.040168 1.000000 
2455420.938987  11.040133 1.000000 
2455420.959420  11.040186 1.000000 
2455420.979854  11.040148 1.000000 
2455421.000287  11.040239 1.000000 
2455421.020720  11.040164 1.000000 
2455421.041154  11.040282 1.000000 
2455421.061587  11.040115 1.000000 
2455421.082020  11.040129 1.000000 
2455421.102454  11.040101 1.000000 
2455421.122887  11.040171 1.000000 
2455421.143320  11.040164 1.000000 
2455421.163754  11.040168 1.000000 
2455421.184187  11.040239 1.000000 
2455421.204620  11.040133 1.000000 
2455421.225054  11.040310 1.000000 
2455421.245487  11.040187 1.000000 
2455421.265920  11.040125 1.000000 
