1830.713442  -0.000166
1830.733874  -0.000090
1830.754307  -0.000156
1830.774740  -0.000134
1830.795173  -0.000117
1830.815606  -0.000162
1830.836039  -0.000142
1830.856472  -0.000270
1830.876904  -0.000082
1830.897337  -0.000171
1830.917770  -0.000134
1830.938203  -0.000131
1830.958636  -0.000103
1830.979069  -0.000095
1830.999502  -0.000233
1831.019934  -0.000141
1831.040367  -0.000211
1831.060800  -0.000170
1831.081233  -0.000138
1831.101666  -0.000153
1831.122099  -0.000122
1831.142531  -0.000215
1831.162964  -0.000196
1831.183397  -0.000188
1831.203830   0.000239
1831.224263   0.001710
1831.244696   0.002142
1831.265129   0.002053
1831.285562   0.001327
1831.305994  -0.000181
1831.326427  -0.000173
1831.346860  -0.000190
1831.367293  -0.000077
1831.387726  -0.000109
1831.408159  -0.000260
1831.428591  -0.000164
1831.449024  -0.000112
1831.469457  -0.000114
1831.489890  -0.000120
1831.510323  -0.000183
1831.530756  -0.000186
1831.551189  -0.000099
1831.571621  -0.000149
1831.592054  -0.000121
1831.612487  -0.000129
1831.632920  -0.000121
1831.653353  -0.000197
1831.673786  -0.000275
1831.694219  -0.000185
1831.714651  -0.000191
1831.735084  -0.000143
1831.755517  -0.000058
1831.775950  -0.000110
1831.796383  -0.000102
