2114.905344  -0.000012
2114.925778  -0.000078
2114.946212  -0.000246
2114.966646  -0.000223
2114.987080  -0.000196
2115.007515  -0.000311
2115.027949  -0.000214
2115.068817  -0.000086
2115.089251   0.000000
2115.109685  -0.000151
2115.130119  -0.000169
2115.150553  -0.000219
2115.170987  -0.000149
2115.191421  -0.000306
2115.211855  -0.000014
2115.232289  -0.000020
2115.252723   0.000010
2115.273158  -0.000030
2115.293592  -0.000078
2115.314026  -0.000188
2115.334460  -0.000198
2115.354894  -0.000309
2115.395762  -0.000194
2115.416196   0.000516
2115.436630   0.001878
2115.457064   0.002108
2115.477498   0.001858
2115.497932   0.001008
2115.518366  -0.000172
2115.538800  -0.000161
2115.559235  -0.000107
2115.579669  -0.000244
2115.600103  -0.000236
2115.620537  -0.000181
2115.640971  -0.000103
2115.661405  -0.000202
2115.681839  -0.000232
2115.702273  -0.000199
2115.722707  -0.000251
2115.743141  -0.000129
2115.763575  -0.000332
2115.784009  -0.000270
2115.804443  -0.000198
2115.824877  -0.000227
2115.845311  -0.000123
2115.865746  -0.000189
2115.886180   0.000030
2115.906614  -0.000038
2115.927048   0.000110
2115.947482  -0.000044
2115.967916  -0.000005
2115.988350  -0.000193
2116.008784  -0.000290
